 4152.1660 | 08738.9022 | 19:37:11 | 221.745707 | 359.046189 
 4152.1703 | 08738.8985 | 19:37:29 | 221.748849 | 359.051161 
 4152.1619 | 08738.9016 | 19:37:37 | 221.746261 | 359.041477 
 4152.1680 | 08738.8987 | 19:37:40 | 221.748698 | 359.048514 
 4152.1672 | 08738.9007 | 19:37:41 | 221.746986 | 359.047580 
 4152.1731 | 08738.8983 | 19:37:42 | 221.748995 | 359.054383 
 4152.1772 | 08738.8962 | 19:37:43 | 221.750763 | 359.059113 
 4152.1782 | 08738.8958 | 19:37:44 | 221.751098 | 359.060266 
 4152.1799 | 08738.8956 | 19:37:45 | 221.751254 | 359.062223 
 4152.1759 | 08738.8995 | 19:37:46 | 221.747938 | 359.057595 
 4152.1789 | 08738.8940 | 19:37:48 | 221.752639 | 359.061084 
 4152.1770 | 08738.8961 | 19:37:49 | 221.750851 | 359.058884 
 4152.1751 | 08738.8959 | 19:37:50 | 221.751040 | 359.056700 
 4152.1709 | 08738.8991 | 19:37:51 | 221.748327 | 359.051847 
 4152.1669 | 08738.9031 | 19:37:53 | 221.744925 | 359.047218 
 4152.1658 | 08738.9031 | 19:37:54 | 221.744935 | 359.045953 
 4152.1625 | 08738.9057 | 19:37:55 | 221.742730 | 359.042139 
 4152.1642 | 08738.9043 | 19:37:56 | 221.743918 | 359.044104 
 4152.1661 | 08738.9011 | 19:37:59 | 221.746652 | 359.046312 
 4152.1589 | 08738.9016 | 19:38:03 | 221.746288 | 359.038026 
 4152.1721 | 08738.8982 | 19:38:09 | 221.749090 | 359.053233 
 4152.1793 | 08738.8936 | 19:38:20 | 221.752979 | 359.061546 
 4152.1707 | 08738.9000 | 19:38:24 | 221.747555 | 359.051610 
 4152.1700 | 08738.8990 | 19:38:25 | 221.748422 | 359.050812 
 4152.1683 | 08738.9008 | 19:38:26 | 221.746890 | 359.048844 
 4152.1700 | 08738.9005 | 19:38:27 | 221.747132 | 359.050802 
 4152.1705 | 08738.9004 | 19:38:28 | 221.747213 | 359.051378 
 4152.1704 | 08738.9005 | 19:38:29 | 221.747128 | 359.051262 
 4152.1705 | 08738.9002 | 19:38:30 | 221.747385 | 359.051379 
 4152.1703 | 08738.9014 | 19:38:31 | 221.746355 | 359.051141 
 4152.1700 | 08738.9021 | 19:38:32 | 221.745756 | 359.050791 
 4152.1705 | 08738.9019 | 19:38:33 | 221.745924 | 359.051367 
 4152.1710 | 08738.9015 | 19:38:34 | 221.746263 | 359.051945 
 4152.1707 | 08738.8977 | 19:38:35 | 221.749533 | 359.051626 
 4152.1707 | 08738.8977 | 19:38:37 | 221.749533 | 359.051626 
 4152.1707 | 08738.8977 | 19:38:38 | 221.749533 | 359.051626 
 4152.1707 | 08738.8977 | 19:38:39 | 221.749533 | 359.051626 
 4152.1707 | 08738.8977 | 19:38:40 | 221.749533 | 359.051626 
 4152.1707 | 08738.8977 | 19:38:41 | 221.749533 | 359.051626 
 4152.1707 | 08738.8977 | 19:38:42 | 221.749533 | 359.051626 
 4152.1707 | 08738.8977 | 19:38:43 | 221.749533 | 359.051626 
 4152.1707 | 08738.8977 | 19:38:44 | 221.749533 | 359.051626 
 4152.1707 | 08738.8977 | 19:38:45 | 221.749533 | 359.051626 
 4152.1707 | 08738.8977 | 19:38:46 | 221.749533 | 359.051626 
 4152.1707 | 08738.8977 | 19:38:47 | 221.749533 | 359.051626 
 4152.1707 | 08738.8977 | 19:38:48 | 221.749533 | 359.051626 
 4152.1707 | 08738.8977 | 19:38:49 | 221.749533 | 359.051626 
 4152.1707 | 08738.8977 | 19:38:50 | 221.749533 | 359.051626 
 4152.1707 | 08738.8977 | 19:38:51 | 221.749533 | 359.051626 
 4152.1707 | 08738.8977 | 19:38:52 | 221.749533 | 359.051626 
 4152.1707 | 08738.8977 | 19:38:53 | 221.749533 | 359.051626 
 4152.1707 | 08738.8977 | 19:38:54 | 221.749533 | 359.051626 
 4152.1707 | 08738.8977 | 19:38:55 | 221.749533 | 359.051626 
 4152.1707 | 08738.8977 | 19:38:56 | 221.749533 | 359.051626 
 4152.1707 | 08738.8977 | 19:38:57 | 221.749533 | 359.051626 
 4152.1707 | 08738.8977 | 19:38:58 | 221.749533 | 359.051626 
 4152.1707 | 08738.8977 | 19:38:59 | 221.749533 | 359.051626 
 4152.1707 | 08738.8977 | 19:39:00 | 221.749533 | 359.051626 
 4152.1707 | 08738.8977 | 19:39:01 | 221.749533 | 359.051626 
 4152.1707 | 08738.8977 | 19:39:02 | 221.749533 | 359.051626 
 4152.1707 | 08738.8977 | 19:39:03 | 221.749533 | 359.051626 
 4152.1707 | 08738.8977 | 19:39:04 | 221.749533 | 359.051626 
 4152.1707 | 08738.8977 | 19:39:05 | 221.749533 | 359.051626 
 4152.1707 | 08738.8977 | 19:39:06 | 221.749533 | 359.051626 
 4152.1707 | 08738.8977 | 19:39:07 | 221.749533 | 359.051626 
 4152.1707 | 08738.8977 | 19:39:08 | 221.749533 | 359.051626 
 4152.1707 | 08738.8977 | 19:39:09 | 221.749533 | 359.051626 
 4152.1707 | 08738.8977 | 19:39:10 | 221.749533 | 359.051626 
 4152.1707 | 08738.8977 | 19:39:11 | 221.749533 | 359.051626 
 4152.1707 | 08738.8977 | 19:39:12 | 221.749533 | 359.051626 
 4152.1707 | 08738.8977 | 19:39:13 | 221.749533 | 359.051626 
 4152.1707 | 08738.8977 | 19:39:14 | 221.749533 | 359.051626 
 4152.1707 | 08738.8977 | 19:39:15 | 221.749533 | 359.051626 
 4152.1707 | 08738.8977 | 19:39:16 | 221.749533 | 359.051626 
 4152.1707 | 08738.8977 | 19:39:17 | 221.749533 | 359.051626 
 4152.1707 | 08738.8977 | 19:39:18 | 221.749533 | 359.051626 
 4152.1707 | 08738.8977 | 19:39:19 | 221.749533 | 359.051626 
 4152.1707 | 08738.8977 | 19:39:20 | 221.749533 | 359.051626 
 4152.1707 | 08738.8977 | 19:39:21 | 221.749533 | 359.051626 
 4152.1707 | 08738.8977 | 19:39:22 | 221.749533 | 359.051626 
 4152.1707 | 08738.8977 | 19:39:23 | 221.749533 | 359.051626 
 4152.1707 | 08738.8977 | 19:39:24 | 221.749533 | 359.051626 
 4152.1707 | 08738.8977 | 19:39:25 | 221.749533 | 359.051626 
 4152.1707 | 08738.8977 | 19:39:26 | 221.749533 | 359.051626 
 4152.1707 | 08738.8977 | 19:39:27 | 221.749533 | 359.051626 
 4152.1707 | 08738.8977 | 19:39:28 | 221.749533 | 359.051626 
 4152.1707 | 08738.8977 | 19:39:29 | 221.749533 | 359.051626 
 4152.1707 | 08738.8977 | 19:39:30 | 221.749533 | 359.051626 
 4152.1707 | 08738.8977 | 19:39:31 | 221.749533 | 359.051626 
 4152.1707 | 08738.8977 | 19:39:32 | 221.749533 | 359.051626 
 4152.1707 | 08738.8977 | 19:39:33 | 221.749533 | 359.051626 
 4152.1707 | 08738.8977 | 19:39:34 | 221.749533 | 359.051626 
 4152.1707 | 08738.8977 | 19:39:35 | 221.749533 | 359.051626 
 4152.1707 | 08738.8977 | 19:39:36 | 221.749533 | 359.051626 
 4152.1707 | 08738.8977 | 19:39:37 | 221.749533 | 359.051626 
 4152.1707 | 08738.8977 | 19:39:38 | 221.749533 | 359.051626 
 4152.1707 | 08738.8977 | 19:39:39 | 221.749533 | 359.051626 
 4152.1707 | 08738.8977 | 19:39:40 | 221.749533 | 359.051626 
 4152.1707 | 08738.8977 | 19:39:41 | 221.749533 | 359.051626 
 4152.1707 | 08738.8977 | 19:39:42 | 221.749533 | 359.051626 
 4152.1707 | 08738.8977 | 19:39:43 | 221.749533 | 359.051626 
 4152.1707 | 08738.8977 | 19:39:44 | 221.749533 | 359.051626 
 4152.1707 | 08738.8977 | 19:39:45 | 221.749533 | 359.051626 
 4152.1707 | 08738.8977 | 19:39:46 | 221.749533 | 359.051626 
 4152.1707 | 08738.8977 | 19:39:47 | 221.749533 | 359.051626 
 4152.1707 | 08738.8977 | 19:39:48 | 221.749533 | 359.051626 
 4152.1707 | 08738.8977 | 19:39:49 | 221.749533 | 359.051626 
 4152.1707 | 08738.8977 | 19:39:50 | 221.749533 | 359.051626 
 4152.1707 | 08738.8977 | 19:39:51 | 221.749533 | 359.051626 
 4152.1707 | 08738.8977 | 19:39:52 | 221.749533 | 359.051626 
 4152.1707 | 08738.8977 | 19:39:53 | 221.749533 | 359.051626 
 4152.1707 | 08738.8977 | 19:39:54 | 221.749533 | 359.051626 
 4152.1707 | 08738.8977 | 19:39:55 | 221.749533 | 359.051626 
 4152.1707 | 08738.8977 | 19:39:56 | 221.749533 | 359.051626 
 4152.1707 | 08738.8977 | 19:39:57 | 221.749533 | 359.051626 
 4152.1707 | 08738.8977 | 19:39:58 | 221.749533 | 359.051626 
 4152.1707 | 08738.8977 | 19:39:59 | 221.749533 | 359.051626 
 4152.1707 | 08738.8977 | 19:40:00 | 221.749533 | 359.051626 
 4152.1707 | 08738.8977 | 19:40:01 | 221.749533 | 359.051626 
 4152.1707 | 08738.8977 | 19:40:02 | 221.749533 | 359.051626 
 4152.1707 | 08738.8977 | 19:40:03 | 221.749533 | 359.051626 
 4152.1707 | 08738.8977 | 19:40:04 | 221.749533 | 359.051626 
 4152.1707 | 08738.8977 | 19:40:06 | 221.749533 | 359.051626 
 4152.1707 | 08738.8977 | 19:40:07 | 221.749533 | 359.051626 
 4152.1707 | 08738.8977 | 19:40:08 | 221.749533 | 359.051626 
 4152.1707 | 08738.8977 | 19:40:09 | 221.749533 | 359.051626 
 4152.1707 | 08738.8977 | 19:40:10 | 221.749533 | 359.051626 
 4152.1707 | 08738.8977 | 19:40:11 | 221.749533 | 359.051626 
 4152.1707 | 08738.8977 | 19:40:12 | 221.749533 | 359.051626 
 4152.1707 | 08738.8977 | 19:40:13 | 221.749533 | 359.051626 
 4152.1707 | 08738.8977 | 19:40:14 | 221.749533 | 359.051626 
 4152.1707 | 08738.8977 | 19:40:15 | 221.749533 | 359.051626 
 4152.1707 | 08738.8977 | 19:40:16 | 221.749533 | 359.051626 
 4152.1707 | 08738.8977 | 19:40:17 | 221.749533 | 359.051626 
 4152.1707 | 08738.8977 | 19:40:18 | 221.749533 | 359.051626 
 4152.1707 | 08738.8977 | 19:40:19 | 221.749533 | 359.051626 
 4152.1707 | 08738.8977 | 19:40:20 | 221.749533 | 359.051626 
 4152.1707 | 08738.8977 | 19:40:21 | 221.749533 | 359.051626 
 4152.1707 | 08738.8977 | 19:40:22 | 221.749533 | 359.051626 
 4152.1707 | 08738.8977 | 19:40:23 | 221.749533 | 359.051626 
 4152.1707 | 08738.8977 | 19:40:24 | 221.749533 | 359.051626 
 4152.1707 | 08738.8977 | 19:40:25 | 221.749533 | 359.051626 
 4152.1707 | 08738.8977 | 19:40:26 | 221.749533 | 359.051626 
 4152.1707 | 08738.8977 | 19:40:27 | 221.749533 | 359.051626 
 4152.1707 | 08738.8977 | 19:40:28 | 221.749533 | 359.051626 
 4152.1707 | 08738.8977 | 19:40:29 | 221.749533 | 359.051626 
 4152.1707 | 08738.8977 | 19:40:30 | 221.749533 | 359.051626 
 4152.1707 | 08738.8977 | 19:40:31 | 221.749533 | 359.051626 
 4152.1707 | 08738.8977 | 19:40:32 | 221.749533 | 359.051626 
 4152.1707 | 08738.8977 | 19:40:33 | 221.749533 | 359.051626 
 4152.1707 | 08738.8977 | 19:40:34 | 221.749533 | 359.051626 
 4152.1707 | 08738.8977 | 19:40:35 | 221.749533 | 359.051626 
 4152.1707 | 08738.8977 | 19:40:36 | 221.749533 | 359.051626 
 4152.1707 | 08738.8977 | 19:40:37 | 221.749533 | 359.051626 
 4152.1707 | 08738.8977 | 19:40:38 | 221.749533 | 359.051626 
 4152.1707 | 08738.8977 | 19:40:39 | 221.749533 | 359.051626 
 4152.1707 | 08738.8977 | 19:40:40 | 221.749533 | 359.051626 
 4152.1707 | 08738.8977 | 19:40:41 | 221.749533 | 359.051626 
 4152.1707 | 08738.8977 | 19:40:42 | 221.749533 | 359.051626 
 4152.1707 | 08738.8977 | 19:40:43 | 221.749533 | 359.051626 
 4152.1707 | 08738.8977 | 19:40:44 | 221.749533 | 359.051626 
 4152.1707 | 08738.8977 | 19:40:45 | 221.749533 | 359.051626 
 4152.1707 | 08738.8977 | 19:40:46 | 221.749533 | 359.051626 
 4152.1707 | 08738.8977 | 19:40:47 | 221.749533 | 359.051626 
 4152.1707 | 08738.8977 | 19:40:48 | 221.749533 | 359.051626 
 4152.1707 | 08738.8977 | 19:40:49 | 221.749533 | 359.051626 
 4152.1707 | 08738.8977 | 19:40:50 | 221.749533 | 359.051626 
 4152.1707 | 08738.8977 | 19:40:51 | 221.749533 | 359.051626 
 4152.1707 | 08738.8977 | 19:40:52 | 221.749533 | 359.051626 
 4152.1707 | 08738.8977 | 19:40:53 | 221.749533 | 359.051626 
 4152.1707 | 08738.8977 | 19:40:54 | 221.749533 | 359.051626 
 4152.1707 | 08738.8977 | 19:40:55 | 221.749533 | 359.051626 
 4152.1707 | 08738.8977 | 19:40:56 | 221.749533 | 359.051626 
 4152.1707 | 08738.8977 | 19:40:57 | 221.749533 | 359.051626 
 4152.1707 | 08738.8977 | 19:40:58 | 221.749533 | 359.051626 
 4152.1707 | 08738.8977 | 19:40:59 | 221.749533 | 359.051626 
 4152.1707 | 08738.8977 | 19:41:00 | 221.749533 | 359.051626 
 4152.1707 | 08738.8977 | 19:41:01 | 221.749533 | 359.051626 
 4152.1707 | 08738.8977 | 19:41:02 | 221.749533 | 359.051626 
 4152.1707 | 08738.8977 | 19:41:03 | 221.749533 | 359.051626 
 4152.1707 | 08738.8977 | 19:41:04 | 221.749533 | 359.051626 
 4152.1707 | 08738.8977 | 19:41:05 | 221.749533 | 359.051626 
 4152.1707 | 08738.8977 | 19:41:06 | 221.749533 | 359.051626 
 4152.1707 | 08738.8977 | 19:41:07 | 221.749533 | 359.051626 
 4152.1707 | 08738.8977 | 19:41:08 | 221.749533 | 359.051626 
 4152.1707 | 08738.8977 | 19:41:09 | 221.749533 | 359.051626 
 4152.1707 | 08738.8977 | 19:41:10 | 221.749533 | 359.051626 
 4152.1707 | 08738.8977 | 19:41:11 | 221.749533 | 359.051626 
 4152.1707 | 08738.8977 | 19:41:12 | 221.749533 | 359.051626 
 4152.1707 | 08738.8977 | 19:41:13 | 221.749533 | 359.051626 
 4152.1707 | 08738.8977 | 19:41:14 | 221.749533 | 359.051626 
 4152.1686 | 08738.8982 | 19:41:15 | 221.749122 | 359.049207 
 4152.1689 | 08738.8973 | 19:41:16 | 221.749893 | 359.049558 
 4152.1691 | 08738.8964 | 19:41:17 | 221.750665 | 359.049795 
 4152.1691 | 08738.8956 | 19:41:18 | 221.751353 | 359.049800 
 4152.1695 | 08738.8949 | 19:41:19 | 221.751951 | 359.050265 
 4152.1704 | 08738.9016 | 19:41:20 | 221.746183 | 359.051254 
 4152.1705 | 08738.9021 | 19:41:21 | 221.745752 | 359.051366 
 4152.1705 | 08738.9021 | 19:41:22 | 221.745752 | 359.051366 
 4152.1705 | 08738.9025 | 19:41:23 | 221.745408 | 359.051363 
 4152.1705 | 08738.9025 | 19:41:24 | 221.745408 | 359.051363 
 4152.1705 | 08738.9025 | 19:41:25 | 221.745408 | 359.051363 
 4152.1705 | 08738.9025 | 19:41:26 | 221.745408 | 359.051363 
 4152.1705 | 08738.9025 | 19:41:27 | 221.745408 | 359.051363 
 4152.1705 | 08738.9025 | 19:41:28 | 221.745408 | 359.051363 
 4152.1705 | 08738.9025 | 19:41:29 | 221.745408 | 359.051363 
 4152.1705 | 08738.9025 | 19:41:30 | 221.745408 | 359.051363 
 4152.1705 | 08738.9025 | 19:41:31 | 221.745408 | 359.051363 
 4152.1705 | 08738.9025 | 19:41:32 | 221.745408 | 359.051363 
 4152.1705 | 08738.9025 | 19:41:33 | 221.745408 | 359.051363 
 4152.1705 | 08738.9025 | 19:41:34 | 221.745408 | 359.051363 
 4152.1705 | 08738.9025 | 19:41:35 | 221.745408 | 359.051363 
 4152.1705 | 08738.9025 | 19:41:36 | 221.745408 | 359.051363 
 4152.1705 | 08738.9025 | 19:41:37 | 221.745408 | 359.051363 
 4152.1705 | 08738.9025 | 19:41:38 | 221.745408 | 359.051363 
 4152.1705 | 08738.9025 | 19:41:39 | 221.745408 | 359.051363 
 4152.1705 | 08738.9025 | 19:41:40 | 221.745408 | 359.051363 
 4152.1705 | 08738.9025 | 19:41:41 | 221.745408 | 359.051363 
 4152.1705 | 08738.9025 | 19:41:42 | 221.745408 | 359.051363 
 4152.1705 | 08738.9025 | 19:41:43 | 221.745408 | 359.051363 
 4152.1705 | 08738.9025 | 19:41:44 | 221.745408 | 359.051363 
 4152.1705 | 08738.9025 | 19:41:45 | 221.745408 | 359.051363 
 4152.1705 | 08738.9025 | 19:41:46 | 221.745408 | 359.051363 
 4152.1705 | 08738.9025 | 19:41:47 | 221.745408 | 359.051363 
 4152.1705 | 08738.9025 | 19:41:48 | 221.745408 | 359.051363 
 4152.1705 | 08738.9025 | 19:41:49 | 221.745408 | 359.051363 
 4152.1705 | 08738.9025 | 19:41:50 | 221.745408 | 359.051363 
 4152.1705 | 08738.9025 | 19:41:51 | 221.745408 | 359.051363 
 4152.1705 | 08738.9025 | 19:41:52 | 221.745408 | 359.051363 
 4152.1705 | 08738.9025 | 19:41:53 | 221.745408 | 359.051363 
 4152.1705 | 08738.9025 | 19:41:54 | 221.745408 | 359.051363 
 4152.1705 | 08738.9025 | 19:41:55 | 221.745408 | 359.051363 
 4152.1705 | 08738.9025 | 19:41:56 | 221.745408 | 359.051363 
 4152.1705 | 08738.9025 | 19:41:57 | 221.745408 | 359.051363 
 4152.1705 | 08738.9025 | 19:41:59 | 221.745408 | 359.051363 
 4152.1705 | 08738.9025 | 19:42:00 | 221.745408 | 359.051363 
 4152.1705 | 08738.9025 | 19:42:01 | 221.745408 | 359.051363 
 4152.1705 | 08738.9025 | 19:42:02 | 221.745408 | 359.051363 
 4152.1705 | 08738.9025 | 19:42:03 | 221.745408 | 359.051363 
 4152.1705 | 08738.9025 | 19:42:04 | 221.745408 | 359.051363 
 4152.1705 | 08738.9025 | 19:42:05 | 221.745408 | 359.051363 
 4152.1705 | 08738.9025 | 19:42:06 | 221.745408 | 359.051363 
 4152.1705 | 08738.9025 | 19:42:07 | 221.745408 | 359.051363 
 4152.1705 | 08738.9025 | 19:42:08 | 221.745408 | 359.051363 
 4152.1705 | 08738.9025 | 19:42:09 | 221.745408 | 359.051363 
 4152.1705 | 08738.9025 | 19:42:10 | 221.745408 | 359.051363 
 4152.1705 | 08738.9025 | 19:42:11 | 221.745408 | 359.051363 
 4152.1705 | 08738.9025 | 19:42:12 | 221.745408 | 359.051363 
 4152.1705 | 08738.9025 | 19:42:13 | 221.745408 | 359.051363 
 4152.1705 | 08738.9025 | 19:42:14 | 221.745408 | 359.051363 
 4152.1705 | 08738.9025 | 19:42:15 | 221.745408 | 359.051363 
 4152.1705 | 08738.9025 | 19:42:16 | 221.745408 | 359.051363 
 4152.1705 | 08738.9025 | 19:42:17 | 221.745408 | 359.051363 
 4152.1705 | 08738.9025 | 19:42:18 | 221.745408 | 359.051363 
 4152.1705 | 08738.9025 | 19:42:19 | 221.745408 | 359.051363 
 4152.1705 | 08738.9025 | 19:42:20 | 221.745408 | 359.051363 
 4152.1705 | 08738.9025 | 19:42:21 | 221.745408 | 359.051363 
 4152.1705 | 08738.9025 | 19:42:22 | 221.745408 | 359.051363 
 4152.1705 | 08738.9025 | 19:42:23 | 221.745408 | 359.051363 
 4152.1705 | 08738.9025 | 19:42:24 | 221.745408 | 359.051363 
 4152.1705 | 08738.9025 | 19:42:25 | 221.745408 | 359.051363 
 4152.1705 | 08738.9025 | 19:42:26 | 221.745408 | 359.051363 
 4152.1705 | 08738.9025 | 19:42:27 | 221.745408 | 359.051363 
 4152.1705 | 08738.9025 | 19:42:28 | 221.745408 | 359.051363 
 4152.1705 | 08738.9025 | 19:42:29 | 221.745408 | 359.051363 
 4152.1705 | 08738.9025 | 19:42:30 | 221.745408 | 359.051363 
 4152.1705 | 08738.9025 | 19:42:31 | 221.745408 | 359.051363 
 4152.1705 | 08738.9025 | 19:42:32 | 221.745408 | 359.051363 
 4152.1705 | 08738.9025 | 19:42:33 | 221.745408 | 359.051363 
 4152.1705 | 08738.9025 | 19:42:34 | 221.745408 | 359.051363 
 4152.1705 | 08738.9025 | 19:42:35 | 221.745408 | 359.051363 
 4152.1705 | 08738.9025 | 19:42:36 | 221.745408 | 359.051363 
 4152.1705 | 08738.9025 | 19:42:37 | 221.745408 | 359.051363 
 4152.1705 | 08738.9025 | 19:42:38 | 221.745408 | 359.051363 
 4152.1655 | 08738.8958 | 19:42:39 | 221.751214 | 359.045658 
 4152.1652 | 08738.8960 | 19:42:40 | 221.751045 | 359.045311 
 4152.1651 | 08738.8971 | 19:42:41 | 221.750100 | 359.045189 
 4152.1650 | 08738.8972 | 19:42:42 | 221.750015 | 359.045073 
 4152.1650 | 08738.8972 | 19:42:43 | 221.750015 | 359.045073 
 4152.1650 | 08738.8972 | 19:42:44 | 221.750015 | 359.045073 
 4152.1650 | 08738.8972 | 19:42:45 | 221.750015 | 359.045073 
 4152.1650 | 08738.8972 | 19:42:46 | 221.750015 | 359.045073 
 4152.1650 | 08738.8972 | 19:42:47 | 221.750015 | 359.045073 
 4152.1650 | 08738.8972 | 19:42:48 | 221.750015 | 359.045073 
 4152.1650 | 08738.8972 | 19:42:49 | 221.750015 | 359.045073 
 4152.1650 | 08738.8972 | 19:42:50 | 221.750015 | 359.045073 
 4152.1650 | 08738.8972 | 19:42:51 | 221.750015 | 359.045073 
 4152.1650 | 08738.8972 | 19:42:52 | 221.750015 | 359.045073 
 4152.1650 | 08738.8972 | 19:42:53 | 221.750015 | 359.045073 
 4152.1650 | 08738.8972 | 19:42:54 | 221.750015 | 359.045073 
 4152.1650 | 08738.8972 | 19:42:55 | 221.750015 | 359.045073 
 4152.1650 | 08738.8972 | 19:42:56 | 221.750015 | 359.045073 
 4152.1650 | 08738.8972 | 19:42:57 | 221.750015 | 359.045073 
 4152.1650 | 08738.8972 | 19:42:58 | 221.750015 | 359.045073 
 4152.1650 | 08738.8972 | 19:42:59 | 221.750015 | 359.045073 
 4152.1650 | 08738.8972 | 19:43:00 | 221.750015 | 359.045073 
 4152.1650 | 08738.8972 | 19:43:01 | 221.750015 | 359.045073 
 4152.1650 | 08738.8972 | 19:43:02 | 221.750015 | 359.045073 
 4152.1650 | 08738.8972 | 19:43:03 | 221.750015 | 359.045073 
 4152.1650 | 08738.8972 | 19:43:04 | 221.750015 | 359.045073 
 4152.1650 | 08738.8972 | 19:43:05 | 221.750015 | 359.045073 
 4152.1650 | 08738.8972 | 19:43:06 | 221.750015 | 359.045073 
 4152.1650 | 08738.8972 | 19:43:07 | 221.750015 | 359.045073 
 4152.1650 | 08738.8972 | 19:43:08 | 221.750015 | 359.045073 
 4152.1650 | 08738.8972 | 19:43:09 | 221.750015 | 359.045073 
 4152.1650 | 08738.8972 | 19:43:10 | 221.750015 | 359.045073 
 4152.1650 | 08738.8972 | 19:43:11 | 221.750015 | 359.045073 
 4152.1650 | 08738.8972 | 19:43:12 | 221.750015 | 359.045073 
 4152.1650 | 08738.8972 | 19:43:13 | 221.750015 | 359.045073 
 4152.1650 | 08738.8972 | 19:43:14 | 221.750015 | 359.045073 
 4152.1650 | 08738.8972 | 19:43:15 | 221.750015 | 359.045073 
 4152.1650 | 08738.8972 | 19:43:16 | 221.750015 | 359.045073 
 4152.1650 | 08738.8972 | 19:43:17 | 221.750015 | 359.045073 
 4152.1650 | 08738.8972 | 19:43:18 | 221.750015 | 359.045073 
 4152.1650 | 08738.8972 | 19:43:19 | 221.750015 | 359.045073 
 4152.1650 | 08738.8972 | 19:43:20 | 221.750015 | 359.045073 
 4152.1650 | 08738.8972 | 19:43:21 | 221.750015 | 359.045073 
 4152.1650 | 08738.8972 | 19:43:22 | 221.750015 | 359.045073 
 4152.1650 | 08738.8972 | 19:43:23 | 221.750015 | 359.045073 
 4152.1650 | 08738.8972 | 19:43:24 | 221.750015 | 359.045073 
 4152.1650 | 08738.8972 | 19:43:25 | 221.750015 | 359.045073 
 4152.1650 | 08738.8972 | 19:43:26 | 221.750015 | 359.045073 
 4152.1650 | 08738.8972 | 19:43:27 | 221.750015 | 359.045073 
 4152.1650 | 08738.8972 | 19:43:28 | 221.750015 | 359.045073 
 4152.1650 | 08738.8972 | 19:43:29 | 221.750015 | 359.045073 
 4152.1650 | 08738.8972 | 19:43:30 | 221.750015 | 359.045073 
 4152.1650 | 08738.8972 | 19:43:31 | 221.750015 | 359.045073 
 4152.1650 | 08738.8972 | 19:43:32 | 221.750015 | 359.045073 
 4152.1650 | 08738.8972 | 19:43:33 | 221.750015 | 359.045073 
 4152.1650 | 08738.8972 | 19:43:34 | 221.750015 | 359.045073 
 4152.1650 | 08738.8972 | 19:43:35 | 221.750015 | 359.045073 
 4152.1650 | 08738.8972 | 19:43:36 | 221.750015 | 359.045073 
 4152.1650 | 08738.8972 | 19:43:37 | 221.750015 | 359.045073 
 4152.1650 | 08738.8972 | 19:43:38 | 221.750015 | 359.045073 
 4152.1650 | 08738.8972 | 19:43:39 | 221.750015 | 359.045073 
 4152.1650 | 08738.8972 | 19:43:40 | 221.750015 | 359.045073 
 4152.1650 | 08738.8972 | 19:43:41 | 221.750015 | 359.045073 
 4152.1650 | 08738.8972 | 19:43:42 | 221.750015 | 359.045073 
 4152.1650 | 08738.8972 | 19:43:43 | 221.750015 | 359.045073 
 4152.1650 | 08738.8972 | 19:43:44 | 221.750015 | 359.045073 
 4152.1650 | 08738.8972 | 19:43:45 | 221.750015 | 359.045073 
 4152.1650 | 08738.8972 | 19:43:46 | 221.750015 | 359.045073 
 4152.1650 | 08738.8972 | 19:43:47 | 221.750015 | 359.045073 
 4152.1650 | 08738.8972 | 19:43:48 | 221.750015 | 359.045073 
 4152.1650 | 08738.8972 | 19:43:49 | 221.750015 | 359.045073 
 4152.1650 | 08738.8972 | 19:43:50 | 221.750015 | 359.045073 
 4152.1650 | 08738.8972 | 19:43:51 | 221.750015 | 359.045073 
 4152.1650 | 08738.8972 | 19:43:52 | 221.750015 | 359.045073 
 4152.1691 | 08738.8954 | 19:43:53 | 221.751525 | 359.049802 
 4152.1690 | 08738.8961 | 19:43:54 | 221.750924 | 359.049682 
 4152.1692 | 08738.8962 | 19:43:55 | 221.750836 | 359.049911 
 4152.1690 | 08738.8962 | 19:43:56 | 221.750838 | 359.049681 
 4152.1682 | 08738.8969 | 19:43:57 | 221.750244 | 359.048756 
 4152.1682 | 08738.8969 | 19:43:59 | 221.750244 | 359.048756 
 4152.1682 | 08738.8969 | 19:44:00 | 221.750244 | 359.048756 
 4152.1682 | 08738.8969 | 19:44:01 | 221.750244 | 359.048756 
 4152.1682 | 08738.8969 | 19:44:02 | 221.750244 | 359.048756 
 4152.1682 | 08738.8969 | 19:44:03 | 221.750244 | 359.048756 
 4152.1682 | 08738.8969 | 19:44:04 | 221.750244 | 359.048756 
 4152.1682 | 08738.8969 | 19:44:05 | 221.750244 | 359.048756 
 4152.1682 | 08738.8969 | 19:44:06 | 221.750244 | 359.048756 
 4152.1682 | 08738.8969 | 19:44:07 | 221.750244 | 359.048756 
 4152.1682 | 08738.8969 | 19:44:08 | 221.750244 | 359.048756 
 4152.1682 | 08738.8969 | 19:44:09 | 221.750244 | 359.048756 
 4152.1682 | 08738.8969 | 19:44:10 | 221.750244 | 359.048756 
 4152.1682 | 08738.8969 | 19:44:11 | 221.750244 | 359.048756 
 4152.1682 | 08738.8969 | 19:44:12 | 221.750244 | 359.048756 
 4152.1682 | 08738.8969 | 19:44:13 | 221.750244 | 359.048756 
 4152.1682 | 08738.8969 | 19:44:14 | 221.750244 | 359.048756 
 4152.1682 | 08738.8969 | 19:44:15 | 221.750244 | 359.048756 
 4152.1682 | 08738.8969 | 19:44:16 | 221.750244 | 359.048756 
 4152.1682 | 08738.8969 | 19:44:17 | 221.750244 | 359.048756 
 4152.1682 | 08738.8969 | 19:44:18 | 221.750244 | 359.048756 
 4152.1682 | 08738.8969 | 19:44:19 | 221.750244 | 359.048756 
 4152.1682 | 08738.8969 | 19:44:20 | 221.750244 | 359.048756 
 4152.1682 | 08738.8969 | 19:44:21 | 221.750244 | 359.048756 
 4152.1682 | 08738.8969 | 19:44:22 | 221.750244 | 359.048756 
 4152.1682 | 08738.8969 | 19:44:23 | 221.750244 | 359.048756 
 4152.1682 | 08738.8969 | 19:44:24 | 221.750244 | 359.048756 
 4152.1682 | 08738.8969 | 19:44:25 | 221.750244 | 359.048756 
 4152.1682 | 08738.8969 | 19:44:26 | 221.750244 | 359.048756 
 4152.1682 | 08738.8969 | 19:44:27 | 221.750244 | 359.048756 
 4152.1682 | 08738.8969 | 19:44:28 | 221.750244 | 359.048756 
 4152.1682 | 08738.8969 | 19:44:29 | 221.750244 | 359.048756 
 4152.1682 | 08738.8969 | 19:44:30 | 221.750244 | 359.048756 
 4152.1682 | 08738.8969 | 19:44:31 | 221.750244 | 359.048756 
 4152.1682 | 08738.8969 | 19:44:32 | 221.750244 | 359.048756 
 4152.1682 | 08738.8969 | 19:44:33 | 221.750244 | 359.048756 
 4152.1682 | 08738.8969 | 19:44:34 | 221.750244 | 359.048756 
 4152.1682 | 08738.8969 | 19:44:35 | 221.750244 | 359.048756 
 4152.1682 | 08738.8969 | 19:44:36 | 221.750244 | 359.048756 
 4152.1682 | 08738.8969 | 19:44:37 | 221.750244 | 359.048756 
 4152.1682 | 08738.8969 | 19:44:38 | 221.750244 | 359.048756 
 4152.1682 | 08738.8969 | 19:44:39 | 221.750244 | 359.048756 
 4152.1682 | 08738.8969 | 19:44:40 | 221.750244 | 359.048756 
 4152.1682 | 08738.8969 | 19:44:41 | 221.750244 | 359.048756 
 4152.1682 | 08738.8969 | 19:44:42 | 221.750244 | 359.048756 
 4152.1682 | 08738.8969 | 19:44:43 | 221.750244 | 359.048756 
 4152.1682 | 08738.8969 | 19:44:44 | 221.750244 | 359.048756 
 4152.1682 | 08738.8969 | 19:44:45 | 221.750244 | 359.048756 
 4152.1682 | 08738.8969 | 19:44:46 | 221.750244 | 359.048756 
 4152.1682 | 08738.8969 | 19:44:47 | 221.750244 | 359.048756 
 4152.1682 | 08738.8969 | 19:44:48 | 221.750244 | 359.048756 
 4152.1682 | 08738.8969 | 19:44:49 | 221.750244 | 359.048756 
 4152.1682 | 08738.8969 | 19:44:50 | 221.750244 | 359.048756 
 4152.1682 | 08738.8969 | 19:44:51 | 221.750244 | 359.048756 
 4152.1682 | 08738.8969 | 19:44:52 | 221.750244 | 359.048756 
 4152.1682 | 08738.8969 | 19:44:53 | 221.750244 | 359.048756 
 4152.1682 | 08738.8969 | 19:44:54 | 221.750244 | 359.048756 
 4152.1682 | 08738.8969 | 19:44:55 | 221.750244 | 359.048756 
 4152.1682 | 08738.8969 | 19:44:56 | 221.750244 | 359.048756 
 4152.1682 | 08738.8969 | 19:44:57 | 221.750244 | 359.048756 
 4152.1682 | 08738.8969 | 19:44:58 | 221.750244 | 359.048756 
 4152.1682 | 08738.8969 | 19:44:59 | 221.750244 | 359.048756 
 4152.1682 | 08738.8969 | 19:45:00 | 221.750244 | 359.048756 
 4152.1682 | 08738.8969 | 19:45:01 | 221.750244 | 359.048756 
 4152.1682 | 08738.8969 | 19:45:02 | 221.750244 | 359.048756 
 4152.1682 | 08738.8969 | 19:45:03 | 221.750244 | 359.048756 
 4152.1682 | 08738.8969 | 19:45:04 | 221.750244 | 359.048756 
 4152.1682 | 08738.8969 | 19:45:05 | 221.750244 | 359.048756 
 4152.1682 | 08738.8969 | 19:45:06 | 221.750244 | 359.048756 
 4152.1682 | 08738.8969 | 19:45:07 | 221.750244 | 359.048756 
 4152.1682 | 08738.8969 | 19:45:08 | 221.750244 | 359.048756 
 4152.1682 | 08738.8969 | 19:45:09 | 221.750244 | 359.048756 
 4152.1682 | 08738.8969 | 19:45:10 | 221.750244 | 359.048756 
 4152.1682 | 08738.8969 | 19:45:11 | 221.750244 | 359.048756 
 4152.1682 | 08738.8969 | 19:45:12 | 221.750244 | 359.048756 
 4152.1682 | 08738.8969 | 19:45:13 | 221.750244 | 359.048756 
 4152.1682 | 08738.8969 | 19:45:14 | 221.750244 | 359.048756 
 4152.1682 | 08738.8969 | 19:45:15 | 221.750244 | 359.048756 
 4152.1682 | 08738.8969 | 19:45:16 | 221.750244 | 359.048756 
 4152.1682 | 08738.8969 | 19:45:17 | 221.750244 | 359.048756 
 4152.1682 | 08738.8969 | 19:45:18 | 221.750244 | 359.048756 
 4152.1682 | 08738.8969 | 19:45:19 | 221.750244 | 359.048756 
 4152.1682 | 08738.8969 | 19:45:20 | 221.750244 | 359.048756 
 4152.1682 | 08738.8969 | 19:45:21 | 221.750244 | 359.048756 
 4152.1682 | 08738.8969 | 19:45:22 | 221.750244 | 359.048756 
 4152.1682 | 08738.8969 | 19:45:23 | 221.750244 | 359.048756 
 4152.1682 | 08738.8969 | 19:45:24 | 221.750244 | 359.048756 
 4152.1682 | 08738.8969 | 19:45:25 | 221.750244 | 359.048756 
 4152.1682 | 08738.8969 | 19:45:26 | 221.750244 | 359.048756 
 4152.1682 | 08738.8969 | 19:45:27 | 221.750244 | 359.048756 
 4152.1682 | 08738.8969 | 19:45:28 | 221.750244 | 359.048756 
 4152.1682 | 08738.8969 | 19:45:29 | 221.750244 | 359.048756 
 4152.1682 | 08738.8969 | 19:45:30 | 221.750244 | 359.048756 
 4152.1682 | 08738.8969 | 19:45:31 | 221.750244 | 359.048756 
 4152.1682 | 08738.8969 | 19:45:32 | 221.750244 | 359.048756 
 4152.1682 | 08738.8969 | 19:45:33 | 221.750244 | 359.048756 
 4152.1682 | 08738.8969 | 19:45:34 | 221.750244 | 359.048756 
 4152.1682 | 08738.8969 | 19:45:35 | 221.750244 | 359.048756 
 4152.1682 | 08738.8969 | 19:45:36 | 221.750244 | 359.048756 
 4152.1682 | 08738.8969 | 19:45:37 | 221.750244 | 359.048756 
 4152.1682 | 08738.8969 | 19:45:38 | 221.750244 | 359.048756 
 4152.1682 | 08738.8969 | 19:45:39 | 221.750244 | 359.048756 
 4152.1682 | 08738.8969 | 19:45:40 | 221.750244 | 359.048756 
 4152.1682 | 08738.8969 | 19:45:41 | 221.750244 | 359.048756 
 4152.1682 | 08738.8969 | 19:45:42 | 221.750244 | 359.048756 
 4152.1682 | 08738.8969 | 19:45:43 | 221.750244 | 359.048756 
 4152.1682 | 08738.8969 | 19:45:44 | 221.750244 | 359.048756 
 4152.1682 | 08738.8969 | 19:45:45 | 221.750244 | 359.048756 
 4152.1682 | 08738.8969 | 19:45:46 | 221.750244 | 359.048756 
 4152.1682 | 08738.8969 | 19:45:47 | 221.750244 | 359.048756 
 4152.1682 | 08738.8969 | 19:45:48 | 221.750244 | 359.048756 
 4152.1682 | 08738.8969 | 19:45:49 | 221.750244 | 359.048756 
 4152.1682 | 08738.8969 | 19:45:50 | 221.750244 | 359.048756 
 4152.1682 | 08738.8969 | 19:45:51 | 221.750244 | 359.048756 
 4152.1682 | 08738.8969 | 19:45:52 | 221.750244 | 359.048756 
 4152.1682 | 08738.8969 | 19:45:53 | 221.750244 | 359.048756 
 4152.1682 | 08738.8969 | 19:45:54 | 221.750244 | 359.048756 
 4152.1682 | 08738.8969 | 19:45:55 | 221.750244 | 359.048756 
 4152.1682 | 08738.8969 | 19:45:56 | 221.750244 | 359.048756 
 4152.1682 | 08738.8969 | 19:45:57 | 221.750244 | 359.048756 
 4152.1682 | 08738.8969 | 19:45:58 | 221.750244 | 359.048756 
 4152.1682 | 08738.8969 | 19:45:59 | 221.750244 | 359.048756 
 4152.1682 | 08738.8969 | 19:46:00 | 221.750244 | 359.048756 
 4152.1682 | 08738.8969 | 19:46:01 | 221.750244 | 359.048756 
 4152.1682 | 08738.8969 | 19:46:02 | 221.750244 | 359.048756 
 4152.1682 | 08738.8969 | 19:46:03 | 221.750244 | 359.048756 
 4152.1682 | 08738.8969 | 19:46:04 | 221.750244 | 359.048756 
 4152.1682 | 08738.8969 | 19:46:05 | 221.750244 | 359.048756 
 4152.1682 | 08738.8969 | 19:46:06 | 221.750244 | 359.048756 
 4152.1682 | 08738.8969 | 19:46:07 | 221.750244 | 359.048756 
 4152.1682 | 08738.8969 | 19:46:08 | 221.750244 | 359.048756 
 4152.1682 | 08738.8969 | 19:46:09 | 221.750244 | 359.048756 
 4152.1682 | 08738.8969 | 19:46:10 | 221.750244 | 359.048756 
 4152.1682 | 08738.8969 | 19:46:11 | 221.750244 | 359.048756 
 4152.1682 | 08738.8969 | 19:46:12 | 221.750244 | 359.048756 
 4152.1682 | 08738.8969 | 19:46:13 | 221.750244 | 359.048756 
 4152.1682 | 08738.8969 | 19:46:14 | 221.750244 | 359.048756 
 4152.1682 | 08738.8969 | 19:46:15 | 221.750244 | 359.048756 
 4152.1682 | 08738.8969 | 19:46:16 | 221.750244 | 359.048756 
 4152.1682 | 08738.8969 | 19:46:17 | 221.750244 | 359.048756 
 4152.1682 | 08738.8969 | 19:46:18 | 221.750244 | 359.048756 
 4152.1682 | 08738.8969 | 19:46:19 | 221.750244 | 359.048756 
 4152.1682 | 08738.8969 | 19:46:20 | 221.750244 | 359.048756 
 4152.1671 | 08738.8968 | 19:46:21 | 221.750340 | 359.047491 
 4152.1668 | 08738.8970 | 19:46:22 | 221.750171 | 359.047145 
 4152.1673 | 08738.8965 | 19:46:23 | 221.750596 | 359.047724 
 4152.1669 | 08738.8972 | 19:46:24 | 221.749998 | 359.047259 
 4152.1672 | 08738.8972 | 19:46:25 | 221.749995 | 359.047604 
 4152.1672 | 08738.8972 | 19:46:26 | 221.749995 | 359.047604 
 4152.1672 | 08738.8972 | 19:46:27 | 221.749995 | 359.047604 
 4152.1672 | 08738.8972 | 19:46:28 | 221.749995 | 359.047604 
 4152.1672 | 08738.8972 | 19:46:29 | 221.749995 | 359.047604 
 4152.1672 | 08738.8972 | 19:46:30 | 221.749995 | 359.047604 
 4152.1672 | 08738.8972 | 19:46:31 | 221.749995 | 359.047604 
 4152.1672 | 08738.8972 | 19:46:32 | 221.749995 | 359.047604 
 4152.1672 | 08738.8972 | 19:46:33 | 221.749995 | 359.047604 
 4152.1672 | 08738.8972 | 19:46:34 | 221.749995 | 359.047604 
 4152.1672 | 08738.8972 | 19:46:35 | 221.749995 | 359.047604 
 4152.1672 | 08738.8972 | 19:46:36 | 221.749995 | 359.047604 
 4152.1672 | 08738.8972 | 19:46:37 | 221.749995 | 359.047604 
 4152.1672 | 08738.8972 | 19:46:38 | 221.749995 | 359.047604 
 4152.1672 | 08738.8972 | 19:46:39 | 221.749995 | 359.047604 
 4152.1672 | 08738.8972 | 19:46:40 | 221.749995 | 359.047604 
 4152.1672 | 08738.8972 | 19:46:41 | 221.749995 | 359.047604 
 4152.1672 | 08738.8972 | 19:46:42 | 221.749995 | 359.047604 
 4152.1672 | 08738.8972 | 19:46:44 | 221.749995 | 359.047604 
 4152.1672 | 08738.8972 | 19:46:47 | 221.749995 | 359.047604 
 4152.1672 | 08738.8972 | 19:46:48 | 221.749995 | 359.047604 
 4152.1672 | 08738.8972 | 19:46:49 | 221.749995 | 359.047604 
 4152.1672 | 08738.8972 | 19:46:50 | 221.749995 | 359.047604 
 4152.1672 | 08738.8972 | 19:46:51 | 221.749995 | 359.047604 
 4152.1672 | 08738.8972 | 19:46:52 | 221.749995 | 359.047604 
 4152.1715 | 08738.9005 | 19:46:53 | 221.747118 | 359.052527 
 4152.1729 | 08738.9021 | 19:46:54 | 221.745730 | 359.054127 
 4152.1730 | 08738.9022 | 19:46:55 | 221.745643 | 359.054241 
 4152.1722 | 08738.9041 | 19:46:56 | 221.744017 | 359.053308 
 4152.1724 | 08738.9047 | 19:46:57 | 221.743499 | 359.053534 
 4152.1723 | 08738.9064 | 19:46:58 | 221.742038 | 359.053407 
 4152.1723 | 08738.9068 | 19:46:59 | 221.741694 | 359.053404 
 4152.1723 | 08738.9073 | 19:47:00 | 221.741265 | 359.053401 
 4152.1724 | 08738.9078 | 19:47:01 | 221.740834 | 359.053512 
 4152.1725 | 08738.9082 | 19:47:02 | 221.740489 | 359.053625 
 4152.1726 | 08738.9086 | 19:47:03 | 221.740144 | 359.053737 
 4152.1728 | 08738.9090 | 19:47:04 | 221.739798 | 359.053964 
 4152.1727 | 08738.9096 | 19:47:05 | 221.739283 | 359.053845 
 4152.1728 | 08738.9101 | 19:47:06 | 221.738853 | 359.053957 
 4152.1729 | 08738.9103 | 19:47:07 | 221.738680 | 359.054070 
 4152.1734 | 08738.9107 | 19:47:09 | 221.738331 | 359.054643 
 4152.1740 | 08738.9104 | 19:47:10 | 221.738584 | 359.055335 
 4152.1747 | 08738.9119 | 19:47:11 | 221.737288 | 359.056130 
 4152.1753 | 08738.9112 | 19:47:12 | 221.737884 | 359.056825 
 4152.1685 | 08738.9093 | 19:47:13 | 221.739580 | 359.049016 
 4152.1680 | 08738.9081 | 19:47:14 | 221.740616 | 359.048449 
 4152.1676 | 08738.9067 | 19:47:15 | 221.741824 | 359.047999 
 4152.1675 | 08738.9048 | 19:47:16 | 221.743458 | 359.047897 
 4152.1672 | 08738.9028 | 19:47:17 | 221.745180 | 359.047565 
 4152.1686 | 08738.8932 | 19:47:20 | 221.753421 | 359.049241 
 4152.1695 | 08738.8889 | 19:47:21 | 221.757110 | 359.050306 
 4152.1705 | 08738.8851 | 19:47:22 | 221.760368 | 359.051483 
 4152.1710 | 08738.8800 | 19:47:23 | 221.764748 | 359.052093 
 4152.1715 | 08738.8767 | 19:47:24 | 221.767580 | 359.052690 
 4152.1724 | 08738.8725 | 19:47:25 | 221.771183 | 359.053755 
 4152.1733 | 08738.8681 | 19:47:26 | 221.774958 | 359.054820 
 4152.1821 | 08738.8519 | 19:47:27 | 221.788805 | 359.065053 
 4152.1821 | 08738.8496 | 19:47:28 | 221.790782 | 359.065069 
 4152.1817 | 08738.8473 | 19:47:29 | 221.792764 | 359.064625 
 4152.1826 | 08738.8512 | 19:47:30 | 221.789402 | 359.065633 
 4152.1810 | 08738.8499 | 19:47:31 | 221.790535 | 359.063802 
 4152.1809 | 08738.8494 | 19:47:32 | 221.790965 | 359.063690 
 4152.1810 | 08738.8489 | 19:47:33 | 221.791394 | 359.063809 
 4152.1805 | 08738.8480 | 19:47:34 | 221.792173 | 359.063240 
 4152.1805 | 08738.8473 | 19:47:35 | 221.792775 | 359.063245 
 4152.1805 | 08738.8467 | 19:47:36 | 221.793290 | 359.063249 
 4152.1795 | 08738.8417 | 19:47:37 | 221.797598 | 359.062133 
 4152.1798 | 08738.8408 | 19:47:38 | 221.798369 | 359.062484 
 4152.1800 | 08738.8372 | 19:47:39 | 221.801463 | 359.062739 
 4152.1803 | 08738.8361 | 19:47:40 | 221.802406 | 359.063092 
 4152.1806 | 08738.8342 | 19:47:41 | 221.804036 | 359.063450 
 4152.1808 | 08738.8329 | 19:47:42 | 221.805152 | 359.063689 
 4152.1810 | 08738.8319 | 19:47:43 | 221.806010 | 359.063926 
 4152.1813 | 08738.8307 | 19:47:44 | 221.807039 | 359.064279 
 4152.1816 | 08738.8287 | 19:47:45 | 221.808756 | 359.064638 
 4152.1879 | 08738.8275 | 19:47:46 | 221.809730 | 359.071893 
 4152.1894 | 08738.8273 | 19:47:47 | 221.809888 | 359.073619 
 4152.1903 | 08738.8258 | 19:47:48 | 221.811169 | 359.074665 
 4152.1943 | 08738.8291 | 19:47:49 | 221.808295 | 359.079243 
 4152.1957 | 08738.8286 | 19:47:50 | 221.808712 | 359.080857 
 4152.1971 | 08738.8282 | 19:47:51 | 221.809043 | 359.082470 
 4152.2029 | 08738.8341 | 19:47:52 | 221.803917 | 359.089101 
 4152.2048 | 08738.8342 | 19:47:53 | 221.803814 | 359.091286 
 4152.2068 | 08738.8341 | 19:47:54 | 221.803881 | 359.093587 
 4152.2088 | 08738.8339 | 19:47:55 | 221.804035 | 359.095889 
 4152.2111 | 08738.8339 | 19:47:56 | 221.804014 | 359.098534 
 4152.2135 | 08738.8338 | 19:47:57 | 221.804078 | 359.101296 
 4152.2162 | 08738.8337 | 19:47:58 | 221.804139 | 359.104402 
 4152.2190 | 08738.8338 | 19:47:59 | 221.804027 | 359.107622 
 4152.2221 | 08738.8341 | 19:48:00 | 221.803741 | 359.111186 
 4152.2255 | 08738.8341 | 19:48:01 | 221.803710 | 359.115097 
 4152.2292 | 08738.8348 | 19:48:02 | 221.803074 | 359.119348 
 4152.2338 | 08738.8350 | 19:48:03 | 221.802859 | 359.124638 
 4152.2384 | 08738.8349 | 19:48:04 | 221.802903 | 359.129929 
 4152.2433 | 08738.8351 | 19:48:05 | 221.802686 | 359.135564 
 4152.2486 | 08738.8351 | 19:48:06 | 221.802637 | 359.141661 
 4152.2550 | 08738.8352 | 19:48:07 | 221.802493 | 359.149022 
 4152.2884 | 08738.7933 | 19:48:08 | 221.838208 | 359.187728 
 4152.2947 | 08738.7939 | 19:48:09 | 221.837634 | 359.194971 
 4152.3003 | 08738.7926 | 19:48:10 | 221.838701 | 359.201421 
 4152.3061 | 08738.7914 | 19:48:11 | 221.839679 | 359.208101 
 4152.3124 | 08738.7919 | 19:48:12 | 221.839191 | 359.215344 
 4152.3409 | 08738.8018 | 19:48:13 | 221.830417 | 359.248058 
 4152.3501 | 08738.8140 | 19:48:14 | 221.819844 | 359.258556 
 4152.3565 | 08738.8171 | 19:48:15 | 221.817120 | 359.265897 
 4152.3621 | 08738.8186 | 19:48:16 | 221.815779 | 359.272328 
 4152.3675 | 08738.8194 | 19:48:17 | 221.815042 | 359.278534 
 4152.3727 | 08738.8210 | 19:48:18 | 221.813618 | 359.284504 
 4152.3782 | 08738.8220 | 19:48:19 | 221.812708 | 359.290823 
 4152.3837 | 08738.8228 | 19:48:20 | 221.811970 | 359.297144 
 4152.3893 | 08738.8240 | 19:48:21 | 221.810887 | 359.303578 
 4152.3949 | 08738.8248 | 19:48:22 | 221.810147 | 359.310013 
 4152.4006 | 08738.8256 | 19:48:23 | 221.809407 | 359.316564 
 4152.4062 | 08738.8264 | 19:48:24 | 221.808668 | 359.323000 
 4152.4117 | 08738.8273 | 19:48:25 | 221.807844 | 359.329321 
 4152.4174 | 08738.8284 | 19:48:26 | 221.806846 | 359.335869 
 4152.4231 | 08738.8293 | 19:48:27 | 221.806019 | 359.342420 
 4152.4287 | 08738.8304 | 19:48:28 | 221.805022 | 359.348854 
 4152.4344 | 08738.8314 | 19:48:29 | 221.804110 | 359.355403 
 4152.4401 | 08738.8324 | 19:48:30 | 221.803198 | 359.361953 
 4152.4455 | 08738.8336 | 19:48:31 | 221.802117 | 359.368156 
 4152.4515 | 08738.8339 | 19:48:32 | 221.801804 | 359.375055 
 4152.4571 | 08738.8346 | 19:48:33 | 221.801150 | 359.381492 
 4152.4558 | 08738.8410 | 19:48:34 | 221.795660 | 359.379953 
 4152.4598 | 08738.8426 | 19:48:35 | 221.794248 | 359.384543 
 4152.4634 | 08738.8439 | 19:48:36 | 221.793097 | 359.388675 
 4152.4533 | 08738.8254 | 19:48:37 | 221.809094 | 359.377184 
 4152.4535 | 08738.8253 | 19:48:38 | 221.809179 | 359.377415 
 4152.4546 | 08738.8252 | 19:48:39 | 221.809254 | 359.378681 
 4152.4558 | 08738.8249 | 19:48:40 | 221.809501 | 359.380063 
 4152.4569 | 08738.8246 | 19:48:41 | 221.809749 | 359.381331 
 4152.4579 | 08738.8248 | 19:48:42 | 221.809568 | 359.382479 
 4152.4589 | 08738.8251 | 19:48:43 | 221.809301 | 359.383628 
 4152.4599 | 08738.8252 | 19:48:44 | 221.809206 | 359.384777 
 4152.4607 | 08738.8252 | 19:48:45 | 221.809198 | 359.385697 
 4152.4599 | 08738.8260 | 19:48:46 | 221.808518 | 359.384772 
 4152.4605 | 08738.8264 | 19:48:47 | 221.808169 | 359.385459 
 4152.4607 | 08738.8265 | 19:48:48 | 221.808081 | 359.385688 
 4152.4615 | 08738.8269 | 19:48:49 | 221.807730 | 359.386606 
 4152.4618 | 08738.8270 | 19:48:50 | 221.807641 | 359.386950 
 4152.4605 | 08738.8252 | 19:48:51 | 221.809200 | 359.385467 
 4152.4601 | 08738.8246 | 19:48:52 | 221.809720 | 359.385011 
 4152.4601 | 08738.8244 | 19:48:53 | 221.809892 | 359.385013 
 4152.4575 | 08738.8239 | 19:48:54 | 221.810345 | 359.382025 
 4152.4576 | 08738.8239 | 19:48:55 | 221.810344 | 359.382141 
 4152.4567 | 08738.8241 | 19:48:56 | 221.810181 | 359.381104 
 4152.4567 | 08738.8241 | 19:48:57 | 221.810181 | 359.381104 
 4152.4567 | 08738.8241 | 19:48:58 | 221.810181 | 359.381104 
 4152.4567 | 08738.8241 | 19:48:59 | 221.810181 | 359.381104 
 4152.4567 | 08738.8241 | 19:49:00 | 221.810181 | 359.381104 
 4152.4554 | 08738.8263 | 19:49:01 | 221.808301 | 359.379593 
 4152.4549 | 08738.8269 | 19:49:02 | 221.807790 | 359.379014 
 4152.4546 | 08738.8272 | 19:49:03 | 221.807535 | 359.378667 
 4152.4544 | 08738.8276 | 19:49:04 | 221.807193 | 359.378434 
 4152.4541 | 08738.8279 | 19:49:05 | 221.806938 | 359.378087 
 4152.4532 | 08738.8259 | 19:49:06 | 221.808666 | 359.377066 
 4152.4528 | 08738.8259 | 19:49:07 | 221.808669 | 359.376606 
 4152.4522 | 08738.8260 | 19:49:08 | 221.808589 | 359.375915 
 4152.4567 | 08738.8266 | 19:49:09 | 221.808032 | 359.381087 
 4152.4561 | 08738.8266 | 19:49:10 | 221.808037 | 359.380397 
 4152.4556 | 08738.8266 | 19:49:11 | 221.808042 | 359.379821 
 4152.4556 | 08738.8266 | 19:49:12 | 221.808042 | 359.379821 
 4152.4556 | 08738.8266 | 19:49:13 | 221.808042 | 359.379821 
 4152.4556 | 08738.8266 | 19:49:14 | 221.808042 | 359.379821 
 4152.4556 | 08738.8266 | 19:49:15 | 221.808042 | 359.379821 
 4152.4556 | 08738.8266 | 19:49:16 | 221.808042 | 359.379821 
 4152.4556 | 08738.8266 | 19:49:17 | 221.808042 | 359.379821 
 4152.4556 | 08738.8266 | 19:49:18 | 221.808042 | 359.379821 
 4152.4556 | 08738.8266 | 19:49:19 | 221.808042 | 359.379821 
 4152.4556 | 08738.8266 | 19:49:20 | 221.808042 | 359.379821 
 4152.4556 | 08738.8266 | 19:49:21 | 221.808042 | 359.379821 
 4152.4605 | 08738.8345 | 19:49:22 | 221.801205 | 359.385403 
 4152.4612 | 08738.8353 | 19:49:23 | 221.800511 | 359.386203 
 4152.4618 | 08738.8364 | 19:49:24 | 221.799560 | 359.386886 
 4152.4632 | 08738.8385 | 19:49:26 | 221.797741 | 359.388482 
 4152.4643 | 08738.8404 | 19:49:27 | 221.796098 | 359.389734 
 4152.4652 | 08738.8423 | 19:49:28 | 221.794456 | 359.390756 
 4152.4660 | 08738.8450 | 19:49:29 | 221.792128 | 359.391658 
 4152.4670 | 08738.8473 | 19:49:30 | 221.790141 | 359.392792 
 4152.4680 | 08738.8493 | 19:49:31 | 221.788413 | 359.393929 
 4152.4693 | 08738.8529 | 19:49:33 | 221.785306 | 359.395399 
 4152.4699 | 08738.8550 | 19:49:34 | 221.783495 | 359.396075 
 4152.4708 | 08738.8580 | 19:49:36 | 221.780908 | 359.397090 
 4152.4727 | 08738.8547 | 19:49:38 | 221.783727 | 359.399298 
 4152.4742 | 08738.8568 | 19:49:39 | 221.781908 | 359.401009 
 4152.4751 | 08738.8598 | 19:49:40 | 221.779321 | 359.402023 
 4152.4750 | 08738.8626 | 19:49:41 | 221.776915 | 359.401889 
 4152.4761 | 08738.8660 | 19:49:42 | 221.773981 | 359.403131 
 4152.4776 | 08738.8680 | 19:49:43 | 221.772248 | 359.404843 
 4152.4794 | 08738.8700 | 19:49:44 | 221.770512 | 359.406899 
 4152.4796 | 08738.8717 | 19:49:45 | 221.769049 | 359.407118 
 4152.4811 | 08738.8755 | 19:49:48 | 221.765769 | 359.408817 
 4152.4845 | 08738.8775 | 19:49:49 | 221.764018 | 359.412714 
 4152.4880 | 08738.8794 | 19:49:50 | 221.762352 | 359.416727 
 4152.4887 | 08738.8800 | 19:49:51 | 221.761830 | 359.417528 
 4152.4921 | 08738.8817 | 19:49:52 | 221.760337 | 359.421427 
 4152.4973 | 08738.8860 | 19:49:54 | 221.756593 | 359.427379 
 4152.4956 | 08738.8881 | 19:49:55 | 221.754803 | 359.425409 
 4152.4990 | 08738.8930 | 19:49:56 | 221.750560 | 359.429286 
 4152.5035 | 08738.8968 | 19:49:57 | 221.747252 | 359.434436 
 4152.5089 | 08738.9004 | 19:49:58 | 221.744107 | 359.440623 
 4152.5121 | 08738.9046 | 19:49:59 | 221.740467 | 359.444275 
 4152.5164 | 08738.9072 | 19:50:00 | 221.738192 | 359.449203 
 4152.5230 | 08738.9132 | 19:50:02 | 221.732974 | 359.456754 
 4152.5222 | 08738.9171 | 19:50:03 | 221.729628 | 359.455807 
 4152.5208 | 08738.9215 | 19:50:04 | 221.725859 | 359.454166 
 4152.5422 | 08738.9578 | 19:50:18 | 221.694456 | 359.478533 
 4152.5436 | 08738.9624 | 19:50:19 | 221.690489 | 359.480112 
 4152.5566 | 08738.9885 | 19:50:24 | 221.667932 | 359.494886 
 4152.5555 | 08738.9942 | 19:50:25 | 221.663042 | 359.493582 
 4152.5280 | 08739.0279 | 19:50:27 | 221.634323 | 359.461720 
 4152.4924 | 08739.0655 | 19:50:28 | 221.602325 | 359.420514 
 4152.4821 | 08739.0794 | 19:50:29 | 221.590469 | 359.408571 
 4152.4774 | 08739.0882 | 19:50:30 | 221.582947 | 359.403105 
 4152.4754 | 08739.0946 | 19:50:31 | 221.577463 | 359.400760 
 4152.4739 | 08739.0999 | 19:50:32 | 221.572921 | 359.398999 
 4152.4720 | 08739.1048 | 19:50:33 | 221.568725 | 359.396780 
 4152.4701 | 08739.1092 | 19:50:34 | 221.564960 | 359.394564 
 4152.4681 | 08739.1129 | 19:50:35 | 221.561798 | 359.392239 
 4152.4639 | 08739.1020 | 19:50:36 | 221.571207 | 359.387482 
 4152.4622 | 08739.1044 | 19:50:37 | 221.569159 | 359.385510 
 4152.4597 | 08739.1064 | 19:50:38 | 221.567462 | 359.382621 
 4152.4576 | 08739.1085 | 19:50:39 | 221.565676 | 359.380191 
 4152.4565 | 08739.1101 | 19:50:40 | 221.564311 | 359.378915 
 4152.4561 | 08739.1106 | 19:50:41 | 221.563885 | 359.378451 
 4152.4543 | 08739.1090 | 19:50:43 | 221.565276 | 359.376392 
 4152.4527 | 08739.1082 | 19:50:44 | 221.565979 | 359.374557 
 4152.4536 | 08739.1060 | 19:50:45 | 221.567862 | 359.375607 
 4152.4539 | 08739.1050 | 19:50:46 | 221.568719 | 359.375959 
 4152.4633 | 08739.1003 | 19:50:47 | 221.572674 | 359.386803 
 4152.4632 | 08739.1000 | 19:50:48 | 221.572932 | 359.386690 
 4152.4632 | 08739.0992 | 19:50:49 | 221.573620 | 359.386696 
 4152.4634 | 08739.0985 | 19:50:50 | 221.574220 | 359.386931 
 4152.4634 | 08739.0980 | 19:50:51 | 221.574650 | 359.386934 
 4152.4636 | 08739.0972 | 19:50:52 | 221.575336 | 359.387170 
 4152.4637 | 08739.0965 | 19:50:53 | 221.575937 | 359.387290 
 4152.4635 | 08739.0960 | 19:50:54 | 221.576368 | 359.387063 
 4152.4633 | 08739.0962 | 19:50:57 | 221.576198 | 359.386831 
 4152.4633 | 08739.0962 | 19:50:58 | 221.576198 | 359.386831 
 4152.4633 | 08739.0962 | 19:50:59 | 221.576198 | 359.386831 
 4152.4633 | 08739.0962 | 19:51:00 | 221.576198 | 359.386831 
 4152.4633 | 08739.0962 | 19:51:01 | 221.576198 | 359.386831 
 4152.4633 | 08739.0962 | 19:51:02 | 221.576198 | 359.386831 
 4152.4633 | 08739.0962 | 19:51:03 | 221.576198 | 359.386831 
 4152.4627 | 08739.1000 | 19:51:04 | 221.572937 | 359.386115 
 4152.4621 | 08739.1016 | 19:51:05 | 221.571567 | 359.385414 
 4152.4622 | 08739.1039 | 19:51:06 | 221.569589 | 359.385514 
 4152.4618 | 08739.1065 | 19:51:07 | 221.567357 | 359.385036 
 4152.4621 | 08739.1104 | 19:51:08 | 221.564002 | 359.385354 
 4152.4623 | 08739.1170 | 19:51:10 | 221.558326 | 359.385539 
 4152.4616 | 08739.1198 | 19:51:11 | 221.555925 | 359.384715 
 4152.4615 | 08739.1229 | 19:51:12 | 221.553261 | 359.384579 
 4152.4628 | 08739.1255 | 19:51:13 | 221.551014 | 359.386056 
 4152.4635 | 08739.1389 | 19:51:16 | 221.539488 | 359.386770 
 4152.4631 | 08739.1493 | 19:51:17 | 221.530551 | 359.386239 
 4152.4630 | 08739.1581 | 19:51:18 | 221.522986 | 359.386064 
 4152.4629 | 08739.1671 | 19:51:19 | 221.515250 | 359.385888 
 4152.4622 | 08739.1755 | 19:51:20 | 221.508035 | 359.385025 
 4152.4612 | 08739.1842 | 19:51:21 | 221.500565 | 359.383816 
 4152.4614 | 08739.1941 | 19:51:22 | 221.492052 | 359.383978 
 4152.4614 | 08739.2033 | 19:51:23 | 221.484143 | 359.383916 
 4152.4607 | 08739.2115 | 19:51:24 | 221.477100 | 359.383055 
 4152.4601 | 08739.2204 | 19:51:25 | 221.469454 | 359.382304 
 4152.4603 | 08739.2288 | 19:51:26 | 221.462231 | 359.382477 
 4152.4589 | 08739.2468 | 19:51:28 | 221.446769 | 359.380744 
 4152.4588 | 08739.2673 | 19:51:29 | 221.429146 | 359.380489 
 4152.4592 | 08739.3003 | 19:51:33 | 221.400773 | 359.380725 
 4152.4593 | 08739.3110 | 19:51:34 | 221.391573 | 359.380768 
 4152.4581 | 08739.3198 | 19:51:35 | 221.384019 | 359.379328 
 4152.4576 | 08739.3280 | 19:51:36 | 221.376974 | 359.378697 
 4152.4573 | 08739.3448 | 19:51:38 | 221.362534 | 359.378238 
 4152.4571 | 08739.3540 | 19:51:39 | 221.354626 | 359.377945 
 4152.4573 | 08739.3625 | 19:51:40 | 221.347317 | 359.378118 
 4152.4571 | 08739.3707 | 19:51:41 | 221.340270 | 359.377832 
 4152.4575 | 08739.3792 | 19:51:42 | 221.332959 | 359.378234 
 4152.4581 | 08739.3876 | 19:51:43 | 221.325732 | 359.378867 
 4152.4589 | 08739.3958 | 19:51:44 | 221.318675 | 359.379732 
 4152.4591 | 08739.4031 | 19:51:45 | 221.312397 | 359.379913 
 4152.4592 | 08739.4096 | 19:51:46 | 221.306808 | 359.379984 
 4152.4580 | 08739.4092 | 19:51:48 | 221.307163 | 359.378606 
 4152.4419 | 08739.4180 | 19:51:51 | 221.299744 | 359.360027 
 4152.4377 | 08739.4210 | 19:51:52 | 221.297203 | 359.355176 
 4152.4339 | 08739.4236 | 19:51:53 | 221.295002 | 359.350787 
 4152.4260 | 08739.4292 | 19:51:55 | 221.290259 | 359.341662 
 4152.3866 | 08739.4570 | 19:52:05 | 221.266717 | 359.296154 
 4152.3836 | 08739.4553 | 19:52:07 | 221.268205 | 359.292715 
 4152.3837 | 08739.4518 | 19:52:08 | 221.271213 | 359.292854 
 4152.3846 | 08739.4472 | 19:52:09 | 221.275160 | 359.293920 
 4152.3789 | 08739.4486 | 19:52:13 | 221.274008 | 359.287354 
 4152.3879 | 08739.4389 | 19:52:15 | 221.282265 | 359.297772 
 4152.4055 | 08739.4264 | 19:52:19 | 221.292852 | 359.318101 
 4152.4096 | 08739.4186 | 19:52:22 | 221.299521 | 359.322870 
 4152.4035 | 08739.4179 | 19:52:28 | 221.300178 | 359.315858 
 4152.3940 | 08739.4148 | 19:52:33 | 221.302929 | 359.304952 
 4152.3801 | 08739.4111 | 19:52:43 | 221.306236 | 359.288988 
 4152.3750 | 08739.4092 | 19:52:44 | 221.307916 | 359.283135 
 4152.3694 | 08739.4075 | 19:52:47 | 221.309428 | 359.276705 
 4152.3651 | 08739.4069 | 19:52:48 | 221.309983 | 359.271763 
 4152.3570 | 08739.4097 | 19:52:49 | 221.307649 | 359.262427 
 4152.3432 | 08739.4100 | 19:52:53 | 221.307516 | 359.246552 
 4152.3369 | 08739.4095 | 19:52:54 | 221.308003 | 359.239308 
 4152.3226 | 08739.4090 | 19:52:58 | 221.308563 | 359.222863 
 4152.3123 | 08739.4108 | 19:52:59 | 221.307109 | 359.211003 
 4152.3050 | 08739.4110 | 19:53:00 | 221.307003 | 359.202605 
 4152.2959 | 08739.4100 | 19:53:01 | 221.307945 | 359.192145 
 4152.2902 | 08739.4097 | 19:53:02 | 221.308255 | 359.185590 
 4152.2843 | 08739.4091 | 19:53:03 | 221.308824 | 359.178808 
 4152.2795 | 08739.4114 | 19:53:04 | 221.306890 | 359.173271 
 4152.2750 | 08739.4134 | 19:53:05 | 221.305211 | 359.168081 
 4152.2659 | 08739.4126 | 19:53:06 | 221.305982 | 359.157619 
 4152.2580 | 08739.4126 | 19:53:07 | 221.306053 | 359.148532 
 4152.2505 | 08739.4123 | 19:53:08 | 221.306379 | 359.139908 
 4152.2429 | 08739.4116 | 19:53:09 | 221.307050 | 359.131170 
 4152.2325 | 08739.4110 | 19:53:10 | 221.307660 | 359.119212 
 4152.2255 | 08739.4087 | 19:53:11 | 221.309701 | 359.111176 
 4152.2184 | 08739.4088 | 19:53:12 | 221.309679 | 359.103008 
 4152.2113 | 08739.4105 | 19:53:13 | 221.308282 | 359.094830 
 4152.2058 | 08739.4108 | 19:53:14 | 221.308074 | 359.088502 
 4152.1994 | 08739.4098 | 19:53:15 | 221.308992 | 359.081147 
 4152.1934 | 08739.4098 | 19:53:16 | 221.309046 | 359.074245 
 4152.1843 | 08739.4085 | 19:53:18 | 221.310246 | 359.063787 
 4152.1798 | 08739.4080 | 19:53:19 | 221.310717 | 359.058614 
 4152.1758 | 08739.4078 | 19:53:20 | 221.310925 | 359.054014 
 4152.1730 | 08739.4069 | 19:53:21 | 221.311724 | 359.050800 
 4152.1697 | 08739.4068 | 19:53:22 | 221.311840 | 359.047005 
 4152.1668 | 08739.4060 | 19:53:24 | 221.312554 | 359.043674 
 4152.1621 | 08739.4055 | 19:53:26 | 221.313027 | 359.038271 
 4152.1618 | 08739.4047 | 19:53:27 | 221.313717 | 359.037932 
 4152.1604 | 08739.4040 | 19:53:28 | 221.314332 | 359.036326 
 4152.1520 | 08739.4028 | 19:53:32 | 221.315440 | 359.026672 
 4152.1582 | 08739.3979 | 19:53:34 | 221.319596 | 359.033837 
 4152.1559 | 08739.3963 | 19:53:36 | 221.320993 | 359.031202 
 4152.1486 | 08739.3941 | 19:53:39 | 221.322951 | 359.022820 
 4152.1500 | 08739.3962 | 19:53:40 | 221.321132 | 359.024416 
 4152.1540 | 08739.3979 | 19:53:41 | 221.319634 | 359.029006 
 4152.1549 | 08739.3988 | 19:53:42 | 221.318853 | 359.030035 
 4152.1545 | 08739.3991 | 19:53:43 | 221.318598 | 359.029573 
 4152.1603 | 08739.4006 | 19:53:44 | 221.317256 | 359.036234 
 4152.1597 | 08739.4036 | 19:53:45 | 221.314682 | 359.035524 
 4152.1593 | 08739.4068 | 19:53:46 | 221.311935 | 359.035042 
 4152.1589 | 08739.4105 | 19:53:47 | 221.308757 | 359.034557 
 4152.1585 | 08739.4148 | 19:53:48 | 221.305064 | 359.034067 
 4152.1581 | 08739.4195 | 19:53:49 | 221.301027 | 359.033576 
 4152.1583 | 08739.4406 | 19:53:50 | 221.282884 | 359.033663 
 4152.1568 | 08739.4452 | 19:53:51 | 221.278942 | 359.031906 
 4152.1558 | 08739.4496 | 19:53:52 | 221.275169 | 359.030726 
 4152.1541 | 08739.4544 | 19:53:53 | 221.271057 | 359.028738 
 4152.1523 | 08739.4596 | 19:53:54 | 221.266603 | 359.026633 
 4152.1506 | 08739.4645 | 19:53:55 | 221.262405 | 359.024644 
 4152.1513 | 08739.4724 | 19:53:56 | 221.255607 | 359.025396 
 4152.1440 | 08739.5011 | 19:53:57 | 221.230998 | 359.016805 
 4152.1442 | 08739.5060 | 19:53:58 | 221.226783 | 359.017002 
 4152.1443 | 08739.5121 | 19:53:59 | 221.221538 | 359.017075 
 4152.1426 | 08739.5168 | 19:54:00 | 221.217512 | 359.015088 
 4152.1451 | 08739.5247 | 19:54:01 | 221.210697 | 359.017911 
 4152.1477 | 08739.5328 | 19:54:02 | 221.203710 | 359.020846 
 4152.1501 | 08739.5407 | 19:54:03 | 221.196896 | 359.023554 
 4152.1480 | 08739.5538 | 19:54:04 | 221.185652 | 359.021050 
 4152.1477 | 08739.5608 | 19:54:05 | 221.179637 | 359.020657 
 4152.1476 | 08739.5680 | 19:54:06 | 221.173447 | 359.020494 
 4152.1469 | 08739.5747 | 19:54:07 | 221.167693 | 359.019643 
 4152.1465 | 08739.5816 | 19:54:08 | 221.161764 | 359.019137 
 4152.1459 | 08739.5903 | 19:54:09 | 221.154290 | 359.018388 
 4152.1447 | 08739.5971 | 19:54:10 | 221.148454 | 359.016962 
 4152.1466 | 08739.6064 | 19:54:11 | 221.140441 | 359.019084 
 4152.1477 | 08739.6148 | 19:54:12 | 221.133209 | 359.020293 
 4152.1497 | 08739.6240 | 19:54:13 | 221.125282 | 359.022532 
 4152.1503 | 08739.6319 | 19:54:14 | 221.118484 | 359.023169 
 4152.1506 | 08739.6397 | 19:54:15 | 221.111775 | 359.023461 
 4152.1509 | 08739.6476 | 19:54:16 | 221.104980 | 359.023753 
 4152.1502 | 08739.6547 | 19:54:17 | 221.098882 | 359.022900 
 4152.1494 | 08739.6614 | 19:54:18 | 221.093129 | 359.021935 
 4152.1506 | 08739.6696 | 19:54:19 | 221.086068 | 359.023260 
 4152.1519 | 08739.6775 | 19:54:20 | 221.079265 | 359.024702 
 4152.1533 | 08739.6850 | 19:54:21 | 221.072804 | 359.026262 
 4152.1557 | 08739.6926 | 19:54:22 | 221.066248 | 359.028971 
 4152.1567 | 08739.6991 | 19:54:23 | 221.060651 | 359.030078 
 4152.1587 | 08739.7049 | 19:54:24 | 221.055646 | 359.032339 
 4152.1615 | 08739.6992 | 19:54:25 | 221.060521 | 359.035598 
 4152.1617 | 08739.7017 | 19:54:26 | 221.058370 | 359.035811 
 4152.1620 | 08739.7050 | 19:54:27 | 221.055530 | 359.036134 
 4152.1624 | 08739.7084 | 19:54:28 | 221.052604 | 359.036572 
 4152.1628 | 08739.7114 | 19:54:29 | 221.050021 | 359.037011 
 4152.1659 | 08739.7024 | 19:54:30 | 221.057731 | 359.040638 
 4152.1662 | 08739.7034 | 19:54:31 | 221.056868 | 359.040976 
 4152.1668 | 08739.7041 | 19:54:32 | 221.056261 | 359.041662 
 4152.1756 | 08739.6962 | 19:54:33 | 221.062974 | 359.051837 
 4152.1758 | 08739.6963 | 19:54:34 | 221.062886 | 359.052066 
 4152.1759 | 08739.6965 | 19:54:35 | 221.062713 | 359.052180 
 4152.1761 | 08739.6963 | 19:54:36 | 221.062883 | 359.052411 
 4152.1761 | 08739.6964 | 19:54:37 | 221.062797 | 359.052411 
 4152.1760 | 08739.6964 | 19:54:38 | 221.062798 | 359.052296 
 4152.1689 | 08739.6907 | 19:54:39 | 221.067763 | 359.044167 
 4152.1697 | 08739.6915 | 19:54:40 | 221.067068 | 359.045082 
 4152.1705 | 08739.6923 | 19:54:41 | 221.066373 | 359.045997 
 4152.1704 | 08739.6933 | 19:54:42 | 221.065514 | 359.045875 
 4152.1706 | 08739.6939 | 19:54:43 | 221.064996 | 359.046101 
 4152.1711 | 08739.6944 | 19:54:44 | 221.064562 | 359.046673 
 4152.1717 | 08739.6952 | 19:54:45 | 221.063869 | 359.047358 
 4152.1722 | 08739.6959 | 19:54:46 | 221.063262 | 359.047928 
 4152.1727 | 08739.6968 | 19:54:47 | 221.062484 | 359.048497 
 4152.1732 | 08739.6976 | 19:54:48 | 221.061792 | 359.049067 
 4152.1736 | 08739.6983 | 19:54:49 | 221.061186 | 359.049522 
 4152.1740 | 08739.6990 | 19:54:50 | 221.060581 | 359.049978 
 4152.1741 | 08739.7034 | 19:54:52 | 221.056797 | 359.050063 
 4152.1741 | 08739.7046 | 19:54:53 | 221.055765 | 359.050055 
 4152.1710 | 08739.7107 | 19:54:54 | 221.050549 | 359.046448 
 4152.1705 | 08739.7126 | 19:54:55 | 221.048920 | 359.045860 
 4152.1700 | 08739.7156 | 19:54:56 | 221.046345 | 359.045265 
 4152.1658 | 08739.7280 | 19:54:57 | 221.035722 | 359.040351 
 4152.1633 | 08739.7391 | 19:54:59 | 221.026201 | 359.037400 
 4152.1631 | 08739.7442 | 19:55:00 | 221.021818 | 359.037136 
 4152.1627 | 08739.7491 | 19:55:01 | 221.017609 | 359.036643 
 4152.1617 | 08739.7536 | 19:55:02 | 221.013749 | 359.035463 
 4152.1593 | 08739.7622 | 19:55:03 | 221.006376 | 359.032644 
 4152.1579 | 08739.7675 | 19:55:04 | 221.001832 | 359.030998 
 4152.1561 | 08739.7793 | 19:55:06 | 220.991703 | 359.028849 
 4152.1545 | 08739.7848 | 19:55:07 | 220.986989 | 359.026971 
 4152.1470 | 08739.8061 | 19:55:10 | 220.968744 | 359.018201 
 4152.1472 | 08739.8134 | 19:55:11 | 220.962465 | 359.018382 
 4152.1469 | 08739.8200 | 19:55:12 | 220.956794 | 359.017993 
 4152.1440 | 08739.8312 | 19:55:14 | 220.947190 | 359.014582 
 4152.1432 | 08739.8434 | 19:55:16 | 220.936709 | 359.013580 
 4152.1491 | 08739.8477 | 19:55:19 | 220.932959 | 359.020338 
 4152.1505 | 08739.8504 | 19:55:20 | 220.930625 | 359.021930 
 4152.1503 | 08739.8587 | 19:55:22 | 220.923491 | 359.021645 
 4152.1515 | 08739.8653 | 19:55:24 | 220.917805 | 359.022981 
 4152.1526 | 08739.8673 | 19:55:25 | 220.916076 | 359.024232 
 4152.1503 | 08739.8658 | 19:55:26 | 220.917386 | 359.021597 
 4152.1510 | 08739.8676 | 19:55:27 | 220.915832 | 359.022390 
 4152.1507 | 08739.8730 | 19:55:29 | 220.911192 | 359.022009 
 4152.1514 | 08739.8733 | 19:55:30 | 220.910928 | 359.022812 
 4152.1524 | 08739.8715 | 19:55:31 | 220.912467 | 359.023974 
 4152.1514 | 08739.8681 | 19:55:32 | 220.915399 | 359.022847 
 4152.1538 | 08739.8529 | 19:55:33 | 220.928446 | 359.025709 
 4152.1539 | 08739.8542 | 19:55:34 | 220.927327 | 359.025816 
 4152.1522 | 08739.8542 | 19:55:35 | 220.927342 | 359.023860 
 4152.1502 | 08739.8539 | 19:55:36 | 220.927618 | 359.021562 
 4152.1496 | 08739.8540 | 19:55:37 | 220.927538 | 359.020871 
 4152.1492 | 08739.8553 | 19:55:38 | 220.926424 | 359.020402 
 4152.1487 | 08739.8577 | 19:55:39 | 220.924365 | 359.019811 
 4152.1490 | 08739.8593 | 19:55:40 | 220.922986 | 359.020145 
 4152.1496 | 08739.8611 | 19:55:41 | 220.921433 | 359.020823 
 4152.1510 | 08739.8636 | 19:55:42 | 220.919271 | 359.022417 
 4152.1514 | 08739.8653 | 19:55:43 | 220.917806 | 359.022866 
 4152.1523 | 08739.8674 | 19:55:44 | 220.915993 | 359.023887 
 4152.1542 | 08739.8686 | 19:55:45 | 220.914944 | 359.026064 
 4152.1551 | 08739.8705 | 19:55:46 | 220.913302 | 359.027087 
 4152.1559 | 08739.8725 | 19:55:47 | 220.911576 | 359.027993 
 4152.1561 | 08739.8742 | 19:55:48 | 220.910112 | 359.028212 
 4152.1555 | 08739.8769 | 19:55:50 | 220.907796 | 359.027504 
 4152.1552 | 08739.8797 | 19:55:51 | 220.905392 | 359.027140 
 4152.1542 | 08739.8822 | 19:55:52 | 220.903251 | 359.025973 
 4152.1538 | 08739.8853 | 19:55:53 | 220.900590 | 359.025492 
 4152.1542 | 08739.8899 | 19:55:54 | 220.896631 | 359.025922 
 4152.1537 | 08739.8936 | 19:55:55 | 220.893454 | 359.025322 
 4152.1536 | 08739.8969 | 19:55:56 | 220.890618 | 359.025184 
 4152.1539 | 08739.9091 | 19:55:58 | 220.880126 | 359.025448 
 4152.1539 | 08739.9158 | 19:55:59 | 220.874366 | 359.025403 
 4152.1501 | 08739.9260 | 19:56:00 | 220.865630 | 359.020964 
 4152.1478 | 08739.9362 | 19:56:02 | 220.856881 | 359.018250 
 4152.1471 | 08739.9420 | 19:56:03 | 220.851901 | 359.017406 
 4152.1468 | 08739.9520 | 19:56:05 | 220.843306 | 359.016994 
 4152.1470 | 08739.9574 | 19:56:06 | 220.838662 | 359.017188 
 4152.1465 | 08739.9615 | 19:56:07 | 220.835141 | 359.016586 
 4152.1469 | 08739.9665 | 19:56:08 | 220.830839 | 359.017012 
 4152.1473 | 08739.9712 | 19:56:09 | 220.826794 | 359.017441 
 4152.1480 | 08739.9755 | 19:56:10 | 220.823091 | 359.018217 
 4152.1520 | 08739.9765 | 19:56:11 | 220.822196 | 359.022812 
 4152.1516 | 08739.9801 | 19:56:12 | 220.819104 | 359.022328 
 4152.1513 | 08739.9780 | 19:56:13 | 220.820912 | 359.021997 
 4152.1511 | 08739.9841 | 19:56:15 | 220.815669 | 359.021726 
 4152.1502 | 08739.9863 | 19:56:16 | 220.813786 | 359.020676 
 4152.1495 | 08739.9884 | 19:56:17 | 220.811987 | 359.019857 
 4152.1489 | 08739.9905 | 19:56:18 | 220.810187 | 359.019152 
 4152.1480 | 08739.9927 | 19:56:19 | 220.808303 | 359.018103 
 4152.1470 | 08739.9958 | 19:56:20 | 220.805647 | 359.016932 
 4152.1466 | 08740.0030 | 19:56:23 | 220.799460 | 359.016423 
 4152.1449 | 08740.0026 | 19:56:24 | 220.799819 | 359.014471 
 4152.1457 | 08740.0042 | 19:56:25 | 220.798436 | 359.015380 
 4152.1459 | 08740.0045 | 19:56:26 | 220.798177 | 359.015608 
 4152.1460 | 08740.0048 | 19:56:27 | 220.797918 | 359.015721 
 4152.1484 | 08740.0067 | 19:56:28 | 220.796263 | 359.018469 
 4152.1605 | 08739.9789 | 19:56:29 | 220.820056 | 359.032573 
 4152.1599 | 08739.9827 | 19:56:30 | 220.816794 | 359.031857 
 4152.1658 | 08739.9909 | 19:56:31 | 220.809692 | 359.038589 
 4152.1657 | 08739.9942 | 19:56:32 | 220.806855 | 359.038452 
 4152.1657 | 08739.9975 | 19:56:33 | 220.804018 | 359.038430 
 4152.1653 | 08740.0004 | 19:56:34 | 220.801528 | 359.037950 
 4152.1651 | 08740.0038 | 19:56:35 | 220.798607 | 359.037698 
 4152.1650 | 08740.0072 | 19:56:36 | 220.795685 | 359.037560 
 4152.1646 | 08740.0105 | 19:56:37 | 220.792851 | 359.037078 
 4152.1640 | 08740.0140 | 19:56:38 | 220.789847 | 359.036364 
 4152.1598 | 08740.0189 | 19:56:39 | 220.785672 | 359.031501 
 4152.1590 | 08740.0236 | 19:56:40 | 220.781638 | 359.030549 
 4152.1583 | 08740.0284 | 19:56:41 | 220.777518 | 359.029712 
 4152.1574 | 08740.0339 | 19:56:42 | 220.772797 | 359.028640 
 4152.1565 | 08740.0396 | 19:56:43 | 220.767905 | 359.027567 
 4152.1554 | 08740.0448 | 19:56:44 | 220.763444 | 359.026267 
 4152.1480 | 08740.0759 | 19:56:47 | 220.736771 | 359.017547 
 4152.1459 | 08740.0812 | 19:56:48 | 220.732233 | 359.015097 
 4152.1416 | 08740.1060 | 19:56:52 | 220.710949 | 359.009985 
 4152.1399 | 08740.1185 | 19:56:54 | 220.700217 | 359.007947 
 4152.1384 | 08740.1307 | 19:56:56 | 220.689742 | 359.006140 
 4152.1368 | 08740.1416 | 19:56:58 | 220.680385 | 359.004227 
 4152.1388 | 08740.1473 | 19:56:59 | 220.675466 | 359.006490 
 4152.1409 | 08740.1527 | 19:57:00 | 220.670805 | 359.008869 
 4152.1441 | 08740.1575 | 19:57:01 | 220.666649 | 359.012518 
 4152.1465 | 08740.1611 | 19:57:02 | 220.663533 | 359.015255 
 4152.1557 | 08740.1530 | 19:57:04 | 220.670415 | 359.025891 
 4152.1571 | 08740.1535 | 19:57:05 | 220.669973 | 359.027498 
 4152.1580 | 08740.1552 | 19:57:06 | 220.668503 | 359.028522 
 4152.1581 | 08740.1554 | 19:57:08 | 220.668330 | 359.028636 
 4152.1561 | 08740.1535 | 19:57:09 | 220.669982 | 359.026348 
 4152.1632 | 08740.1375 | 19:57:11 | 220.683675 | 359.034621 
 4152.1555 | 08740.1327 | 19:57:12 | 220.687870 | 359.025796 
 4152.1560 | 08740.1358 | 19:57:13 | 220.685200 | 359.026351 
 4152.1528 | 08740.1364 | 19:57:14 | 220.684713 | 359.022666 
 4152.1517 | 08740.1388 | 19:57:15 | 220.682659 | 359.021385 
 4152.1511 | 08740.1448 | 19:57:17 | 220.677506 | 359.020654 
 4152.1521 | 08740.1522 | 19:57:19 | 220.671135 | 359.021755 
 4152.1527 | 08740.1560 | 19:57:20 | 220.667862 | 359.022420 
 4152.1531 | 08740.1598 | 19:57:21 | 220.664592 | 359.022855 
 4152.1531 | 08740.1732 | 19:57:24 | 220.653071 | 359.022766 
 4152.1554 | 08740.1793 | 19:57:25 | 220.647806 | 359.025371 
 4152.1566 | 08740.1850 | 19:57:26 | 220.642895 | 359.026714 
 4152.1565 | 08740.1900 | 19:57:27 | 220.638597 | 359.026565 
 4152.1569 | 08740.1962 | 19:57:28 | 220.633263 | 359.026984 
 4152.1564 | 08740.2081 | 19:57:30 | 220.623036 | 359.026330 
 4152.1552 | 08740.2340 | 19:57:34 | 220.600779 | 359.024778 
 4152.1549 | 08740.2424 | 19:57:35 | 220.593560 | 359.024377 
 4152.1552 | 08740.2591 | 19:57:36 | 220.579199 | 359.024611 
 4152.1546 | 08740.2660 | 19:57:37 | 220.573272 | 359.023875 
 4152.1536 | 08740.2789 | 19:57:39 | 220.562190 | 359.022639 
 4152.1527 | 08740.2847 | 19:57:40 | 220.557211 | 359.021566 
 4152.1492 | 08740.3091 | 19:57:45 | 220.536264 | 359.017378 
 4152.1400 | 08740.3048 | 19:57:48 | 220.540043 | 359.006824 
 4152.1426 | 08740.3031 | 19:57:49 | 220.541481 | 359.009826 
 4152.1452 | 08740.3013 | 19:57:50 | 220.543006 | 359.012829 
 4152.1527 | 08740.3011 | 19:57:54 | 220.543111 | 359.021457 
 4152.1509 | 08740.3073 | 19:57:58 | 220.537797 | 359.019346 
 4152.1497 | 08740.3098 | 19:58:00 | 220.535658 | 359.017949 
 4152.1488 | 08740.3106 | 19:58:01 | 220.534978 | 359.016908 
 4152.1456 | 08740.3099 | 19:58:02 | 220.535608 | 359.013232 
 4152.1443 | 08740.3108 | 19:58:03 | 220.534846 | 359.011731 
 4152.1505 | 08740.3399 | 19:58:04 | 220.509772 | 359.018670 
 4152.1487 | 08740.3480 | 19:58:06 | 220.502824 | 359.016545 
 4152.1463 | 08740.3601 | 19:58:09 | 220.492442 | 359.013705 
 4152.1446 | 08740.3666 | 19:58:10 | 220.486869 | 359.011706 
 4152.1428 | 08740.3769 | 19:58:12 | 220.478029 | 359.009568 
 4152.1417 | 08740.3836 | 19:58:13 | 220.472279 | 359.008258 
 4152.1411 | 08740.3901 | 19:58:14 | 220.466695 | 359.007525 
 4152.1404 | 08740.3971 | 19:58:15 | 220.460683 | 359.006674 
 4152.1400 | 08740.4033 | 19:58:16 | 220.455356 | 359.006172 
 4152.1392 | 08740.4230 | 19:58:20 | 220.438426 | 359.005122 
 4152.1390 | 08740.4331 | 19:58:22 | 220.429744 | 359.004825 
 4152.1405 | 08740.4371 | 19:58:23 | 220.426292 | 359.006524 
 4152.1426 | 08740.4404 | 19:58:24 | 220.423436 | 359.008918 
 4152.1443 | 08740.4442 | 19:58:25 | 220.420154 | 359.010848 
 4152.1461 | 08740.4474 | 19:58:26 | 220.417387 | 359.012898 
 4152.1483 | 08740.4506 | 19:58:27 | 220.414616 | 359.015407 
 4152.1519 | 08740.4525 | 19:58:28 | 220.412951 | 359.019535 
 4152.1530 | 08740.4539 | 19:58:29 | 220.411737 | 359.020791 
 4152.1578 | 08740.4545 | 19:58:30 | 220.411179 | 359.026309 
 4152.1577 | 08740.4551 | 19:58:31 | 220.410664 | 359.026190 
 4152.1575 | 08740.4552 | 19:58:32 | 220.410580 | 359.025959 
 4152.1577 | 08740.4556 | 19:58:33 | 220.410234 | 359.026186 
 4152.1579 | 08740.4562 | 19:58:34 | 220.409717 | 359.026413 
 4152.1580 | 08740.4565 | 19:58:35 | 220.409458 | 359.026526 
 4152.1581 | 08740.4563 | 19:58:36 | 220.409629 | 359.026642 
 4152.1584 | 08740.4564 | 19:58:37 | 220.409540 | 359.026986 
 4152.1584 | 08740.4562 | 19:58:38 | 220.409712 | 359.026988 
 4152.1540 | 08740.4414 | 19:58:39 | 220.422476 | 359.022024 
 4152.1544 | 08740.4416 | 19:58:40 | 220.422300 | 359.022483 
 4152.1539 | 08740.4386 | 19:58:41 | 220.424884 | 359.021928 
 4152.1539 | 08740.4382 | 19:58:42 | 220.425228 | 359.021930 
 4152.1542 | 08740.4387 | 19:58:43 | 220.424795 | 359.022272 
 4152.1547 | 08740.4387 | 19:58:44 | 220.424791 | 359.022847 
 4152.1549 | 08740.4390 | 19:58:45 | 220.424531 | 359.023075 
 4152.1551 | 08740.4394 | 19:58:46 | 220.424185 | 359.023303 
 4152.1553 | 08740.4400 | 19:58:47 | 220.423668 | 359.023529 
 4152.1552 | 08740.4405 | 19:58:48 | 220.423239 | 359.023411 
 4152.1552 | 08740.4410 | 19:58:49 | 220.422809 | 359.023407 
 4152.1552 | 08740.4412 | 19:58:50 | 220.422637 | 359.023406 
 4152.1552 | 08740.4415 | 19:58:51 | 220.422379 | 359.023404 
 4152.1551 | 08740.4418 | 19:58:52 | 220.422122 | 359.023287 
 4152.1550 | 08740.4419 | 19:58:53 | 220.422037 | 359.023171 
 4152.1549 | 08740.4421 | 19:58:54 | 220.421866 | 359.023055 
 4152.1549 | 08740.4421 | 19:58:55 | 220.421866 | 359.023055 
 4152.1549 | 08740.4421 | 19:58:56 | 220.421866 | 359.023055 
 4152.1553 | 08740.4447 | 19:58:57 | 220.419627 | 359.023498 
 4152.1551 | 08740.4488 | 19:58:58 | 220.416104 | 359.023241 
 4152.1553 | 08740.4506 | 19:58:59 | 220.414554 | 359.023459 
 4152.1559 | 08740.4581 | 19:59:00 | 220.408101 | 359.024099 
 4152.1556 | 08740.4595 | 19:59:01 | 220.406900 | 359.023745 
 4152.1553 | 08740.4609 | 19:59:02 | 220.405699 | 359.023391 
 4152.1551 | 08740.4626 | 19:59:03 | 220.404239 | 359.023150 
 4152.1547 | 08740.4641 | 19:59:04 | 220.402953 | 359.022680 
 4152.1541 | 08740.4657 | 19:59:05 | 220.401583 | 359.021979 
 4152.1536 | 08740.4676 | 19:59:06 | 220.399953 | 359.021391 
 4152.1534 | 08740.4698 | 19:59:07 | 220.398064 | 359.021147 
 4152.1530 | 08740.4722 | 19:59:08 | 220.396004 | 359.020671 
 4152.1513 | 08740.4773 | 19:59:10 | 220.391634 | 359.018682 
 4152.1492 | 08740.4901 | 19:59:13 | 220.380648 | 359.016182 
 4152.1455 | 08740.5063 | 19:59:14 | 220.366752 | 359.011819 
 4152.1446 | 08740.5127 | 19:59:15 | 220.361258 | 359.010742 
 4152.1449 | 08740.5195 | 19:59:16 | 220.355409 | 359.011042 
 4152.1449 | 08740.5250 | 19:59:17 | 220.350680 | 359.011006 
 4152.1450 | 08740.5311 | 19:59:18 | 220.345435 | 359.011080 
 4152.1448 | 08740.5372 | 19:59:19 | 220.340192 | 359.010810 
 4152.1445 | 08740.5428 | 19:59:20 | 220.335380 | 359.010428 
 4152.1439 | 08740.5479 | 19:59:21 | 220.331000 | 359.009704 
 4152.1448 | 08740.5511 | 19:59:22 | 220.328241 | 359.010719 
 4152.1448 | 08740.5544 | 19:59:23 | 220.325404 | 359.010697 
 4152.1446 | 08740.5580 | 19:59:24 | 220.322311 | 359.010443 
 4152.1444 | 08740.5615 | 19:59:25 | 220.319303 | 359.010190 
 4152.1457 | 08740.5621 | 19:59:26 | 220.318776 | 359.011681 
 4152.1454 | 08740.5636 | 19:59:27 | 220.317489 | 359.011326 
 4152.1459 | 08740.5650 | 19:59:28 | 220.316281 | 359.011892 
 4152.1462 | 08740.5648 | 19:59:29 | 220.316450 | 359.012239 
 4152.1468 | 08740.5642 | 19:59:30 | 220.316961 | 359.012933 
 4152.1477 | 08740.5640 | 19:59:31 | 220.317125 | 359.013969 
 4152.1492 | 08740.5645 | 19:59:32 | 220.316682 | 359.015691 
 4152.1491 | 08740.5640 | 19:59:33 | 220.317112 | 359.015580 
 4152.1499 | 08740.5633 | 19:59:34 | 220.317707 | 359.016505 
 4152.1504 | 08740.5624 | 19:59:35 | 220.318476 | 359.017086 
 4152.1515 | 08740.5633 | 19:59:36 | 220.317693 | 359.018345 
 4152.1520 | 08740.5629 | 19:59:37 | 220.318033 | 359.018923 
 4152.1531 | 08740.5631 | 19:59:38 | 220.317851 | 359.020187 
 4152.1541 | 08740.5644 | 19:59:39 | 220.316724 | 359.021328 
 4152.1573 | 08740.5620 | 19:59:41 | 220.318760 | 359.025025 
 4152.1541 | 08740.5464 | 19:59:43 | 220.332200 | 359.021447 
 4152.1535 | 08740.5475 | 19:59:44 | 220.331260 | 359.020749 
 4152.1538 | 08740.5481 | 19:59:46 | 220.330741 | 359.021091 
 4152.1538 | 08740.5481 | 19:59:47 | 220.330741 | 359.021091 
 4152.1538 | 08740.5481 | 19:59:48 | 220.330741 | 359.021091 
 4152.1538 | 08740.5481 | 19:59:49 | 220.330741 | 359.021091 
 4152.1511 | 08740.5548 | 19:59:50 | 220.325004 | 359.017941 
 4152.1508 | 08740.5554 | 19:59:51 | 220.324491 | 359.017592 
 4152.1506 | 08740.5560 | 19:59:52 | 220.323977 | 359.017358 
 4152.1504 | 08740.5566 | 19:59:53 | 220.323463 | 359.017124 
 4152.1501 | 08740.5572 | 19:59:54 | 220.322950 | 359.016775 
 4152.1499 | 08740.5578 | 19:59:55 | 220.322436 | 359.016541 
 4152.1497 | 08740.5582 | 19:59:56 | 220.322094 | 359.016308 
 4152.1495 | 08740.5587 | 19:59:57 | 220.321666 | 359.016075 
 4152.1493 | 08740.5590 | 19:59:58 | 220.321409 | 359.015843 
 4152.1492 | 08740.5591 | 19:59:59 | 220.321324 | 359.015727 
 4152.1490 | 08740.5591 | 20:00:00 | 220.321326 | 359.015497 
 4152.1488 | 08740.5590 | 20:00:01 | 220.321414 | 359.015268 
 4152.1487 | 08740.5586 | 20:00:02 | 220.321759 | 359.015155 
 4152.1486 | 08740.5583 | 20:00:03 | 220.322017 | 359.015042 
 4152.1480 | 08740.5544 | 20:00:04 | 220.325376 | 359.014378 
 4152.1479 | 08740.5535 | 20:00:05 | 220.326150 | 359.014269 
 4152.1478 | 08740.5525 | 20:00:06 | 220.327011 | 359.014160 
 4152.1476 | 08740.5517 | 20:00:07 | 220.327701 | 359.013935 
 4152.1478 | 08740.5509 | 20:00:08 | 220.328387 | 359.014171 
 4152.1479 | 08740.5501 | 20:00:09 | 220.329074 | 359.014291 
 4152.1481 | 08740.5494 | 20:00:10 | 220.329674 | 359.014526 
 4152.1484 | 08740.5487 | 20:00:11 | 220.330273 | 359.014875 
 4152.1508 | 08740.5472 | 20:00:12 | 220.331541 | 359.017646 
 4152.1509 | 08740.5466 | 20:00:13 | 220.332056 | 359.017765 
 4152.1508 | 08740.5460 | 20:00:14 | 220.332573 | 359.017654 
 4152.1509 | 08740.5454 | 20:00:15 | 220.333088 | 359.017773 
 4152.1507 | 08740.5454 | 20:00:16 | 220.333090 | 359.017543 
 4152.1513 | 08740.5458 | 20:00:17 | 220.332741 | 359.018230 
 4152.1515 | 08740.5461 | 20:00:18 | 220.332481 | 359.018458 
 4152.1512 | 08740.5465 | 20:00:19 | 220.332140 | 359.018110 
 4152.1500 | 08740.5467 | 20:00:20 | 220.331978 | 359.016729 
 4152.1497 | 08740.5470 | 20:00:21 | 220.331723 | 359.016382 
 4152.1491 | 08740.5467 | 20:00:22 | 220.331986 | 359.015694 
 4152.1495 | 08740.5465 | 20:00:23 | 220.332155 | 359.016155 
 4152.1487 | 08740.5454 | 20:00:24 | 220.333107 | 359.015242 
 4152.1485 | 08740.5453 | 20:00:25 | 220.333195 | 359.015013 
 4152.1495 | 08740.5455 | 20:00:26 | 220.333014 | 359.016162 
 4152.1495 | 08740.5457 | 20:00:27 | 220.332842 | 359.016160 
 4152.1496 | 08740.5458 | 20:00:28 | 220.332756 | 359.016275 
 4152.1497 | 08740.5457 | 20:00:29 | 220.332841 | 359.016390 
 4152.1497 | 08740.5459 | 20:00:30 | 220.332669 | 359.016389 
 4152.1485 | 08740.5474 | 20:00:31 | 220.331390 | 359.014999 
 4152.1486 | 08740.5473 | 20:00:32 | 220.331475 | 359.015115 
 4152.1486 | 08740.5473 | 20:00:33 | 220.331475 | 359.015115 
 4152.1486 | 08740.5473 | 20:00:34 | 220.331475 | 359.015115 
 4152.1486 | 08740.5473 | 20:00:35 | 220.331475 | 359.015115 
 4152.1486 | 08740.5473 | 20:00:36 | 220.331475 | 359.015115 
 4152.1486 | 08740.5473 | 20:00:37 | 220.331475 | 359.015115 
 4152.1486 | 08740.5473 | 20:00:38 | 220.331475 | 359.015115 
 4152.1486 | 08740.5473 | 20:00:39 | 220.331475 | 359.015115 
 4152.1470 | 08740.5555 | 20:00:40 | 220.324439 | 359.013220 
 4152.1498 | 08740.5736 | 20:00:41 | 220.308852 | 359.016322 
 4152.1505 | 08740.5756 | 20:00:42 | 220.307127 | 359.017114 
 4152.1508 | 08740.5778 | 20:00:43 | 220.305233 | 359.017444 
 4152.1496 | 08740.5862 | 20:00:44 | 220.298021 | 359.016009 
 4152.1490 | 08740.5916 | 20:00:45 | 220.293384 | 359.015283 
 4152.1492 | 08740.5975 | 20:00:47 | 220.288309 | 359.015474 
 4152.1492 | 08740.6006 | 20:00:48 | 220.285644 | 359.015454 
 4152.1493 | 08740.6038 | 20:00:49 | 220.282892 | 359.015548 
 4152.1495 | 08740.6070 | 20:00:50 | 220.280139 | 359.015757 
 4152.1495 | 08740.6105 | 20:00:51 | 220.277130 | 359.015734 
 4152.1495 | 08740.6174 | 20:00:53 | 220.271198 | 359.015689 
 4152.1492 | 08740.6220 | 20:00:54 | 220.267245 | 359.015313 
 4152.1492 | 08740.6266 | 20:00:55 | 220.263290 | 359.015283 
 4152.1490 | 08740.6315 | 20:00:56 | 220.259079 | 359.015021 
 4152.1474 | 08740.6375 | 20:00:57 | 220.253935 | 359.013141 
 4152.1465 | 08740.6436 | 20:00:58 | 220.248698 | 359.012066 
 4152.1455 | 08740.6534 | 20:01:00 | 220.240281 | 359.010851 
 4152.1438 | 08740.6666 | 20:01:02 | 220.228947 | 359.008809 
 4152.1433 | 08740.6736 | 20:01:03 | 220.222934 | 359.008188 
 4152.1417 | 08740.6850 | 20:01:05 | 220.213146 | 359.006273 
 4152.1391 | 08740.7070 | 20:01:09 | 220.194254 | 359.003138 
 4152.1373 | 08740.7291 | 20:01:13 | 220.175269 | 359.000922 
 4152.1366 | 08740.7403 | 20:01:15 | 220.165646 | 359.000044 
 4152.1365 | 08740.7463 | 20:01:16 | 220.160489 | 358.999889 
 4152.1361 | 08740.7575 | 20:01:18 | 220.150863 | 358.999356 
 4152.1357 | 08740.7641 | 20:01:19 | 220.145192 | 358.998852 
 4152.1380 | 08740.7737 | 20:01:20 | 220.136918 | 359.001435 
 4152.1376 | 08740.7803 | 20:01:21 | 220.131247 | 359.000932 
 4152.1386 | 08740.7899 | 20:01:22 | 220.122984 | 359.002019 
 4152.1384 | 08740.8032 | 20:01:23 | 220.111551 | 359.001702 
 4152.1393 | 08740.8165 | 20:01:25 | 220.100109 | 359.002650 
 4152.1386 | 08740.8221 | 20:01:26 | 220.095300 | 359.001809 
 4152.1411 | 08740.8177 | 20:01:27 | 220.099061 | 359.004713 
 4152.1419 | 08740.8206 | 20:01:28 | 220.096561 | 359.005614 
 4152.1428 | 08740.8233 | 20:01:29 | 220.094232 | 359.006632 
 4152.1432 | 08740.8258 | 20:01:30 | 220.092079 | 359.007076 
 4152.1432 | 08740.8278 | 20:01:31 | 220.090359 | 359.007062 
 4152.1432 | 08740.8298 | 20:01:32 | 220.088640 | 359.007049 
 4152.1433 | 08740.8318 | 20:01:33 | 220.086919 | 359.007151 
 4152.1430 | 08740.8336 | 20:01:34 | 220.085374 | 359.006794 
 4152.1428 | 08740.8353 | 20:01:35 | 220.083914 | 359.006553 
 4152.1428 | 08740.8371 | 20:01:36 | 220.082367 | 359.006542 
 4152.1427 | 08740.8388 | 20:01:37 | 220.080906 | 359.006415 
 4152.1424 | 08740.8400 | 20:01:38 | 220.079877 | 359.006062 
 4152.1400 | 08740.8401 | 20:01:39 | 220.079812 | 359.003301 
 4152.1390 | 08740.8420 | 20:01:40 | 220.078187 | 359.002139 
 4152.1389 | 08740.8432 | 20:01:41 | 220.077156 | 359.002016 
 4152.1390 | 08740.8441 | 20:01:42 | 220.076382 | 359.002125 
 4152.1390 | 08740.8446 | 20:01:43 | 220.075952 | 359.002122 
 4152.1392 | 08740.8446 | 20:01:44 | 220.075950 | 359.002352 
 4152.1385 | 08740.8392 | 20:01:45 | 220.080599 | 359.001582 
 4152.1424 | 08740.8369 | 20:01:46 | 220.082542 | 359.006083 
 4152.1430 | 08740.8366 | 20:01:47 | 220.082795 | 359.006775 
 4152.1432 | 08740.8364 | 20:01:48 | 220.082965 | 359.007006 
 4152.1435 | 08740.8359 | 20:01:49 | 220.083393 | 359.007355 
 4152.1438 | 08740.8358 | 20:01:50 | 220.083476 | 359.007700 
 4152.1441 | 08740.8354 | 20:01:51 | 220.083817 | 359.008048 
 4152.1443 | 08740.8351 | 20:01:52 | 220.084073 | 359.008280 
 4152.1446 | 08740.8354 | 20:01:53 | 220.083813 | 359.008623 
 4152.1448 | 08740.8353 | 20:01:54 | 220.083897 | 359.008854 
 4152.1450 | 08740.8358 | 20:01:55 | 220.083465 | 359.009081 
 4152.1453 | 08740.8361 | 20:01:56 | 220.083205 | 359.009424 
 4152.1451 | 08740.8367 | 20:01:57 | 220.082691 | 359.009190 
 4152.1443 | 08740.8398 | 20:01:59 | 220.080032 | 359.008249 
 4152.1399 | 08740.8550 | 20:02:00 | 220.067003 | 359.003089 
 4152.1387 | 08740.8593 | 20:02:01 | 220.063316 | 359.001680 
 4152.1359 | 08740.8685 | 20:02:03 | 220.055431 | 358.998400 
 4152.1346 | 08740.8732 | 20:02:04 | 220.051401 | 358.996874 
 4152.1318 | 08740.8882 | 20:02:07 | 220.038529 | 358.993555 
 4152.1317 | 08740.8939 | 20:02:08 | 220.033629 | 358.993403 
 4152.1313 | 08740.8995 | 20:02:09 | 220.028818 | 358.992906 
 4152.1308 | 08740.9054 | 20:02:10 | 220.023750 | 358.992292 
 4152.1292 | 08740.9161 | 20:02:12 | 220.014564 | 358.990382 
 4152.1294 | 08740.9231 | 20:02:13 | 220.008544 | 358.990567 
 4152.1292 | 08740.9288 | 20:02:14 | 220.003645 | 358.990299 
 4152.1298 | 08740.9362 | 20:02:15 | 219.997278 | 358.990941 
 4152.1316 | 08740.9458 | 20:02:16 | 219.989009 | 358.992949 
 4152.1330 | 08740.9550 | 20:02:17 | 219.981086 | 358.994499 
 4152.1352 | 08741.0112 | 20:02:25 | 219.932749 | 358.996664 
 4152.1361 | 08741.0232 | 20:02:27 | 219.922424 | 358.997621 
 4152.1376 | 08741.0237 | 20:02:28 | 219.921981 | 358.999343 
 4152.1377 | 08741.0252 | 20:02:29 | 219.920690 | 358.999449 
 4152.1375 | 08741.0308 | 20:02:30 | 219.915877 | 358.999182 
 4152.1375 | 08741.0343 | 20:02:31 | 219.912868 | 358.999159 
 4152.1387 | 08741.0324 | 20:02:32 | 219.914491 | 359.000552 
 4152.1414 | 08741.0279 | 20:02:34 | 219.918337 | 359.003687 
 4152.1420 | 08741.0278 | 20:02:35 | 219.918417 | 359.004378 
 4152.1417 | 08741.0278 | 20:02:36 | 219.918420 | 359.004033 
 4152.1428 | 08741.0272 | 20:02:37 | 219.918926 | 359.005302 
 4152.1499 | 08741.0203 | 20:02:38 | 219.924797 | 359.013513 
 4152.1486 | 08741.0217 | 20:02:39 | 219.923604 | 359.012009 
 4152.1478 | 08741.0231 | 20:02:40 | 219.922408 | 359.011080 
 4152.1559 | 08741.0175 | 20:02:41 | 219.927152 | 359.020433 
 4152.1555 | 08741.0170 | 20:02:42 | 219.927585 | 359.019976 
 4152.1546 | 08741.0161 | 20:02:43 | 219.928367 | 359.018947 
 4152.1545 | 08741.0154 | 20:02:44 | 219.928970 | 359.018837 
 4152.1526 | 08741.0131 | 20:02:45 | 219.930964 | 359.016666 
 4152.1514 | 08741.0114 | 20:02:46 | 219.932436 | 359.015297 
 4152.1505 | 08741.0092 | 20:02:47 | 219.934335 | 359.014276 
 4152.1520 | 08740.9978 | 20:02:48 | 219.944123 | 359.016075 
 4152.1538 | 08740.9945 | 20:02:52 | 219.946945 | 359.018167 
 4152.1523 | 08740.9921 | 20:02:54 | 219.949021 | 359.016458 
 4152.1521 | 08740.9911 | 20:02:55 | 219.949883 | 359.016234 
 4152.1521 | 08740.9901 | 20:02:56 | 219.950742 | 359.016241 
 4152.1515 | 08740.9891 | 20:02:57 | 219.951607 | 359.015557 
 4152.1522 | 08740.9877 | 20:02:58 | 219.952805 | 359.016371 
 4152.1522 | 08740.9869 | 20:02:59 | 219.953493 | 359.016376 
 4152.1517 | 08740.9861 | 20:03:00 | 219.954185 | 359.015807 
 4152.1513 | 08740.9850 | 20:03:01 | 219.955134 | 359.015354 
 4152.1509 | 08740.9839 | 20:03:02 | 219.956083 | 359.014901 
 4152.1498 | 08740.9824 | 20:03:03 | 219.957383 | 359.013645 
 4152.1491 | 08740.9810 | 20:03:04 | 219.958592 | 359.012849 
 4152.1507 | 08740.9778 | 20:03:05 | 219.961330 | 359.014710 
 4152.1510 | 08740.9790 | 20:03:06 | 219.960295 | 359.015048 
 4152.1509 | 08740.9783 | 20:03:07 | 219.960898 | 359.014937 
 4152.1507 | 08740.9772 | 20:03:08 | 219.961845 | 359.014714 
 4152.1500 | 08740.9762 | 20:03:09 | 219.962711 | 359.013916 
 4152.1497 | 08740.9747 | 20:03:10 | 219.964004 | 359.013580 
 4152.1492 | 08740.9740 | 20:03:11 | 219.964610 | 359.013010 
 4152.1484 | 08740.9730 | 20:03:12 | 219.965477 | 359.012096 
 4152.1479 | 08740.9720 | 20:03:13 | 219.966341 | 359.011527 
 4152.1472 | 08740.9709 | 20:03:14 | 219.967292 | 359.010729 
 4152.1473 | 08740.9697 | 20:03:15 | 219.968323 | 359.010852 
 4152.1469 | 08740.9686 | 20:03:16 | 219.969273 | 359.010399 
 4152.1468 | 08740.9666 | 20:03:18 | 219.970993 | 359.010297 
 4152.1485 | 08740.9661 | 20:03:19 | 219.971408 | 359.012256 
 4152.1484 | 08740.9651 | 20:03:20 | 219.972269 | 359.012148 
 4152.1482 | 08740.9640 | 20:03:21 | 219.973216 | 359.011925 
 4152.1481 | 08740.9620 | 20:03:23 | 219.974937 | 359.011823 
 4152.1480 | 08740.9612 | 20:03:24 | 219.975625 | 359.011713 
 4152.1477 | 08740.9602 | 20:03:25 | 219.976488 | 359.011374 
 4152.1480 | 08740.9611 | 20:03:26 | 219.975711 | 359.011713 
 4152.1473 | 08740.9606 | 20:03:27 | 219.976147 | 359.010912 
 4152.1470 | 08740.9595 | 20:03:28 | 219.977095 | 359.010574 
 4152.1468 | 08740