 4152.1708 | 08740.9576 | 10:34:00 | 219.978522 | 359.037962 
 4152.1662 | 08740.9517 | 10:34:11 | 219.983634 | 359.032709 
 4152.1663 | 08740.9494 | 10:34:12 | 219.985611 | 359.032839 
 4152.1664 | 08740.9491 | 10:34:13 | 219.985868 | 359.032956 
 4152.1667 | 08740.9508 | 10:34:14 | 219.984404 | 359.033290 
 4152.1669 | 08740.9506 | 10:34:15 | 219.984574 | 359.033522 
 4152.1664 | 08740.9515 | 10:34:16 | 219.983804 | 359.032941 
 4152.1668 | 08740.9523 | 10:34:17 | 219.983113 | 359.033396 
 4152.1675 | 08740.9514 | 10:34:18 | 219.983881 | 359.034207 
 4152.1666 | 08740.9496 | 10:34:19 | 219.985436 | 359.033183 
 4152.1668 | 08740.9494 | 10:34:20 | 219.985606 | 359.033414 
 4152.1662 | 08740.9495 | 10:34:21 | 219.985526 | 359.032724 
 4152.1659 | 08740.9484 | 10:34:22 | 219.986474 | 359.032386 
 4152.1667 | 08740.9498 | 10:34:23 | 219.985263 | 359.033297 
 4152.1619 | 08740.9393 | 10:34:24 | 219.994333 | 359.027844 
 4152.1645 | 08740.9403 | 10:34:25 | 219.993450 | 359.030828 
 4152.1655 | 08740.9356 | 10:34:26 | 219.997482 | 359.032009 
 4152.1646 | 08740.9398 | 10:34:27 | 219.993879 | 359.030947 
 4152.1645 | 08740.9395 | 10:34:28 | 219.994138 | 359.030833 
 4152.1641 | 08740.9420 | 10:34:29 | 219.991992 | 359.030357 
 4152.1641 | 08740.9420 | 10:34:30 | 219.991992 | 359.030357 
 4152.1644 | 08740.9427 | 10:34:31 | 219.991388 | 359.030698 
 4152.1647 | 08740.9434 | 10:34:32 | 219.990783 | 359.031038 
 4152.1652 | 08740.9437 | 10:34:33 | 219.990521 | 359.031611 
 4152.1666 | 08740.9444 | 10:34:34 | 219.989907 | 359.033217 
 4152.1677 | 08740.9450 | 10:34:35 | 219.989381 | 359.034478 
 4152.1689 | 08740.9454 | 10:34:36 | 219.989027 | 359.035856 
 4152.1701 | 08740.9458 | 10:34:37 | 219.988673 | 359.037234 
 4152.1715 | 08740.9462 | 10:34:38 | 219.988317 | 359.038842 
 4152.1732 | 08740.9466 | 10:34:39 | 219.987958 | 359.040794 
 4152.1749 | 08740.9472 | 10:34:40 | 219.987427 | 359.042746 
 4152.1771 | 08740.9469 | 10:34:41 | 219.987666 | 359.045278 
 4152.1791 | 08740.9472 | 10:34:42 | 219.987391 | 359.047577 
 4152.1811 | 08740.9474 | 10:34:43 | 219.987201 | 359.049876 
 4152.1832 | 08740.9479 | 10:34:44 | 219.986753 | 359.052288 
 4152.1854 | 08740.9483 | 10:34:45 | 219.986390 | 359.054816 
 4152.1876 | 08740.9488 | 10:34:46 | 219.985941 | 359.057344 
 4152.1900 | 08740.9494 | 10:34:47 | 219.985404 | 359.060100 
 4152.1925 | 08740.9503 | 10:34:48 | 219.984608 | 359.062970 
 4152.1952 | 08740.9513 | 10:34:49 | 219.983725 | 359.066069 
 4152.2024 | 08740.9484 | 10:34:50 | 219.986156 | 359.074370 
 4152.2065 | 08740.9485 | 10:34:51 | 219.986034 | 359.079085 
 4152.2105 | 08740.9496 | 10:34:52 | 219.985053 | 359.083679 
 4152.2149 | 08740.9500 | 10:34:53 | 219.984671 | 359.088738 
 4152.2341 | 08740.9502 | 10:34:57 | 219.984332 | 359.110821 
 4152.2390 | 08740.9503 | 10:34:58 | 219.984203 | 359.116457 
 4152.2437 | 08740.9504 | 10:34:59 | 219.984076 | 359.121862 
 4152.2484 | 08740.9505 | 10:35:00 | 219.983949 | 359.127268 
 4152.2530 | 08740.9506 | 10:35:01 | 219.983823 | 359.132558 
 4152.2575 | 08740.9507 | 10:35:02 | 219.983698 | 359.137734 
 4152.2619 | 08740.9508 | 10:35:03 | 219.983573 | 359.142794 
 4152.2662 | 08740.9509 | 10:35:04 | 219.983450 | 359.147740 
 4152.2701 | 08740.9510 | 10:35:05 | 219.983330 | 359.152225 
 4152.2736 | 08740.9512 | 10:35:06 | 219.983127 | 359.156250 
 4152.2765 | 08740.9514 | 10:35:07 | 219.982930 | 359.159584 
 4152.2790 | 08740.9507 | 10:35:08 | 219.983510 | 359.162464 
 4152.2810 | 08740.9510 | 10:35:09 | 219.983235 | 359.164763 
 4152.2831 | 08740.9526 | 10:35:10 | 219.981841 | 359.167168 
 4152.2854 | 08740.9549 | 10:35:11 | 219.979844 | 359.169798 
 4152.2876 | 08740.9573 | 10:35:12 | 219.977761 | 359.172313 
 4152.2867 | 08740.9642 | 10:35:13 | 219.971837 | 359.171233 
 4152.2866 | 08740.9708 | 10:35:14 | 219.966163 | 359.171075 
 4152.2864 | 08740.9778 | 10:35:15 | 219.960147 | 359.170800 
 4152.2860 | 08740.9852 | 10:35:16 | 219.953789 | 359.170291 
 4152.2857 | 08740.9921 | 10:35:17 | 219.947859 | 359.169901 
 4152.2853 | 08740.9987 | 10:35:18 | 219.942188 | 359.169398 
 4152.2851 | 08741.0047 | 10:35:19 | 219.937032 | 359.169129 
 4152.2851 | 08741.0100 | 10:35:20 | 219.932475 | 359.169095 
 4152.2849 | 08741.0138 | 10:35:21 | 219.929210 | 359.168840 
 4152.2848 | 08741.0170 | 10:35:22 | 219.926460 | 359.168704 
 4152.2839 | 08741.0201 | 10:35:23 | 219.923802 | 359.167648 
 4152.2821 | 08741.0233 | 10:35:24 | 219.921067 | 359.165557 
 4152.2790 | 08741.0255 | 10:35:25 | 219.919202 | 359.161977 
 4152.2745 | 08741.0266 | 10:35:26 | 219.918296 | 359.156794 
 4152.2695 | 08741.0268 | 10:35:27 | 219.918167 | 359.151041 
 4152.2642 | 08741.0266 | 10:35:28 | 219.918385 | 359.144946 
 4152.2584 | 08741.0266 | 10:35:29 | 219.918436 | 359.138275 
 4152.2521 | 08741.0267 | 10:35:30 | 219.918405 | 359.131028 
 4152.2457 | 08741.0268 | 10:35:31 | 219.918375 | 359.123665 
 4152.2390 | 08741.0270 | 10:35:32 | 219.918261 | 359.115957 
 4152.2323 | 08741.0273 | 10:35:33 | 219.918061 | 359.108249 
 4152.2255 | 08741.0276 | 10:35:34 | 219.917863 | 359.100425 
 4152.2179 | 08741.0270 | 10:35:35 | 219.918445 | 359.091687 
 4152.2105 | 08741.0268 | 10:35:36 | 219.918681 | 359.083176 
 4152.2032 | 08741.0268 | 10:35:37 | 219.918744 | 359.074780 
 4152.1959 | 08741.0266 | 10:35:38 | 219.918980 | 359.066384 
 4152.1888 | 08741.0263 | 10:35:39 | 219.919300 | 359.058219 
 4152.1811 | 08741.0246 | 10:35:40 | 219.920828 | 359.049373 
 4152.1739 | 08741.0237 | 10:35:41 | 219.921665 | 359.041097 
 4152.1671 | 08741.0235 | 10:35:42 | 219.921896 | 359.033277 
 4152.1603 | 08741.0233 | 10:35:43 | 219.922127 | 359.025457 
 4152.1535 | 08741.0231 | 10:35:44 | 219.922358 | 359.017636 
 4152.1536 | 08741.0226 | 10:35:45 | 219.922787 | 359.017754 
 4152.1510 | 08741.0229 | 10:35:46 | 219.922552 | 359.014762 
 4152.1490 | 08741.0226 | 10:35:47 | 219.922827 | 359.012463 
 4152.1478 | 08741.0221 | 10:35:48 | 219.923268 | 359.011086 
 4152.1472 | 08741.0220 | 10:35:49 | 219.923359 | 359.010397 
 4152.1469 | 08741.0218 | 10:35:50 | 219.923533 | 359.010053 
 4152.1463 | 08741.0217 | 10:35:51 | 219.923624 | 359.009363 
 4152.1461 | 08741.0215 | 10:35:52 | 219.923798 | 359.009135 
 4152.1461 | 08741.0215 | 10:35:53 | 219.923798 | 359.009135 
 4152.1461 | 08741.0215 | 10:35:54 | 219.923798 | 359.009135 
 4152.1461 | 08741.0215 | 10:35:55 | 219.923798 | 359.009135 
 4152.1461 | 08741.0215 | 10:35:56 | 219.923798 | 359.009135 
 4152.1461 | 08741.0215 | 10:35:57 | 219.923798 | 359.009135 
 4152.1443 | 08741.0208 | 10:35:58 | 219.924416 | 359.007069 
 4152.1433 | 08741.0214 | 10:35:59 | 219.923909 | 359.005915 
 4152.1421 | 08741.0224 | 10:36:00 | 219.923059 | 359.004528 
 4152.1407 | 08741.0231 | 10:36:01 | 219.922470 | 359.002913 
 4152.1417 | 08741.0231 | 10:36:02 | 219.922461 | 359.004063 
 4152.1389 | 08741.0150 | 10:36:03 | 219.929449 | 359.000895 
 4152.1388 | 08741.0104 | 10:36:04 | 219.933405 | 359.000810 
 4152.1392 | 08741.0056 | 10:36:05 | 219.937528 | 359.001301 
 4152.1393 | 08741.0001 | 10:36:06 | 219.942256 | 359.001452 
 4152.1395 | 08740.9943 | 10:36:07 | 219.947241 | 359.001720 
 4152.1397 | 08740.9883 | 10:36:08 | 219.952398 | 359.001989 
 4152.1399 | 08740.9819 | 10:36:09 | 219.957899 | 359.002261 
 4152.1402 | 08740.9750 | 10:36:10 | 219.963828 | 359.002651 
 4152.1405 | 08740.9681 | 10:36:11 | 219.969758 | 359.003041 
 4152.1408 | 08740.9608 | 10:36:12 | 219.976032 | 359.003434 
 4152.1411 | 08740.9533 | 10:36:13 | 219.982477 | 359.003828 
 4152.1414 | 08740.9455 | 10:36:14 | 219.989181 | 359.004224 
 4152.1416 | 08740.9377 | 10:36:15 | 219.995885 | 359.004504 
 4152.1418 | 08740.9299 | 10:36:16 | 220.002590 | 359.004785 
 4152.1421 | 08740.9221 | 10:36:17 | 220.009293 | 359.005181 
 4152.1423 | 08740.9145 | 10:36:18 | 220.015826 | 359.005461 
 4152.1425 | 08740.9071 | 10:36:19 | 220.022186 | 359.005739 
 4152.1428 | 08740.8999 | 10:36:20 | 220.028374 | 359.006131 
 4152.1433 | 08740.8930 | 10:36:21 | 220.034302 | 359.006751 
 4152.1435 | 08740.8869 | 10:36:22 | 220.039545 | 359.007021 
 4152.1436 | 08740.8814 | 10:36:23 | 220.044273 | 359.007172 
 4152.1436 | 08740.8767 | 10:36:24 | 220.048313 | 359.007203 
 4152.1437 | 08740.8725 | 10:36:25 | 220.051924 | 359.007345 
 4152.1438 | 08740.8693 | 10:36:26 | 220.054674 | 359.007481 
 4152.1433 | 08740.8673 | 10:36:27 | 220.056398 | 359.006919 
 4152.1434 | 08740.8665 | 10:36:28 | 220.057085 | 359.007040 
 4152.1435 | 08740.8663 | 10:36:29 | 220.057256 | 359.007156 
 4152.1435 | 08740.8663 | 10:36:30 | 220.057256 | 359.007156 
 4152.1436 | 08740.8663 | 10:36:31 | 220.057255 | 359.007271 
 4152.1436 | 08740.8663 | 10:36:32 | 220.057255 | 359.007271 
 4152.1436 | 08740.8663 | 10:36:33 | 220.057255 | 359.007271 
 4152.1436 | 08740.8663 | 10:36:34 | 220.057255 | 359.007271 
 4152.1436 | 08740.8663 | 10:36:35 | 220.057255 | 359.007271 
 4152.1436 | 08740.8663 | 10:36:36 | 220.057255 | 359.007271 
 4152.1436 | 08740.8663 | 10:36:37 | 220.057255 | 359.007271 
 4152.1436 | 08740.8663 | 10:36:38 | 220.057255 | 359.007271 
 4152.1436 | 08740.8663 | 10:36:39 | 220.057255 | 359.007271 
 4152.1436 | 08740.8663 | 10:36:40 | 220.057255 | 359.007271 
 4152.1436 | 08740.8663 | 10:36:41 | 220.057255 | 359.007271 
 4152.1446 | 08740.8646 | 10:36:42 | 220.058708 | 359.008432 
 4152.1447 | 08740.8626 | 10:36:43 | 220.060426 | 359.008560 
 4152.1448 | 08740.8592 | 10:36:44 | 220.063349 | 359.008698 
 4152.1447 | 08740.8547 | 10:36:45 | 220.067219 | 359.008612 
 4152.1446 | 08740.8495 | 10:36:46 | 220.071690 | 359.008531 
 4152.1445 | 08740.8439 | 10:36:47 | 220.076506 | 359.008453 
 4152.1445 | 08740.8376 | 10:36:48 | 220.081922 | 359.008494 
 4152.1447 | 08740.8310 | 10:36:49 | 220.087595 | 359.008767 
 4152.1442 | 08740.8245 | 10:36:50 | 220.093188 | 359.008234 
 4152.1441 | 08740.8175 | 10:36:51 | 220.099207 | 359.008165 
 4152.1442 | 08740.8101 | 10:36:52 | 220.105568 | 359.008328 
 4152.1444 | 08740.8023 | 10:36:53 | 220.112273 | 359.008610 
 4152.1445 | 08740.7943 | 10:36:54 | 220.119150 | 359.008777 
 4152.1448 | 08740.7859 | 10:36:55 | 220.126369 | 359.009177 
 4152.1454 | 08740.7770 | 10:36:56 | 220.134016 | 359.009925 
 4152.1456 | 08740.7680 | 10:36:57 | 220.141752 | 359.010214 
 4152.1458 | 08740.7588 | 10:36:58 | 220.149660 | 359.010505 
 4152.1460 | 08740.7495 | 10:36:59 | 220.157654 | 359.010796 
 4152.1462 | 08740.7403 | 10:37:00 | 220.165562 | 359.011086 
 4152.1464 | 08740.7311 | 10:37:01 | 220.173470 | 359.011376 
 4152.1466 | 08740.7220 | 10:37:02 | 220.181292 | 359.011666 
 4152.1484 | 08740.7131 | 10:37:03 | 220.188928 | 359.013795 
 4152.1506 | 08740.7050 | 10:37:04 | 220.195873 | 359.016379 
 4152.1510 | 08740.6984 | 10:37:05 | 220.201544 | 359.016882 
 4152.1513 | 08740.6926 | 10:37:06 | 220.206528 | 359.017265 
 4152.1518 | 08740.6870 | 10:37:07 | 220.211338 | 359.017877 
 4152.1520 | 08740.6816 | 10:37:08 | 220.215979 | 359.018142 
 4152.1513 | 08740.6756 | 10:37:09 | 220.221144 | 359.017377 
 4152.1504 | 08740.6695 | 10:37:10 | 220.226396 | 359.016381 
 4152.1505 | 08740.6631 | 10:37:11 | 220.231898 | 359.016539 
 4152.1505 | 08740.6565 | 10:37:12 | 220.237572 | 359.016582 
 4152.1506 | 08740.6497 | 10:37:13 | 220.243418 | 359.016742 
 4152.1507 | 08740.6427 | 10:37:14 | 220.249435 | 359.016903 
 4152.1508 | 08740.6358 | 10:37:15 | 220.255367 | 359.017063 
 4152.1507 | 08740.6289 | 10:37:16 | 220.261300 | 359.016993 
 4152.1506 | 08740.6221 | 10:37:17 | 220.267147 | 359.016923 
 4152.1505 | 08740.6154 | 10:37:18 | 220.272908 | 359.016852 
 4152.1504 | 08740.6090 | 10:37:19 | 220.278412 | 359.016779 
 4152.1502 | 08740.6034 | 10:37:20 | 220.283228 | 359.016586 
 4152.1503 | 08740.5987 | 10:37:21 | 220.287268 | 359.016732 
 4152.1500 | 08740.5950 | 10:37:22 | 220.290452 | 359.016411 
 4152.1499 | 08740.5927 | 10:37:23 | 220.292430 | 359.016311 
 4152.1495 | 08740.5913 | 10:37:24 | 220.293637 | 359.015860 
 4152.1493 | 08740.5906 | 10:37:25 | 220.294241 | 359.015635 
 4152.1490 | 08740.5903 | 10:37:26 | 220.294502 | 359.015292 
 4152.1483 | 08740.5907 | 10:37:27 | 220.294164 | 359.014484 
 4152.1473 | 08740.5917 | 10:37:28 | 220.293313 | 359.013327 
 4152.1469 | 08740.5922 | 10:37:29 | 220.292886 | 359.012864 
 4152.1469 | 08740.5922 | 10:37:30 | 220.292886 | 359.012864 
 4152.1469 | 08740.5922 | 10:37:31 | 220.292886 | 359.012864 
 4152.1469 | 08740.5922 | 10:37:32 | 220.292886 | 359.012864 
 4152.1469 | 08740.5922 | 10:37:33 | 220.292886 | 359.012864 
 4152.1469 | 08740.5922 | 10:37:34 | 220.292886 | 359.012864 
 4152.1469 | 08740.5922 | 10:37:35 | 220.292886 | 359.012864 
 4152.1469 | 08740.5922 | 10:37:36 | 220.292886 | 359.012864 
 4152.1445 | 08740.5944 | 10:37:37 | 220.291016 | 359.010089 
 4152.1444 | 08740.5938 | 10:37:38 | 220.291533 | 359.009977 
 4152.1443 | 08740.5921 | 10:37:39 | 220.292995 | 359.009874 
 4152.1443 | 08740.5891 | 10:37:40 | 220.295575 | 359.009893 
 4152.1444 | 08740.5850 | 10:37:41 | 220.299099 | 359.010035 
 4152.1445 | 08740.5801 | 10:37:42 | 220.303311 | 359.010183 
 4152.1447 | 08740.5746 | 10:37:43 | 220.308038 | 359.010449 
 4152.1448 | 08740.5684 | 10:37:44 | 220.313367 | 359.010605 
 4152.1450 | 08740.5618 | 10:37:45 | 220.319040 | 359.010878 
 4152.1452 | 08740.5547 | 10:37:46 | 220.325142 | 359.011155 
 4152.1454 | 08740.5473 | 10:37:47 | 220.331503 | 359.011434 
 4152.1457 | 08740.5395 | 10:37:48 | 220.338206 | 359.011830 
 4152.1459 | 08740.5316 | 10:37:49 | 220.344997 | 359.012112 
 4152.1465 | 08740.5234 | 10:37:50 | 220.352042 | 359.012856 
 4152.1470 | 08740.5153 | 10:37:51 | 220.359001 | 359.013485 
 4152.1474 | 08740.5071 | 10:37:52 | 220.366048 | 359.013999 
 4152.1477 | 08740.4991 | 10:37:53 | 220.372923 | 359.014397 
 4152.1479 | 08740.4912 | 10:37:54 | 220.379713 | 359.014679 
 4152.1482 | 08740.4833 | 10:37:55 | 220.386503 | 359.015076 
 4152.1485 | 08740.4757 | 10:37:56 | 220.393034 | 359.015471 
 4152.1486 | 08740.4685 | 10:37:57 | 220.399224 | 359.015634 
 4152.1489 | 08740.4617 | 10:37:58 | 220.405068 | 359.016024 
 4152.1490 | 08740.4555 | 10:37:59 | 220.410397 | 359.016180 
 4152.1492 | 08740.4497 | 10:38:00 | 220.415382 | 359.016448 
 4152.1493 | 08740.4448 | 10:38:01 | 220.419594 | 359.016596 
 4152.1494 | 08740.4407 | 10:38:02 | 220.423118 | 359.016738 
 4152.1496 | 08740.4372 | 10:38:03 | 220.426125 | 359.016991 
 4152.1495 | 08740.4342 | 10:38:04 | 220.428706 | 359.016896 
 4152.1497 | 08740.4315 | 10:38:05 | 220.431025 | 359.017144 
 4152.1498 | 08740.4293 | 10:38:06 | 220.432916 | 359.017273 
 4152.1498 | 08740.4274 | 10:38:07 | 220.434549 | 359.017286 
 4152.1500 | 08740.4256 | 10:38:08 | 220.436095 | 359.017528 
 4152.1500 | 08740.4235 | 10:38:09 | 220.437901 | 359.017541 
 4152.1501 | 08740.4204 | 10:38:10 | 220.440565 | 359.017677 
 4152.1502 | 08740.4162 | 10:38:11 | 220.444175 | 359.017820 
 4152.1502 | 08740.4112 | 10:38:12 | 220.448474 | 359.017853 
 4152.1502 | 08740.4055 | 10:38:13 | 220.453375 | 359.017890 
 4152.1504 | 08740.3991 | 10:38:14 | 220.458875 | 359.018163 
 4152.1507 | 08740.3922 | 10:38:15 | 220.464805 | 359.018554 
 4152.1508 | 08740.3847 | 10:38:16 | 220.471252 | 359.018718 
 4152.1510 | 08740.3770 | 10:38:17 | 220.477871 | 359.018999 
 4152.1512 | 08740.3699 | 10:38:18 | 220.483973 | 359.019276 
 4152.1512 | 08740.3614 | 10:38:19 | 220.491281 | 359.019332 
 4152.1517 | 08740.3526 | 10:38:20 | 220.498843 | 359.019966 
 4152.1521 | 08740.3440 | 10:38:21 | 220.506233 | 359.020483 
 4152.1526 | 08740.3355 | 10:38:22 | 220.513537 | 359.021114 
 4152.1528 | 08740.3277 | 10:38:23 | 220.520241 | 359.021396 
 4152.1531 | 08740.3206 | 10:38:24 | 220.526343 | 359.021788 
 4152.1533 | 08740.3142 | 10:38:25 | 220.531843 | 359.022060 
 4152.1544 | 08740.3086 | 10:38:26 | 220.536648 | 359.023363 
 4152.1550 | 08740.3034 | 10:38:27 | 220.541114 | 359.024087 
 4152.1555 | 08740.2981 | 10:38:28 | 220.545666 | 359.024698 
 4152.1559 | 08740.2929 | 10:38:29 | 220.550133 | 359.025192 
 4152.1563 | 08740.2876 | 10:38:30 | 220.554686 | 359.025687 
 4152.1568 | 08740.2829 | 10:38:31 | 220.558723 | 359.026294 
 4152.1634 | 08740.2876 | 10:38:32 | 220.554623 | 359.033854 
 4152.1643 | 08740.2864 | 10:38:33 | 220.555647 | 359.034897 
 4152.1584 | 08740.2930 | 10:38:34 | 220.550025 | 359.028067 
 4152.1563 | 08740.2949 | 10:38:35 | 220.548410 | 359.025639 
 4152.1548 | 08740.2960 | 10:38:36 | 220.547478 | 359.023906 
 4152.1533 | 08740.2818 | 10:38:37 | 220.559699 | 359.022275 
 4152.1555 | 08740.2776 | 10:38:38 | 220.563291 | 359.024834 
 4152.1566 | 08740.2728 | 10:38:39 | 220.567408 | 359.026131 
 4152.1569 | 08740.2674 | 10:38:40 | 220.572048 | 359.026512 
 4152.1573 | 08740.2611 | 10:38:41 | 220.577461 | 359.027013 
 4152.1577 | 08740.2541 | 10:38:42 | 220.583476 | 359.027520 
 4152.1561 | 08740.2441 | 10:38:43 | 220.592087 | 359.025746 
 4152.1555 | 08740.2356 | 10:38:44 | 220.599401 | 359.025112 
 4152.1556 | 08740.2269 | 10:38:45 | 220.606880 | 359.025285 
 4152.1560 | 08740.2184 | 10:38:46 | 220.614184 | 359.025801 
 4152.1564 | 08740.2100 | 10:38:47 | 220.621403 | 359.026317 
 4152.1596 | 08740.2051 | 10:38:48 | 220.625587 | 359.030031 
 4152.1597 | 08740.1978 | 10:38:49 | 220.631862 | 359.030194 
 4152.1596 | 08740.1909 | 10:38:50 | 220.637796 | 359.030125 
 4152.1600 | 08740.1837 | 10:38:51 | 220.643982 | 359.030633 
 4152.1600 | 08740.1770 | 10:38:52 | 220.649743 | 359.030678 
 4152.1601 | 08740.1703 | 10:38:53 | 220.655502 | 359.030837 
 4152.1601 | 08740.1635 | 10:38:54 | 220.661348 | 359.030882 
 4152.1596 | 08740.1582 | 10:38:55 | 220.665910 | 359.030342 
 4152.1614 | 08740.1540 | 10:38:56 | 220.669505 | 359.032441 
 4152.1612 | 08740.1505 | 10:38:57 | 220.672516 | 359.032234 
 4152.1549 | 08740.1464 | 10:38:58 | 220.676097 | 359.025015 
 4152.1539 | 08740.1450 | 10:38:59 | 220.677309 | 359.023874 
 4152.1544 | 08740.1449 | 10:39:00 | 220.677391 | 359.024450 
 4152.1547 | 08740.1443 | 10:39:01 | 220.677904 | 359.024799 
 4152.1549 | 08740.1425 | 10:39:02 | 220.679450 | 359.025041 
 4152.1551 | 08740.1391 | 10:39:03 | 220.682371 | 359.025293 
 4152.1554 | 08740.1346 | 10:39:04 | 220.686237 | 359.025668 
 4152.1557 | 08740.1293 | 10:39:05 | 220.690791 | 359.026049 
 4152.1560 | 08740.1232 | 10:39:06 | 220.696033 | 359.026434 
 4152.1561 | 08740.1166 | 10:39:07 | 220.701707 | 359.026593 
 4152.1563 | 08740.1093 | 10:39:08 | 220.707981 | 359.026872 
 4152.1566 | 08740.1018 | 10:39:09 | 220.714427 | 359.027267 
 4152.1571 | 08740.0940 | 10:39:10 | 220.721128 | 359.027894 
 4152.1575 | 08740.0861 | 10:39:11 | 220.727917 | 359.028407 
 4152.1578 | 08740.0780 | 10:39:12 | 220.734878 | 359.028806 
 4152.1581 | 08740.0698 | 10:39:13 | 220.741926 | 359.029206 
 4152.1583 | 08740.0614 | 10:39:14 | 220.749146 | 359.029492 
 4152.1584 | 08740.0530 | 10:39:15 | 220.756367 | 359.029663 
 4152.1585 | 08740.0446 | 10:39:16 | 220.763588 | 359.029834 
 4152.1586 | 08740.0365 | 10:39:17 | 220.770551 | 359.030003 
 4152.1587 | 08740.0287 | 10:39:18 | 220.777256 | 359.030170 
 4152.1588 | 08740.0213 | 10:39:19 | 220.783618 | 359.030334 
 4152.1588 | 08740.0144 | 10:39:20 | 220.789550 | 359.030380 
 4152.1587 | 08740.0082 | 10:39:21 | 220.794881 | 359.030307 
 4152.1588 | 08740.0029 | 10:39:22 | 220.799437 | 359.030457 
 4152.1589 | 08739.9990 | 10:39:23 | 220.802789 | 359.030598 
 4152.1589 | 08739.9967 | 10:39:24 | 220.804767 | 359.030614 
 4152.1590 | 08739.9961 | 10:39:25 | 220.805282 | 359.030733 
 4152.1590 | 08739.9963 | 10:39:26 | 220.805110 | 359.030731 
 4152.1590 | 08739.9965 | 10:39:27 | 220.804938 | 359.030730 
 4152.1590 | 08739.9965 | 10:39:28 | 220.804938 | 359.030730 
 4152.1590 | 08739.9965 | 10:39:29 | 220.804938 | 359.030730 
 4152.1590 | 08739.9965 | 10:39:30 | 220.804938 | 359.030730 
 4152.1590 | 08739.9965 | 10:39:31 | 220.804938 | 359.030730 
 4152.1590 | 08739.9965 | 10:39:32 | 220.804938 | 359.030730 
 4152.1590 | 08739.9965 | 10:39:33 | 220.804938 | 359.030730 
 4152.1590 | 08739.9965 | 10:39:34 | 220.804938 | 359.030730 
 4152.1590 | 08739.9965 | 10:39:35 | 220.804938 | 359.030730 
 4152.1590 | 08739.9965 | 10:39:36 | 220.804938 | 359.030730 
 4152.1590 | 08739.9965 | 10:39:37 | 220.804938 | 359.030730 
 4152.1590 | 08739.9965 | 10:39:38 | 220.804938 | 359.030730 
 4152.1590 | 08739.9965 | 10:39:39 | 220.804938 | 359.030730 
 4152.1590 | 08739.9965 | 10:39:40 | 220.804938 | 359.030730 
 4152.1590 | 08739.9965 | 10:39:41 | 220.804938 | 359.030730 
 4152.1590 | 08739.9965 | 10:39:42 | 220.804938 | 359.030730 
 4152.1590 | 08739.9965 | 10:39:43 | 220.804938 | 359.030730 
 4152.1590 | 08739.9965 | 10:39:44 | 220.804938 | 359.030730 
 4152.1590 | 08739.9965 | 10:39:45 | 220.804938 | 359.030730 
 4152.1590 | 08739.9965 | 10:39:46 | 220.804938 | 359.030730 
 4152.1590 | 08739.9965 | 10:39:47 | 220.804938 | 359.030730 
 4152.1590 | 08739.9965 | 10:39:48 | 220.804938 | 359.030730 
 4152.1590 | 08739.9965 | 10:39:49 | 220.804938 | 359.030730 
 4152.1590 | 08739.9965 | 10:39:50 | 220.804938 | 359.030730 
 4152.1590 | 08739.9965 | 10:39:51 | 220.804938 | 359.030730 
 4152.1590 | 08739.9965 | 10:39:52 | 220.804938 | 359.030730 
 4152.1590 | 08739.9965 | 10:39:53 | 220.804938 | 359.030730 
 4152.1590 | 08739.9965 | 10:39:54 | 220.804938 | 359.030730 
 4152.1590 | 08739.9965 | 10:39:55 | 220.804938 | 359.030730 
 4152.1590 | 08739.9965 | 10:39:56 | 220.804938 | 359.030730 
 4152.1590 | 08739.9965 | 10:39:57 | 220.804938 | 359.030730 
 4152.1590 | 08739.9965 | 10:39:58 | 220.804938 | 359.030730 
 4152.1590 | 08739.9965 | 10:39:59 | 220.804938 | 359.030730 
 4152.1590 | 08739.9965 | 10:40:00 | 220.804938 | 359.030730 
 4152.1590 | 08739.9965 | 10:40:01 | 220.804938 | 359.030730 
 4152.1590 | 08739.9965 | 10:40:02 | 220.804938 | 359.030730 
 4152.1590 | 08739.9965 | 10:40:03 | 220.804938 | 359.030730 
 4152.1590 | 08739.9965 | 10:40:04 | 220.804938 | 359.030730 
 4152.1590 | 08739.9965 | 10:40:05 | 220.804938 | 359.030730 
 4152.1590 | 08739.9965 | 10:40:06 | 220.804938 | 359.030730 
 4152.1590 | 08739.9965 | 10:40:07 | 220.804938 | 359.030730 
 4152.1590 | 08739.9965 | 10:40:08 | 220.804938 | 359.030730 
 4152.1590 | 08739.9965 | 10:40:09 | 220.804938 | 359.030730 
 4152.1590 | 08739.9965 | 10:40:10 | 220.804938 | 359.030730 
 4152.1530 | 08740.0005 | 10:40:11 | 220.801552 | 359.023802 
 4152.1531 | 08739.9976 | 10:40:12 | 220.804045 | 359.023936 
 4152.1531 | 08739.9936 | 10:40:13 | 220.807484 | 359.023963 
 4152.1532 | 08739.9886 | 10:40:14 | 220.811782 | 359.024111 
 4152.1532 | 08739.9830 | 10:40:15 | 220.816596 | 359.024149 
 4152.1539 | 08739.9765 | 10:40:16 | 220.822179 | 359.024997 
 4152.1543 | 08739.9695 | 10:40:17 | 220.828193 | 359.025504 
 4152.1548 | 08739.9619 | 10:40:18 | 220.834723 | 359.026130 
 4152.1551 | 08739.9541 | 10:40:19 | 220.841426 | 359.026527 
 4152.1555 | 08739.9459 | 10:40:20 | 220.848473 | 359.027042 
 4152.1557 | 08739.9375 | 10:40:21 | 220.855693 | 359.027328 
 4152.1559 | 08739.9287 | 10:40:22 | 220.863257 | 359.027617 
 4152.1563 | 08739.9196 | 10:40:23 | 220.871077 | 359.028138 
 4152.1566 | 08739.9106 | 10:40:24 | 220.878813 | 359.028544 
 4152.1569 | 08739.9020 | 10:40:25 | 220.886204 | 359.028946 
 4152.1572 | 08739.8937 | 10:40:26 | 220.893337 | 359.029347 
 4152.1574 | 08739.8859 | 10:40:27 | 220.900041 | 359.029629 
 4152.1576 | 08739.8785 | 10:40:28 | 220.906402 | 359.029909 
 4152.1577 | 08739.8714 | 10:40:29 | 220.912505 | 359.030071 
 4152.1579 | 08739.8647 | 10:40:30 | 220.918264 | 359.030346 
 4152.1581 | 08739.8589 | 10:40:31 | 220.923249 | 359.030615 
 4152.1582 | 08739.8549 | 10:40:32 | 220.926687 | 359.030757 
 4152.1584 | 08739.8524 | 10:40:33 | 220.928834 | 359.031004 
 4152.1585 | 08739.8508 | 10:40:34 | 220.930209 | 359.031130 
 4152.1586 | 08739.8485 | 10:40:35 | 220.932186 | 359.031260 
 4152.1588 | 08739.8453 | 10:40:36 | 220.934935 | 359.031511 
 4152.1590 | 08739.8414 | 10:40:37 | 220.938286 | 359.031768 
 4152.1591 | 08739.8368 | 10:40:38 | 220.942240 | 359.031914 
 4152.1592 | 08739.8315 | 10:40:39 | 220.946796 | 359.032064 
 4152.1593 | 08739.8254 | 10:40:40 | 220.952040 | 359.032220 
 4152.1593 | 08739.8186 | 10:40:41 | 220.957886 | 359.032266 
 4152.1595 | 08739.8112 | 10:40:42 | 220.964247 | 359.032545 
 4152.1598 | 08739.8032 | 10:40:43 | 220.971122 | 359.032944 
 4152.1601 | 08739.7949 | 10:40:44 | 220.978255 | 359.033345 
 4152.1603 | 08739.7862 | 10:40:45 | 220.985733 | 359.033633 
 4152.1604 | 08739.7772 | 10:40:46 | 220.993470 | 359.033809 
 4152.1605 | 08739.7679 | 10:40:47 | 221.001465 | 359.033986 
 4152.1607 | 08739.7584 | 10:40:48 | 221.009631 | 359.034280 
 4152.1608 | 08739.7487 | 10:40:49 | 221.017970 | 359.034460 
 4152.1610 | 08739.7388 | 10:40:50 | 221.026480 | 359.034757 
 4152.1612 | 08739.7289 | 10:40:51 | 221.034989 | 359.035053 
 4152.1613 | 08739.7189 | 10:40:52 | 221.043586 | 359.035236 
 4152.1613 | 08739.7089 | 10:40:53 | 221.052184 | 359.035303 
 4152.1614 | 08739.6989 | 10:40:54 | 221.060780 | 359.035485 
 4152.1615 | 08739.6888 | 10:40:55 | 221.069463 | 359.035668 
 4152.1618 | 08739.6788 | 10:40:56 | 221.078058 | 359.036081 
 4152.1621 | 08739.6689 | 10:40:57 | 221.086567 | 359.036492 
 4152.1624 | 08739.6589 | 10:40:58 | 221.095162 | 359.036905 
 4152.1629 | 08739.6488 | 10:40:59 | 221.103841 | 359.037548 
 4152.1631 | 08739.6387 | 10:41:00 | 221.112522 | 359.037846 
 4152.1633 | 08739.6284 | 10:41:01 | 221.121376 | 359.038145 
 4152.1634 | 08739.6180 | 10:41:02 | 221.130317 | 359.038331 
 4152.1635 | 08739.6075 | 10:41:03 | 221.139343 | 359.038516 
 4152.1637 | 08739.5969 | 10:41:04 | 221.148455 | 359.038818 
 4152.1638 | 08739.5862 | 10:41:05 | 221.157653 | 359.039005 
 4152.1640 | 08739.5755 | 10:41:06 | 221.166851 | 359.039307 
 4152.1643 | 08739.5647 | 10:41:07 | 221.176134 | 359.039725 
 4152.1646 | 08739.5538 | 10:41:08 | 221.185502 | 359.040144 
 4152.1648 | 08739.5428 | 10:41:09 | 221.194958 | 359.040448 
 4152.1651 | 08739.5316 | 10:41:10 | 221.204584 | 359.040869 
 4152.1652 | 08739.5203 | 10:41:11 | 221.214299 | 359.041060 
 4152.1654 | 08739.5088 | 10:41:12 | 221.224184 | 359.041368 
 4152.1655 | 08739.4973 | 10:41:13 | 221.234070 | 359.041561 
 4152.1656 | 08739.4858 | 10:41:14 | 221.243957 | 359.041754 
 4152.1658 | 08739.4744 | 10:41:15 | 221.253756 | 359.042061 
 4152.1659 | 08739.4632 | 10:41:16 | 221.263384 | 359.042252 
 4152.1661 | 08739.4521 | 10:41:17 | 221.272926 | 359.042557 
 4152.1660 | 08739.4412 | 10:41:18 | 221.282298 | 359.042516 
 4152.1661 | 08739.4313 | 10:41:19 | 221.290809 | 359.042698 
 4152.1662 | 08739.4227 | 10:41:20 | 221.298202 | 359.042871 
 4152.1660 | 08739.4155 | 10:41:21 | 221.304394 | 359.042690 
 4152.1659 | 08739.4098 | 10:41:22 | 221.309295 | 359.042613 
 4152.1661 | 08739.4047 | 10:41:23 | 221.313678 | 359.042878 
 4152.1663 | 08739.3996 | 10:41:24 | 221.318061 | 359.043142 
 4152.1664 | 08739.3940 | 10:41:25 | 221.322875 | 359.043295 
 4152.1665 | 08739.3874 | 10:41:26 | 221.328549 | 359.043455 
 4152.1666 | 08739.3800 | 10:41:27 | 221.334910 | 359.043620 
 4152.1668 | 08739.3719 | 10:41:28 | 221.341872 | 359.043905 
 4152.1671 | 08739.3634 | 10:41:29 | 221.349177 | 359.044308 
 4152.1673 | 08739.3548 | 10:41:30 | 221.356569 | 359.044596 
 4152.1675 | 08739.3462 | 10:41:31 | 221.363961 | 359.044885 
 4152.1677 | 08739.3374 | 10:41:32 | 221.371526 | 359.045175 
 4152.1679 | 08739.3284 | 10:41:33 | 221.379261 | 359.045466 
 4152.1681 | 08739.3191 | 10:41:34 | 221.387255 | 359.045759 
 4152.1682 | 08739.3095 | 10:41:35 | 221.395508 | 359.045939 
 4152.1683 | 08739.2997 | 10:41:36 | 221.403933 | 359.046121 
 4152.1685 | 08739.2895 | 10:41:37 | 221.412701 | 359.046420 
 4152.1686 | 08739.2791 | 10:41:38 | 221.421641 | 359.046606 
 4152.1688 | 08739.2685 | 10:41:39 | 221.430753 | 359.046908 
 4152.1690 | 08739.2579 | 10:41:40 | 221.439864 | 359.047210 
 4152.1691 | 08739.2474 | 10:41:41 | 221.448891 | 359.047397 
 4152.1693 | 08739.2371 | 10:41:42 | 221.457745 | 359.047697 
 4152.1694 | 08739.2269 | 10:41:43 | 221.466513 | 359.047881 
 4152.1696 | 08739.2166 | 10:41:44 | 221.475367 | 359.048181 
 4152.1698 | 08739.2063 | 10:41:45 | 221.484220 | 359.048482 
 4152.1700 | 08739.1962 | 10:41:46 | 221.492902 | 359.048780 
 4152.1703 | 08739.1862 | 10:41:47 | 221.501497 | 359.049194 
 4152.1704 | 08739.1765 | 10:41:48 | 221.509836 | 359.049375 
 4152.1706 | 08739.1671 | 10:41:49 | 221.517916 | 359.049669 
 4152.1707 | 08739.1579 | 10:41:50 | 221.525824 | 359.049847 
 4152.1710 | 08739.1489 | 10:41:51 | 221.533559 | 359.050253 
 4152.1712 | 08739.1401 | 10:41:52 | 221.541124 | 359.050543 
 4152.1714 | 08739.1315 | 10:41:53 | 221.548516 | 359.050832 
 4152.1715 | 08739.1232 | 10:41:54 | 221.555651 | 359.051003 
 4152.1716 | 08739.1152 | 10:41:55 | 221.562528 | 359.051173 
 4152.1716 | 08739.1074 | 10:41:56 | 221.569234 | 359.051226 
 4152.1715 | 08739.1005 | 10:41:57 | 221.575167 | 359.051158 
 4152.1715 | 08739.0944 | 10:41:58 | 221.580412 | 359.051200 
 4152.1715 | 08739.0896 | 10:41:59 | 221.584538 | 359.051233 
 4152.1714 | 08739.0862 | 10:42:00 | 221.587463 | 359.051141 
 4152.1710 | 08739.0836 | 10:42:01 | 221.589702 | 359.050699 
 4152.1707 | 08739.0812 | 10:42:02 | 221.591768 | 359.050370 
 4152.1705 | 08739.0790 | 10:42:03 | 221.593661 | 359.050155 
 4152.1706 | 08739.0769 | 10:42:04 | 221.595466 | 359.050284 
 4152.1707 | 08739.0752 | 10:42:05 | 221.596926 | 359.050411 
 4152.1704 | 08739.0743 | 10:42:06 | 221.597703 | 359.050072 
 4152.1704 | 08739.0731 | 10:42:07 | 221.598734 | 359.050080 
 4152.1703 | 08739.0710 | 10:42:08 | 221.600541 | 359.049980 
 4152.1703 | 08739.0678 | 10:42:09 | 221.603292 | 359.050001 
 4152.1704 | 08739.0636 | 10:42:10 | 221.606902 | 359.050145 
 4152.1702 | 08739.0589 | 10:42:11 | 221.610945 | 359.049947 
 4152.1700 | 08739.0534 | 10:42:12 | 221.615675 | 359.049755 
 4152.1702 | 08739.0471 | 10:42:13 | 221.621090 | 359.050028 
 4152.1703 | 08739.0403 | 10:42:14 | 221.626935 | 359.050189 
 4152.1704 | 08739.0329 | 10:42:15 | 221.633297 | 359.050355 
 4152.1706 | 08739.0251 | 10:42:16 | 221.640001 | 359.050638 
 4152.1699 | 08739.0173 | 10:42:17 | 221.646713 | 359.049887 
 4152.1698 | 08739.0094 | 10:42:18 | 221.653506 | 359.049826 
 4152.1698 | 08739.0014 | 10:42:19 | 221.660384 | 359.049880 
 4152.1699 | 08738.9934 | 10:42:20 | 221.667262 | 359.050050 
 4152.1701 | 08738.9856 | 10:42:21 | 221.673966 | 359.050334 
 4152.1702 | 08738.9783 | 10:42:22 | 221.680241 | 359.050499 
 4152.1703 | 08738.9711 | 10:42:23 | 221.686430 | 359.050663 
 4152.1705 | 08738.9645 | 10:42:24 | 221.692103 | 359.050938 
 4152.1704 | 08738.9585 | 10:42:25 | 221.697262 | 359.050864 
 4152.1704 | 08738.9531 | 10:42:26 | 221.701905 | 359.050901 
 4152.1705 | 08738.9483 | 10:42:27 | 221.706031 | 359.051049 
 4152.1705 | 08738.9441 | 10:42:28 | 221.709642 | 359.051078 
 4152.1706 | 08738.9407 | 10:42:29 | 221.712564 | 359.051216 
 4152.1705 | 08738.9382 | 10:42:30 | 221.714715 | 359.051118 
 4152.1705 | 08738.9367 | 10:42:31 | 221.716004 | 359.051129 
 4152.1705 | 08738.9361 | 10:42:32 | 221.716520 | 359.051133 
 4152.1706 | 08738.9360 | 10:42:33 | 221.716605 | 359.051248 
 4152.1707 | 08738.9360 | 10:42:34 | 221.716604 | 359.051363 
 4152.1707 | 08738.9360 | 10:42:35 | 221.716604 | 359.051363 
 4152.1707 | 08738.9360 | 10:42:36 | 221.716604 | 359.051363 
 4152.1707 | 08738.9360 | 10:42:37 | 221.716604 | 359.051363 
 4152.1707 | 08738.9360 | 10:42:38 | 221.716604 | 359.051363 
 4152.1706 | 08738.9375 | 10:42:39 | 221.715316 | 359.051238 
 4152.1701 | 08738.9380 | 10:42:40 | 221.714890 | 359.050660 
 4152.1693 | 08738.9379 | 10:42:41 | 221.714984 | 359.049740 
 4152.1691 | 08738.9380 | 10:42:42 | 221.714899 | 359.049509 
 4152.1691 | 08738.9380 | 10:42:43 | 221.714899 | 359.049509 
 4152.1691 | 08738.9380 | 10:42:44 | 221.714899 | 359.049509 
 4152.1691 | 08738.9380 | 10:42:45 | 221.714899 | 359.049509 
 4152.1691 | 08738.9380 | 10:42:46 | 221.714899 | 359.049509 
 4152.1669 | 08738.9389 | 10:42:47 | 221.714146 | 359.046973 
 4152.1668 | 08738.9392 | 10:42:48 | 221.713889 | 359.046856 
 4152.1668 | 08738.9395 | 10:42:49 | 221.713631 | 359.046854 
 4152.1668 | 08738.9396 | 10:42:50 | 221.713545 | 359.046853 
 4152.1669 | 08738.9399 | 10:42:51 | 221.713286 | 359.046966 
 4152.1669 | 08738.9399 | 10:42:52 | 221.713286 | 359.046966 
 4152.1670 | 08738.9404 | 10:42:53 | 221.712855 | 359.047077 
 4152.1668 | 08738.9396 | 10:42:54 | 221.713545 | 359.046853 
 4152.1667 | 08738.9392 | 10:42:55 | 221.713890 | 359.046741 
 4152.1669 | 08738.9383 | 10:42:56 | 221.714662 | 359.046977 
 4152.1669 | 08738.9379 | 10:42:57 | 221.715006 | 359.046980 
 4152.1669 | 08738.9373 | 10:42:58 | 221.715521 | 359.046984 
 4152.1671 | 08738.9367 | 10:42:59 | 221.716035 | 359.047218 
 4152.1672 | 08738.9359 | 10:43:00 | 221.716722 | 359.047338 
 4152.1672 | 08738.9351 | 10:43:01 | 221.717410 | 359.047344 
 4152.1673 | 08738.9342 | 10:43:02 | 221.718183 | 359.047465 
 4152.1673 | 08738.9333 | 10:43:03 | 221.718957 | 359.047471 
 4152.1673 | 08738.9324 | 10:43:04 | 221.719731 | 359.047477 
 4152.1672 | 08738.9316 | 10:43:05 | 221.720419 | 359.047368 
 4152.1668 | 08738.9301 | 10:43:06 | 221.721713 | 359.046918 
 4152.1667 | 08738.9292 | 10:43:07 | 221.722487 | 359.046809 
 4152.1666 | 08738.9282 | 10:43:08 | 221.723348 | 359.046701 
 4152.1668 | 08738.9273 | 10:43:09 | 221.724120 | 359.046937 
 4152.1668 | 08738.9263 | 10:43:10 | 221.724980 | 359.046944 
 4152.1671 | 08738.9256 | 10:43:11 | 221.725579 | 359.047294 
 4152.1672 | 08738.9247 | 10:43:12 | 221.726352 | 359.047415 
 4152.1674 | 08738.9237 | 10:43:13 | 221.727210 | 359.047652 
 4152.1674 | 08738.9228 | 10:43:14 | 221.727983 | 359.047658 
 4152.1673 | 08738.9219 | 10:43:15 | 221.728758 | 359.047549 
 4152.1673 | 08738.9210 | 10:43:16 | 221.729532 | 359.047555 
 4152.1677 | 08738.9202 | 10:43:17 | 221.730216 | 359.048021 
 4152.1680 | 08738.9195 | 10:43:18 | 221.730815 | 359.048371 
 4152.1682 | 08738.9190 | 10:43:19 | 221.731243 | 359.048604 
 4152.1684 | 08738.9186 | 10:43:20 | 221.731585 | 359.048837 
 4152.1690 | 08738.9185 | 10:43:21 | 221.731666 | 359.049528 
 4152.1694 | 08738.9194 | 10:43:22 | 221.730888 | 359.049982 
 4152.1698 | 08738.9194 | 10:43:23 | 221.730884 | 359.050442 
 4152.1703 | 08738.9190 | 10:43:24 | 221.731224 | 359.051020 
 4152.1703 | 08738.9188 | 10:43:25 | 221.731396 | 359.051021 
 4152.1702 | 08738.9189 | 10:43:26 | 221.731311 | 359.050906 
 4152.1701 | 08738.9190 | 10:43:27 | 221.731226 | 359.050790 
 4152.1701 | 08738.9190 | 10:43:28 | 221.731226 | 359.050790 
 4152.1701 | 08738.9190 | 10:43:29 | 221.731226 | 359.050790 
 4152.1701 | 08738.9190 | 10:43:30 | 221.731226 | 359.050790 
 4152.1701 | 08738.9190 | 10:43:31 | 221.731226 | 359.050790 
 4152.1701 | 08738.9190 | 10:43:32 | 221.731226 | 359.050790 
 4152.1701 | 08738.9190 | 10:43:33 | 221.731226 | 359.050790 
 4152.1701 | 08738.9190 | 10:43:34 | 221.731226 | 359.050790 
 4152.1701 | 08738.9190 | 10:43:35 | 221.731226 | 359.050790 
 4152.1704 | 08738.9174 | 10:43:36 | 221.732598 | 359.051146 
 4152.1706 | 08738.9170 | 10:43:37 | 221.732941 | 359.051379 
 4152.1715 | 08738.9169 | 10:43:38 | 221.733018 | 359.052415 
 4152.1719 | 08738.9166 | 10:43:39 | 221.733273 | 359.052877 
 4152.1723 | 08738.9163 | 10:43:40 | 221.733527 | 359.053339 
 4152.1729 | 08738.9161 | 10:43:41 | 221.733693 | 359.054030 
 4152.1735 | 08738.9159 | 10:43:42 | 221.733860 | 359.054722 
 4152.1742 | 08738.9157 | 10:43:43 | 221.734025 | 359.055529 
 4152.1748 | 08738.9157 | 10:43:44 | 221.734020 | 359.056219 
 4152.1762 | 08738.9178 | 10:43:45 | 221.732201 | 359.057815 
 4152.1787 | 08738.9156 | 10:43:46 | 221.734070 | 359.060705 
 4152.1783 | 08738.9156 | 10:43:47 | 221.734074 | 359.060245 
 4152.1783 | 08738.9152 | 10:43:48 | 221.734417 | 359.060248 
 4152.1783 | 08738.9152 | 10:43:49 | 221.734417 | 359.060248 
 4152.1783 | 08738.9152 | 10:43:50 | 221.734417 | 359.060248 
 4152.1783 | 08738.9152 | 10:43:51 | 221.734417 | 359.060248 
 4152.1792 | 08738.9150 | 10:43:52 | 221.734581 | 359.061285 
 4152.1799 | 08738.9150 | 10:43:53 | 221.734575 | 359.062090 
 4152.1807 | 08738.9149 | 10:43:54 | 221.734653 | 359.063011 
 4152.1814 | 08738.9149 | 10:43:55 | 221.734647 | 359.063816 
 4152.1821 | 08738.9149 | 10:43:56 | 221.734640 | 359.064621 
 4152.1823 | 08738.9140 | 10:43:57 | 221.735412 | 359.064857 
 4152.1831 | 08738.9140 | 10:43:58 | 221.735405 | 359.065777 
 4152.1831 | 08738.9142 | 10:43:59 | 221.735233 | 359.065776 
 4152.1846 | 08738.9106 | 10:44:00 | 221.738314 | 359.067526 
 4152.1853 | 08738.9099 | 10:44:01 | 221.738910 | 359.068336 
 4152.1869 | 08738.9107 | 10:44:02 | 221.738207 | 359.070171 
 4152.1877 | 08738.9103 | 10:44:03 | 221.738544 | 359.071094 
 4152.1886 | 08738.9103 | 10:44:04 | 221.738536 | 359.072129 
 4152.1895 | 08738.9101 | 10:44:05 | 221.738699 | 359.073166 
 4152.1905 | 08738.9099 | 10:44:06 | 221.738862 | 359.074317 
 4152.1915 | 08738.9099 | 10:44:07 |