 4152.1855 | 08738.7851 | 18:41:54 | 221.846205 | 359.069424 
 4152.1825 | 08738.7814 | 18:42:04 | 221.849414 | 359.065998 
 4152.1831 | 08738.7811 | 18:42:05 | 221.849666 | 359.066690 
 4152.1844 | 08738.7802 | 18:42:06 | 221.850428 | 359.068192 
 4152.1853 | 08738.7796 | 18:42:07 | 221.850936 | 359.069231 
 4152.1826 | 08738.7811 | 18:42:08 | 221.849671 | 359.066115 
 4152.1824 | 08738.7807 | 18:42:09 | 221.850017 | 359.065888 
 4152.1815 | 08738.7831 | 18:42:10 | 221.847962 | 359.064836 
 4152.1831 | 08738.7802 | 18:42:11 | 221.850440 | 359.066697 
 4152.1848 | 08738.7798 | 18:42:12 | 221.850768 | 359.068655 
 4152.1878 | 08738.7789 | 18:42:13 | 221.851514 | 359.072112 
 4152.1879 | 08738.7798 | 18:42:14 | 221.850740 | 359.072221 
 4152.1870 | 08738.7803 | 18:42:15 | 221.850318 | 359.071182 
 4152.1853 | 08738.7818 | 18:42:16 | 221.849044 | 359.069216 
 4152.1841 | 08738.7830 | 18:42:17 | 221.848024 | 359.067828 
 4152.1832 | 08738.7826 | 18:42:18 | 221.848376 | 359.066795 
 4152.1829 | 08738.7837 | 18:42:19 | 221.847433 | 359.066442 
 4152.1827 | 08738.7833 | 18:42:20 | 221.847779 | 359.066215 
 4152.1836 | 08738.7821 | 18:42:21 | 221.848802 | 359.067259 
 4152.1785 | 08738.7752 | 18:42:22 | 221.854781 | 359.061440 
 4152.1835 | 08738.7787 | 18:42:23 | 221.851726 | 359.067167 
 4152.1841 | 08738.7773 | 18:42:24 | 221.852924 | 359.067867 
 4152.1850 | 08738.7802 | 18:42:25 | 221.850423 | 359.068882 
 4152.1843 | 08738.7801 | 18:42:26 | 221.850515 | 359.068078 
 4152.1846 | 08738.7801 | 18:42:27 | 221.850512 | 359.068423 
 4152.1853 | 08738.7802 | 18:42:28 | 221.850420 | 359.069227 
 4152.1858 | 08738.7789 | 18:42:29 | 221.851533 | 359.069811 
 4152.1863 | 08738.7783 | 18:42:30 | 221.852044 | 359.070390 
 4152.1864 | 08738.7781 | 18:42:31 | 221.852215 | 359.070507 
 4152.1865 | 08738.7790 | 18:42:32 | 221.851440 | 359.070616 
 4152.1862 | 08738.7792 | 18:42:33 | 221.851271 | 359.070269 
 4152.1861 | 08738.7793 | 18:42:34 | 221.851186 | 359.070154 
 4152.1856 | 08738.7794 | 18:42:35 | 221.851105 | 359.069578 
 4152.1853 | 08738.7793 | 18:42:36 | 221.851194 | 359.069233 
 4152.1853 | 08738.7793 | 18:42:37 | 221.851194 | 359.069233 
 4152.1853 | 08738.7793 | 18:42:38 | 221.851194 | 359.069233 
 4152.1853 | 08738.7793 | 18:42:39 | 221.851194 | 359.069233 
 4152.1853 | 08738.7793 | 18:42:40 | 221.851194 | 359.069233 
 4152.1853 | 08738.7793 | 18:42:41 | 221.851194 | 359.069233 
 4152.1853 | 08738.7793 | 18:42:42 | 221.851194 | 359.069233 
 4152.1853 | 08738.7793 | 18:42:43 | 221.851194 | 359.069233 
 4152.1853 | 08738.7793 | 18:42:44 | 221.851194 | 359.069233 
 4152.1849 | 08738.7786 | 18:42:45 | 221.851799 | 359.068778 
 4152.1847 | 08738.7782 | 18:42:46 | 221.852145 | 359.068551 
 4152.1845 | 08738.7778 | 18:42:47 | 221.852491 | 359.068323 
 4152.1843 | 08738.7774 | 18:42:48 | 221.852836 | 359.068096 
 4152.1841 | 08738.7770 | 18:42:49 | 221.853182 | 359.067869 
 4152.1836 | 08738.7768 | 18:42:50 | 221.853359 | 359.067295 
 4152.1833 | 08738.7765 | 18:42:51 | 221.853619 | 359.066952 
 4152.1826 | 08738.7758 | 18:42:53 | 221.854228 | 359.066152 
 4152.1826 | 08738.7754 | 18:42:54 | 221.854571 | 359.066155 
 4152.1828 | 08738.7749 | 18:42:55 | 221.855000 | 359.066388 
 4152.1825 | 08738.7746 | 18:42:56 | 221.855260 | 359.066045 
 4152.1822 | 08738.7745 | 18:42:57 | 221.855349 | 359.065701 
 4152.1828 | 08738.7756 | 18:42:58 | 221.854398 | 359.066383 
 4152.1826 | 08738.7754 | 18:42:59 | 221.854571 | 359.066155 
 4152.1826 | 08738.7753 | 18:43:00 | 221.854657 | 359.066155 
 4152.1826 | 08738.7753 | 18:43:01 | 221.854657 | 359.066155 
 4152.1826 | 08738.7753 | 18:43:02 | 221.854657 | 359.066155 
 4152.1826 | 08738.7753 | 18:43:03 | 221.854657 | 359.066155 
 4152.1826 | 08738.7753 | 18:43:04 | 221.854657 | 359.066155 
 4152.1826 | 08738.7753 | 18:43:05 | 221.854657 | 359.066155 
 4152.1826 | 08738.7753 | 18:43:06 | 221.854657 | 359.066155 
 4152.1826 | 08738.7753 | 18:43:07 | 221.854657 | 359.066155 
 4152.1826 | 08738.7753 | 18:43:08 | 221.854657 | 359.066155 
 4152.1826 | 08738.7753 | 18:43:09 | 221.854657 | 359.066155 
 4152.1826 | 08738.7753 | 18:43:10 | 221.854657 | 359.066155 
 4152.1826 | 08738.7753 | 18:43:11 | 221.854657 | 359.066155 
 4152.1826 | 08738.7753 | 18:43:12 | 221.854657 | 359.066155 
 4152.1826 | 08738.7753 | 18:43:13 | 221.854657 | 359.066155 
 4152.1826 | 08738.7753 | 18:43:14 | 221.854657 | 359.066155 
 4152.1826 | 08738.7753 | 18:43:15 | 221.854657 | 359.066155 
 4152.1826 | 08738.7753 | 18:43:16 | 221.854657 | 359.066155 
 4152.1826 | 08738.7753 | 18:43:17 | 221.854657 | 359.066155 
 4152.1826 | 08738.7753 | 18:43:18 | 221.854657 | 359.066155 
 4152.1826 | 08738.7753 | 18:43:19 | 221.854657 | 359.066155 
 4152.1826 | 08738.7753 | 18:43:20 | 221.854657 | 359.066155 
 4152.1826 | 08738.7753 | 18:43:21 | 221.854657 | 359.066155 
 4152.1826 | 08738.7753 | 18:43:22 | 221.854657 | 359.066155 
 4152.1826 | 08738.7753 | 18:43:23 | 221.854657 | 359.066155 
 4152.1826 | 08738.7753 | 18:43:24 | 221.854657 | 359.066155 
 4152.1826 | 08738.7753 | 18:43:25 | 221.854657 | 359.066155 
 4152.1826 | 08738.7753 | 18:43:26 | 221.854657 | 359.066155 
 4152.1826 | 08738.7753 | 18:43:27 | 221.854657 | 359.066155 
 4152.1826 | 08738.7753 | 18:43:28 | 221.854657 | 359.066155 
 4152.1826 | 08738.7753 | 18:43:29 | 221.854657 | 359.066155 
 4152.1826 | 08738.7753 | 18:43:30 | 221.854657 | 359.066155 
 4152.1826 | 08738.7753 | 18:43:31 | 221.854657 | 359.066155 
 4152.1826 | 08738.7753 | 18:43:32 | 221.854657 | 359.066155 
 4152.1826 | 08738.7753 | 18:43:33 | 221.854657 | 359.066155 
 4152.1826 | 08738.7753 | 18:43:34 | 221.854657 | 359.066155 
 4152.1826 | 08738.7753 | 18:43:35 | 221.854657 | 359.066155 
 4152.1826 | 08738.7753 | 18:43:36 | 221.854657 | 359.066155 
 4152.1826 | 08738.7753 | 18:43:37 | 221.854657 | 359.066155 
 4152.1826 | 08738.7753 | 18:43:38 | 221.854657 | 359.066155 
 4152.1826 | 08738.7753 | 18:43:39 | 221.854657 | 359.066155 
 4152.1826 | 08738.7753 | 18:43:40 | 221.854657 | 359.066155 
 4152.1826 | 08738.7753 | 18:43:41 | 221.854657 | 359.066155 
 4152.1826 | 08738.7753 | 18:43:42 | 221.854657 | 359.066155 
 4152.1826 | 08738.7753 | 18:43:43 | 221.854657 | 359.066155 
 4152.1826 | 08738.7753 | 18:43:44 | 221.854657 | 359.066155 
 4152.1826 | 08738.7753 | 18:43:45 | 221.854657 | 359.066155 
 4152.1826 | 08738.7753 | 18:43:46 | 221.854657 | 359.066155 
 4152.1826 | 08738.7753 | 18:43:47 | 221.854657 | 359.066155 
 4152.1826 | 08738.7753 | 18:43:48 | 221.854657 | 359.066155 
 4152.1826 | 08738.7753 | 18:43:49 | 221.854657 | 359.066155 
 4152.1826 | 08738.7753 | 18:43:50 | 221.854657 | 359.066155 
 4152.1826 | 08738.7753 | 18:43:51 | 221.854657 | 359.066155 
 4152.1826 | 08738.7753 | 18:43:52 | 221.854657 | 359.066155 
 4152.1826 | 08738.7753 | 18:43:53 | 221.854657 | 359.066155 
 4152.1826 | 08738.7753 | 18:43:54 | 221.854657 | 359.066155 
 4152.1826 | 08738.7753 | 18:43:55 | 221.854657 | 359.066155 
 4152.1826 | 08738.7753 | 18:43:56 | 221.854657 | 359.066155 
 4152.1826 | 08738.7753 | 18:43:57 | 221.854657 | 359.066155 
 4152.1826 | 08738.7753 | 18:43:58 | 221.854657 | 359.066155 
 4152.1826 | 08738.7753 | 18:43:59 | 221.854657 | 359.066155 
 4152.1826 | 08738.7753 | 18:44:00 | 221.854657 | 359.066155 
 4152.1826 | 08738.7753 | 18:44:01 | 221.854657 | 359.066155 
 4152.1826 | 08738.7753 | 18:44:02 | 221.854657 | 359.066155 
 4152.1826 | 08738.7753 | 18:44:03 | 221.854657 | 359.066155 
 4152.1826 | 08738.7753 | 18:44:04 | 221.854657 | 359.066155 
 4152.1826 | 08738.7753 | 18:44:05 | 221.854657 | 359.066155 
 4152.1826 | 08738.7753 | 18:44:06 | 221.854657 | 359.066155 
 4152.1826 | 08738.7753 | 18:44:07 | 221.854657 | 359.066155 
 4152.1826 | 08738.7753 | 18:44:08 | 221.854657 | 359.066155 
 4152.1826 | 08738.7753 | 18:44:09 | 221.854657 | 359.066155 
 4152.1826 | 08738.7753 | 18:44:10 | 221.854657 | 359.066155 
 4152.1826 | 08738.7753 | 18:44:11 | 221.854657 | 359.066155 
 4152.1826 | 08738.7753 | 18:44:12 | 221.854657 | 359.066155 
 4152.1826 | 08738.7753 | 18:44:13 | 221.854657 | 359.066155 
 4152.1826 | 08738.7753 | 18:44:14 | 221.854657 | 359.066155 
 4152.1826 | 08738.7753 | 18:44:16 | 221.854657 | 359.066155 
 4152.1826 | 08738.7753 | 18:44:17 | 221.854657 | 359.066155 
 4152.1886 | 08738.7898 | 18:44:18 | 221.842136 | 359.072957 
 4152.1888 | 08738.7906 | 18:44:19 | 221.841446 | 359.073182 
 4152.1889 | 08738.7914 | 18:44:20 | 221.840757 | 359.073291 
 4152.1892 | 08738.7930 | 18:44:22 | 221.839379 | 359.073625 
 4152.1893 | 08738.7939 | 18:44:23 | 221.838604 | 359.073734 
 4152.1894 | 08738.7948 | 18:44:24 | 221.837830 | 359.073843 
 4152.1894 | 08738.7957 | 18:44:25 | 221.837056 | 359.073837 
 4152.1894 | 08738.7968 | 18:44:26 | 221.836110 | 359.073829 
 4152.1894 | 08738.7986 | 18:44:28 | 221.834563 | 359.073817 
 4152.1887 | 08738.8001 | 18:44:29 | 221.833279 | 359.073001 
 4152.1877 | 08738.8063 | 18:44:32 | 221.827958 | 359.071808 
 4152.1872 | 08738.8084 | 18:44:33 | 221.826157 | 359.071219 
 4152.1870 | 08738.8131 | 18:44:35 | 221.822118 | 359.070956 
 4152.1863 | 08738.8183 | 18:44:36 | 221.817654 | 359.070115 
 4152.1840 | 08738.8263 | 18:44:39 | 221.810797 | 359.067415 
 4152.1825 | 08738.8321 | 18:44:40 | 221.805824 | 359.065650 
 4152.1806 | 08738.8383 | 18:44:41 | 221.800511 | 359.063421 
 4152.1791 | 08738.8433 | 18:44:42 | 221.796226 | 359.061662 
 4152.1796 | 08738.8484 | 18:44:43 | 221.791837 | 359.062202 
 4152.1784 | 08738.8540 | 18:44:44 | 221.787033 | 359.060783 
 4152.1774 | 08738.8601 | 18:44:45 | 221.781798 | 359.059591 
 4152.1757 | 08738.8657 | 18:44:46 | 221.776999 | 359.057597 
 4152.1738 | 08738.8702 | 18:44:47 | 221.773148 | 359.055381 
 4152.1548 | 08738.8780 | 18:44:48 | 221.766616 | 359.033472 
 4152.1541 | 08738.8832 | 18:44:49 | 221.762152 | 359.032631 
 4152.1539 | 08738.8904 | 18:44:50 | 221.755963 | 359.032352 
 4152.1536 | 08738.8975 | 18:44:51 | 221.749862 | 359.031958 
 4152.1542 | 08738.9090 | 18:44:52 | 221.739969 | 359.032569 
 4152.1544 | 08738.9184 | 18:44:53 | 221.731886 | 359.032735 
 4152.1540 | 08738.9262 | 18:44:54 | 221.725183 | 359.032221 
 4152.1538 | 08738.9337 | 18:44:55 | 221.718737 | 359.031940 
 4152.1530 | 08738.9397 | 18:44:56 | 221.713585 | 359.030979 
 4152.1512 | 08738.9489 | 18:44:58 | 221.705692 | 359.028845 
 4152.1513 | 08738.9585 | 18:44:59 | 221.697438 | 359.028894 
 4152.1515 | 08738.9679 | 18:45:00 | 221.689354 | 359.029060 
 4152.1571 | 08738.9873 | 18:45:01 | 221.672623 | 359.035369 
 4152.1576 | 08738.9956 | 18:45:02 | 221.665483 | 359.035887 
 4152.1585 | 08739.0036 | 18:45:03 | 221.658596 | 359.036867 
 4152.1586 | 08739.0093 | 18:45:04 | 221.653695 | 359.036943 
 4152.1611 | 08739.0118 | 18:45:06 | 221.651523 | 359.039802 
 4152.1616 | 08739.0174 | 18:45:07 | 221.646703 | 359.040339 
 4152.1620 | 08739.0228 | 18:45:08 | 221.642057 | 359.040762 
 4152.1623 | 08739.0280 | 18:45:09 | 221.637584 | 359.041071 
 4152.1653 | 08739.0330 | 18:45:10 | 221.633257 | 359.044488 
 4152.1659 | 08739.0381 | 18:45:11 | 221.628867 | 359.045143 
 4152.1662 | 08739.0432 | 18:45:12 | 221.624480 | 359.045453 
 4152.1670 | 08739.0561 | 18:45:13 | 221.613381 | 359.046285 
 4152.1675 | 08739.0617 | 18:45:14 | 221.608562 | 359.046822 
 4152.1680 | 08739.0684 | 18:45:15 | 221.602797 | 359.047352 
 4152.1686 | 08739.0743 | 18:45:16 | 221.597719 | 359.048002 
 4152.1694 | 08739.0800 | 18:45:17 | 221.592811 | 359.048883 
 4152.1692 | 08739.0851 | 18:45:18 | 221.588428 | 359.048618 
 4152.1689 | 08739.0900 | 18:45:19 | 221.584218 | 359.048239 
 4152.1685 | 08739.0947 | 18:45:20 | 221.580181 | 359.047747 
 4152.1683 | 08739.0996 | 18:45:21 | 221.575970 | 359.047484 
 4152.1687 | 08739.1050 | 18:45:22 | 221.571324 | 359.047907 
 4152.1684 | 08739.1097 | 18:45:23 | 221.567286 | 359.047530 
 4152.1676 | 08739.1137 | 18:45:24 | 221.563854 | 359.046582 
 4152.1673 | 08739.1183 | 18:45:25 | 221.559902 | 359.046206 
 4152.1656 | 08739.1241 | 18:45:26 | 221.554931 | 359.044211 
 4152.1663 | 08739.1296 | 18:45:27 | 221.550196 | 359.044978 
 4152.1656 | 08739.1338 | 18:45:28 | 221.546591 | 359.044145 
 4152.1648 | 08739.1380 | 18:45:29 | 221.542987 | 359.043196 
 4152.1645 | 08739.1430 | 18:45:30 | 221.538691 | 359.042817 
 4152.1644 | 08739.1483 | 18:45:31 | 221.534136 | 359.042665 
 4152.1645 | 08739.1539 | 18:45:32 | 221.529320 | 359.042742 
 4152.1646 | 08739.1598 | 18:45:33 | 221.524247 | 359.042817 
 4152.1648 | 08739.1655 | 18:45:34 | 221.519344 | 359.043008 
 4152.1626 | 08739.1674 | 18:45:35 | 221.517731 | 359.040465 
 4152.1627 | 08739.1727 | 18:45:36 | 221.513173 | 359.040544 
 4152.1673 | 08739.1682 | 18:45:37 | 221.517000 | 359.045865 
 4152.1680 | 08739.1737 | 18:45:38 | 221.512265 | 359.046633 
 4152.1687 | 08739.1794 | 18:45:39 | 221.507358 | 359.047399 
 4152.1689 | 08739.1850 | 18:45:40 | 221.502541 | 359.047591 
 4152.1692 | 08739.1972 | 18:45:42 | 221.492050 | 359.047853 
 4152.1735 | 08739.2176 | 18:45:43 | 221.474471 | 359.052661 
 4152.1736 | 08739.2246 | 18:45:44 | 221.468452 | 359.052728 
 4152.1705 | 08739.2509 | 18:45:45 | 221.445869 | 359.048983 
 4152.1700 | 08739.2589 | 18:45:46 | 221.438995 | 359.048354 
 4152.1698 | 08739.2663 | 18:45:47 | 221.432635 | 359.048073 
 4152.1695 | 08739.2738 | 18:45:48 | 221.426190 | 359.047677 
 4152.1688 | 08739.2822 | 18:45:49 | 221.418974 | 359.046815 
 4152.1685 | 08739.2899 | 18:45:50 | 221.412357 | 359.046417 
 4152.1681 | 08739.2977 | 18:45:51 | 221.405654 | 359.045904 
 4152.1677 | 08739.3056 | 18:45:52 | 221.398866 | 359.045391 
 4152.1674 | 08739.3133 | 18:45:53 | 221.392248 | 359.044993 
 4152.1671 | 08739.3211 | 18:45:54 | 221.385545 | 359.044595 
 4152.1667 | 08739.3289 | 18:45:55 | 221.378843 | 359.044082 
 4152.1666 | 08739.3363 | 18:45:56 | 221.372481 | 359.043917 
 4152.1663 | 08739.3437 | 18:45:57 | 221.366122 | 359.043522 
 4152.1651 | 08739.3515 | 18:45:58 | 221.359427 | 359.042088 
 4152.1647 | 08739.3581 | 18:45:59 | 221.353756 | 359.041583 
 4152.1652 | 08739.3646 | 18:46:00 | 221.348163 | 359.042114 
 4152.1653 | 08739.3701 | 18:46:01 | 221.343433 | 359.042192 
 4152.1704 | 08739.3612 | 18:46:02 | 221.351039 | 359.048119 
 4152.1704 | 08739.3671 | 18:46:03 | 221.345966 | 359.048079 
 4152.1702 | 08739.3783 | 18:46:05 | 221.336339 | 359.047773 
 4152.1701 | 08739.3830 | 18:46:06 | 221.332299 | 359.047626 
 4152.1650 | 08739.3838 | 18:46:07 | 221.331657 | 359.041754 
 4152.1639 | 08739.3874 | 18:46:08 | 221.328572 | 359.040465 
 4152.1629 | 08739.3901 | 18:46:09 | 221.326260 | 359.039296 
 4152.1622 | 08739.3924 | 18:46:10 | 221.324289 | 359.038475 
 4152.1617 | 08739.3940 | 18:46:11 | 221.322918 | 359.037889 
 4152.1612 | 08739.3947 | 18:46:12 | 221.322320 | 359.037309 
 4152.1611 | 08739.3950 | 18:46:13 | 221.322063 | 359.037192 
 4152.1609 | 08739.3942 | 18:46:14 | 221.322753 | 359.036968 
 4152.1611 | 08739.3936 | 18:46:15 | 221.323267 | 359.037202 
 4152.1608 | 08739.3946 | 18:46:16 | 221.322410 | 359.036850 
 4152.1603 | 08739.3967 | 18:46:19 | 221.320609 | 359.036261 
 4152.1603 | 08739.3950 | 18:46:20 | 221.322071 | 359.036272 
 4152.1608 | 08739.3929 | 18:46:21 | 221.323872 | 359.036861 
 4152.1610 | 08739.3920 | 18:46:23 | 221.324644 | 359.037098 
 4152.1611 | 08739.3909 | 18:46:25 | 221.325588 | 359.037220 
 4152.1612 | 08739.3902 | 18:46:26 | 221.326189 | 359.037340 
 4152.1612 | 08739.3898 | 18:46:28 | 221.326533 | 359.037343 
 4152.1617 | 08739.3881 | 18:46:29 | 221.327990 | 359.037929 
 4152.1632 | 08739.3833 | 18:46:33 | 221.332104 | 359.039687 
 4152.1631 | 08739.3840 | 18:46:34 | 221.331503 | 359.039567 
 4152.1630 | 08739.3893 | 18:46:37 | 221.326947 | 359.039416 
 4152.1631 | 08739.3934 | 18:46:38 | 221.323421 | 359.039504 
 4152.1685 | 08739.4216 | 18:46:39 | 221.299127 | 359.045524 
 4152.1684 | 08739.4248 | 18:46:40 | 221.296376 | 359.045387 
 4152.1694 | 08739.4282 | 18:46:41 | 221.293444 | 359.046514 
 4152.1686 | 08739.4361 | 18:46:42 | 221.286659 | 359.045541 
 4152.1691 | 08739.4401 | 18:46:43 | 221.283216 | 359.046089 
 4152.1702 | 08739.4444 | 18:46:44 | 221.279509 | 359.047325 
 4152.1629 | 08739.4666 | 18:46:45 | 221.260488 | 359.038778 
 4152.1619 | 08739.4758 | 18:46:46 | 221.252588 | 359.037565 
 4152.1618 | 08739.4847 | 18:46:47 | 221.244937 | 359.037390 
 4152.1615 | 08739.4935 | 18:46:48 | 221.237374 | 359.036986 
 4152.1612 | 08739.5023 | 18:46:49 | 221.229810 | 359.036581 
 4152.1612 | 08739.5113 | 18:46:50 | 221.222073 | 359.036520 
 4152.1616 | 08739.5177 | 18:46:51 | 221.216567 | 359.036937 
 4152.1621 | 08739.5251 | 18:46:52 | 221.210200 | 359.037462 
 4152.1615 | 08739.5321 | 18:46:53 | 221.204187 | 359.036725 
 4152.1613 | 08739.5395 | 18:46:54 | 221.197827 | 359.036445 
 4152.1613 | 08739.5470 | 18:46:55 | 221.191378 | 359.036394 
 4152.1613 | 08739.5545 | 18:46:56 | 221.184930 | 359.036343 
 4152.1613 | 08739.5584 | 18:46:57 | 221.181577 | 359.036317 
 4152.1670 | 08739.5608 | 18:46:58 | 221.179462 | 359.042857 
 4152.1733 | 08739.5657 | 18:47:00 | 221.175193 | 359.050071 
 4152.1756 | 08739.5684 | 18:47:01 | 221.172850 | 359.052698 
 4152.1613 | 08739.5496 | 18:47:02 | 221.189143 | 359.036376 
 4152.1606 | 08739.5482 | 18:47:03 | 221.190353 | 359.035581 
 4152.1594 | 08739.5471 | 18:47:04 | 221.191310 | 359.034208 
 4152.1596 | 08739.5470 | 18:47:05 | 221.191394 | 359.034439 
 4152.1602 | 08739.5475 | 18:47:06 | 221.190958 | 359.035125 
 4152.1604 | 08739.5479 | 18:47:07 | 221.190613 | 359.035353 
 4152.1602 | 08739.5482 | 18:47:08 | 221.190357 | 359.035121 
 4152.1603 | 08739.5493 | 18:47:10 | 221.189410 | 359.035228 
 4152.1603 | 08739.5497 | 18:47:11 | 221.189066 | 359.035226 
 4152.1602 | 08739.5503 | 18:47:12 | 221.188551 | 359.035106 
 4152.1608 | 08739.5520 | 18:47:13 | 221.187084 | 359.035785 
 4152.1609 | 08739.5529 | 18:47:14 | 221.186309 | 359.035894 
 4152.1607 | 08739.5684 | 18:47:15 | 221.172985 | 359.035559 
 4152.1606 | 08739.5715 | 18:47:16 | 221.170321 | 359.035423 
 4152.1606 | 08739.5790 | 18:47:18 | 221.163872 | 359.035373 
 4152.1604 | 08739.5831 | 18:47:19 | 221.160349 | 359.035115 
 4152.1605 | 08739.5873 | 18:47:20 | 221.156737 | 359.035202 
 4152.1602 | 08739.5917 | 18:47:21 | 221.152957 | 359.034827 
 4152.1659 | 08739.6542 | 18:47:25 | 221.099171 | 359.040962 
 4152.1623 | 08739.6605 | 18:47:26 | 221.093787 | 359.036779 
 4152.1619 | 08739.6666 | 18:47:27 | 221.088546 | 359.036278 
 4152.1617 | 08739.6727 | 18:47:28 | 221.083303 | 359.036007 
 4152.1616 | 08739.6789 | 18:47:29 | 221.077974 | 359.035850 
 4152.1579 | 08739.6790 | 18:47:30 | 221.077921 | 359.031593 
 4152.1573 | 08739.6825 | 18:47:31 | 221.074917 | 359.030880 
 4152.1569 | 08739.6861 | 18:47:32 | 221.071826 | 359.030395 
 4152.1571 | 08739.6896 | 18:47:33 | 221.068815 | 359.030602 
 4152.1574 | 08739.6931 | 18:47:34 | 221.065803 | 359.030923 
 4152.1637 | 08739.6965 | 18:47:35 | 221.062823 | 359.038147 
 4152.1635 | 08739.6997 | 18:47:36 | 221.060074 | 359.037895 
 4152.1633 | 08739.7027 | 18:47:37 | 221.057496 | 359.037645 
 4152.1631 | 08739.7056 | 18:47:38 | 221.055005 | 359.037396 
 4152.1630 | 08739.7082 | 18:47:39 | 221.052770 | 359.037263 
 4152.1629 | 08739.7103 | 18:47:40 | 221.050966 | 359.037134 
 4152.1631 | 08739.7120 | 18:47:41 | 221.049502 | 359.037353 
 4152.1681 | 08739.7061 | 18:47:42 | 221.054530 | 359.043143 
 4152.1686 | 08739.7054 | 18:47:43 | 221.055127 | 359.043723 
 4152.1689 | 08739.7050 | 18:47:44 | 221.055468 | 359.044071 
 4152.1692 | 08739.7047 | 18:47:45 | 221.055723 | 359.044418 
 4152.1693 | 08739.7042 | 18:47:46 | 221.056152 | 359.044537 
 4152.1694 | 08739.7035 | 18:47:47 | 221.056753 | 359.044656 
 4152.1696 | 08739.7025 | 18:47:48 | 221.057611 | 359.044893 
 4152.1694 | 08739.7014 | 18:47:49 | 221.058559 | 359.044670 
 4152.1692 | 08739.7000 | 18:47:50 | 221.059764 | 359.044450 
 4152.1688 | 08739.6984 | 18:47:51 | 221.061144 | 359.044000 
 4152.1688 | 08739.6970 | 18:47:52 | 221.062347 | 359.044010 
 4152.1686 | 08739.6911 | 18:47:53 | 221.067422 | 359.043820 
 4152.1677 | 08739.6890 | 18:47:54 | 221.069235 | 359.042798 
 4152.1671 | 08739.6882 | 18:47:55 | 221.069928 | 359.042114 
 4152.1665 | 08739.6865 | 18:47:57 | 221.071395 | 359.041435 
 4152.1655 | 08739.6855 | 18:47:58 | 221.072264 | 359.040291 
 4152.1653 | 08739.6853 | 18:47:59 | 221.072438 | 359.040063 
 4152.1647 | 08739.6857 | 18:48:00 | 221.072099 | 359.039370 
 4152.1650 | 08739.6867 | 18:48:01 | 221.071237 | 359.039708 
 4152.1654 | 08739.6893 | 18:48:02 | 221.068998 | 359.040151 
 4152.1666 | 08739.6948 | 18:48:03 | 221.064258 | 359.041494 
 4152.1530 | 08739.7327 | 18:48:04 | 221.031796 | 359.025596 
 4152.1463 | 08739.7750 | 18:48:10 | 220.995488 | 359.017605 
 4152.1454 | 08739.7816 | 18:48:11 | 220.989822 | 359.016525 
 4152.1496 | 08739.7928 | 18:48:12 | 220.980155 | 359.021281 
 4152.1489 | 08739.7996 | 18:48:13 | 220.974315 | 359.020430 
 4152.1481 | 08739.8157 | 18:48:16 | 220.960480 | 359.019402 
 4152.1480 | 08739.8219 | 18:48:17 | 220.955150 | 359.019246 
 4152.1478 | 08739.8279 | 18:48:18 | 220.949994 | 359.018975 
 4152.1479 | 08739.8336 | 18:48:19 | 220.945092 | 359.019052 
 4152.1493 | 08739.8312 | 18:48:20 | 220.947143 | 359.020679 
 4152.1509 | 08739.8358 | 18:48:21 | 220.943174 | 359.022488 
 4152.1514 | 08739.8400 | 18:48:22 | 220.939558 | 359.023035 
 4152.1519 | 08739.8439 | 18:48:23 | 220.936201 | 359.023584 
 4152.1536 | 08739.8476 | 18:48:24 | 220.933004 | 359.025515 
 4152.1656 | 08739.8503 | 18:48:25 | 220.930575 | 359.039300 
 4152.1656 | 08739.8532 | 18:48:26 | 220.928082 | 359.039280 
 4152.1658 | 08739.8562 | 18:48:27 | 220.925501 | 359.039490 
 4152.1656 | 08739.8586 | 18:48:28 | 220.923439 | 359.039244 
 4152.1655 | 08739.8607 | 18:48:29 | 220.921635 | 359.039115 
 4152.1655 | 08739.8622 | 18:48:30 | 220.920345 | 359.039105 
 4152.1655 | 08739.8638 | 18:48:31 | 220.918969 | 359.039094 
 4152.1661 | 08739.8649 | 18:48:32 | 220.918018 | 359.039777 
 4152.1483 | 08739.8287 | 18:48:33 | 220.949301 | 359.019545 
 4152.1480 | 08739.8309 | 18:48:34 | 220.947412 | 359.019185 
 4152.1322 | 08739.8437 | 18:48:38 | 220.936549 | 359.000925 
 4152.1281 | 08739.8482 | 18:48:39 | 220.932717 | 358.996179 
 4152.1265 | 08739.8529 | 18:48:40 | 220.928691 | 358.994307 
 4152.1257 | 08739.8581 | 18:48:41 | 220.924227 | 358.993352 
 4152.1264 | 08739.8637 | 18:48:42 | 220.919406 | 358.994120 
 4152.1277 | 08739.8663 | 18:48:43 | 220.917159 | 358.995598 
 4152.1284 | 08739.8705 | 18:48:44 | 220.913542 | 358.996375 
 4152.1299 | 08739.8752 | 18:48:45 | 220.909487 | 358.998069 
 4152.1304 | 08739.8795 | 18:48:46 | 220.905786 | 358.998615 
 4152.1318 | 08739.8843 | 18:48:47 | 220.901646 | 359.000193 
 4152.1555 | 08739.8998 | 18:48:48 | 220.888108 | 359.027351 
 4152.1552 | 08739.9050 | 18:48:49 | 220.883640 | 359.026971 
 4152.1547 | 08739.9096 | 18:48:50 | 220.879689 | 359.026365 
 4152.1546 | 08739.9161 | 18:48:51 | 220.874102 | 359.026206 
 4152.1545 | 08739.9214 | 18:48:52 | 220.869546 | 359.026056 
 4152.1541 | 08739.9265 | 18:48:53 | 220.865165 | 359.025562 
 4152.1538 | 08739.9317 | 18:48:54 | 220.860697 | 359.025182 
 4152.1534 | 08739.9369 | 18:48:55 | 220.856230 | 359.024687 
 4152.1533 | 08739.9454 | 18:48:56 | 220.848922 | 359.024515 
 4152.1525 | 08739.9561 | 18:48:58 | 220.839730 | 359.023523 
 4152.1523 | 08739.9613 | 18:48:59 | 220.835261 | 359.023258 
 4152.1542 | 08739.9567 | 18:49:00 | 220.839199 | 359.025475 
 4152.1540 | 08739.9582 | 18:49:01 | 220.837911 | 359.025235 
 4152.1540 | 08739.9596 | 18:49:02 | 220.836708 | 359.025225 
 4152.1545 | 08739.9600 | 18:49:03 | 220.836359 | 359.025798 
 4152.1631 | 08739.9566 | 18:49:04 | 220.839206 | 359.035713 
 4152.1631 | 08739.9564 | 18:49:05 | 220.839377 | 359.035714 
 4152.1631 | 08739.9565 | 18:49:06 | 220.839291 | 359.035713 
 4152.1631 | 08739.9565 | 18:49:07 | 220.839291 | 359.035713 
 4152.1631 | 08739.9565 | 18:49:08 | 220.839291 | 359.035713 
 4152.1631 | 08739.9565 | 18:49:09 | 220.839291 | 359.035713 
 4152.1631 | 08739.9565 | 18:49:10 | 220.839291 | 359.035713 
 4152.1672 | 08739.9547 | 18:49:11 | 220.840802 | 359.040441 
 4152.1663 | 08739.9565 | 18:49:12 | 220.839263 | 359.039394 
 4152.1664 | 08739.9582 | 18:49:13 | 220.837800 | 359.039498 
 4152.1668 | 08739.9604 | 18:49:14 | 220.835905 | 359.039943 
 4152.1669 | 08739.9640 | 18:49:15 | 220.832809 | 359.040034 
 4152.1675 | 08739.9671 | 18:49:16 | 220.830139 | 359.040703 
 4152.1657 | 08739.9748 | 18:49:17 | 220.823535 | 359.038582 
 4152.1861 | 08739.9810 | 18:49:18 | 220.818022 | 359.062005 
 4152.1840 | 08739.9859 | 18:49:19 | 220.813828 | 359.059557 
 4152.1821 | 08739.9918 | 18:49:20 | 220.808772 | 359.057332 
 4152.1813 | 08739.9970 | 18:49:21 | 220.804309 | 359.056377 
 4152.1775 | 08740.0077 | 18:49:22 | 220.795143 | 359.051935 
 4152.1754 | 08740.0162 | 18:49:23 | 220.787854 | 359.049463 
 4152.1740 | 08740.0237 | 18:49:24 | 220.781418 | 359.047802 
 4152.1731 | 08740.0305 | 18:49:25 | 220.775580 | 359.046722 
 4152.1722 | 08740.0374 | 18:49:26 | 220.769656 | 359.045640 
 4152.1714 | 08740.0442 | 18:49:27 | 220.763817 | 359.044675 
 4152.1722 | 08740.0555 | 18:49:28 | 220.754094 | 359.045520 
 4152.1720 | 08740.0637 | 18:49:29 | 220.747046 | 359.045235 
 4152.1706 | 08740.0894 | 18:49:32 | 220.724963 | 359.043453 
 4152.1701 | 08740.0980 | 18:49:33 | 220.717573 | 359.042821 
 4152.1693 | 08740.1066 | 18:49:34 | 220.710187 | 359.041843 
 4152.1686 | 08740.1150 | 18:49:35 | 220.702971 | 359.040982 
 4152.1675 | 08740.1233 | 18:49:36 | 220.695845 | 359.039662 
 4152.1597 | 08740.1209 | 18:49:37 | 220.697978 | 359.030706 
 4152.1593 | 08740.1249 | 18:49:38 | 220.694542 | 359.030219 
 4152.1591 | 08740.1283 | 18:49:39 | 220.691621 | 359.029966 
 4152.1590 | 08740.1317 | 18:49:40 | 220.688699 | 359.029829 
 4152.1590 | 08740.1351 | 18:49:41 | 220.685775 | 359.029806 
 4152.1556 | 08740.1359 | 18:49:42 | 220.685118 | 359.025890 
 4152.1551 | 08740.1391 | 18:49:43 | 220.682371 | 359.025293 
 4152.1559 | 08740.1324 | 18:49:44 | 220.688124 | 359.026258 
 4152.1529 | 08740.1312 | 18:49:45 | 220.689183 | 359.022815 
 4152.1549 | 08740.1344 | 18:49:46 | 220.686414 | 359.025095 
 4152.1545 | 08740.1340 | 18:49:47 | 220.686761 | 359.024637 
 4152.1550 | 08740.1349 | 18:49:48 | 220.685983 | 359.025206 
 4152.1547 | 08740.1356 | 18:49:49 | 220.685384 | 359.024857 
 4152.1547 | 08740.1364 | 18:49:50 | 220.684696 | 359.024851 
 4152.1553 | 08740.1363 | 18:49:51 | 220.684777 | 359.025542 
 4152.1553 | 08740.1365 | 18:49:52 | 220.684605 | 359.025541 
 4152.1552 | 08740.1364 | 18:49:53 | 220.684692 | 359.025426 
 4152.1552 | 08740.1364 | 18:49:54 | 220.684692 | 359.025426 
 4152.1552 | 08740.1364 | 18:49:55 | 220.684692 | 359.025426 
 4152.1552 | 08740.1364 | 18:49:56 | 220.684692 | 359.025426 
 4152.1552 | 08740.1364 | 18:49:57 | 220.684692 | 359.025426 
 4152.1552 | 08740.1364 | 18:49:58 | 220.684692 | 359.025426 
 4152.1552 | 08740.1364 | 18:49:59 | 220.684692 | 359.025426 
 4152.1552 | 08740.1364 | 18:50:00 | 220.684692 | 359.025426 
 4152.1575 | 08740.1355 | 18:50:01 | 220.685445 | 359.028078 
 4152.1573 | 08740.1350 | 18:50:02 | 220.685876 | 359.027851 
 4152.1568 | 08740.1369 | 18:50:03 | 220.684247 | 359.027263 
 4152.1622 | 08740.1289 | 18:50:04 | 220.691077 | 359.033528 
 4152.1633 | 08740.1290 | 18:50:05 | 220.690982 | 359.034793 
 4152.1642 | 08740.1292 | 18:50:06 | 220.690802 | 359.035827 
 4152.1653 | 08740.1292 | 18:50:07 | 220.690792 | 359.037092 
 4152.1661 | 08740.1295 | 18:50:08 | 220.690527 | 359.038010 
 4152.1670 | 08740.1297 | 18:50:09 | 220.690347 | 359.039044 
 4152.1679 | 08740.1300 | 18:50:10 | 220.690081 | 359.040077 
 4152.1689 | 08740.1302 | 18:50:11 | 220.689900 | 359.041226 
 4152.1683 | 08740.1325 | 18:50:12 | 220.687928 | 359.040521 
 4152.1695 | 08740.1329 | 18:50:13 | 220.687573 | 359.041898 
 4152.1684 | 08740.1314 | 18:50:14 | 220.688873 | 359.040643 
 4152.1928 | 08740.1393 | 18:50:15 | 220.681863 | 359.068657 
 4152.1936 | 08740.1399 | 18:50:16 | 220.681341 | 359.069573 
 4152.1989 | 08740.1393 | 18:50:17 | 220.681809 | 359.075673 
 4152.2039 | 08740.1398 | 18:50:18 | 220.681335 | 359.081421 
 4152.2097 | 08740.1404 | 18:50:19 | 220.680767 | 359.088089 
 4152.2157 | 08740.1404 | 18:50:20 | 220.680714 | 359.094990 
 4152.2218 | 08740.1405 | 18:50:21 | 220.680574 | 359.102006 
 4152.2281 | 08740.1398 | 18:50:22 | 220.681119 | 359.109257 
 4152.2343 | 08740.1397 | 18:50:23 | 220.681150 | 359.116389 
 4152.2435 | 08740.1410 | 18:50:24 | 220.679951 | 359.126963 
 4152.2509 | 08740.1411 | 18:50:25 | 220.679799 | 359.135474 
 4152.2582 | 08740.1415 | 18:50:26 | 220.679390 | 359.143868 
 4152.2649 | 08740.1411 | 18:50:27 | 220.679674 | 359.151578 
 4152.2712 | 08740.1410 | 18:50:28 | 220.679704 | 359.158825 
 4152.2770 | 08740.1422 | 18:50:29 | 220.678621 | 359.165488 
 4152.2782 | 08740.1413 | 18:50:30 | 220.679384 | 359.166875 
 4152.2819 | 08740.1412 | 18:50:31 | 220.679437 | 359.171131 
 4152.2834 | 08740.1423 | 18:50:32 | 220.678478 | 359.172849 
 4152.2844 | 08740.1426 | 18:50:33 | 220.678211 | 359.173998 
 4152.2847 | 08740.1431 | 18:50:34 | 220.677778 | 359.174339 
 4152.2850 | 08740.1435 | 18:50:35 | 220.677432 | 359.174682 
 4152.2847 | 08740.1433 | 18:50:36 | 220.677606 | 359.174338 
 4152.2845 | 08740.1433 | 18:50:37 | 220.677608 | 359.174108 
 4152.2847 | 08740.1437 | 18:50:38 | 220.677263 | 359.174335 
 4152.2847 | 08740.1437 | 18:50:39 | 220.677263 | 359.174335 
 4152.2847 | 08740.1437 | 18:50:40 | 220.677263 | 359.174335 
 4152.2858 | 08740.1429 | 18:50:41 | 220.677941 | 359.175606 
 4152.2874 | 08740.1428 | 18:50:42 | 220.678012 | 359.177447 
 4152.2883 | 08740.1429 | 18:50:43 | 220.677918 | 359.178482 
 4152.2896 | 08740.1428 | 18:50:44 | 220.677993 | 359.179978 
 4152.2901 | 08740.1430 | 18:50:45 | 220.677816 | 359.180551 
 4152.2911 | 08740.1435 | 18:50:46 | 220.677378 | 359.181698 
 4152.2922 | 08740.1439 | 18:50:47 | 220.677024 | 359.182961 
 4152.2916 | 08740.1445 | 18:50:48 | 220.676513 | 359.182267 
 4152.2923 | 08740.1450 | 18:50:49 | 220.676077 | 359.183069 
 4152.2930 | 08740.1457 | 18:50:50 | 220.675469 | 359.183869 
 4152.2937 | 08740.1463 | 18:50:51 | 220.674947 | 359.184670 
 4152.2944 | 08740.1470 | 18:50:52 | 220.674339 | 359.185471 
 4152.2958 | 08740.1483 | 18:50:54 | 220.673209 | 359.187073 
 4152.2967 | 08740.1492 | 18:50:55 | 220.672427 | 359.188102 
 4152.3001 | 08740.1524 | 18:50:56 | 220.669646 | 359.191991 
 4152.3071 | 08740.1543 | 18:50:57 | 220.667950 | 359.200031 
 4152.3084 | 08740.1557 | 18:50:58 | 220.666735 | 359.201517 
 4152.3094 | 08740.1561 | 18:50:59 | 220.666382 | 359.202664 
 4152.3099 | 08740.1564 | 18:51:00 | 220.666120 | 359.203237 
 4152.3103 | 08740.1568 | 18:51:01 | 220.665772 | 359.203695 
 4152.3124 | 08740.1588 | 18:51:03 | 220.664034 | 359.206097 
 4152.3127 | 08740.1587 | 18:51:04 | 220.664117 | 359.206443 
 4152.3134 | 08740.1617 | 18:51:05 | 220.661532 | 359.207228 
 4152.3130 | 08740.1642 | 18:51:06 | 220.659386 | 359.206751 
 4152.3124 | 08740.1666 | 18:51:07 | 220.657328 | 359.206045 
 4152.3114 | 08740.1693 | 18:51:08 | 220.655016 | 359.204877 
 4152.3108 | 08740.1716 | 18:51:09 | 220.653044 | 359.204171 
 4152.3108 | 08740.1737 | 18:51:10 | 220.651238 | 359.204158 
 4152.3214 | 08740.1690 | 18:51:11 | 220.655185 | 359.216381 
 4152.3207 | 08740.1726 | 18:51:12 | 220.652096 | 359.215552 
 4152.3196 | 08740.1784 | 18:51:13 | 220.647120 | 359.214248 
 4152.3188 | 08740.1829 | 18:51:14 | 220.643258 | 359.213298 
 4152.3182 | 08740.1871 | 18:51:15 | 220.639652 | 359.212580 
 4152.3190 | 08740.1891 | 18:51:16 | 220.637926 | 359.213487 
 4152.3191 | 08740.1924 | 18:51:17 | 220.635088 | 359.213580 
 4152.3155 | 08740.2062 | 18:51:19 | 220.623256 | 359.209348 
 4152.3000 | 08740.2369 | 18:51:20 | 220.597000 | 359.191315 
 4152.2958 | 08740.2457 | 18:51:21 | 220.589472 | 359.186425 
 4152.2947 | 08740.2515 | 18:51:22 | 220.584495 | 359.185122 
 4152.2937 | 08740.2570 | 18:51:23 | 220.579775 | 359.183935 
 4152.2928 | 08740.2624 | 18:51:24 | 220.575141 | 359.182864 
 4152.2920 | 08740.2675 | 18:51:25 | 220.570763 | 359.181910 
 4152.2914 | 08740.2723 | 18:51:26 | 220.566642 | 359.181188 
 4152.2908 | 08740.2777 | 18:51:27 | 220.562005 | 359.180462 
 4152.2899 | 08740.2819 | 18:51:28 | 220.558402 | 359.179399 
 4152.2893 | 08740.2855 | 18:51:29 | 220.555312 | 359.178685 
 4152.2887 | 08740.2903 | 18:51:30 | 220.551191 | 359.177963 
 4152.2886 | 08740.2925 | 18:51:31 | 220.549300 | 359.177833 
 4152.2885 | 08740.2962 | 18:51:32 | 220.546120 | 359.177694 
 4152.2862 | 08740.2986 | 18:51:33 | 220.544077 | 359.175032 
 4152.2862 | 08740.3012 | 18:51:34 | 220.541842 | 359.175015 
 4152.2867 | 08740.3028 | 18:51:35 | 220.540462 | 359.175580 
 4152.2863 | 08740.3092 | 18:51:37 | 220.534963 | 359.175077 
 4152.2865 | 08740.3113 | 18:51:38 | 220.533156 | 359.175293 
 4152.2864 | 08740.3141 | 18:51:39 | 220.530749 | 359.175160 
 4152.2862 | 08740.3178 | 18:51:40 | 220.527570 | 359.174905 
 4152.2858 | 08740.3219 | 18:51:41 | 220.524049 | 359.174418 
 4152.2854 | 08740.3264 | 18:51:42 | 220.520184 | 359.173928 
 4152.2852 | 08740.3332 | 18:51:43 | 220.514339 | 359.173653 
 4152.2864 | 08740.3646 | 18:51:46 | 220.487333 | 359.174825 
 4152.2861 | 08740.3759 | 18:51:48 | 220.477621 | 359.174405 
 4152.2860 | 08740.3816 | 18:51:49 | 220.472721 | 359.174253 
 4152.2854 | 08740.3934 | 18:51:51 | 220.462582 | 359.173485 
 4152.2851 | 08740.3993 | 18:51:52 | 220.457512 | 359.173100 
 4152.2854 | 08740.4050 | 18:51:53 | 220.452609 | 359.173408 
 4152.2856 | 08740.4106 | 18:51:54 | 220.447793 | 359.173601 
 4152.2883 | 08740.4200 | 18:51:56 | 220.439687 | 359.176644 
 4152.2909 | 08740.4238 | 18:51:57 | 220.436397 | 359.179610 
 4152.2935 | 08740.4315 | 18:51:59 | 220.429754 | 359.182550 
 4152.2955 | 08740.4344 | 18:52:00 | 220.427244 | 359.184831 
 4152.2931 | 08740.4120 | 18:52:01 | 220.446523 | 359.182219 
 4152.2919 | 08740.4116 | 18:52:02 | 220.446877 | 359.180841 
 4152.2920 | 08740.4153 | 18:52:03 | 220.443695 | 359.180931 
 4152.2923 | 08740.4190 | 18:52:04 | 220.440512 | 359.181252 
 4152.2934 | 08740.4248 | 18:52:06 | 220.435516 | 359.182479 
 4152.2959 | 08740.4277 | 18:52:07 | 220.433000 | 359.185335 
 4152.2904 | 08740.4241 | 18:52:08 | 220.436144 | 359.179033 
 4152.2895 | 08740.4358 | 18:52:13 | 220.426093 | 359.177920 
 4152.2891 | 08740.4386 | 18:52:14 | 220.423689 | 359.177442 
 4152.2842 | 08740.4447 | 18:52:15 | 220.418488 | 359.171765 
 4152.2830 | 08740.4485 | 18:52:16 | 220.415232 | 359.170360 
 4152.2899 | 08740.4730 | 18:52:20 | 220.394108 | 359.178135 
 4152.2930 | 08740.4817 | 18:52:21 | 220.386601 | 359.181643 
 4152.2995 | 08740.4961 | 18:52:22 | 220.374163 | 359.189025 
 4152.2999 | 08740.5040 | 18:52:23 | 220.367368 | 359.189433 
 4152.2997 | 08740.5116 | 18:52:24 | 220.360836 | 359.189153 
 4152.3022 | 08740.5285 | 18:52:25 | 220.346284 | 359.191917 
 4152.3008 | 08740.5355 | 18:52:26 | 220.340278 | 359.190261 
 4152.3026 | 08740.5429 | 18:52:27 | 220.333901 | 359.192282 
 4152.3031 | 08740.5505 | 18:52:28 | 220.327362 | 359.192807 
 4152.3020 | 08740.5577 | 18:52:29 | 220.321182 | 359.191495 
 4152.2992 | 08740.5600 | 18:52:30 | 220.319229 | 359.188259 
 4152.2982 | 08740.5639 | 18:52:31 | 220.315885 | 359.187083 
 4152.2978 | 08740.5696 | 18:52:32 | 220.310988 | 359.186585 
 4152.2948 | 08740.5770 | 18:52:33 | 220.304653 | 359.183086 
 4152.2952 | 08740.5646 | 18:52:34 | 220.315310 | 359.183628 
 4152.2948 | 08740.5687 | 18:52:35 | 220.311788 | 359.183140 
 4152.2982 | 08740.5678 | 18:52:36 | 220.312532 | 359.187057 
 4152.2916 | 08740.5586 | 18:52:37 | 220.320500 | 359.179526 
 4152.2916 | 08740.5581 | 18:52:38 | 220.320930 | 359.179529 
 4152.2917 | 08740.5578 | 18:52:39 | 220.321187 | 359.179646 
 4152.2917 | 08740.5573 | 18:52:40 | 220.321617 | 359.179650 
 4152.2921 | 08740.5574 | 18:52:41 | 220.321527 | 359.180109 
 4152.2924 | 08740.5574 | 18:52:42 | 220.321524 | 359.180454 
 4152.2927 | 08740.5574 | 18:52:43 | 220.321522 | 359.180799 
 4152.2934 | 08740.5578 | 18:52:44 | 220.321172 | 359.181602 
 4152.2938 | 08740.5581 | 18:52:45 | 220.320910 | 359.182060 
 4152.2940 | 08740.5578 | 18:52:46 | 220.321166 | 359.182292 
 4152.2943 | 08740.5580 | 18:52:47 | 220.320992 | 359.182636 
 4152.2945 | 08740.5579 | 18:52:48 | 220.321076 | 359.182866 
 4152.2941 | 08740.5575 | 18:52:49 | 220.321423 | 359.182409 
 4152.2938 | 08740.5573 | 18:52:50 | 220.321598 | 359.182065 
 4152.2938 | 08740.5573 | 18:52:51 | 220.321598 | 359.182065 
 4152.2938 | 08740.5573 | 18:52:52 | 220.321598 | 359.182065 
 4152.2938 | 08740.5573 | 18:52:53 | 220.321598 | 359.182065 
 4152.2938 | 08740.5573 | 18:52:54 | 220.321598 | 359.182065 
 4152.2938 | 08740.5573 | 18:52:55 | 220.321598 | 359.182065 
 4152.2938 | 08740.5573 | 18:52:56 | 220.321598 | 359.182065 
 4152.2938 | 08740.5573 | 18:52:57 | 220.321598 | 359.182065 
 4152.2938 | 08740.5573 | 18:52:58 | 220.321598 | 359.182065 
 4152.2938 | 08740.5573 | 18:52:59 | 220.321598 | 359.182065 
 4152.2938 | 08740.5573 | 18:53:00 | 220.321598 | 359.182065 
 4152.2938 | 08740.5573 | 18:53:01 | 220.321598 | 359.182065 
 4152.2938 | 08740.5573 | 18:53:02 | 220.321598 | 359.182065 
 4152.2938 | 08740.5573 | 18:53:03 | 220.321598 | 359.182065 
 4152.2938 | 08740.5573 | 18:53:04 | 220.321598 | 359.182065 
 4152.2938 | 08740.5573 | 18:53:05 | 220.321598 | 359.182065 
 4152.2938 | 08740.5573 | 18:53:06 | 220.321598 | 359.182065 
 4152.2938 | 08740.5573 | 18:53:07 | 220.321598 | 359.182065 
 4152.2938 | 08740.5573 | 18:53:08 | 220.321598 | 359.182065 
 4152.2938 | 08740.5573 | 18:53:09 | 220.321598 | 359.182065 
 4152.2910 | 08740.5575 | 18:53:10 | 220.321451 | 359.178843 
 4152.2912 | 08740.5586 | 18:53:12 | 220.320503 | 359.179066 
 4152.2917 | 08740.5595 | 18:53:13 | 220.319725 | 359.179635 
 4152.2924 | 08740.5611 | 18:53:14 | 220.318343 | 359.180430 
 4152.2934 | 08740.5630 | 18:53:15 | 220.316701 | 359.181568 
 4152.2946 | 08740.5653 | 18:53:16 | 220.314713 | 359.182933 
 4152.2958 | 08740.5687 | 18:53:17 | 220.311780 | 359.184291 
 4152.2954 | 08740.5856 | 18:53:18 | 220.297254 | 359.183719 
 4152.2950 | 08740.5915 | 18:53:19 | 220.292185 | 359.183220 
 4152.2944 | 08740.5966 | 18:53:20 | 220.287805 | 359.182497 
 4152.2941 | 08740.6019 | 18:53:21 | 220.283252 | 359.182117 
 4152.2937 | 08740.6076 | 18:53:22 | 220.278355 | 359.181619 
 4152.2921 | 08740.6140 | 18:53:23 | 220.272866 | 359.179737 
 4152.2897 | 08740.6212 | 18:53:24 | 220.266698 | 359.176929 
 4152.2869 | 08740.6268 | 18:53:25 | 220.261908 | 359.173671 
 4152.2872 | 08740.6338 | 18:53:26 | 220.255887 | 359.173970 
 4152.2869 | 08740.6374 | 18:53:27 | 220.252795 | 359.173602 
 4152.2890 | 08740.6438 | 18:53:28 | 220.247274 | 359.175975 
 4152.2887 | 08740.6479 | 18:53:29 | 220.243752 | 359.175603 
 4152.2882 | 08740.6535 | 18:53:30 | 220.238941 | 359.174991 
 4152.2877 | 08740.6604 | 18:53:31 | 220.233014 | 359.174371 
 4152.2875 | 08740.6645 | 18:53:32 | 220.229491 | 359.174114 
 4152.2872 | 08740.6675 | 18:53:33 | 220.226914 | 359.173749 
 4152.2872 | 08740.6699 | 18:53:34 | 220.224851 | 359.173733 
 4152.2871 | 08740.6722 | 18:53:35 | 220.222874 | 359.173603 
 4152.2871 | 08740.6741 | 18:53:36 | 220.221241 | 359.173591 
 4152.2872 | 08740.6753 | 18:53:37 | 220.220208 | 359.173698 
 4152.2872 | 08740.6768 | 18:53:38 | 220.218919 | 359.173688 
 4152.2889 | 08740.6601 | 18:53:39 | 220.233261 | 359.175753 
 4152.2886 | 08740.6550 | 18:53:40 | 220.237648 | 359.175441 
 4152.2887 | 08740.6573 | 18:53:41 | 220.235670 | 359.175541 
 4152.2887 | 08740.6591 | 18:53:42 | 220.234123 | 359.175530 
 4152.2887 | 08740.6614 | 18:53:43 | 220.232145 | 359.175514 
 4152.2887 | 08740.6639 | 18:53:44 | 220.229996 | 359.175498 
 4152.2887 | 08740.6662 | 18:53:45 | 220.228019 | 359.175483 
 4152.2887 | 08740.6693 | 18:53:46 | 220.225353 | 359.175463 
 4152.2887 | 08740.6716 | 18:53:47 | 220.223376 | 359.175447 
 4152.2886 | 08740.6772 | 18:53:49 | 220.218562 | 359.175296 
 4152.2884 | 08740.6806 | 18:53:50 | 220.215641 | 359.175043 
 4152.2881 | 08740.6844 | 18:53:51 | 220.212377 | 359.174673 
 4152.2878 | 08740.6881 | 18:53:52 | 220.209198 | 359.174304 
 4152.2871 | 08740.6929 | 18:53:53 | 220.205078 | 359.173467 
 4152.2863 | 08740.6979 | 18:53:54 | 220.200786 | 359.172514 
 4152.2853 | 08740.7030 | 18:53:55 | 220.196410 | 359.171331 
 4152.2835 | 08740.7099 | 18:53:56 | 220.190494 | 359.169215 
 4152.2809 | 08740.7184 | 18:53:57 | 220.183209 | 359.166168 
 4152.2788 | 08740.7250 | 18:53:58 | 220.177553 | 359.163710 
 4152.2761 | 08740.7345 | 18:53:59 | 220.169410 | 359.160542 
 4152.2717 | 08740.7456 | 18:54:00 | 220.159905 | 359.155408 
 4152.2676 | 08740.7548 | 18:54:01 | 220.152031 | 359.150632 
 4152.2629 | 08740.7652 | 18:54:02 | 220.143131 | 359.145157 
 4152.2571 | 08740.7747 | 18:54:03 | 220.135015 | 359.138424 
 4152.2516 | 08740.7839 | 18:54:04 | 220.127153 | 359.132037 
 4152.2459 | 08740.7912 | 18:54:05 | 220.120927 | 359.125433 
 4152.2408 | 08740.8000 | 18:54:06 | 220.113406 | 359.119509 
 4152.2305 | 08740.8156 | 18:54:08 | 220.100084 | 359.107559 
 4152.2169 | 08740.8170 | 18:54:09 | 220.099000 | 359.091907 
 4152.2064 | 08740.8236 | 18:54:10 | 220.093417 | 359.079786 
 4152.1975 | 08740.8295 | 18:54:11 | 220.088423 | 359.069510 
 4152.1902 | 08740.8376 | 18:54:12 | 220.081522 | 359.061060 
 4152.1826 | 08740.8462 | 18:54:13 | 220.074195 | 359.052262 
 4152.1748 | 08740.8518 | 18:54:14 | 220.069449 | 359.043254 
 4152.1680 | 08740.8563 | 18:54:15 | 220.065639 | 359.035402 
 4152.1618 | 08740.8608 | 18:54:16 | 220.061824 | 359.028241 
 4152.1572 | 08740.8667 | 18:54:17 | 220.056792 | 359.022912 
 4152.1536 | 08740.8701 | 18:54:18 | 220.053900 | 359.018749 
 4152.1509 | 08740.8732 | 18:54:19 | 220.051259 | 359.015623 
 4152.1483 | 08740.8762 | 18:54:20 | 220.048702 | 359.012612 
 4152.1462 | 08740.8783 | 18:54:21 | 220.046915 | 359.010183 
 4152.1447 | 08740.8795 | 18:54:22 | 220.045896 | 359.008450 
 4152.1435 | 08740.8810 | 18:54:23 | 220.044617 | 359.007060 
 4152.1421 | 08740.8821 | 18:54:24 | 220.043684 | 359.005442 
 4152.1416 | 08740.8812 | 18:54:25 | 220.044462 | 359.004873 
 4152.1403 | 08740.8810 | 18:54:26 | 220.044645 | 359.003379 
 4152.1384 | 08740.8842 | 18:54:27 | 220.041911 | 359.001173 
 4152.1366 | 08740.8862 | 18:54:28 | 220.040207 | 358.999089 
 4152.1361 | 08740.8854 | 18:54:29 | 220.040899 | 358.998519 
 4152.1352 | 08740.8880 | 18:54:30 | 220.038671 | 358.997467 
 4152.1339 | 08740.8888 | 18:54:31 | 220.037995 | 358.995967 
 4152.1328 | 08740.8881 | 18:54:32 | 220.038606 | 358.994706 
 4152.1311 | 08740.8896 | 18:54:33 | 220.037332 | 358.992741 
 4152.1311 | 08740.8882 | 18:54:34 | 220.038535 | 358.992750 
 4152.1304 | 08740.8893 | 18:54:35 | 220.037596 | 358.991937 
 4152.1309 | 08740.8889 | 18:54:36 | 220.037935 | 358.992515 
 4152.1299 | 08740.8909 | 18:54:37 | 220.036224 | 358.991352 
 4152.1294 | 08740.8913 | 18:54:38 | 220.035885 | 358.990774 
 4152.1292 | 08740.8933 | 18:54:39 | 220.034167 | 358.990531 
 4152.1292 | 08740.8955 | 18:54:40 | 220.032276 | 358.990517 
 4152.1294 | 08740.8999 | 18:54:41 | 220.028491 | 358.990718 
 4152.1287 | 08740.9032 | 18:54:42 | 220.025660 | 358.989891 
 4152.1282 | 08740.9071 | 18:54:43 | 220.022311 | 358.989291 
 4152.1291 | 08740.9121 | 18:54:44 | 220.018004 | 358.990293 
 4152.1297 | 08740.9174 | 18:54:45 | 220.013442 | 358.990949 
 4152.1291 | 08740.9219 | 18:54:46 | 220.009579 | 358.990229 
 4152.1300 | 08740.9268 | 18:54:47 | 220.005358 | 358.991233 
 4152.1309 | 08740.9424 | 18:54:50 | 219.991938 | 358.992166 
 4152.1309 | 08740.9518 | 18:54:51 | 219.983856 | 358.992105 
 4152.1307 | 08740.9590 | 18:54:52 | 219.977667 | 358.991828 
 4152.1307 | 08740.9696 | 18:54:53 | 219.968554 | 358.991759 
 4152.1313 | 08740.9788 | 18:54:54 | 219.960639 | 358.992389 
 4152.1308 | 08740.9863 | 18:54:55 | 219.954195 | 358.991765 
 4152.1345 | 08740.9933 | 18:54:57 | 219.948144 | 358.995975 
 4152.1343 | 08740.9979 | 18:54:58 | 219.944191 | 358.995715 
 4152.1339 | 08741.0033 | 18:54:59 | 219.939552 | 358.995220 
 4152.1333 | 08741.0079 | 18:55:00 | 219.935602 | 358.994500 
 4152.1333 | 08741.0120 | 18:55:01 | 219.932077 | 358.994473 
 4152.1337 | 08741.0152 | 18:55:02 | 219.929323 | 358.994913 
 4152.1351 | 08741.0195 | 18:55:03 | 219.925613 | 358.996495 
 4152.1514 | 08741.0098 | 18:55:04 | 219.933811 | 359.015307 
 4152.1524 | 08741.0131 | 18:55:05 | 219.930965 | 359.016436 
 4152.1533 | 08741.0162 | 18:55:06 | 219.928292 | 359.017451 
 4152.1541 | 08741.0192 | 18:55:07 | 219.925706 | 359.018352 
 4152.1545 | 08741.0213 | 18:55:08 | 219.923897 | 359.018798 
 4152.1548 | 08741.0231 | 18:55:09 | 219.922347 | 359.019131 
 4152.1547 | 08741.0240 | 18:55:10 | 219.921574 | 359.019011 
 4152.1545 | 08741.0252 | 18:55:11 | 219.920544 | 359.018773 
 4152.1548 | 08741.0262 | 18:55:12 | 219.919682 | 359.019111 
 4152.1449 | 08741.0136 | 18:55:13 | 219.930601 | 359.007806 
 4152.1479 | 08741.0033 | 18:55:14 | 219.939430 | 359.011324 
 4152.1474 | 08741.0013 | 18:55:15 | 219.941154 | 359.010762 
 4152.1474 | 08741.0007 | 18:55:16 | 219.941670 | 359.010765 
 4152.1479 | 08741.0005 | 18:55:17 | 219.941837 | 359.011342 
 4152.1479 | 08740.9999 | 18:55:18 | 219.942353 | 359.011346 
 4152.1478 | 08740.9991 | 18:55:19 | 219.943042 | 359.011236 
 4152.1486 | 08740.9952 | 18:55:20 | 219.946388 | 359.012182 
 4152.1491 | 08740.9942 | 18:55:21 | 219.947244 | 359.012763 
 4152.1492 | 08740.9934 | 18:55:22 | 219.947930 | 359.012883 
 4152.1496 | 08740.9928 | 18:55:23 | 219.948443 | 359.013347 
 4152.1497 | 08740.9920 | 18:55:24 | 219.949130 | 359.013468 
 4152.1498 | 08740.9913 | 18:55:25 | 219.949731 | 359.013587 
 4152.1497 | 08740.9906 | 18:55:26 | 219.950333 | 359.013477 
 4152.1497 | 08740.9898 | 18:55:27 | 219.951021 | 359.013482 
 4152.1498 | 08740.9891 | 18:55:28 | 219.951622 | 359.013602 
 4152.1499 | 08740.9885 | 18:55:29 | 219.952137 | 359.013720 
 4152.1499 | 08740.9878 | 18:55:30 | 219.952739 | 359.013725 
 4152.1500 | 08740.9871 | 18:55:31 | 219.953340 | 359.013845 
 4152.1500 | 08740.9866 | 18:55:32 | 219.953770 | 359.013848 
 4152.1499 | 08740.9863 | 18:55:33 | 219.954029 | 359.013735 
 4152.1499 | 08740.9859 | 18:55:34 | 219.954373 | 359.013737 
 4152.1498 | 08740.9855 | 18:55:35 | 219.954717 | 359.013625 
 4152.1498 | 08740.9852 | 18:55:36 | 219.954975 | 359.013627 
 4152.1492 | 08740.9859 | 18:55:37 | 219.954379 | 359.012932 
 4152.1494 | 08740.9854 | 18:55:38 | 219.954807 | 359.013166 
 4152.1493 | 08740.9845 | 18:55:39 | 219.955581 | 359.013056 
 4152.1494 | 08740.9840 | 18:55:40 | 219.956010 | 359.013175 
 4152.1504 | 08740.9835 | 18:55:41 | 219.956432 | 359.014328 
 4152.1491 | 08740.9793 | 18:55:42 | 219.960054 | 359.012860 
 4152.1489 | 08740.9784 | 18:55:43 | 219.960829 | 359.012636 
 4152.1488 | 08740.9776 | 18:55:44 | 219.961518 | 359.012526 
 4152.1489 | 08740.9767 | 18:55:45 | 219.962291 | 359.012647 
 4152.1492 | 08740.9756 | 18:55:46 | 219.963234 | 359.012999 
 4152.1500 | 08740.9748 | 18:55:47 | 219.963915 | 359.013925 
 4152.1503 | 08740.9737 | 18:55:48 | 219.964858 | 359.014277 
 4152.1502 | 08740.9726 | 18:55:49 | 219.965805 | 359.014169 
 4152.1504 | 08740.9717 | 18:55:50 | 219.966577 | 359.014405 
 4152.1501 | 08740.9705 | 18:55:51 | 219.967611 | 359.014068 
 4152.1500 | 08740.9692 | 18:55:52 | 219.968730 | 359.013961 
 4152.1499 | 08740.9683 | 18:55:53 | 219.969504 | 359.013852 
 4152.1456 | 08740.9644 | 18:55:54 | 219.972895 | 359.008931 
 4152.1452 | 08740.9638 | 18:55:55 | 219.973414 | 359.008475 
 4152.1451 | 08740.9630 | 18:55:56 | 219.974103 | 359.008365 
 4152.1452 | 08740.9614 | 18:55:57 | 219.975478 | 359.008491 
 4152.1445 | 08740.9607 | 18:55:58 | 219.976086 | 359.007690 
 4152.1456 | 08740.9613 | 18:55:59 | 219.975560 | 359.008952 
 4152.1460 | 08740.9606 | 18:56:00 | 219.976158 | 359.009416 
 4152.1459 | 08740.9599 | 18:56:01 | 219.976761 | 359.009306 
 4152.1458 | 08740.9592 | 18:56:02 | 219.977364 | 359.009195 
 4152.1458 | 08740.9587 | 18:56:03 | 219.977794 | 359.009199 
 4152.1459 | 08740.9585 | 18:56:04 | 219.977965 | 359.009315 
 4152.1459 | 08740.9581 | 18:56:05 | 219.978309 | 359.009318 
 4152.1460 | 08740.9579 | 18:56:06 | 219.978480 | 359.009434 
 4152.1468 | 08740.9594 | 18:56:07 | 219.977183 | 359.010344 
 4152.1470 | 08740.9593 | 18:56:08 | 219.977267 | 359.010575 
 4152.1468 | 08740.9591 | 18:56:09 | 219.977441 | 359.010346 
 4152.1467 | 08740.9585 | 18:56:10 | 219.977958 | 359.010235 
 4152.1471 | 08740.9580 | 18:56:11 | 219.978384 | 359.010698 
 4152.1474 | 08740.9579 | 18:56:12 | 219.978468 | 359.011044 
 4152.1476 | 08740.9577 | 18:56:13 | 219.978638 | 359.011276 
 4152.1480 | 08740.9571 | 18:56:14 | 219.979150 | 359.011740 
 4152.1497 | 08740.9517 | 18:56:15 | 219.983778 | 359.013730 
 4152.1502 | 08740.9509 | 18:56:16 | 219.984462 | 359.014311 
 4152.1510 | 08740.9496 | 18:56:18 | 219.985572 | 359.015239 
 4152.1516 | 08740.9489 | 18:56:19 | 219.986169 | 359.015934 
 4152.1539 | 08740.9487 | 18:56:20 | 219.986321 | 359.018581 
 4152.1534 | 08740.9464 | 18:56:22 | 219.988303 | 359.018021 
 4152.1537 | 08740.9454 | 18:56:23 | 219.989160 | 359.018372 
 4152.1544 | 08740.9444 | 18:56:24 | 219.990013 