 4151.2777 | 08737.9472 | 13:31:28 | 222.575117 | 358.031049 
 4151.2848 | 08737.9484 | 13:31:39 | 222.574018 | 358.039207 
 4151.2854 | 08737.9484 | 13:31:40 | 222.574012 | 358.039897 
 4151.2860 | 08737.9483 | 13:31:41 | 222.574093 | 358.040588 
 4151.2866 | 08737.9482 | 13:31:42 | 222.574173 | 358.041279 
 4151.2877 | 08737.9452 | 13:31:43 | 222.576743 | 358.042565 
 4151.2889 | 08737.9443 | 13:31:44 | 222.577505 | 358.043952 
 4151.2901 | 08737.9466 | 13:31:45 | 222.575516 | 358.045316 
 4151.2909 | 08737.9469 | 13:31:46 | 222.575251 | 358.046234 
 4151.2911 | 08737.9475 | 13:31:47 | 222.574733 | 358.046460 
 4151.2908 | 08737.9468 | 13:31:48 | 222.575338 | 358.046120 
 4151.2912 | 08737.9468 | 13:31:49 | 222.575334 | 358.046580 
 4151.2887 | 08737.9438 | 13:31:50 | 222.577937 | 358.043725 
 4151.2882 | 08737.9434 | 13:31:51 | 222.578286 | 358.043153 
 4151.2881 | 08737.9427 | 13:31:52 | 222.578889 | 358.043043 
 4151.2879 | 08737.9425 | 13:31:53 | 222.579063 | 358.042814 
 4151.2879 | 08737.9425 | 13:31:54 | 222.579063 | 358.042814 
 4151.2879 | 08737.9425 | 13:31:55 | 222.579063 | 358.042814 
 4151.2879 | 08737.9425 | 13:31:56 | 222.579063 | 358.042814 
 4151.2879 | 08737.9425 | 13:31:57 | 222.579063 | 358.042814 
 4151.2886 | 08737.9432 | 13:31:58 | 222.578454 | 358.043614 
 4151.2883 | 08737.9435 | 13:31:59 | 222.578199 | 358.043267 
 4151.2885 | 08737.9442 | 13:32:00 | 222.577595 | 358.043492 
 4151.2885 | 08737.9448 | 13:32:01 | 222.577079 | 358.043488 
 4151.2889 | 08737.9440 | 13:32:02 | 222.577763 | 358.043954 
 4151.2886 | 08737.9445 | 13:32:03 | 222.577336 | 358.043605 
 4151.2886 | 08737.9445 | 13:32:04 | 222.577336 | 358.043605 
 4151.2886 | 08737.9445 | 13:32:05 | 222.577336 | 358.043605 
 4151.2886 | 08737.9445 | 13:32:06 | 222.577336 | 358.043605 
 4151.2886 | 08737.9445 | 13:32:07 | 222.577336 | 358.043605 
 4151.2886 | 08737.9445 | 13:32:08 | 222.577336 | 358.043605 
 4151.2886 | 08737.9445 | 13:32:09 | 222.577336 | 358.043605 
 4151.2886 | 08737.9445 | 13:32:10 | 222.577336 | 358.043605 
 4151.2886 | 08737.9445 | 13:32:11 | 222.577336 | 358.043605 
 4151.2886 | 08737.9445 | 13:32:12 | 222.577336 | 358.043605 
 4151.2886 | 08737.9445 | 13:32:13 | 222.577336 | 358.043605 
 4151.2886 | 08737.9445 | 13:32:14 | 222.577336 | 358.043605 
 4151.2886 | 08737.9445 | 13:32:15 | 222.577336 | 358.043605 
 4151.2886 | 08737.9445 | 13:32:16 | 222.577336 | 358.043605 
 4151.2886 | 08737.9445 | 13:32:17 | 222.577336 | 358.043605 
 4151.2886 | 08737.9445 | 13:32:18 | 222.577336 | 358.043605 
 4151.2886 | 08737.9445 | 13:32:19 | 222.577336 | 358.043605 
 4151.2886 | 08737.9445 | 13:32:20 | 222.577336 | 358.043605 
 4151.2886 | 08737.9445 | 13:32:21 | 222.577336 | 358.043605 
 4151.2886 | 08737.9445 | 13:32:22 | 222.577336 | 358.043605 
 4151.2886 | 08737.9445 | 13:32:23 | 222.577336 | 358.043605 
 4151.2886 | 08737.9445 | 13:32:24 | 222.577336 | 358.043605 
 4151.2886 | 08737.9445 | 13:32:25 | 222.577336 | 358.043605 
 4151.2886 | 08737.9445 | 13:32:26 | 222.577336 | 358.043605 
 4151.2886 | 08737.9445 | 13:32:27 | 222.577336 | 358.043605 
 4151.2886 | 08737.9445 | 13:32:28 | 222.577336 | 358.043605 
 4151.2886 | 08737.9445 | 13:32:29 | 222.577336 | 358.043605 
 4151.2886 | 08737.9445 | 13:32:30 | 222.577336 | 358.043605 
 4151.2886 | 08737.9445 | 13:32:31 | 222.577336 | 358.043605 
 4151.2886 | 08737.9445 | 13:32:32 | 222.577336 | 358.043605 
 4151.2886 | 08737.9445 | 13:32:33 | 222.577336 | 358.043605 
 4151.2886 | 08737.9445 | 13:32:34 | 222.577336 | 358.043605 
 4151.2886 | 08737.9445 | 13:32:35 | 222.577336 | 358.043605 
 4151.2886 | 08737.9445 | 13:32:36 | 222.577336 | 358.043605 
 4151.2886 | 08737.9445 | 13:32:37 | 222.577336 | 358.043605 
 4151.2886 | 08737.9445 | 13:32:38 | 222.577336 | 358.043605 
 4151.2886 | 08737.9445 | 13:32:39 | 222.577336 | 358.043605 
 4151.2886 | 08737.9445 | 13:32:40 | 222.577336 | 358.043605 
 4151.2886 | 08737.9445 | 13:32:41 | 222.577336 | 358.043605 
 4151.2886 | 08737.9445 | 13:32:42 | 222.577336 | 358.043605 
 4151.2886 | 08737.9445 | 13:32:43 | 222.577336 | 358.043605 
 4151.2886 | 08737.9445 | 13:32:44 | 222.577336 | 358.043605 
 4151.2886 | 08737.9445 | 13:32:45 | 222.577336 | 358.043605 
 4151.2886 | 08737.9445 | 13:32:46 | 222.577336 | 358.043605 
 4151.2870 | 08737.9382 | 13:32:47 | 222.582769 | 358.041809 
 4151.2867 | 08737.9379 | 13:32:48 | 222.583030 | 358.041466 
 4151.2863 | 08737.9376 | 13:32:49 | 222.583291 | 358.041008 
 4151.2862 | 08737.9374 | 13:32:50 | 222.583464 | 358.040895 
 4151.2864 | 08737.9379 | 13:32:51 | 222.583033 | 358.041121 
 4151.2864 | 08737.9383 | 13:32:52 | 222.582689 | 358.041118 
 4151.2864 | 08737.9386 | 13:32:53 | 222.582431 | 358.041116 
 4151.2864 | 08737.9386 | 13:32:54 | 222.582431 | 358.041116 
 4151.2864 | 08737.9386 | 13:32:55 | 222.582431 | 358.041116 
 4151.2864 | 08737.9386 | 13:32:56 | 222.582431 | 358.041116 
 4151.2864 | 08737.9386 | 13:32:57 | 222.582431 | 358.041116 
 4151.2864 | 08737.9386 | 13:32:58 | 222.582431 | 358.041116 
 4151.2864 | 08737.9386 | 13:32:59 | 222.582431 | 358.041116 
 4151.2864 | 08737.9386 | 13:33:00 | 222.582431 | 358.041116 
 4151.2864 | 08737.9386 | 13:33:01 | 222.582431 | 358.041116 
 4151.2864 | 08737.9386 | 13:33:02 | 222.582431 | 358.041116 
 4151.2864 | 08737.9386 | 13:33:03 | 222.582431 | 358.041116 
 4151.2864 | 08737.9386 | 13:33:04 | 222.582431 | 358.041116 
 4151.2864 | 08737.9386 | 13:33:05 | 222.582431 | 358.041116 
 4151.2864 | 08737.9386 | 13:33:06 | 222.582431 | 358.041116 
 4151.2864 | 08737.9386 | 13:33:07 | 222.582431 | 358.041116 
 4151.2864 | 08737.9386 | 13:33:08 | 222.582431 | 358.041116 
 4151.2864 | 08737.9386 | 13:33:09 | 222.582431 | 358.041116 
 4151.2864 | 08737.9386 | 13:33:10 | 222.582431 | 358.041116 
 4151.2864 | 08737.9386 | 13:33:11 | 222.582431 | 358.041116 
 4151.2866 | 08737.9385 | 13:33:12 | 222.582515 | 358.041347 
 4151.2867 | 08737.9380 | 13:33:13 | 222.582944 | 358.041466 
 4151.2868 | 08737.9373 | 13:33:14 | 222.583545 | 358.041585 
 4151.2868 | 08737.9364 | 13:33:15 | 222.584319 | 358.041592 
 4151.2868 | 08737.9355 | 13:33:16 | 222.585093 | 358.041598 
 4151.2869 | 08737.9345 | 13:33:17 | 222.585952 | 358.041720 
 4151.2871 | 08737.9335 | 13:33:18 | 222.586810 | 358.041957 
 4151.2873 | 08737.9325 | 13:33:19 | 222.587668 | 358.042194 
 4151.2873 | 08737.9317 | 13:33:20 | 222.588356 | 358.042200 
 4151.2873 | 08737.9310 | 13:33:21 | 222.588958 | 358.042205 
 4151.2873 | 08737.9303 | 13:33:22 | 222.589560 | 358.042210 
 4151.2870 | 08737.9294 | 13:33:23 | 222.590336 | 358.041871 
 4151.2868 | 08737.9286 | 13:33:24 | 222.591026 | 358.041647 
 4151.2865 | 08737.9279 | 13:33:25 | 222.591631 | 358.041306 
 4151.2862 | 08737.9272 | 13:33:26 | 222.592236 | 358.040966 
 4151.2858 | 08737.9265 | 13:33:27 | 222.592842 | 358.040511 
 4151.2858 | 08737.9257 | 13:33:28 | 222.593530 | 358.040517 
 4151.2856 | 08737.9250 | 13:33:29 | 222.594133 | 358.040292 
 4151.2853 | 08737.9241 | 13:33:30 | 222.594910 | 358.039953 
 4151.2852 | 08737.9232 | 13:33:31 | 222.595685 | 358.039844 
 4151.2850 | 08737.9223 | 13:33:32 | 222.596461 | 358.039620 
 4151.2849 | 08737.9213 | 13:33:33 | 222.597322 | 358.039512 
 4151.2848 | 08737.9201 | 13:33:34 | 222.598355 | 358.039406 
 4151.2846 | 08737.9185 | 13:33:35 | 222.599733 | 358.039187 
 4151.2847 | 08737.9167 | 13:33:36 | 222.601280 | 358.039315 
 4151.2847 | 08737.9153 | 13:33:37 | 222.602483 | 358.039324 
 4151.2847 | 08737.9142 | 13:33:38 | 222.603429 | 358.039332 
 4151.2849 | 08737.9135 | 13:33:39 | 222.604029 | 358.039567 
 4151.2851 | 08737.9133 | 13:33:40 | 222.604200 | 358.039799 
 4151.2850 | 08737.9132 | 13:33:41 | 222.604287 | 358.039684 
 4151.2850 | 08737.9132 | 13:33:42 | 222.604287 | 358.039684 
 4151.2850 | 08737.9132 | 13:33:43 | 222.604287 | 358.039684 
 4151.2850 | 08737.9132 | 13:33:44 | 222.604287 | 358.039684 
 4151.2850 | 08737.9132 | 13:33:45 | 222.604287 | 358.039684 
 4151.2850 | 08737.9132 | 13:33:46 | 222.604287 | 358.039684 
 4151.2850 | 08737.9132 | 13:33:47 | 222.604287 | 358.039684 
 4151.2851 | 08737.9123 | 13:33:48 | 222.605060 | 358.039806 
 4151.2853 | 08737.9116 | 13:33:49 | 222.605660 | 358.040041 
 4151.2858 | 08737.9105 | 13:33:50 | 222.606601 | 358.040623 
 4151.2871 | 08737.9096 | 13:33:51 | 222.607363 | 358.042125 
 4151.2889 | 08737.9092 | 13:33:52 | 222.607690 | 358.044198 
 4151.2914 | 08737.9088 | 13:33:53 | 222.608010 | 358.047077 
 4151.2941 | 08737.9086 | 13:33:54 | 222.608157 | 358.050184 
 4151.2971 | 08737.9085 | 13:33:55 | 222.608215 | 358.053635 
 4151.3002 | 08737.9084 | 13:33:56 | 222.608271 | 358.057202 
 4151.3036 | 08737.9085 | 13:33:57 | 222.608154 | 358.061112 
 4151.3072 | 08737.9085 | 13:33:58 | 222.608120 | 358.065253 
 4151.3108 | 08737.9086 | 13:33:59 | 222.608000 | 358.069393 
 4151.3146 | 08737.9086 | 13:34:00 | 222.607964 | 358.073764 
 4151.3183 | 08737.9087 | 13:34:01 | 222.607843 | 358.078019 
 4151.3220 | 08737.9087 | 13:34:02 | 222.607809 | 358.082275 
 4151.3260 | 08737.9087 | 13:34:03 | 222.607771 | 358.086876 
 4151.3299 | 08737.9087 | 13:34:04 | 222.607734 | 358.091362 
 4151.3338 | 08737.9086 | 13:34:05 | 222.607784 | 358.095849 
 4151.3378 | 08737.9084 | 13:34:06 | 222.607918 | 358.100451 
 4151.3418 | 08737.9083 | 13:34:07 | 222.607967 | 358.105053 
 4151.3457 | 08737.9086 | 13:34:08 | 222.607672 | 358.109537 
 4151.3496 | 08737.9090 | 13:34:09 | 222.607291 | 358.114020 
 4151.3537 | 08737.9092 | 13:34:10 | 222.607081 | 358.118735 
 4151.3578 | 08737.9095 | 13:34:11 | 222.606784 | 358.123448 
 4151.3619 | 08737.9096 | 13:34:12 | 222.606660 | 358.128164 
 4151.3660 | 08737.9097 | 13:34:13 | 222.606535 | 358.132879 
 4151.3702 | 08737.9098 | 13:34:14 | 222.606410 | 358.137709 
 4151.3745 | 08737.9099 | 13:34:15 | 222.606283 | 358.142655 
 4151.3788 | 08737.9100 | 13:34:16 | 222.606157 | 358.147600 
 4151.3832 | 08737.9101 | 13:34:17 | 222.606030 | 358.152661 
 4151.3877 | 08737.9101 | 13:34:18 | 222.605987 | 358.157837 
 4151.3923 | 08737.9101 | 13:34:19 | 222.605944 | 358.163128 
 4151.3967 | 08737.9102 | 13:34:20 | 222.605817 | 358.168188 
 4151.4009 | 08737.9104 | 13:34:21 | 222.605605 | 358.173018 
 4151.4049 | 08737.9105 | 13:34:22 | 222.605482 | 358.177618 
 4151.4089 | 08737.9105 | 13:34:23 | 222.605444 | 358.182219 
 4151.4129 | 08737.9106 | 13:34:24 | 222.605320 | 358.186820 
 4151.4167 | 08737.9106 | 13:34:25 | 222.605285 | 358.191190 
 4151.4206 | 08737.9107 | 13:34:26 | 222.605162 | 358.195676 
 4151.4244 | 08737.9108 | 13:34:27 | 222.605040 | 358.200046 
 4151.4283 | 08737.9110 | 13:34:28 | 222.604832 | 358.204531 
 4151.4323 | 08737.9112 | 13:34:29 | 222.604622 | 358.209130 
 4151.4364 | 08737.9112 | 13:34:30 | 222.604584 | 358.213846 
 4151.4406 | 08737.9111 | 13:34:31 | 222.604630 | 358.218678 
 4151.4448 | 08737.9110 | 13:34:32 | 222.604677 | 358.223510 
 4151.4488 | 08737.9108 | 13:34:33 | 222.604811 | 358.228112 
 4151.4529 | 08737.9106 | 13:34:34 | 222.604945 | 358.232830 
 4151.4570 | 08737.9105 | 13:34:35 | 222.604992 | 358.237546 
 4151.4560 | 08737.9108 | 13:34:36 | 222.604743 | 358.236394 
 4151.4570 | 08737.9111 | 13:34:37 | 222.604476 | 358.237542 
 4151.4578 | 08737.9112 | 13:34:38 | 222.604383 | 358.238462 
 4151.4581 | 08737.9115 | 13:34:39 | 222.604122 | 358.238805 
 4151.4583 | 08737.9117 | 13:34:40 | 222.603948 | 358.239033 
 4151.4585 | 08737.9118 | 13:34:41 | 222.603860 | 358.239262 
 4151.4588 | 08737.9123 | 13:34:42 | 222.603427 | 358.239604 
 4151.4588 | 08737.9123 | 13:34:43 | 222.603427 | 358.239604 
 4151.4593 | 08737.9124 | 13:34:44 | 222.603337 | 358.240178 
 4151.4599 | 08737.9125 | 13:34:45 | 222.603245 | 358.240868 
 4151.4611 | 08737.9129 | 13:34:46 | 222.602890 | 358.242245 
 4151.4627 | 08737.9141 | 13:34:47 | 222.601843 | 358.244077 
 4151.4642 | 08737.9167 | 13:34:48 | 222.599593 | 358.245785 
 4151.4653 | 08737.9204 | 13:34:49 | 222.596401 | 358.247024 
 4151.4659 | 08737.9251 | 13:34:50 | 222.592354 | 358.247681 
 4151.4663 | 08737.9307 | 13:34:51 | 222.587534 | 358.248102 
 4151.4668 | 08737.9368 | 13:34:52 | 222.582284 | 358.248634 
 4151.4671 | 08737.9434 | 13:34:53 | 222.576606 | 358.248933 
 4151.4672 | 08737.9506 | 13:34:54 | 222.570414 | 358.248997 
 4151.4671 | 08737.9584 | 13:34:55 | 222.563707 | 358.248827 
 4151.4670 | 08737.9665 | 13:34:56 | 222.556743 | 358.248656 
 4151.4670 | 08737.9749 | 13:34:57 | 222.549520 | 358.248597 
 4151.4667 | 08737.9834 | 13:34:58 | 222.542213 | 358.248192 
 4151.4664 | 08737.9917 | 13:34:59 | 222.535079 | 358.247789 
 4151.4662 | 08738.0000 | 13:35:00 | 222.527943 | 358.247500 
 4151.4661 | 08738.0082 | 13:35:01 | 222.520893 | 358.247328 
 4151.4660 | 08738.0163 | 13:35:02 | 222.513929 | 358.247156 
 4151.4660 | 08738.0245 | 13:35:03 | 222.506877 | 358.247099 
 4151.4661 | 08738.0329 | 13:35:04 | 222.499653 | 358.247155 
 4151.4660 | 08738.0414 | 13:35:05 | 222.492345 | 358.246980 
 4151.4662 | 08738.0501 | 13:35:06 | 222.484862 | 358.247149 
 4151.4661 | 08738.0589 | 13:35:07 | 222.477295 | 358.246973 
 4151.4658 | 08738.0676 | 13:35:08 | 222.469817 | 358.246567 
 4151.4660 | 08738.0765 | 13:35:09 | 222.462162 | 358.246735 
 4151.4661 | 08738.0852 | 13:35:10 | 222.454680 | 358.246789 
 4151.4662 | 08738.0938 | 13:35:11 | 222.447283 | 358.246844 
 4151.4661 | 08738.1025 | 13:35:12 | 222.439803 | 358.246668 
 4151.4663 | 08738.1111 | 13:35:13 | 222.432406 | 358.246838 
 4151.4662 | 08738.1198 | 13:35:14 | 222.424926 | 358.246662 
 4151.4660 | 08738.1284 | 13:35:15 | 222.417532 | 358.246372 
 4151.4661 | 08738.1371 | 13:35:16 | 222.410050 | 358.246426 
 4151.4661 | 08738.1457 | 13:35:17 | 222.402655 | 358.246366 
 4151.4661 | 08738.1544 | 13:35:18 | 222.395174 | 358.246305 
 4151.4658 | 08738.1630 | 13:35:19 | 222.387781 | 358.245900 
 4151.4655 | 08738.1718 | 13:35:20 | 222.380217 | 358.245493 
 4151.4651 | 08738.1806 | 13:35:21 | 222.372653 | 358.244972 
 4151.4647 | 08738.1895 | 13:35:22 | 222.365004 | 358.244450 
 4151.4645 | 08738.1985 | 13:35:23 | 222.357266 | 358.244157 
 4151.4641 | 08738.2076 | 13:35:24 | 222.349445 | 358.243633 
 4151.4637 | 08738.2168 | 13:35:25 | 222.341537 | 358.243109 
 4151.4634 | 08738.2261 | 13:35:26 | 222.333543 | 358.242699 
 4151.4630 | 08738.2354 | 13:35:27 | 222.325550 | 358.242174 
 4151.4623 | 08738.2446 | 13:35:28 | 222.317645 | 358.241305 
 4151.4630 | 08738.2536 | 13:35:29 | 222.309899 | 358.242047 
 4151.4626 | 08738.2626 | 13:35:30 | 222.302164 | 358.241524 
 4151.4622 | 08738.2713 | 13:35:31 | 222.294686 | 358.241004 
 4151.4618 | 08738.2800 | 13:35:32 | 222.287209 | 358.240483 
 4151.4616 | 08738.2887 | 13:35:33 | 222.279729 | 358.240192 
 4151.4612 | 08738.2974 | 13:35:34 | 222.272252 | 358.239672 
 4151.4609 | 08738.3059 | 13:35:35 | 222.264945 | 358.239267 
 4151.4605 | 08738.3138 | 13:35:36 | 222.258156 | 358.238752 
 4151.4608 | 08738.3206 | 13:35:37 | 222.252305 | 358.239050 
 4151.4608 | 08738.3261 | 13:35:38 | 222.247576 | 358.239012 
 4151.4607 | 08738.3300 | 13:35:39 | 222.244223 | 358.238870 
 4151.4609 | 08738.3319 | 13:35:40 | 222.242587 | 358.239086 
 4151.4632 | 08738.3327 | 13:35:41 | 222.241878 | 358.241726 
 4151.4641 | 08738.3329 | 13:35:42 | 222.241698 | 358.242760 
 4151.4641 | 08738.3331 | 13:35:43 | 222.241526 | 358.242759 
 4151.4652 | 08738.3331 | 13:35:44 | 222.241515 | 358.244024 
 4151.4658 | 08738.3331 | 13:35:45 | 222.241510 | 358.244714 
 4151.4663 | 08738.3330 | 13:35:46 | 222.241591 | 358.245290 
 4151.4658 | 08738.3330 | 13:35:47 | 222.241596 | 358.244715 
 4151.4657 | 08738.3331 | 13:35:48 | 222.241511 | 358.244599 
 4151.4657 | 08738.3337 | 13:35:49 | 222.240995 | 358.244595 
 4151.4663 | 08738.3351 | 13:35:50 | 222.239785 | 358.245276 
 4151.4682 | 08738.3364 | 13:35:51 | 222.238650 | 358.247452 
 4151.4711 | 08738.3369 | 13:35:52 | 222.238193 | 358.250784 
 4151.4743 | 08738.3372 | 13:35:53 | 222.237905 | 358.254463 
 4151.4796 | 08738.3371 | 13:35:54 | 222.237942 | 358.260560 
 4151.4870 | 08738.3367 | 13:35:55 | 222.238217 | 358.269075 
 4151.4937 | 08738.3367 | 13:35:56 | 222.238155 | 358.276781 
 4151.5003 | 08738.3368 | 13:35:57 | 222.238007 | 358.284372 
 4151.5072 | 08738.3368 | 13:35:58 | 222.237943 | 358.292309 
 4151.5144 | 08738.3369 | 13:35:59 | 222.237790 | 358.300590 
 4151.5216 | 08738.3372 | 13:36:00 | 222.237465 | 358.308870 
 4151.5285 | 08738.3376 | 13:36:01 | 222.237057 | 358.316804 
 4151.5351 | 08738.3381 | 13:36:02 | 222.236566 | 358.324392 
 4151.5411 | 08738.3387 | 13:36:03 | 222.235994 | 358.331289 
 4151.5468 | 08738.3393 | 13:36:04 | 222.235425 | 358.337841 
 4151.5532 | 08738.3397 | 13:36:05 | 222.235021 | 358.345200 
 4151.5589 | 08738.3400 | 13:36:06 | 222.234710 | 358.351755 
 4151.5646 | 08738.3403 | 13:36:07 | 222.234399 | 358.358309 
 4151.5707 | 08738.3403 | 13:36:08 | 222.234343 | 358.365326 
 4151.5768 | 08738.3404 | 13:36:09 | 222.234200 | 358.372341 
 4151.5828 | 08738.3406 | 13:36:10 | 222.233972 | 358.379241 
 4151.5888 | 08738.3409 | 13:36:11 | 222.233658 | 358.386141 
 4151.5948 | 08738.3409 | 13:36:12 | 222.233603 | 358.393042 
 4151.6009 | 08738.3410 | 13:36:13 | 222.233460 | 358.400058 
 4151.6072 | 08738.3408 | 13:36:14 | 222.233573 | 358.407306 
 4151.6136 | 08738.3408 | 13:36:15 | 222.233514 | 358.414668 
 4151.6204 | 08738.3407 | 13:36:16 | 222.233536 | 358.422490 
 4151.6267 | 08738.3407 | 13:36:17 | 222.233478 | 358.429737 
 4151.6325 | 08738.3407 | 13:36:18 | 222.233424 | 358.436408 
 4151.6378 | 08738.3406 | 13:36:19 | 222.233461 | 358.442505 
 4151.6417 | 08738.3406 | 13:36:20 | 222.233424 | 358.446991 
 4151.6490 | 08738.3409 | 13:36:22 | 222.233098 | 358.455386 
 4151.6527 | 08738.3411 | 13:36:23 | 222.232892 | 358.459641 
 4151.6559 | 08738.3418 | 13:36:24 | 222.232260 | 358.463316 
 4151.6582 | 08738.3417 | 13:36:25 | 222.232325 | 358.465963 
 4151.6612 | 08738.3420 | 13:36:26 | 222.232039 | 358.469411 
 4151.6651 | 08738.3425 | 13:36:27 | 222.231573 | 358.473894 
 4151.6693 | 08738.3428 | 13:36:28 | 222.231276 | 358.478723 
 4151.6738 | 08738.3427 | 13:36:29 | 222.231320 | 358.483900 
 4151.6783 | 08738.3426 | 13:36:30 | 222.231364 | 358.489077 
 4151.6827 | 08738.3426 | 13:36:31 | 222.231323 | 358.494138 
 4151.6872 | 08738.3426 | 13:36:32 | 222.231281 | 358.499314 
 4151.6916 | 08738.3426 | 13:36:33 | 222.231240 | 358.504375 
 4151.6961 | 08738.3426 | 13:36:34 | 222.231199 | 358.509551 
 4151.7011 | 08738.3424 | 13:36:35 | 222.231324 | 358.515304 
 4151.7057 | 08738.3421 | 13:36:36 | 222.231539 | 358.520597 
 4151.7104 | 08738.3417 | 13:36:37 | 222.231839 | 358.526006 
 4151.7153 | 08738.3418 | 13:36:38 | 222.231708 | 358.531641 
 4151.7204 | 08738.3417 | 13:36:39 | 222.231746 | 358.537508 
 4151.7261 | 08738.3419 | 13:36:40 | 222.231521 | 358.544063 
 4151.7322 | 08738.3421 | 13:36:41 | 222.231293 | 358.551079 
 4151.7387 | 08738.3422 | 13:36:42 | 222.231146 | 358.558554 
 4151.7454 | 08738.3427 | 13:36:43 | 222.230654 | 358.566258 
 4151.7525 | 08738.3430 | 13:36:44 | 222.230330 | 358.574422 
 4151.7593 | 08738.3431 | 13:36:45 | 222.230181 | 358.582243 
 4151.7666 | 08738.3434 | 13:36:46 | 222.229855 | 358.590638 
 4151.7741 | 08738.3437 | 13:36:47 | 222.229527 | 358.599263 
 4151.7815 | 08738.3438 | 13:36:48 | 222.229372 | 358.607774 
 4151.7889 | 08738.3441 | 13:36:49 | 222.229046 | 358.616284 
 4151.7961 | 08738.3444 | 13:36:50 | 222.228721 | 358.624564 
 4151.8032 | 08738.3446 | 13:36:51 | 222.228483 | 358.632729 
 4151.8104 | 08738.3448 | 13:36:52 | 222.228244 | 358.641009 
 4151.8177 | 08738.3449 | 13:36:53 | 222.228090 | 358.649406 
 4151.8251 | 08738.3451 | 13:36:54 | 222.227849 | 358.657916 
 4151.8325 | 08738.3453 | 13:36:55 | 222.227608 | 358.666426 
 4151.8399 | 08738.3457 | 13:36:56 | 222.227195 | 358.674936 
 4151.8471 | 08738.3460 | 13:36:57 | 222.226870 | 358.683215 
 4151.8542 | 08738.3462 | 13:36:58 | 222.226632 | 358.691381 
 4151.8611 | 08738.3464 | 13:36:59 | 222.226396 | 358.699316 
 4151.8680 | 08738.3466 | 13:37:00 | 222.226160 | 358.707251 
 4151.8747 | 08738.3472 | 13:37:01 | 222.225582 | 358.714954 
 4151.8816 | 08738.3475 | 13:37:02 | 222.225260 | 358.722889 
 4151.8886 | 08738.3476 | 13:37:03 | 222.225109 | 358.730940 
 4151.8956 | 08738.3477 | 13:37:04 | 222.224958 | 358.738991 
 4151.9027 | 08738.3479 | 13:37:05 | 222.224720 | 358.747156 
 4151.9098 | 08738.3481 | 13:37:06 | 222.224482 | 358.755321 
 4151.9167 | 08738.3482 | 13:37:07 | 222.224331 | 358.763258 
 4151.9232 | 08738.3481 | 13:37:08 | 222.224357 | 358.770735 
 4151.9287 | 08738.3483 | 13:37:09 | 222.224134 | 358.777060 
 4151.9335 | 08738.3484 | 13:37:10 | 222.224003 | 358.782580 
 4151.9377 | 08738.3486 | 13:37:11 | 222.223792 | 358.787410 
 4151.9411 | 08738.3488 | 13:37:12 | 222.223589 | 358.791319 
 4151.9447 | 08738.3489 | 13:37:13 | 222.223469 | 358.795460 
 4151.9478 | 08738.3490 | 13:37:14 | 222.223354 | 358.799025 
 4151.9507 | 08738.3492 | 13:37:15 | 222.223155 | 358.802359 
 4151.9537 | 08738.3494 | 13:37:16 | 222.222956 | 358.805808 
 4151.9570 | 08738.3495 | 13:37:17 | 222.222839 | 358.809604 
 4151.9605 | 08738.3497 | 13:37:18 | 222.222634 | 358.813628 
 4151.9639 | 08738.3498 | 13:37:19 | 222.222517 | 358.817538 
 4151.9673 | 08738.3500 | 13:37:20 | 222.222313 | 358.821448 
 4151.9705 | 08738.3502 | 13:37:21 | 222.222111 | 358.825127 
 4151.9737 | 08738.3502 | 13:37:22 | 222.222082 | 358.828808 
 4151.9768 | 08738.3502 | 13:37:23 | 222.222053 | 358.832374 
 4151.9796 | 08738.3504 | 13:37:24 | 222.221855 | 358.835593 
 4151.9824 | 08738.3505 | 13:37:25 | 222.221743 | 358.838813 
 4151.9854 | 08738.3505 | 13:37:26 | 222.221715 | 358.842264 
 4151.9882 | 08738.3505 | 13:37:27 | 222.221689 | 358.845485 
 4151.9905 | 08738.3508 | 13:37:28 | 222.221410 | 358.848128 
 4151.9925 | 08738.3509 | 13:37:29 | 222.221305 | 358.850428 
 4151.9941 | 08738.3510 | 13:37:30 | 222.221204 | 358.852268 
 4151.9955 | 08738.3509 | 13:37:31 | 222.221277 | 358.853879 
 4151.9966 | 08738.3506 | 13:37:32 | 222.221525 | 358.855146 
 4151.9976 | 08738.3501 | 13:37:33 | 222.221945 | 358.856300 
 4151.9987 | 08738.3497 | 13:37:34 | 222.222279 | 358.857568 
 4151.9989 | 08738.3508 | 13:37:35 | 222.221331 | 358.857790 
 4151.9996 | 08738.3508 | 13:37:36 | 222.221325 | 358.858595 
 4152.0004 | 08738.3508 | 13:37:37 | 222.221317 | 358.859516 
 4152.0013 | 08738.3510 | 13:37:38 | 222.221137 | 358.860549 
 4152.0019 | 08738.3521 | 13:37:39 | 222.220186 | 358.861232 
 4152.0026 | 08738.3526 | 13:37:40 | 222.219749 | 358.862034 
 4152.0031 | 08738.3527 | 13:37:41 | 222.219659 | 358.862608 
 4152.0033 | 08738.3528 | 13:37:42 | 222.219571 | 358.862837 
 4152.0033 | 08738.3527 | 13:37:43 | 222.219657 | 358.862838 
 4152.0028 | 08738.3528 | 13:37:44 | 222.219576 | 358.862262 
 4152.0033 | 08738.3527 | 13:37:45 | 222.219657 | 358.862838 
 4152.0039 | 08738.3529 | 13:37:46 | 222.219479 | 358.863527 
 4152.0045 | 08738.3534 | 13:37:47 | 222.219044 | 358.864213 
 4152.0052 | 08738.3539 | 13:37:48 | 222.218607 | 358.865015 
 4152.0067 | 08738.3548 | 13:37:49 | 222.217820 | 358.866734 
 4152.0087 | 08738.3553 | 13:37:50 | 222.217371 | 358.869031 
 4152.0111 | 08738.3556 | 13:37:51 | 222.217091 | 358.871790 
 4152.0136 | 08738.3557 | 13:37:52 | 222.216982 | 358.874665 
 4152.0160 | 08738.3556 | 13:37:53 | 222.217045 | 358.877426 
 4152.0178 | 08738.3554 | 13:37:54 | 222.217201 | 358.879498 
 4152.0189 | 08738.3553 | 13:37:55 | 222.217276 | 358.880764 
 4152.0198 | 08738.3555 | 13:37:56 | 222.217096 | 358.881798 
 4152.0207 | 08738.3555 | 13:37:57 | 222.217088 | 358.882833 
 4152.0216 | 08738.3556 | 13:37:58 | 222.216993 | 358.883867 
 4152.0228 | 08738.3558 | 13:37:59 | 222.216810 | 358.885246 
 4152.0240 | 08738.3558 | 13:38:00 | 222.216799 | 358.886627 
 4152.0251 | 08738.3557 | 13:38:01 | 222.216875 | 358.887893 
 4152.0258 | 08738.3557 | 13:38:02 | 222.216868 | 358.888698 
 4152.0261 | 08738.3557 | 13:38:03 | 222.216865 | 358.889043 
 4152.0262 | 08738.3556 | 13:38:04 | 222.216951 | 358.889159 
 4152.0262 | 08738.3554 | 13:38:05 | 222.217122 | 358.889160 
 4152.0262 | 08738.3554 | 13:38:06 | 222.217122 | 358.889160 
 4152.0262 | 08738.3554 | 13:38:07 | 222.217122 | 358.889160 
 4152.0262 | 08738.3554 | 13:38:08 | 222.217122 | 358.889160 
 4152.0267 | 08738.3547 | 13:38:09 | 222.217720 | 358.889740 
 4152.0281 | 08738.3548 | 13:38:10 | 222.217621 | 358.891350 
 4152.0303 | 08738.3554 | 13:38:11 | 222.217084 | 358.893876 
 4152.0330 | 08738.3568 | 13:38:12 | 222.215856 | 358.896972 
 4152.0355 | 08738.3587 | 13:38:13 | 222.214199 | 358.899834 
 4152.0373 | 08738.3616 | 13:38:14 | 222.211689 | 358.901885 
 4152.0388 | 08738.3656 | 13:38:15 | 222.208235 | 358.903582 
 4152.0402 | 08738.3692 | 13:38:16 | 222.205127 | 358.905168 
 4152.0385 | 08738.3775 | 13:38:17 | 222.198007 | 358.903155 
 4152.0384 | 08738.3841 | 13:38:18 | 222.192333 | 358.902994 
 4152.0384 | 08738.3903 | 13:38:19 | 222.187002 | 358.902951 
 4152.0385 | 08738.3963 | 13:38:20 | 222.181843 | 358.903024 
 4152.0383 | 08738.4014 | 13:38:21 | 222.177460 | 358.902758 
 4152.0381 | 08738.4061 | 13:38:22 | 222.173421 | 358.902496 
 4152.0379 | 08738.4105 | 13:38:23 | 222.169639 | 358.902235 
 4152.0376 | 08738.4141 | 13:38:24 | 222.166547 | 358.901865 
 4152.0374 | 08738.4169 | 13:38:25 | 222.164141 | 358.901616 
 4152.0372 | 08738.4192 | 13:38:26 | 222.162166 | 358.901370 
 4152.0371 | 08738.4210 | 13:38:27 | 222.160619 | 358.901242 
 4152.0370 | 08738.4224 | 13:38:28 | 222.159416 | 358.901117 
 4152.0369 | 08738.4234 | 13:38:29 | 222.158558 | 358.900995 
 4152.0368 | 08738.4241 | 13:38:30 | 222.157957 | 358.900876 
 4152.0368 | 08738.4243 | 13:38:31 | 222.157785 | 358.900874 
 4152.0368 | 08738.4244 | 13:38:32 | 222.157699 | 358.900873 
 4152.0367 | 08738.4245 | 13:38:33 | 222.157614 | 358.900758 
 4152.0366 | 08738.4252 | 13:38:34 | 222.157013 | 358.900638 
 4152.0365 | 08738.4275 | 13:38:35 | 222.155036 | 358.900507 
 4152.0365 | 08738.4312 | 13:38:36 | 222.151855 | 358.900481 
 4152.0366 | 08738.4357 | 13:38:37 | 222.147985 | 358.900565 
 4152.0367 | 08738.4409 | 13:38:38 | 222.143513 | 358.900644 
 4152.0360 | 08738.4482 | 13:38:39 | 222.137243 | 358.899788 
 4152.0358 | 08738.4551 | 13:38:40 | 222.131313 | 358.899510 
 4152.0357 | 08738.4620 | 13:38:41 | 222.125381 | 358.899347 
 4152.0358 | 08738.4689 | 13:38:42 | 222.119447 | 358.899415 
 4152.0359 | 08738.4759 | 13:38:43 | 222.113428 | 358.899481 
 4152.0357 | 08738.4833 | 13:38:44 | 222.107067 | 358.899200 
 4152.0354 | 08738.4907 | 13:38:45 | 222.100708 | 358.898803 
 4152.0346 | 08738.4967 | 13:38:46 | 222.095557 | 358.897842 
 4152.0343 | 08738.5035 | 13:38:47 | 222.089713 | 358.897449 
 4152.0306 | 08738.5057 | 13:38:48 | 222.087856 | 358.893178 
 4152.0305 | 08738.5136 | 13:38:49 | 222.081064 | 358.893008 
 4152.0304 | 08738.5205 | 13:38:50 | 222.075133 | 358.892846 
 4152.0307 | 08738.5283 | 13:38:51 | 222.068423 | 358.893137 
 4152.0326 | 08738.5398 | 13:38:52 | 222.058518 | 358.895243 
 4152.0333 | 08738.5485 | 13:38:53 | 222.051032 | 358.895988 
 4152.0332 | 08738.5557 | 13:38:54 | 222.044842 | 358.895823 
 4152.0336 | 08738.5622 | 13:38:55 | 222.039250 | 358.896238 
 4152.0347 | 08738.5680 | 13:38:56 | 222.034253 | 358.897463 
 4152.0358 | 08738.5737 | 13:38:57 | 222.029342 | 358.898689 
 4152.0336 | 08738.5750 | 13:38:58 | 222.028245 | 358.896149 
 4152.0338 | 08738.5776 | 13:38:59 | 222.026007 | 358.896361 
 4152.0337 | 08738.5800 | 13:39:00 | 222.023945 | 358.896230 
 4152.0339 | 08738.5826 | 13:39:01 | 222.021707 | 358.896442 
 4152.0347 | 08738.5840 | 13:39:02 | 222.020496 | 358.897352 
 4152.0337 | 08738.5828 | 13:39:03 | 222.021537 | 358.896210 
 4152.0333 | 08738.5828 | 13:39:04 | 222.021541 | 358.895750 
 4152.0330 | 08738.5830 | 13:39:05 | 222.021372 | 358.895404 
 4152.0330 | 08738.5830 | 13:39:06 | 222.021372 | 358.895404 
 4152.0330 | 08738.5830 | 13:39:07 | 222.021372 | 358.895404 
 4152.0330 | 08738.5830 | 13:39:08 | 222.021372 | 358.895404 
 4152.0330 | 08738.5830 | 13:39:09 | 222.021372 | 358.895404 
 4152.0330 | 08738.5830 | 13:39:10 | 222.021372 | 358.895404 
 4152.0330 | 08738.5830 | 13:39:11 | 222.021372 | 358.895404 
 4152.0330 | 08738.5830 | 13:39:12 | 222.021372 | 358.895404 
 4152.0330 | 08738.5830 | 13:39:13 | 222.021372 | 358.895404 
 4152.0330 | 08738.5830 | 13:39:14 | 222.021372 | 358.895404 
 4152.0330 | 08738.5830 | 13:39:15 | 222.021372 | 358.895404 
 4152.0330 | 08738.5830 | 13:39:16 | 222.021372 | 358.895404 
 4152.0330 | 08738.5830 | 13:39:17 | 222.021372 | 358.895404 
 4152.0330 | 08738.5830 | 13:39:18 | 222.021372 | 358.895404 
 4152.0330 | 08738.5830 | 13:39:19 | 222.021372 | 358.895404 
 4152.0330 | 08738.5830 | 13:39:20 | 222.021372 | 358.895404 
 4152.0330 | 08738.5830 | 13:39:21 | 222.021372 | 358.895404 
 4152.0330 | 08738.5830 | 13:39:22 | 222.021372 | 358.895404 
 4152.0330 | 08738.5830 | 13:39:23 | 222.021372 | 358.895404 
 4152.0330 | 08738.5830 | 13:39:24 | 222.021372 | 358.895404 
 4152.0330 | 08738.5830 | 13:39:25 | 222.021372 | 358.895404 
 4152.0330 | 08738.5830 | 13:39:26 | 222.021372 | 358.895404 
 4152.0330 | 08738.5830 | 13:39:27 | 222.021372 | 358.895404 
 4152.0330 | 08738.5830 | 13:39:28 | 222.021372 | 358.895404 
 4152.0330 | 08738.5830 | 13:39:29 | 222.021372 | 358.895404 
 4152.0330 | 08738.5830 | 13:39:30 | 222.021372 | 358.895404 
 4152.0337 | 08738.5844 | 13:39:31 | 222.020162 | 358.896199 
 4152.0342 | 08738.5852 | 13:39:32 | 222.019469 | 358.896769 
 4152.0343 | 08738.5856 | 13:39:33 | 222.019124 | 358.896881 
 4152.0345 | 08738.5861 | 13:39:34 | 222.018693 | 358.897108 
 4152.0330 | 08738.5924 | 13:39:35 | 222.013290 | 358.895339 
 4152.0323 | 08738.5962 | 13:39:36 | 222.010029 | 358.894507 
 4152.0315 | 08738.5997 | 13:39:37 | 222.007027 | 358.893563 
 4152.0323 | 08738.6054 | 13:39:38 | 222.002119 | 358.894444 
 4152.0323 | 08738.6105 | 13:39:39 | 221.997734 | 358.894409 
 4152.0323 | 08738.6156 | 13:39:40 | 221.993349 | 358.894373 
 4152.0328 | 08738.6216 | 13:39:41 | 221.988186 | 358.894907 
 4152.0323 | 08738.6293 | 13:39:42 | 221.981570 | 358.894279 
 4152.0329 | 08738.6361 | 13:39:43 | 221.975718 | 358.894922 
 4152.0325 | 08738.6449 | 13:39:44 | 221.968156 | 358.894401 
 4152.0320 | 08738.6531 | 13:39:45 | 221.961110 | 358.893769 
 4152.0315 | 08738.6616 | 13:39:46 | 221.953806 | 358.893136 
 4152.0320 | 08738.6697 | 13:39:47 | 221.946837 | 358.893655 
 4152.0322 | 08738.6779 | 13:39:48 | 221.939785 | 358.893828 
 4152.0322 | 08738.6854 | 13:39:49 | 221.933337 | 358.893777 
 4152.0318 | 08738.6912 | 13:39:50 | 221.928354 | 358.893277 
 4152.0308 | 08738.6948 | 13:39:51 | 221.925268 | 358.892101 
 4152.0300 | 08738.6969 | 13:39:52 | 221.923470 | 358.891167 
 4152.0289 | 08738.6985 | 13:39:53 | 221.922104 | 358.889890 
 4152.0302 | 08738.6970 | 13:39:54 | 221.923382 | 358.891396 
 4152.0303 | 08738.6968 | 13:39:55 | 221.923553 | 358.891513 
 4152.0306 | 08738.6963 | 13:39:56 | 221.923980 | 358.891861 
 4152.0306 | 08738.6963 | 13:39:57 | 221.923980 | 358.891861 
 4152.0306 | 08738.6963 | 13:39:58 | 221.923980 | 358.891861 
 4152.0306 | 08738.6963 | 13:39:59 | 221.923980 | 358.891861 
 4152.0306 | 08738.6963 | 13:40:00 | 221.923980 | 358.891861 
 4152.0306 | 08738.6963 | 13:40:01 | 221.923980 | 358.891861 
 4152.0306 | 08738.6963 | 13:40:02 | 221.923980 | 358.891861 
 4152.0306 | 08738.6963 | 13:40:03 | 221.923980 | 358.891861 
 4152.0306 | 08738.6963 | 13:40:04 | 221.923980 | 358.891861 
 4152.0306 | 08738.6963 | 13:40:05 | 221.923980 | 358.891861 
 4152.0306 | 08738.6963 | 13:40:06 | 221.923980 | 358.891861 
 4152.0306 | 08738.6963 | 13:40:07 | 221.923980 | 358.891861 
 4152.0306 | 08738.6963 | 13:40:08 | 221.923980 | 358.891861 
 4152.0306 | 08738.6963 | 13:40:09 | 221.923980 | 358.891861 
 4152.0306 | 08738.6963 | 13:40:10 | 221.923980 | 358.891861 
 4152.0306 | 08738.6963 | 13:40:11 | 221.923980 | 358.891861 
 4152.0306 | 08738.6963 | 13:40:12 | 221.923980 | 358.891861 
 4152.0306 | 08738.6963 | 13:40:13 | 221.923980 | 358.891861 
 4152.0305 | 08738.6965 | 13:40:14 | 221.923809 | 358.891745 
 4152.0304 | 08738.6989 | 13:40:15 | 221.921746 | 358.891613 
 4152.0303 | 08738.7027 | 13:40:16 | 221.918480 | 358.891472 
 4152.0306 | 08738.7081 | 13:40:17 | 221.913835 | 358.891780 
 4152.0306 | 08738.7143 | 13:40:18 | 221.908504 | 358.891737 
 4152.0305 | 08738.7207 | 13:40:19 | 221.903002 | 358.891578 
 4152.0299 | 08738.7280 | 13:40:20 | 221.896731 | 358.890837 
 4152.0298 | 08738.7360 | 13:40:21 | 221.889854 | 358.890667 
 4152.0297 | 08738.7436 | 13:40:22 | 221.883320 | 358.890500 
 4152.0291 | 08738.7528 | 13:40:23 | 221.875416 | 358.889746 
 4152.0299 | 08738.7645 | 13:40:24 | 221.865349 | 358.890586 
 4152.0300 | 08738.7741 | 13:40:25 | 221.857094 | 358.890635 
 4152.0296 | 08738.7844 | 13:40:26 | 221.848242 | 358.890104 
 4152.0293 | 08738.7942 | 13:40:27 | 221.839819 | 358.889692 
 4152.0288 | 08738.8042 | 13:40:28 | 221.831226 | 358.889048 
 4152.0289 | 08738.8148 | 13:40:29 | 221.822111 | 358.889090 
 4152.0286 | 08738.8248 | 13:40:30 | 221.813516 | 358.888676 
 4152.0286 | 08738.8352 | 13:40:31 | 221.804574 | 358.888604 
 4152.0289 | 08738.8462 | 13:40:32 | 221.795114 | 358.888874 
 4152.0279 | 08738.8560 | 13:40:33 | 221.786697 | 358.887656 
 4152.0277 | 08738.8655 | 13:40:34 | 221.778531 | 358.887361 
 4152.0272 | 08738.8753 | 13:40:35 | 221.770109 | 358.886719 
 4152.0266 | 08738.8851 | 13:40:36 | 221.761689 | 358.885961 
 4152.0262 | 08738.8949 | 13:40:37 | 221.753267 | 358.885434 
 4152.0257 | 08738.9047 | 13:40:38 | 221.744845 | 358.884792 
 4152.0266 | 08738.9150 | 13:40:39 | 221.735981 | 358.885756 
 4152.0253 | 08738.9274 | 13:40:40 | 221.725332 | 358.884176 
 4152.0248 | 08738.9385 | 13:40:41 | 221.715793 | 358.883525 
 4152.0253 | 08738.9493 | 13:40:42 | 221.706502 | 358.884026 
 4152.0256 | 08738.9590 | 13:40:43 | 221.698160 | 358.884304 
 4152.0255 | 08738.9699 | 13:40:44 | 221.688789 | 358.884115 
 4152.0257 | 08738.9807 | 13:40:45 | 221.679501 | 358.884271 
 4152.0259 | 08738.9917 | 13:40:46 | 221.670042 | 358.884425 
 4152.0262 | 08739.0029 | 13:40:47 | 221.660410 | 358.884694 
 4152.0262 | 08739.0142 | 13:40:48 | 221.650694 | 358.884617 
 4152.0259 | 08739.0257 | 13:40:49 | 221.640809 | 358.884193 
 4152.0258 | 08739.0371 | 13:40:50 | 221.631008 | 358.884000 
 4152.0257 | 08739.0485 | 13:40:51 | 221.621208 | 358.883807 
 4152.0256 | 08739.0599 | 13:40:52 | 221.611407 | 358.883614 
 4152.0255 | 08739.0708 | 13:40:53 | 221.602036 | 358.883424 
 4152.0253 | 08739.0816 | 13:40:54 | 221.592752 | 358.883121 
 4152.0252 | 08739.0923 | 13:40:55 | 221.583554 | 358.882932 
 4152.0249 | 08739.1026 | 13:40:56 | 221.574701 | 358.882517 
 4152.0249 | 08739.1119 | 13:40:57 | 221.566705 | 358.882454 
 4152.0248 | 08739.1207 | 13:40:58 | 221.559139 | 358.882278 
 4152.0247 | 08739.1289 | 13:40:59 | 221.552090 | 358.882108 
 4152.0247 | 08739.1369 | 13:41:00 | 221.545212 | 358.882053 
 4152.0243 | 08739.1447 | 13:41:01 | 221.538509 | 358.881540 
 4152.0242 | 08739.1525 | 13:41:02 | 221.531804 | 358.881371 
 4152.0246 | 08739.1604 | 13:41:03 | 221.525008 | 358.881778 
 4152.0260 | 08739.1686 | 13:41:04 | 221.517945 | 358.883332 
 4152.0263 | 08739.1769 | 13:41:05 | 221.510806 | 358.883621 
 4152.0261 | 08739.1850 | 13:41:06 | 221.503843 | 358.883335 
 4152.0259 | 08739.1937 | 13:41:07 | 221.496365 | 358.883046 
 4152.0258 | 08739.2025 | 13:41:08 | 221.488800 | 358.882871 
 4152.0258 | 08739.2114 | 13:41:09 | 221.481147 | 358.882810 
 4152.0257 | 08739.2203 | 13:41:10 | 221.473496 | 358.882635 
 4152.0256 | 08739.2297 | 13:41:11 | 221.465415 | 358.882456 
 4152.0255 | 08739.2392 | 13:41:12 | 221.457248 | 358.882276 
 4152.0254 | 08739.2484 | 13:41:13 | 221.449339 | 358.882099 
 4152.0250 | 08739.2584 | 13:41:14 | 221.440745 | 358.881570 
 4152.0249 | 08739.2682 | 13:41:15 | 221.432320 | 358.881389 
 4152.0246 | 08739.2780 | 13:41:16 | 221.423896 | 358.880977 
 4152.0249 | 08739.2891 | 13:41:17 | 221.414350 | 358.881247 
 4152.0247 | 08739.2994 | 13:41:18 | 221.405496 | 358.880947 
 4152.0244 | 08739.3096 | 13:41:19 | 221.396729 | 358.880532 
 4152.0235 | 08739.3193 | 13:41:20 | 221.388397 | 358.879431 
 4152.0232 | 08739.3288 | 13:41:21 | 221.380232 | 358.879022 
 4152.0229 | 08739.3382 | 13:41:22 | 221.372153 | 358.878613 
 4152.0227 | 08739.3481 | 13:41:23 | 221.363643 | 358.878316 
 4152.0229 | 08739.3577 | 13:41:24 | 221.355387 | 358.878480 
 4152.0230 | 08739.3677 | 13:41:25 | 221.346788 | 358.878528 
 4152.0228 | 08739.3781 | 13:41:26 | 221.337848 | 358.878227 
 4152.0224 | 08739.3891 | 13:41:27 | 221.328394 | 358.877692 
 4152.0220 | 08739.4001 | 13:41:28 | 221.318940 | 358.877158 
 4152.0217 | 08739.4115 | 13:41:29 | 221.309141 | 358.876735 
 4152.0213 | 08739.4230 | 13:41:30 | 221.299257 | 358.876197 
 4152.0210 | 08739.4346 | 13:41:31 | 221.289286 | 358.875774 
 4152.0208 | 08739.4462 | 13:41:32 | 221.279314 | 358.875465 
 4152.0207 | 08739.4579 | 13:41:33 | 221.269256 | 358.875271 
 4152.0206 | 08739.4700 | 13:41:34 | 221.258853 | 358.875074 
 4152.0204 | 08739.4824 | 13:41:35 | 221.248194 | 358.874760 
 4152.0203 | 08739.4949 | 13:41:36 | 221.237447 | 358.874561 
 4152.0200 | 08739.5076 | 13:41:37 | 221.226531 | 358.874130 
 4152.0198 | 08739.5203 | 13:41:38 | 221.215613 | 358.873814 
 4152.0195 | 08739.5332 | 13:41:39 | 221.204525 | 358.873382 
 4152.0193 | 08739.5460 | 13:41:40 | 221.193521 | 358.873065 
 4152.0192 | 08739.5588 | 13:41:41 | 221.182517 | 358.872864 
 4152.0189 | 08739.5714 | 13:41:42 | 221.171686 | 358.872433 
 4152.0189 | 08739.5836 | 13:41:43 | 221.161197 | 358.872351 
 4152.0189 | 08739.5954 | 13:41:44 | 221.151051 | 358.872272 
 4152.0188 | 08739.6067 | 13:41:45 | 221.141336 | 358.872080 
 4152.0186 | 08739.6181 | 13:41:46 | 221.131537 | 358.871773 
 4152.0184 | 08739.6290 | 13:41:47 | 221.122167 | 358.871470 
 4152.0182 | 08739.6399 | 13:41:48 | 221.112797 | 358.871166 
 4152.0180 | 08739.6505 | 13:41:49 | 221.103685 | 358.870865 
 4152.0180 | 08739.6609 | 13:41:50 | 221.094743 | 358.870795 
 4152.0180 | 08739.6713 | 13:41:51 | 221.085801 | 358.870725 
 4152.0179 | 08739.6816 | 13:41:52 | 221.076946 | 358.870540 
 4152.0177 | 08739.6920 | 13:41:53 | 221.068006 | 358.870240 
 4152.0174 | 08739.7025 | 13:41:54 | 221.058981 | 358.869825 
 4152.0173 | 08739.7127 | 13:41:55 | 221.050212 | 358.869641 
 4152.0171 | 08739.7231 | 13:41:56 | 221.041272 | 358.869341 
 4152.0169 | 08739.7335 | 13:41:57 | 221.032332 | 358.869041 
 4152.0167 | 08739.7440 | 13:41:58 | 221.023306 | 358.868741 
 4152.0164 | 08739.7548 | 13:41:59 | 221.014023 | 358.868323 
 4152.0162 | 08739.7656 | 13:42:00 | 221.004739 | 358.868020 
 4152.0158 | 08739.7767 | 13:42:01 | 220.995199 | 358.867486 
 4152.0156 | 08739.7877 | 13:42:02 | 220.985743 | 358.867182 
 4152.0152 | 08739.7987 | 13:42:03 | 220.976289 | 358.866648 
 4152.0154 | 08739.8114 | 13:42:04 | 220.965368 | 358.866793 
 4152.0153 | 08739.8232 | 13:42:05 | 220.955223 | 358.866599 
 4152.0151 | 08739.8348 | 13:42:06 | 220.945251 | 358.866291 
 4152.0145 | 08739.8459 | 13:42:07 | 220.935713 | 358.865526 
 4152.0143 | 08739.8576 | 13:42:08 | 220.925655 | 358.865218 
 4152.0140 | 08739.8694 | 13:42:09 | 220.915513 | 358.864794 
 4152.0141 | 08739.8816 | 13:42:10 | 220.905022 | 358.864827 
 4152.0145 | 08739.8939 | 13:42:11 | 220.894443 | 358.865205 
 4152.0144 | 08739.9056 | 13:42:12 | 220.884385 | 358.865011 
 4152.0141 | 08739.9164 | 13:42:13 | 220.875102 | 358.864594 
 4152.0138 | 08739.9261 | 13:42:14 | 220.866764 | 358.864184 
 4152.0130 | 08739.9347 | 13:42:15 | 220.859377 | 358.863206 
 4152.0123 | 08739.9434 | 13:42:16 | 220.851903 | 358.862343 
 4152.0119 | 08739.9522 | 13:42:17 | 220.844341 | 358.861824 
 4152.0117 | 08739.9613 | 13:42:18 | 220.836518 | 358.861533 
 4152.0115 | 08739.9704 | 13:42:19 | 220.828696 | 358.861242 
 4152.0108 | 08739.9786 | 13:42:20 | 220.821652 | 358.860382 
 4152.0090 | 08739.9851 | 13:42:21 | 220.816080 | 358.858268 
 4152.0058 | 08739.9900 | 13:42:22 | 220.811895 | 358.854555 
 4152.0018 | 08739.9932 | 13:42:23 | 220.809180 | 358.849932 
 4151.9975 | 08739.9958 | 13:42:24 | 220.806982 | 358.844969 
 4151.9931 | 08739.9985 | 13:42:25 | 220.804700 | 358.839890 
 4151.9880 | 08740.0016 | 13:42:26 | 220.802081 | 358.834003 
 4151.9822 | 08740.0002 | 13:42:27 | 220.803336 | 358.827341 
 4151.9769 | 08740.0008 | 13:42:28 | 220.802868 | 358.821240 
 4151.9720 | 08740.0002 | 13:42:29 | 220.803427 | 358.815608 
 4151.9660 | 08739.9967 | 13:42:30 | 220.806490 | 358.808730 
 4151.9616 | 08739.9957 | 13:42:31 | 220.807389 | 358.803676 
 4151.9571 | 08739.9943 | 13:42:32 | 220.808633 | 358.798509 
 4151.9527 | 08739.9931 | 13:42:33 | 220.809704 | 358.793456 
 4151.9553 | 08740.0058 | 13:42:34 | 220.798761 | 358.796362 
 4151.9569 | 08740.0060 | 13:42:35 | 220.798575 | 358.798201 
 4151.9583 | 08740.0095 | 13:42:36 | 220.795553 | 358.799788 
 4151.9587 | 08740.0136 | 13:42:37 | 220.792025 | 358.800220 
 4151.9588 | 08740.0162 | 13:42:38 | 220.789788 | 358.800318 
 4151.9591 | 08740.0197 | 13:42:39 | 220.786776 | 358.800640 
 4151.9590 | 08740.0233 | 13:42:40 | 220.783682 | 358.800501 
 4151.9592 | 08740.0261 | 13:42:41 | 220.781273 | 358.800712 
 4151.9593 | 08740.0286 | 13:42:42 | 220.779122 | 358.800810 
 4151.9593 | 08740.0305 | 13:42:43 | 220.777489 | 358.800798 
 4151.9596 | 08740.0321 | 13:42:44 | 220.776110 | 358.801132 
 4151.9607 | 08740.0341 | 13:42:45 | 220.774381 | 358.802384 
 4151.9621 | 08740.0359 | 13:42:46 | 220.772821 | 358.803982 
 4151.9640 | 08740.0367 | 13:42:47 | 220.772116 | 358.806163 
 4151.9661 | 08740.0367 | 13:42:48 | 220.772097 | 358.808578 
 4151.9683 | 08740.0365 | 13:42:49 | 220.772249 | 358.811110 
 4151.9708 | 08740.0364 | 13:42:50 | 220.772313 | 358.813986 
 4151.9729 | 08740.0364 | 13:42:51 | 220.772294 | 358.816402 
 4151.9753 | 08740.0369 | 13:42:52 | 220.771843 | 358.819159 
 4151.9770 | 08740.0386 | 13:42:53 | 220.770366 | 358.821103 
 4151.9778 | 08740.0410 | 13:42:54 | 220.768296 | 358.822007 
 4151.9782 | 08740.0434 | 13:42:55 | 220.766228 | 358.822451 
 4151.9781 | 08740.0456 | 13:42:56 | 220.764338 | 358.822322 
 4151.9780 | 08740.0476 | 13:42:57 | 220.762619 | 358.822193 
 4151.9778 | 08740.0493 | 13:42:58 | 220.761159 | 358.821952 
 4151.9778 | 08740.0509 | 13:42:59 | 220.759784 | 358.821941 
 4151.9778 | 08740.0522 | 13:43:00 | 220.758666 | 358.821933 
 4151.9779 | 08740.0531 | 13:43:01 | 220.757891 | 358.822042 
 4151.9782 | 08740.0539 | 13:43:02 | 220.757201 | 358.822381 
 4151.9787 | 08740.0544 | 13:43:03 | 220.756766 | 358.822953 
 4151.9791 | 08740.0546 | 13:43:04 | 220.756591 | 358.823412 
 4151.9796 | 08740.0547 | 13:43:05 | 220.756500 | 358.823986 
 4151.9800 | 08740.0546 | 13:43:06 | 220.756583 | 358.824447 
 4151.9803 | 08740.0545 | 13:43:07 | 220.756666 | 358.824793 
 4151.9807 | 08740.0544 | 13:43:08 | 220.756748 | 358.825254 
 4151.9809 | 08740.0543 | 13:43:09 | 220.756833 | 358.825484 
 4151.9813 | 08740.0542 | 13:43:10 | 220.756915 | 358.825945 
 4151.9816 | 08740.0542 | 13:43:11 | 220.756912 | 358.826290 
 4151.9817 | 08740.0541 | 13:43:12 | 220.756997 | 358.826406 
 4151.9822 | 08740.0541 | 13:43:13 | 220.756993 | 358.826981 
 4151.9824 | 08740.0541 | 13:43:14 | 220.756991 | 358.827211 
 4151.9824 | 08740.0541 | 13:43:15 | 220.756991 | 358.827211 
 4151.9824 | 08740.0541 | 13:43:16 | 220.756991 | 358.827211 
 4151.9824 | 08740.0541 | 13:43:17 | 220.756991 | 358.827211 
 4151.9824 | 08740.0541 | 13:43:18 | 220.756991 | 358.827211 
 4151.9824 | 08740.0541 | 13:43:19 | 220.756991 | 358.827211 
 4151.9824 | 08740.0541 | 13:43:20 | 220.756991 | 358.827211 
 4151.9824 | 08740.0541 | 13:43:21 | 220.756991 | 358.827211 
 4151.9824 | 08740.0541 | 13:43:22 | 220.756991 | 358.827211 
 4151.9824 | 08740.0541 | 13:43:23 | 220.756991 | 358.827211 
 4151.9824 | 08740.0541 | 13:43:24 | 220.756991 | 358.827211 
 4151.9824 | 08740.0541 | 13:43:25 | 220.756991 | 358.827211 
 4151.9824 | 08740.0541 | 13:43:26 | 220.756991 | 358.827211 
 4151.9824 | 08740.0541 | 13:43:27 | 220.756991 | 358.827211 
 4151.9824 | 08740.0541 | 13:43:28 | 220.756991 | 358.827211 
 4151.9824 | 08740.0541 | 13:43:29 | 220.756991 | 358.827211 
 4151.9797 | 08740.0498 | 13:43:30 | 220.760712 | 358.824134 
 4151.9793 | 08740.0488 | 13:43:31 | 220.761576 | 358.823681 
 4151.9791 | 08740.0486 | 13:43:32 | 220.761750 | 358.823452 
 4151.9789 | 08740.0494 | 13:43:33 | 220.761063 | 358.823217 
 4151.9785 | 08740.0489 | 13:43:34 | 220.761497 | 358.822760 
 4151.9784 | 08740.0515 | 13:43:35 | 220.759262 | 358.822627 
 4151.9782 | 08740.0520 | 13:43:36 | 220.758834 | 358.822394 
 4151.9778 | 08740.0523 | 13:43:37 | 220.758580 | 358.821932 
 4151.9775 | 08740.0526 | 13:43:38 | 220.758325 | 358.821585 
 4151.9772 | 08740.0546 | 13:43:39 | 220.756608 | 358.821227 
 4151.9770 | 08740.0552 | 13:43:40 | 220.756094 | 358.820992 
 4151.9769 | 08740.0562 | 13:43:41 | 220.755235 | 358.820871 
 4151.9766 | 08740.0578 | 13:43:42 | 220.753862 | 358.820515 
 4151.9766 | 08740.0591 | 13:43:43 | 220.752744 | 358.820506 
 4151.9766 | 08740.0603 | 13:43:44 | 220.751712 | 358.820498 
 4151.9757 | 08740.0593 | 13:43:45 | 220.752580 | 358.819470 
 4151.9752 | 08740.0600 | 13:43:46 | 220.751983 | 358.818890 
 4151.9748 | 08740.0602 | 13:43:47 | 220.751814 | 358.818429 
 4151.9745 | 08740.0609 | 13:43:48 | 220.751215 | 358.818079 
 4151.9743 | 08740.0616 | 13:43:49 | 220.750615 | 358.817844 
 4151.9742 | 08740.0624 | 13:43:50 | 220.749928 | 358.817724 
 4151.9768 | 08740.0644 | 13:43:51 | 220.748185 | 358.820701 
 4151.9773 | 08740.0640 | 13:43:52 | 220.748525 | 358.821279 
 4151.9779 | 08740.0635 | 13:43:53 | 220.748949 | 358.821972 
 4151.9784 | 08740.0627 | 13:43:54 | 220.749633 | 358.822553 
 4151.9789 | 08740.0617 | 13:43:55 | 220.750488 | 358.823135 
 4151.9795 | 08740.0611 | 13:43:56 | 220.750998 | 358.823829 
 4151.9798 | 08740.0601 | 13:43:57 | 220.751856 | 358.824180 
 4151.9801 | 08740.0591 | 13:43:58 | 220.752713 | 358.824532 
 4151.9791 | 08740.0595 | 13:43:59 | 220.752378 | 358.823379 
 4151.9795 | 08740.0600 | 13:44:00 | 220.751944 | 358.823836 
 4151.9796 | 08740.0593 | 13:44:01 | 220.752545 | 358.823956 
 4151.9796 | 08740.0588 | 13:44:02 | 220.752975 | 358.823959 
 4151.9790 | 08740.0588 | 13:44:03 | 220.752980 | 358.823269 
 4151.9790 | 08740.0584 | 13:44:04 | 220.753324 | 358.823272 
 4151.9789 | 08740.0586 | 13:44:05 | 220.753153 | 358.823155 
 4151.9788 | 08740.0586 | 13:44:06 | 220.753154 | 358.823040 
 4151.9788 | 08740.0583 | 13:44:07 | 220.753412 | 358.823042 
 4151.9780 | 08740.0580 | 13:44:08 | 220.753677 | 358.822124 
 4151.9773 | 08740.0580 | 13:44:09 | 220.753683 | 358.821319 
 4151.9774 | 08740.0597 | 13:44:10 | 220.752221 | 358.821423 
 4151.9773 | 08740.0605 | 13:44:11 | 220.751534 | 358.821302 
 4151.9771 | 08740.0614 | 13:44:12 | 220.750762 | 358.821066 
 4151.9768 | 08740.0625 | 13:44:13 | 220.749819 | 358.820714 
 4151.9769 | 08740.0635 | 13:44:14 | 220.748958 | 358.820822 
 4151.9769 | 08740.0647 | 13:44:15 | 220.747926 | 358.820814 
 4151.9770 | 08740.0655 | 13:44:16 | 220.747238 | 358.820924 
 4151.9769 | 08740.0666 | 13:44:17 | 220.746293 | 358.820801 
 4151.9769 | 08740.0675 | 13:44:18 | 220.745519 | 358.820795 
 4151.9769 | 08740.0685 | 13:44:19 | 220.744659 | 358.820789 
 4151.9768 | 08740.0695 | 13:44:20 | 220.743800 | 358.820667 
 4151.9767 | 08740.0704 | 13:44:21 | 220.743027 | 358.820546 
 4151.9765 | 08740.0715 | 13:44:22 | 220.742083 | 358.820309 
 4151.9753 | 08740.0723 | 13:44:23 | 220.741406 | 358.818923 
 4151.9748 | 08740.0727 | 13:44:24 | 220.741067 | 358.818345 
 4151.9746 | 08740.0735 | 13:44:25 | 220.740381 | 358.818110 
 4151.9744 | 08740.0746 | 13:44:26 | 220.739437 | 358.817872 
 4151.9742 | 08740.0754 | 13:44:27 | 220.738751 | 358.817637 
 4151.9741 | 08740.0768 | 13:44:28 | 220.737548 | 358.817513 
 4151.9741 | 08740.0780 | 13:44:29 | 220.736516 | 358.817505 
 4151.9741 | 08740.0792 | 13:44:30 | 220.735484 | 358.817497 
 4151.9741 | 08740.0804 | 13:44:31 | 220.734453 | 358.817489 
 4151.9738 | 08740.0805 | 13:44:32 | 220.734369 | 358.817143 
 4151.9735 | 08740.0815 | 13:44:33 | 220.733512 | 358.816791 
 4151.9733 | 08740.0818 | 13:44:34 | 220.733256 | 358.816559 
 4151.9762 | 08740.0844 | 13:44:35 | 220.730995 | 358.819878 
 4151.9771 | 08740.0854 | 13:44:36 | 220.730127 | 358.820906 
 4151.9776 | 08740.0859 | 13:44:37 | 220.729692 | 358.821478 
 4151.9782 | 08740.0867 | 13:44:38 | 220.728999 | 358.822163 
 4151.9784 | 08740.0873 | 13:44:39 | 220.728482 | 358.822389 
 4151.9787 | 08740.0878 | 13:44:40 | 220.728049 | 358.822731 
 4151.9789 | 08740.0884 | 13:44:41 | 220.727531 | 358.822957 
 4151.9764 | 08740.0898 | 13:44:42 | 220.726350 | 358.820072 
 4151.9757 | 08740.0907 | 13:44:43 | 220.725582 | 358.819261 
 4151.9747 | 08740.0916 | 13:44:44 | 220.724817 | 358.818104 
 4151.9742 | 08740.0923 | 13:44:45 | 220.724220 | 358.817524 
 4151.9736 | 08740.0935 | 13:44:46 | 220.723194 | 358.816826 
 4151.9729 | 08740.0942 | 13:44:47 | 220.722598 | 358.816017 
 4151.9722 | 08740.0950 | 13:44:48 | 220.721916 | 358.815206 
 4151.9716 | 08740.0957 | 13:44:49 | 220.721320 | 358.814511 
 4151.9707 | 08740.0961 | 13:44:50 | 220.720984 | 358.813473 
 4151.9693 | 08740.0969 | 13:44:51 | 220.720309 