 4152.1741 | 08740.9476 | 12:46:00 | 219.987090 | 359.041823 
 4152.1742 | 08740.9496 | 12:46:11 | 219.985370 | 359.041925 
 4152.1742 | 08740.9496 | 12:46:12 | 219.985370 | 359.041925 
 4152.1742 | 08740.9496 | 12:46:13 | 219.985370 | 359.041925 
 4152.1742 | 08740.9496 | 12:46:14 | 219.985370 | 359.041925 
 4152.1742 | 08740.9496 | 12:46:15 | 219.985370 | 359.041925 
 4152.1742 | 08740.9496 | 12:46:16 | 219.985370 | 359.041925 
 4152.1742 | 08740.9496 | 12:46:17 | 219.985370 | 359.041925 
 4152.1742 | 08740.9496 | 12:46:18 | 219.985370 | 359.041925 
 4152.1742 | 08740.9496 | 12:46:19 | 219.985370 | 359.041925 
 4152.1742 | 08740.9496 | 12:46:20 | 219.985370 | 359.041925 
 4152.1742 | 08740.9496 | 12:46:21 | 219.985370 | 359.041925 
 4152.1742 | 08740.9496 | 12:46:22 | 219.985370 | 359.041925 
 4152.1742 | 08740.9496 | 12:46:23 | 219.985370 | 359.041925 
 4152.1742 | 08740.9496 | 12:46:24 | 219.985370 | 359.041925 
 4152.1742 | 08740.9496 | 12:46:25 | 219.985370 | 359.041925 
 4152.1742 | 08740.9496 | 12:46:26 | 219.985370 | 359.041925 
 4152.1742 | 08740.9496 | 12:46:27 | 219.985370 | 359.041925 
 4152.1742 | 08740.9496 | 12:46:28 | 219.985370 | 359.041925 
 4152.1742 | 08740.9496 | 12:46:29 | 219.985370 | 359.041925 
 4152.1742 | 08740.9496 | 12:46:30 | 219.985370 | 359.041925 
 4152.1747 | 08740.9487 | 12:46:31 | 219.986139 | 359.042506 
 4152.1741 | 08740.9486 | 12:46:32 | 219.986231 | 359.041817 
 4152.1732 | 08740.9484 | 12:46:33 | 219.986410 | 359.040783 
 4152.1723 | 08740.9481 | 12:46:34 | 219.986676 | 359.039749 
 4152.1712 | 08740.9477 | 12:46:35 | 219.987030 | 359.038487 
 4152.1700 | 08740.9472 | 12:46:36 | 219.987470 | 359.037110 
 4152.1687 | 08740.9468 | 12:46:37 | 219.987825 | 359.035617 
 4152.1673 | 08740.9465 | 12:46:38 | 219.988095 | 359.034009 
 4152.1656 | 08740.9463 | 12:46:39 | 219.988282 | 359.032054 
 4152.1637 | 08740.9461 | 12:46:40 | 219.988471 | 359.029870 
 4152.1618 | 08740.9458 | 12:46:41 | 219.988745 | 359.027687 
 4152.1599 | 08740.9457 | 12:46:42 | 219.988848 | 359.025502 
 4152.1582 | 08740.9459 | 12:46:43 | 219.988691 | 359.023545 
 4152.1568 | 08740.9468 | 12:46:44 | 219.987929 | 359.021929 
 4152.1558 | 08740.9477 | 12:46:45 | 219.987164 | 359.020773 
 4152.1547 | 08740.9486 | 12:46:46 | 219.986400 | 359.019502 
 4152.1536 | 08740.9492 | 12:46:47 | 219.985893 | 359.018232 
 4152.1524 | 08740.9490 | 12:46:48 | 219.986076 | 359.016853 
 4152.1510 | 08740.9485 | 12:46:49 | 219.986518 | 359.015246 
 4152.1509 | 08740.9469 | 12:46:50 | 219.987894 | 359.015142 
 4152.1510 | 08740.9451 | 12:46:51 | 219.989441 | 359.015269 
 4152.1514 | 08740.9432 | 12:46:52 | 219.991071 | 359.015741 
 4152.1520 | 08740.9415 | 12:46:53 | 219.992528 | 359.016442 
 4152.1549 | 08740.9433 | 12:46:54 | 219.990955 | 359.019766 
 4152.1564 | 08740.9437 | 12:46:55 | 219.990598 | 359.021489 
 4152.1579 | 08740.9442 | 12:46:56 | 219.990155 | 359.023211 
 4152.1596 | 08740.9447 | 12:46:57 | 219.989710 | 359.025163 
 4152.1616 | 08740.9454 | 12:46:58 | 219.989091 | 359.027459 
 4152.1639 | 08740.9461 | 12:46:59 | 219.988469 | 359.030100 
 4152.1663 | 08740.9465 | 12:47:00 | 219.988104 | 359.032858 
 4152.1688 | 08740.9467 | 12:47:01 | 219.987910 | 359.035733 
 4152.1716 | 08740.9466 | 12:47:02 | 219.987972 | 359.038954 
 4152.1747 | 08740.9465 | 12:47:03 | 219.988031 | 359.042520 
 4152.1779 | 08740.9465 | 12:47:04 | 219.988003 | 359.046201 
 4152.1814 | 08740.9466 | 12:47:05 | 219.987886 | 359.050226 
 4152.1852 | 08740.9468 | 12:47:06 | 219.987681 | 359.054596 
 4152.1893 | 08740.9471 | 12:47:07 | 219.987388 | 359.059310 
 4152.1937 | 08740.9473 | 12:47:08 | 219.987177 | 359.064370 
 4152.1983 | 08740.9476 | 12:47:09 | 219.986879 | 359.069659 
 4152.2032 | 08740.9477 | 12:47:10 | 219.986751 | 359.075295 
 4152.2082 | 08740.9478 | 12:47:11 | 219.986621 | 359.081045 
 4152.2134 | 08740.9478 | 12:47:12 | 219.986576 | 359.087027 
 4152.2187 | 08740.9478 | 12:47:13 | 219.986529 | 359.093123 
 4152.2239 | 08740.9479 | 12:47:14 | 219.986398 | 359.099104 
 4152.2292 | 08740.9479 | 12:47:15 | 219.986352 | 359.105200 
 4152.2345 | 08740.9480 | 12:47:16 | 219.986220 | 359.111296 
 4152.2398 | 08740.9482 | 12:47:17 | 219.986001 | 359.117391 
 4152.2450 | 08740.9484 | 12:47:18 | 219.985784 | 359.123371 
 4152.2501 | 08740.9484 | 12:47:19 | 219.985740 | 359.129237 
 4152.2552 | 08740.9485 | 12:47:20 | 219.985609 | 359.135103 
 4152.2600 | 08740.9487 | 12:47:21 | 219.985395 | 359.140622 
 4152.2647 | 08740.9487 | 12:47:22 | 219.985354 | 359.146029 
 4152.2691 | 08740.9488 | 12:47:23 | 219.985230 | 359.151089 
 4152.2731 | 08740.9488 | 12:47:24 | 219.985195 | 359.155690 
 4152.2764 | 08740.9487 | 12:47:25 | 219.985252 | 359.159487 
 4152.2791 | 08740.9488 | 12:47:26 | 219.985143 | 359.162592 
 4152.2815 | 08740.9494 | 12:47:27 | 219.984606 | 359.165348 
 4152.2836 | 08740.9514 | 12:47:28 | 219.982868 | 359.167751 
 4152.2850 | 08740.9547 | 12:47:29 | 219.980019 | 359.169340 
 4152.2857 | 08740.9589 | 12:47:30 | 219.976402 | 359.170117 
 4152.2858 | 08740.9639 | 12:47:31 | 219.972102 | 359.170200 
 4152.2857 | 08740.9695 | 12:47:32 | 219.967289 | 359.170048 
 4152.2856 | 08740.9756 | 12:47:33 | 219.962045 | 359.169894 
 4152.2854 | 08740.9820 | 12:47:34 | 219.956545 | 359.169622 
 4152.2853 | 08740.9884 | 12:47:35 | 219.951043 | 359.169465 
 4152.2852 | 08740.9947 | 12:47:36 | 219.945628 | 359.169309 
 4152.2851 | 08741.0007 | 12:47:37 | 219.940471 | 359.169155 
 4152.2850 | 08741.0063 | 12:47:38 | 219.935657 | 359.169004 
 4152.2848 | 08741.0109 | 12:47:39 | 219.931704 | 359.168744 
 4152.2846 | 08741.0133 | 12:47:40 | 219.929642 | 359.168498 
 4152.2845 | 08741.0143 | 12:47:41 | 219.928783 | 359.168376 
 4152.2845 | 08741.0146 | 12:47:42 | 219.928526 | 359.168374 
 4152.2844 | 08741.0152 | 12:47:43 | 219.928011 | 359.168256 
 4152.2842 | 08741.0165 | 12:47:44 | 219.926895 | 359.168017 
 4152.2840 | 08741.0192 | 12:47:45 | 219.924575 | 359.167769 
 4152.2827 | 08741.0223 | 12:47:46 | 219.921921 | 359.166254 
 4152.2801 | 08741.0246 | 12:47:47 | 219.919967 | 359.163248 
 4152.2768 | 08741.0257 | 12:47:48 | 219.919050 | 359.159445 
 4152.2733 | 08741.0262 | 12:47:49 | 219.918650 | 359.155416 
 4152.2686 | 08741.0254 | 12:47:50 | 219.919379 | 359.150015 
 4152.2635 | 08741.0250 | 12:47:51 | 219.919767 | 359.144151 
 4152.2580 | 08741.0248 | 12:47:52 | 219.919987 | 359.137826 
 4152.2523 | 08741.0245 | 12:47:53 | 219.920294 | 359.131272 
 4152.2464 | 08741.0244 | 12:47:54 | 219.920432 | 359.124486 
 4152.2404 | 08741.0243 | 12:47:55 | 219.920570 | 359.117585 
 4152.2341 | 08741.0243 | 12:47:56 | 219.920625 | 359.110339 
 4152.2273 | 08741.0235 | 12:47:57 | 219.921372 | 359.102522 
 4152.2207 | 08741.0233 | 12:47:58 | 219.921601 | 359.094932 
 4152.2140 | 08741.0230 | 12:47:59 | 219.921917 | 359.087227 
 4152.2073 | 08741.0230 | 12:48:00 | 219.921976 | 359.079520 
 4152.2006 | 08741.0234 | 12:48:01 | 219.921690 | 359.071811 
 4152.1940 | 08741.0235 | 12:48:02 | 219.921662 | 359.064219 
 4152.1874 | 08741.0233 | 12:48:03 | 219.921891 | 359.056628 
 4152.1806 | 08741.0222 | 12:48:04 | 219.922896 | 359.048814 
 4152.1743 | 08741.0219 | 12:48:05 | 219.923209 | 359.041569 
 4152.1681 | 08741.0213 | 12:48:06 | 219.923779 | 359.034442 
 4152.1622 | 08741.0206 | 12:48:07 | 219.924432 | 359.027660 
 4152.1571 | 08741.0202 | 12:48:08 | 219.924820 | 359.021796 
 4152.1526 | 08741.0193 | 12:48:09 | 219.925633 | 359.016626 
 4152.1489 | 08741.0184 | 12:48:10 | 219.926439 | 359.012376 
 4152.1462 | 08741.0173 | 12:48:11 | 219.927408 | 359.009277 
 4152.1442 | 08741.0163 | 12:48:12 | 219.928285 | 359.006983 
 4152.1421 | 08741.0151 | 12:48:13 | 219.929335 | 359.004575 
 4152.1424 | 08741.0171 | 12:48:14 | 219.927613 | 359.004907 
 4152.1406 | 08741.0149 | 12:48:15 | 219.929520 | 359.002851 
 4152.1391 | 08741.0115 | 12:48:16 | 219.932457 | 359.001148 
 4152.1379 | 08741.0068 | 12:48:17 | 219.936508 | 358.999798 
 4152.1374 | 08741.0018 | 12:48:18 | 219.940811 | 358.999256 
 4152.1373 | 08740.9961 | 12:48:19 | 219.945713 | 358.999178 
 4152.1376 | 08740.9902 | 12:48:20 | 219.950783 | 358.999561 
 4152.1378 | 08740.9837 | 12:48:21 | 219.956369 | 358.999834 
 4152.1381 | 08740.9770 | 12:48:22 | 219.962127 | 359.000222 
 4152.1383 | 08740.9698 | 12:48:23 | 219.968316 | 359.000499 
 4152.1385 | 08740.9621 | 12:48:24 | 219.974934 | 359.000780 
 4152.1386 | 08740.9544 | 12:48:25 | 219.981554 | 359.000945 
 4152.1386 | 08740.9467 | 12:48:26 | 219.988174 | 359.000995 
 4152.1387 | 08740.9392 | 12:48:27 | 219.994621 | 359.001159 
 4152.1388 | 08740.9320 | 12:48:28 | 220.000810 | 359.001321 
 4152.1389 | 08740.9249 | 12:48:29 | 220.006914 | 359.001482 
 4152.1390 | 08740.9179 | 12:48:30 | 220.012931 | 359.001643 
 4152.1391 | 08740.9111 | 12:48:31 | 220.018777 | 359.001802 
 4152.1394 | 08740.9045 | 12:48:32 | 220.024449 | 359.002190 
 4152.1396 | 08740.8981 | 12:48:33 | 220.029949 | 359.002462 
 4152.1397 | 08740.8917 | 12:48:34 | 220.035451 | 359.002619 
 4152.1398 | 08740.8854 | 12:48:35 | 220.040867 | 359.002775 
 4152.1396 | 08740.8794 | 12:48:36 | 220.046027 | 359.002584 
 4152.1394 | 08740.8741 | 12:48:37 | 220.050585 | 359.002389 
 4152.1394 | 08740.8699 | 12:48:38 | 220.054196 | 359.002416 
 4152.1397 | 08740.8671 | 12:48:39 | 220.056601 | 359.002780 
 4152.1399 | 08740.8658 | 12:48:40 | 220.057717 | 359.003018 
 4152.1401 | 08740.8654 | 12:48:41 | 220.058059 | 359.003251 
 4152.1403 | 08740.8654 | 12:48:42 | 220.058058 | 359.003481 
 4152.1406 | 08740.8655 | 12:48:43 | 220.057969 | 359.003825 
 4152.1406 | 08740.8655 | 12:48:44 | 220.057969 | 359.003825 
 4152.1406 | 08740.8655 | 12:48:45 | 220.057969 | 359.003825 
 4152.1406 | 08740.8655 | 12:48:46 | 220.057969 | 359.003825 
 4152.1406 | 08740.8655 | 12:48:47 | 220.057969 | 359.003825 
 4152.1406 | 08740.8655 | 12:48:48 | 220.057969 | 359.003825 
 4152.1406 | 08740.8655 | 12:48:49 | 220.057969 | 359.003825 
 4152.1406 | 08740.8655 | 12:48:50 | 220.057969 | 359.003825 
 4152.1406 | 08740.8655 | 12:48:51 | 220.057969 | 359.003825 
 4152.1406 | 08740.8655 | 12:48:52 | 220.057969 | 359.003825 
 4152.1406 | 08740.8655 | 12:48:53 | 220.057969 | 359.003825 
 4152.1406 | 08740.8655 | 12:48:54 | 220.057969 | 359.003825 
 4152.1406 | 08740.8655 | 12:48:55 | 220.057969 | 359.003825 
 4152.1476 | 08740.8671 | 12:48:56 | 220.056532 | 359.011867 
 4152.1474 | 08740.8658 | 12:48:57 | 220.057652 | 359.011645 
 4152.1473 | 08740.8635 | 12:48:58 | 220.059630 | 359.011545 
 4152.1463 | 08740.8599 | 12:48:59 | 220.062734 | 359.010418 
 4152.1456 | 08740.8553 | 12:49:00 | 220.066695 | 359.009643 
 4152.1452 | 08740.8500 | 12:49:01 | 220.071255 | 359.009218 
 4152.1449 | 08740.8443 | 12:49:02 | 220.076158 | 359.008910 
 4152.1447 | 08740.8383 | 12:49:03 | 220.081319 | 359.008719 
 4152.1445 | 08740.8323 | 12:49:04 | 220.086479 | 359.008528 
 4152.1444 | 08740.8263 | 12:49:05 | 220.091638 | 359.008453 
 4152.1444 | 08740.8200 | 12:49:06 | 220.097055 | 359.008494 
 4152.1446 | 08740.8134 | 12:49:07 | 220.102728 | 359.008767 
 4152.1447 | 08740.8064 | 12:49:08 | 220.108745 | 359.008928 
 4152.1448 | 08740.7990 | 12:49:09 | 220.115106 | 359.009091 
 4152.1447 | 08740.7913 | 12:49:10 | 220.121727 | 359.009027 
 4152.1446 | 08740.7834 | 12:49:11 | 220.128520 | 359.008963 
 4152.1447 | 08740.7753 | 12:49:12 | 220.135484 | 359.009131 
 4152.1447 | 08740.7670 | 12:49:13 | 220.142620 | 359.009186 
 4152.1448 | 08740.7586 | 12:49:14 | 220.149841 | 359.009356 
 4152.1449 | 08740.7502 | 12:49:15 | 220.157062 | 359.009526 
 4152.1451 | 08740.7417 | 12:49:16 | 220.164368 | 359.009812 
 4152.1453 | 08740.7330 | 12:49:17 | 220.171846 | 359.010099 
 4152.1454 | 08740.7243 | 12:49:18 | 220.179325 | 359.010271 
 4152.1455 | 08740.7154 | 12:49:19 | 220.186976 | 359.010444 
 4152.1456 | 08740.7065 | 12:49:20 | 220.194627 | 359.010617 
 4152.1456 | 08740.6975 | 12:49:21 | 220.202365 | 359.010676 
 4152.1457 | 08740.6884 | 12:49:22 | 220.210188 | 359.010851 
 4152.1458 | 08740.6792 | 12:49:23 | 220.218097 | 359.011027 
 4152.1461 | 08740.6700 | 12:49:24 | 220.226004 | 359.011432 
 4152.1466 | 08740.6607 | 12:49:25 | 220.233995 | 359.012068 
 4152.1468 | 08740.6513 | 12:49:26 | 220.242075 | 359.012360 
 4152.1470 | 08740.6419 | 12:49:27 | 220.250155 | 359.012652 
 4152.1472 | 08740.6324 | 12:49:28 | 220.258321 | 359.012944 
 4152.1473 | 08740.6229 | 12:49:29 | 220.266488 | 359.013122 
 4152.1472 | 08740.6137 | 12:49:30 | 220.274399 | 359.013067 
 4152.1470 | 08740.6049 | 12:49:31 | 220.281967 | 359.012895 
 4152.1462 | 08740.5972 | 12:49:32 | 220.288594 | 359.012026 
 4152.1455 | 08740.5907 | 12:49:33 | 220.294188 | 359.011263 
 4152.1447 | 08740.5853 | 12:49:34 | 220.298838 | 359.010378 
 4152.1436 | 08740.5809 | 12:49:35 | 220.302631 | 359.009142 
 4152.1414 | 08740.5779 | 12:49:36 | 220.305229 | 359.006631 
 4152.1381 | 08740.5762 | 12:49:37 | 220.306720 | 359.002847 
 4152.1330 | 08740.5753 | 12:49:38 | 220.307539 | 358.996986 
 4152.1273 | 08740.5749 | 12:49:39 | 220.307933 | 358.990432 
 4152.1212 | 08740.5748 | 12:49:40 | 220.308073 | 358.983417 
 4152.1146 | 08740.5748 | 12:49:41 | 220.308131 | 358.975825 
 4152.1077 | 08740.5747 | 12:49:42 | 220.308277 | 358.967889 
 4152.1008 | 08740.5746 | 12:49:43 | 220.308424 | 358.959953 
 4152.0937 | 08740.5746 | 12:49:44 | 220.308487 | 358.951786 
 4152.0865 | 08740.5747 | 12:49:45 | 220.308464 | 358.943504 
 4152.0791 | 08740.5749 | 12:49:46 | 220.308357 | 358.934990 
 4152.0717 | 08740.5753 | 12:49:47 | 220.308079 | 358.926476 
 4152.0644 | 08740.5758 | 12:49:48 | 220.307713 | 358.918076 
 4152.0571 | 08740.5760 | 12:49:49 | 220.307605 | 358.909678 
 4152.0502 | 08740.5758 | 12:49:50 | 220.307838 | 358.901742 
 4152.0433 | 08740.5750 | 12:49:51 | 220.308586 | 358.893811 
 4152.0365 | 08740.5741 | 12:49:52 | 220.309420 | 358.885995 
 4152.0301 | 08740.5733 | 12:49:53 | 220.310164 | 358.878639 
 4152.0254 | 08740.5744 | 12:49:54 | 220.309260 | 358.873225 
 4152.0208 | 08740.5743 | 12:49:55 | 220.309386 | 358.867935 
 4152.0169 | 08740.5740 | 12:49:56 | 220.309679 | 358.863451 
 4152.0141 | 08740.5737 | 12:49:57 | 220.309961 | 358.860232 
 4152.0126 | 08740.5737 | 12:49:58 | 220.309975 | 358.858507 
 4152.0120 | 08740.5736 | 12:49:59 | 220.310066 | 358.857817 
 4152.0117 | 08740.5735 | 12:50:00 | 220.310154 | 358.857473 
 4152.0122 | 08740.5742 | 12:50:01 | 220.309548 | 358.858043 
 4152.0124 | 08740.5745 | 12:50:02 | 220.309288 | 358.858271 
 4152.0124 | 08740.5745 | 12:50:03 | 220.309288 | 358.858271 
 4152.0124 | 08740.5745 | 12:50:04 | 220.309288 | 358.858271 
 4152.0124 | 08740.5745 | 12:50:05 | 220.309288 | 358.858271 
 4152.0125 | 08740.5754 | 12:50:06 | 220.308514 | 358.858380 
 4152.0126 | 08740.5761 | 12:50:07 | 220.307911 | 358.858491 
 4152.0122 | 08740.5764 | 12:50:08 | 220.307657 | 358.858029 
 4152.0114 | 08740.5765 | 12:50:09 | 220.307578 | 358.857108 
 4152.0097 | 08740.5760 | 12:50:10 | 220.308023 | 358.855156 
 4152.0075 | 08740.5745 | 12:50:11 | 220.309332 | 358.852635 
 4152.0052 | 08740.5723 | 12:50:12 | 220.311243 | 358.850004 
 4152.0039 | 08740.5667 | 12:50:13 | 220.316070 | 358.848545 
 4152.0031 | 08740.5604 | 12:50:14 | 220.321493 | 358.847667 
 4152.0029 | 08740.5532 | 12:50:15 | 220.327686 | 358.847484 
 4152.0029 | 08740.5453 | 12:50:16 | 220.334478 | 358.847536 
 4152.0029 | 08740.5368 | 12:50:17 | 220.341786 | 358.847592 
 4152.0029 | 08740.5279 | 12:50:18 | 220.349438 | 358.847651 
 4152.0030 | 08740.5187 | 12:50:19 | 220.357348 | 358.847826 
 4152.0030 | 08740.5093 | 12:50:20 | 220.365430 | 358.847888 
 4152.0031 | 08740.4994 | 12:50:21 | 220.373941 | 358.848069 
 4152.0032 | 08740.4891 | 12:50:22 | 220.382796 | 358.848252 
 4152.0033 | 08740.4784 | 12:50:23 | 220.391995 | 358.848437 
 4152.0038 | 08740.4674 | 12:50:24 | 220.401448 | 358.849085 
 4152.0044 | 08740.4561 | 12:50:25 | 220.411158 | 358.849850 
 4152.0047 | 08740.4446 | 12:50:26 | 220.421043 | 358.850271 
 4152.0049 | 08740.4331 | 12:50:27 | 220.430929 | 358.850577 
 4152.0051 | 08740.4215 | 12:50:28 | 220.440901 | 358.850883 
 4152.0052 | 08740.4104 | 12:50:29 | 220.450444 | 358.851072 
 4152.0053 | 08740.3994 | 12:50:30 | 220.459901 | 358.851259 
 4152.0058 | 08740.3886 | 12:50:31 | 220.469182 | 358.851906 
 4152.0061 | 08740.3781 | 12:50:32 | 220.478207 | 358.852320 
 4152.0065 | 08740.3678 | 12:50:33 | 220.487059 | 358.852849 
 4152.0069 | 08740.3579 | 12:50:34 | 220.495568 | 358.853374 
 4152.0071 | 08740.3484 | 12:50:35 | 220.503734 | 358.853667 
 4152.0072 | 08740.3395 | 12:50:36 | 220.511385 | 358.853841 
 4152.0073 | 08740.3312 | 12:50:37 | 220.518521 | 358.854011 
 4152.0074 | 08740.3237 | 12:50:38 | 220.524968 | 358.854176 
 4152.0078 | 08740.3167 | 12:50:39 | 220.530983 | 358.854682 
 4152.0081 | 08740.3105 | 12:50:40 | 220.536311 | 358.855068 
 4152.0083 | 08740.3052 | 12:50:41 | 220.540866 | 358.855334 
 4152.0084 | 08740.3009 | 12:50:42 | 220.544563 | 358.855477 
 4152.0085 | 08740.2972 | 12:50:43 | 220.547743 | 358.855617 
 4152.0085 | 08740.2942 | 12:50:44 | 220.550322 | 358.855637 
 4152.0084 | 08740.2921 | 12:50:45 | 220.552129 | 358.855535 
 4152.0084 | 08740.2907 | 12:50:46 | 220.553333 | 358.855545 
 4152.0083 | 08740.2900 | 12:50:47 | 220.553935 | 358.855434 
 4152.0083 | 08740.2897 | 12:50:48 | 220.554193 | 358.855436 
 4152.0082 | 08740.2895 | 12:50:49 | 220.554366 | 358.855323 
 4152.0082 | 08740.2896 | 12:50:50 | 220.554280 | 358.855322 
 4152.0081 | 08740.2897 | 12:50:51 | 220.554195 | 358.855206 
 4152.0081 | 08740.2897 | 12:50:52 | 220.554195 | 358.855206 
 4152.0081 | 08740.2897 | 12:50:53 | 220.554195 | 358.855206 
 4152.0081 | 08740.2897 | 12:50:54 | 220.554195 | 358.855206 
 4152.0081 | 08740.2897 | 12:50:55 | 220.554195 | 358.855206 
 4152.0081 | 08740.2897 | 12:50:56 | 220.554195 | 358.855206 
 4152.0081 | 08740.2897 | 12:50:57 | 220.554195 | 358.855206 
 4152.0081 | 08740.2897 | 12:50:58 | 220.554195 | 358.855206 
 4152.0081 | 08740.2897 | 12:50:59 | 220.554195 | 358.855206 
 4152.0081 | 08740.2897 | 12:51:00 | 220.554195 | 358.855206 
 4152.0081 | 08740.2897 | 12:51:01 | 220.554195 | 358.855206 
 4152.0081 | 08740.2897 | 12:51:02 | 220.554195 | 358.855206 
 4152.0081 | 08740.2897 | 12:51:03 | 220.554195 | 358.855206 
 4152.0079 | 08740.2900 | 12:51:04 | 220.553939 | 358.854974 
 4152.0080 | 08740.2878 | 12:51:05 | 220.555829 | 358.855104 
 4152.0080 | 08740.2842 | 12:51:06 | 220.558925 | 358.855128 
 4152.0080 | 08740.2797 | 12:51:07 | 220.562794 | 358.855158 
 4152.0081 | 08740.2745 | 12:51:08 | 220.567264 | 358.855307 
 4152.0083 | 08740.2685 | 12:51:09 | 220.572421 | 358.855577 
 4152.0083 | 08740.2617 | 12:51:10 | 220.578267 | 358.855622 
 4152.0084 | 08740.2543 | 12:51:11 | 220.584629 | 358.855786 
 4152.0085 | 08740.2468 | 12:51:12 | 220.591076 | 358.855951 
 4152.0087 | 08740.2391 | 12:51:13 | 220.597695 | 358.856232 
 4152.0088 | 08740.2312 | 12:51:14 | 220.604487 | 358.856399 
 4152.0091 | 08740.2233 | 12:51:15 | 220.611276 | 358.856797 
 4152.0092 | 08740.2155 | 12:51:16 | 220.617982 | 358.856964 
 4152.0094 | 08740.2080 | 12:51:17 | 220.624428 | 358.857244 
 4152.0093 | 08740.2003 | 12:51:18 | 220.631050 | 358.857180 
 4152.0096 | 08740.1919 | 12:51:19 | 220.638269 | 358.857581 
 4152.0098 | 08740.1831 | 12:51:20 | 220.645834 | 358.857869 
 4152.0100 | 08740.1737 | 12:51:21 | 220.653914 | 358.858162 
 4152.0101 | 08740.1638 | 12:51:22 | 220.662425 | 358.858343 
 4152.0102 | 08740.1538 | 12:51:23 | 220.671022 | 358.858524 
 4152.0100 | 08740.1429 | 12:51:24 | 220.680396 | 358.858367 
 4152.0097 | 08740.1317 | 12:51:25 | 220.690028 | 358.858096 
 4152.0098 | 08740.1203 | 12:51:26 | 220.699829 | 358.858287 
 4152.0098 | 08740.1088 | 12:51:27 | 220.709716 | 358.858364 
 4152.0097 | 08740.0971 | 12:51:28 | 220.719777 | 358.858326 
 4152.0096 | 08740.0854 | 12:51:29 | 220.729837 | 358.858289 
 4152.0096 | 08740.0734 | 12:51:30 | 220.740155 | 358.858369 
 4152.0095 | 08740.0613 | 12:51:31 | 220.750559 | 358.858335 
 4152.0096 | 08740.0493 | 12:51:32 | 220.760876 | 358.858530 
 4152.0096 | 08740.0379 | 12:51:33 | 220.770677 | 358.858606 
 4152.0097 | 08740.0273 | 12:51:34 | 220.779790 | 358.858792 
 4152.0098 | 08740.0179 | 12:51:35 | 220.787871 | 358.858970 
 4152.0099 | 08740.0100 | 12:51:36 | 220.794663 | 358.859137 
 4152.0100 | 08740.0036 | 12:51:37 | 220.800164 | 358.859295 
 4152.0101 | 08739.9987 | 12:51:38 | 220.804377 | 358.859443 
 4152.0102 | 08739.9954 | 12:51:39 | 220.807213 | 358.859580 
 4152.0102 | 08739.9940 | 12:51:40 | 220.808417 | 358.859589 
 4152.0102 | 08739.9939 | 12:51:41 | 220.808503 | 358.859590 
 4152.0102 | 08739.9941 | 12:51:42 | 220.808331 | 358.859589 
 4152.0103 | 08739.9943 | 12:51:43 | 220.808158 | 358.859702 
 4152.0103 | 08739.9943 | 12:51:44 | 220.808158 | 358.859702 
 4152.0103 | 08739.9943 | 12:51:45 | 220.808158 | 358.859702 
 4152.0103 | 08739.9943 | 12:51:46 | 220.808158 | 358.859702 
 4152.0103 | 08739.9943 | 12:51:47 | 220.808158 | 358.859702 
 4152.0103 | 08739.9943 | 12:51:48 | 220.808158 | 358.859702 
 4152.0103 | 08739.9943 | 12:51:49 | 220.808158 | 358.859702 
 4152.0103 | 08739.9943 | 12:51:50 | 220.808158 | 358.859702 
 4152.0103 | 08739.9943 | 12:51:51 | 220.808158 | 358.859702 
 4152.0103 | 08739.9943 | 12:51:52 | 220.808158 | 358.859702 
 4152.0103 | 08739.9943 | 12:51:53 | 220.808158 | 358.859702 
 4152.0103 | 08739.9943 | 12:51:54 | 220.808158 | 358.859702 
 4152.0103 | 08739.9943 | 12:51:55 | 220.808158 | 358.859702 
 4152.0103 | 08739.9943 | 12:51:56 | 220.808158 | 358.859702 
 4152.0103 | 08739.9943 | 12:51:57 | 220.808158 | 358.859702 
 4152.0103 | 08739.9943 | 12:51:58 | 220.808158 | 358.859702 
 4152.0103 | 08739.9943 | 12:51:59 | 220.808158 | 358.859702 
 4152.0103 | 08739.9943 | 12:52:00 | 220.808158 | 358.859702 
 4152.0103 | 08739.9943 | 12:52:01 | 220.808158 | 358.859702 
 4152.0103 | 08739.9943 | 12:52:02 | 220.808158 | 358.859702 
 4152.0103 | 08739.9943 | 12:52:03 | 220.808158 | 358.859702 
 4152.0103 | 08739.9943 | 12:52:04 | 220.808158 | 358.859702 
 4152.0103 | 08739.9943 | 12:52:05 | 220.808158 | 358.859702 
 4152.0103 | 08739.9943 | 12:52:06 | 220.808158 | 358.859702 
 4152.0103 | 08739.9943 | 12:52:07 | 220.808158 | 358.859702 
 4152.0103 | 08739.9943 | 12:52:08 | 220.808158 | 358.859702 
 4152.0103 | 08739.9943 | 12:52:09 | 220.808158 | 358.859702 
 4152.0103 | 08739.9943 | 12:52:10 | 220.808158 | 358.859702 
 4152.0103 | 08739.9943 | 12:52:11 | 220.808158 | 358.859702 
 4152.0103 | 08739.9943 | 12:52:12 | 220.808158 | 358.859702 
 4152.0103 | 08739.9943 | 12:52:13 | 220.808158 | 358.859702 
 4152.0103 | 08739.9943 | 12:52:14 | 220.808158 | 358.859702 
 4152.0103 | 08739.9943 | 12:52:15 | 220.808158 | 358.859702 
 4152.0103 | 08739.9943 | 12:52:16 | 220.808158 | 358.859702 
 4152.0103 | 08739.9943 | 12:52:17 | 220.808158 | 358.859702 
 4152.0103 | 08739.9943 | 12:52:18 | 220.808158 | 358.859702 
 4152.0103 | 08739.9943 | 12:52:19 | 220.808158 | 358.859702 
 4152.0103 | 08739.9943 | 12:52:20 | 220.808158 | 358.859702 
 4152.0103 | 08739.9943 | 12:52:21 | 220.808158 | 358.859702 
 4152.0103 | 08739.9943 | 12:52:22 | 220.808158 | 358.859702 
 4152.0103 | 08739.9943 | 12:52:23 | 220.808158 | 358.859702 
 4152.0105 | 08739.9961 | 12:52:24 | 220.806608 | 358.859920 
 4152.0106 | 08739.9938 | 12:52:25 | 220.808585 | 358.860051 
 4152.0107 | 08739.9900 | 12:52:26 | 220.811851 | 358.860191 
 4152.0108 | 08739.9851 | 12:52:27 | 220.816063 | 358.860339 
 4152.0108 | 08739.9793 | 12:52:28 | 220.821050 | 358.860378 
 4152.0108 | 08739.9726 | 12:52:29 | 220.826811 | 358.860422 
 4152.0108 | 08739.9652 | 12:52:30 | 220.833173 | 358.860472 
 4152.0110 | 08739.9569 | 12:52:31 | 220.840308 | 358.860757 
 4152.0111 | 08739.9481 | 12:52:32 | 220.847873 | 358.860931 
 4152.0113 | 08739.9387 | 12:52:33 | 220.855953 | 358.861224 
 4152.0115 | 08739.9288 | 12:52:34 | 220.864463 | 358.861520 
 4152.0119 | 08739.9182 | 12:52:35 | 220.873574 | 358.862051 
 4152.0122 | 08739.9073 | 12:52:36 | 220.882943 | 358.862469 
 4152.0124 | 08739.8960 | 12:52:37 | 220.892657 | 358.862775 
 4152.0128 | 08739.8841 | 12:52:38 | 220.902884 | 358.863315 
 4152.0132 | 08739.8718 | 12:52:39 | 220.913456 | 358.863857 
 4152.0133 | 08739.8593 | 12:52:40 | 220.924203 | 358.864056 
 4152.0136 | 08739.8465 | 12:52:41 | 220.935205 | 358.864487 
 4152.0140 | 08739.8334 | 12:52:42 | 220.946465 | 358.865035 
 4152.0142 | 08739.8205 | 12:52:43 | 220.957555 | 358.865351 
 4152.0144 | 08739.8075 | 12:52:44 | 220.968730 | 358.865669 
 4152.0146 | 08739.7943 | 12:52:45 | 220.980077 | 358.865987 
 4152.0148 | 08739.7809 | 12:52:46 | 220.991597 | 358.866307 
 4152.0150 | 08739.7672 | 12:52:47 | 221.003374 | 358.866629 
 4152.0151 | 08739.7536 | 12:52:48 | 221.015066 | 358.866836 
 4152.0154 | 08739.7405 | 12:52:49 | 221.026327 | 358.867269 
 4152.0154 | 08739.7291 | 12:52:50 | 221.036129 | 358.867345 
 4152.0154 | 08739.7197 | 12:52:51 | 221.044211 | 358.867409 
 4152.0153 | 08739.7123 | 12:52:52 | 221.050574 | 358.867343 
 4152.0151 | 08739.7065 | 12:52:53 | 221.055563 | 358.867152 
 4152.0152 | 08739.7023 | 12:52:54 | 221.059173 | 358.867296 
 4152.0153 | 08739.6999 | 12:52:55 | 221.061235 | 358.867427 
 4152.0154 | 08739.6991 | 12:52:56 | 221.061922 | 358.867547 
 4152.0154 | 08739.6988 | 12:52:57 | 221.062180 | 358.867549 
 4152.0154 | 08739.6988 | 12:52:58 | 221.062180 | 358.867549 
 4152.0156 | 08739.6990 | 12:52:59 | 221.062007 | 358.867778 
 4152.0156 | 08739.6990 | 12:53:00 | 221.062007 | 358.867778 
 4152.0156 | 08739.6990 | 12:53:01 | 221.062007 | 358.867778 
 4152.0156 | 08739.6990 | 12:53:02 | 221.062007 | 358.867778 
 4152.0156 | 08739.6990 | 12:53:03 | 221.062007 | 358.867778 
 4152.0156 | 08739.6990 | 12:53:04 | 221.062007 | 358.867778 
 4152.0156 | 08739.6990 | 12:53:05 | 221.062007 | 358.867778 
 4152.0156 | 08739.6990 | 12:53:06 | 221.062007 | 358.867778 
 4152.0156 | 08739.6990 | 12:53:07 | 221.062007 | 358.867778 
 4152.0156 | 08739.6990 | 12:53:08 | 221.062007 | 358.867778 
 4152.0156 | 08739.6990 | 12:53:09 | 221.062007 | 358.867778 
 4152.0156 | 08739.6990 | 12:53:10 | 221.062007 | 358.867778 
 4152.0156 | 08739.6990 | 12:53:11 | 221.062007 | 358.867778 
 4152.0156 | 08739.6990 | 12:53:12 | 221.062007 | 358.867778 
 4152.0156 | 08739.6990 | 12:53:13 | 221.062007 | 358.867778 
 4152.0156 | 08739.6990 | 12:53:14 | 221.062007 | 358.867778 
 4152.0156 | 08739.6990 | 12:53:15 | 221.062007 | 358.867778 
 4152.0156 | 08739.6990 | 12:53:16 | 221.062007 | 358.867778 
 4152.0156 | 08739.6990 | 12:53:17 | 221.062007 | 358.867778 
 4152.0156 | 08739.6990 | 12:53:18 | 221.062007 | 358.867778 
 4152.0156 | 08739.6990 | 12:53:19 | 221.062007 | 358.867778 
 4152.0163 | 08739.7002 | 12:53:20 | 221.060968 | 358.868575 
 4152.0162 | 08739.6985 | 12:53:21 | 221.062431 | 358.868471 
 4152.0162 | 08739.6955 | 12:53:22 | 221.065010 | 358.868492 
 4152.0161 | 08739.6914 | 12:53:23 | 221.068536 | 358.868404 
 4152.0162 | 08739.6863 | 12:53:24 | 221.072920 | 358.868553 
 4152.0162 | 08739.6803 | 12:53:25 | 221.078079 | 358.868594 
 4152.0162 | 08739.6735 | 12:53:26 | 221.083926 | 358.868640 
 4152.0162 | 08739.6661 | 12:53:27 | 221.090288 | 358.868689 
 4152.0162 | 08739.6580 | 12:53:28 | 221.097253 | 358.868744 
 4152.0164 | 08739.6493 | 12:53:29 | 221.104731 | 358.869033 
 4152.0166 | 08739.6401 | 12:53:30 | 221.112639 | 358.869325 
 4152.0167 | 08739.6305 | 12:53:31 | 221.120892 | 358.869504 
 4152.0166 | 08739.6206 | 12:53:32 | 221.129405 | 358.869456 
 4152.0163 | 08739.6102 | 12:53:33 | 221.138350 | 358.869181 
 4152.0160 | 08739.5995 | 12:53:34 | 221.147552 | 358.868908 
 4152.0157 | 08739.5883 | 12:53:35 | 221.157184 | 358.868639 
 4152.0157 | 08739.5768 | 12:53:36 | 221.167072 | 358.868716 
 4152.0158 | 08739.5654 | 12:53:37 | 221.176873 | 358.868908 
 4152.0159 | 08739.5541 | 12:53:38 | 221.186587 | 358.869099 
 4152.0161 | 08739.5432 | 12:53:39 | 221.195957 | 358.869403 
 4152.0162 | 08739.5326 | 12:53:40 | 221.205070 | 358.869590 
 4152.0163 | 08739.5222 | 12:53:41 | 221.214011 | 358.869775 
 4152.0165 | 08739.5120 | 12:53:42 | 221.222779 | 358.870074 
 4152.0166 | 08739.5020 | 12:53:43 | 221.231376 | 358.870257 
 4152.0168 | 08739.4923 | 12:53:44 | 221.239714 | 358.870552 
 4152.0169 | 08739.4828 | 12:53:45 | 221.247881 | 358.870732 
 4152.0171 | 08739.4735 | 12:53:46 | 221.255876 | 358.871024 
 4152.0173 | 08739.4644 | 12:53:47 | 221.263698 | 358.871316 
 4152.0176 | 08739.4556 | 12:53:48 | 221.271261 | 358.871721 
 4152.0179 | 08739.4468 | 12:53:49 | 221.278825 | 358.872125 
 4152.0181 | 08739.4386 | 12:53:50 | 221.285873 | 358.872411 
 4152.0181 | 08739.4312 | 12:53:51 | 221.292236 | 358.872461 
 4152.0183 | 08739.4250 | 12:53:52 | 221.297565 | 358.872733 
 4152.0183 | 08739.4201 | 12:53:53 | 221.301778 | 358.872766 
 4152.0182 | 08739.4164 | 12:53:54 | 221.304960 | 358.872676 
 4152.0180 | 08739.4137 | 12:53:55 | 221.307283 | 358.872465 
 4152.0178 | 08739.4123 | 12:53:56 | 221.308488 | 358.872244 
 4152.0176 | 08739.4121 | 12:53:57 | 221.308662 | 358.872015 
 4152.0175 | 08739.4121 | 12:53:58 | 221.308663 | 358.871900 
 4152.0174 | 08739.4121 | 12:53:59 | 221.308664 | 358.871785 
 4152.0174 | 08739.4121 | 12:54:00 | 221.308664 | 358.871785 
 4152.0174 | 08739.4121 | 12:54:01 | 221.308664 | 358.871785 
 4152.0174 | 08739.4121 | 12:54:02 | 221.308664 | 358.871785 
 4152.0174 | 08739.4121 | 12:54:03 | 221.308664 | 358.871785 
 4152.0174 | 08739.4121 | 12:54:04 | 221.308664 | 358.871785 
 4152.0174 | 08739.4121 | 12:54:05 | 221.308664 | 358.871785 
 4152.0174 | 08739.4121 | 12:54:06 | 221.308664 | 358.871785 
 4152.0174 | 08739.4121 | 12:54:07 | 221.308664 | 358.871785 
 4152.0174 | 08739.4121 | 12:54:08 | 221.308664 | 358.871785 
 4152.0170 | 08739.4122 | 12:54:09 | 221.308582 | 358.871324 
 4152.0169 | 08739.4107 | 12:54:10 | 221.309872 | 358.871220 
 4152.0169 | 08739.4078 | 12:54:11 | 221.312366 | 358.871239 
 4152.0169 | 08739.4035 | 12:54:12 | 221.316063 | 358.871268 
 4152.0172 | 08739.3981 | 12:54:13 | 221.320703 | 358.871650 
 4152.0175 | 08739.3919 | 12:54:14 | 221.326031 | 358.872037 
 4152.0177 | 08739.3850 | 12:54:15 | 221.331962 | 358.872314 
 4152.0179 | 08739.3773 | 12:54:16 | 221.338580 | 358.872596 
 4152.0181 | 08739.3690 | 12:54:17 | 221.345715 | 358.872883 
 4152.0182 | 08739.3605 | 12:54:18 | 221.353022 | 358.873055 
 4152.0182 | 08739.3517 | 12:54:19 | 221.360588 | 358.873115 
 4152.0184 | 08739.3425 | 12:54:20 | 221.368496 | 358.873407 
 4152.0186 | 08739.3329 | 12:54:21 | 221.376749 | 358.873703 
 4152.0187 | 08739.3228 | 12:54:22 | 221.385432 | 358.873886 
 4152.0188 | 08739.3122 | 12:54:23 | 221.394544 | 358.874073 
 4152.0188 | 08739.3012 | 12:54:24 | 221.404002 | 358.874148 
 4152.0188 | 08739.2899 | 12:54:25 | 221.413718 | 358.874225 
 4152.0193 | 08739.2780 | 12:54:26 | 221.423945 | 358.874881 
 4152.0195 | 08739.2660 | 12:54:27 | 221.434260 | 358.875192 
 4152.0198 | 08739.2538 | 12:54:28 | 221.444747 | 358.875620 
 4152.0199 | 08739.2415 | 12:54:29 | 221.455321 | 358.875819 
 4152.0202 | 08739.2288 | 12:54:30 | 221.466238 | 358.876251 
 4152.0206 | 08739.2160 | 12:54:31 | 221.477240 | 358.876798 
 4152.0208 | 08739.2032 | 12:54:32 | 221.488243 | 358.877115 
 4152.0211 | 08739.1906 | 12:54:33 | 221.499074 | 358.877546 
 4152.0213 | 08739.1784 | 12:54:34 | 221.509561 | 358.877859 
 4152.0217 | 08739.1665 | 12:54:35 | 221.519789 | 358.878400 
 4152.0220 | 08739.1549 | 12:54:36 | 221.529760 | 358.878825 
 4152.0223 | 08739.1437 | 12:54:37 | 221.539387 | 358.879246 
 4152.0225 | 08739.1332 | 12:54:38 | 221.548413 | 358.879548 
 4152.0227 | 08739.1233 | 12:54:39 | 221.556923 | 358.879845 
 4152.0229 | 08739.1140 | 12:54:40 | 221.564917 | 358.880139 
 4152.0231 | 08739.1056 | 12:54:41 | 221.572138 | 358.880426 
 4152.0233 | 08739.0982 | 12:54:42 | 221.578498 | 358.880707 
 4152.0234 | 08739.0916 | 12:54:43 | 221.584172 | 358.880867 
 4152.0235 | 08739.0853 | 12:54:44 | 221.589588 | 358.881025 
 4152.0236 | 08739.0794 | 12:54:45 | 221.594660 | 358.881180 
 4152.0236 | 08739.0740 | 12:54:46 | 221.599302 | 358.881217 
 4152.0237 | 08739.0686 | 12:54:47 | 221.603944 | 358.881369 
 4152.0238 | 08739.0631 | 12:54:48 | 221.608672 | 358.881522 
 4152.0238 | 08739.0568 | 12:54:49 | 221.614089 | 358.881565 
 4152.0239 | 08739.0496 | 12:54:50 | 221.620279 | 358.881729 
 4152.0239 | 08739.0422 | 12:54:51 | 221.626641 | 358.881779 
 4152.0240 | 08739.0362 | 12:54:52 | 221.631799 | 358.881935 
 4152.0239 | 08739.0319 | 12:54:53 | 221.635497 | 358.881850 
 4152.0240 | 08739.0282 | 12:54:54 | 221.638677 | 358.881990 
 4152.0241 | 08739.0246 | 12:54:55 | 221.641771 | 358.882130 
 4152.0241 | 08739.0207 | 12:54:56 | 221.645125 | 358.882157 
 4152.0243 | 08739.0162 | 12:54:57 | 221.648992 | 358.882417 
 4152.0242 | 08739.0112 | 12:54:58 | 221.653292 | 358.882337 
 4152.0242 | 08739.0053 | 12:54:59 | 221.658364 | 358.882377 
 4152.0243 | 08738.9988 | 12:55:00 | 221.663952 | 358.882536 
 4152.0245 | 08738.9924 | 12:55:01 | 221.669453 | 358.882810 
 4152.0247 | 08738.9862 | 12:55:02 | 221.674782 | 358.883083 
 4152.0248 | 08738.9800 | 12:55:03 | 221.680112 | 358.883240 
 4152.0244 | 08738.9749 | 12:55:04 | 221.684500 | 358.882815 
 4152.0243 | 08738.9708 | 12:55:05 | 221.688026 | 358.882728 
 4152.0242 | 08738.9681 | 12:55:06 | 221.690349 | 358.882632 
 4152.0242 | 08738.9663 | 12:55:07 | 221.691896 | 358.882644 
 4152.0241 | 08738.9648 | 12:55:08 | 221.693187 | 358.882539 
 4152.0241 | 08738.9630 | 12:55:09 | 221.694734 | 358.882552 
 4152.0241 | 08738.9605 | 12:55:10 | 221.696884 | 358.882569 
 4152.0242 | 08738.9572 | 12:55:11 | 221.699720 | 358.882706 
 4152.0244 | 08738.9530 | 12:55:12 | 221.703330 | 358.882965 
 4152.0246 | 08738.9480 | 12:55:13 | 221.707627 | 358.883229 
 4152.0247 | 08738.9421 | 12:55:14 | 221.712698 | 358.883385 
 4152.0247 | 08738.9354 | 12:55:15 | 221.718459 | 358.883431 
 4152.0247 | 08738.9279 | 12:55:16 | 221.724907 | 358.883482 
 4152.0249 | 08738.9197 | 12:55:17 | 221.731956 | 358.883768 
 4152.0251 | 08738.9112 | 12:55:18 | 221.739262 | 358.884057 
 4152.0253 | 08738.9024 | 12:55:19 | 221.746827 | 358.884347 
 4152.0254 | 08738.8934 | 12:55:20 | 221.754564 | 358.884524 
 4152.0257 | 08738.8840 | 12:55:21 | 221.762643 | 358.884934 
 4152.0262 | 08738.8744 | 12:55:22 | 221.770892 | 358.885575 
 4152.0262 | 08738.8641 | 12:55:23 | 221.779748 | 358.885645 
 4152.0266 | 08738.8540 | 12:55:24 | 221.788428 | 358.886175 
 4152.0268 | 08738.8446 | 12:55:25 | 221.796509 | 358.886469 
 4152.0272 | 08738.8359 | 12:55:26 | 221.803985 | 358.886989 
 4152.0274 | 08738.8287 | 12:55:27 | 221.810174 | 358.887269 
 4152.0273 | 08738.8219 | 12:55:28 | 221.816021 | 358.887201 
 4152.0269 | 08738.8084 | 12:55:30 | 221.827632 | 358.886833 
 4152.0266 | 08738.8017 | 12:55:31 | 221.833395 | 358.886534 
 4152.0154 | 08738.8105 | 12:55:32 | 221.825932 | 358.873591 
 4152.0085 | 08738.8126 | 12:55:33 | 221.824190 | 358.865640 
 4152.0024 | 08738.8134 | 12:55:34 | 221.823558 | 358.858618 
 4151.9952 | 08738.8140 | 12:55:35 | 221.823109 | 358.850332 
 4151.9884 | 08738.8141 | 12:55:36 | 221.823085 | 358.842509 
 4151.9814 | 08738.8140 | 12:55:37 | 221.823236 | 358.834458 
 4151.9742 | 08738.8137 | 12:55:38 | 221.823560 | 358.826179 
 4151.9668 | 08738.8134 | 12:55:39 | 221.823886 | 358.817669 
 4151.9592 | 08738.8132 | 12:55:40 | 221.824128 | 358.808928 
 4151.9516 | 08738.8131 | 12:55:41 | 221.824284 | 358.800187 
 4151.9439 | 08738.8130 | 12:55:42 | 221.824440 | 358.791331 
 4151.9362 | 08738.8128 | 12:55:43 | 221.824683 | 358.782475 
 4151.9281 | 08738.8126 | 12:55:44 | 221.824930 | 358.773159 
 4151.9202 | 08738.8123 | 12:55:45 | 221.825260 | 358.764075 
 4151.9123 | 08738.8121 | 12:55:46 | 221.825505 | 358.754989 
 4151.9045 | 08738.8120 | 12:55:47 | 221.825663 | 358.746018 
 4151.8965 | 08738.8119 | 12:55:48 | 221.825822 | 358.736816 
 4151.8885 | 08738.8119 | 12:55:49 | 221.825896 | 358.727614 
 4151.8808 | 08738.8091 | 12:55:50 | 221.828374 | 358.718777 
 4151.8749 | 08738.8108 | 12:55:51 | 221.826967 | 358.711978 
 4151.8683 | 08738.8107 | 12:55:52 | 221.827113 | 358.704388 
 4151.8622 | 08738.8107 | 12:55:53 | 221.827169 | 358.697371 
 4151.8561 | 08738.8109 | 12:55:54 | 221.827054 | 358.690353 
 4151.8500 | 08738.8110 | 12:55:55 | 221.827024 | 358.683336 
 4151.8438 | 08738.8111 | 12:55:56 | 221.826995 | 358.676204 
 4151.8382 | 08738.8115 | 12:55:57 | 221.826702 | 358.669759 
 4151.8331 | 08738.8111 | 12:55:58 | 221.827093 | 358.663896 
 4151.8279 | 08738.8108 | 12:55:59 | 221.827399 | 358.657917 
 4151.8223 | 08738.8106 | 12:56:00 | 221.827622 | 358.651477 
 4151.8161 | 08738.8101 | 12:56:01 | 221.828109 | 358.644349 
 4151.8098 | 08738.8098 | 12:56:02 | 221.828425 | 358.637104 
 4151.8033 | 08738.8096 | 12:56:03 | 221.828657 | 358.629629 
 4151.7965 | 08738.8094 | 12:56:04 | 221.828891 | 358.621808 
 4151.7894 | 08738.8093 | 12:56:05 | 221.829043 | 358.613642 
 4151.7822 | 08738.8091 | 12:56:06 | 221.829281 | 358.605362 
 4151.7747 | 08738.8088 | 12:56:07 | 221.829608 | 358.596737 
 4151.7669 | 08738.8084 | 12:56:08 | 221.830024 | 358.587768 
 4151.7590 | 08738.8081 | 12:56:09 | 221.830354 | 358.578683 
 4151.7510 | 08738.8077 | 12:56:10 | 221.830772 | 358.569484 
 4151.7429 | 08738.8075 | 12:56:11 | 221.831018 | 358.560168 
 4151.7348 | 08738.8072 | 12:56:12 | 221.831351 | 358.550853 
 4151.7267 | 08738.8068 | 12:56:13 | 221.831769 | 358.541539 
 4151.7185 | 08738.8065 | 12:56:14 | 221.832102 | 358.532109 
 4151.7103 | 08738.8063 | 12:56:15 | 221.832350 | 358.522678 
 4151.7020 | 08738.8060 | 12:56:16 | 221.832684 | 358.513133 
 4151.6936 | 08738.8058 | 12:56:17 | 221.832933 | 358.503472 
 4151.6852 | 08738.8056 | 12:56:18 | 221.833183 | 358.493812 
 4151.6767 | 08738.8053 | 12:56:19 | 221.833519 | 358.484037 
 4151.6681 | 08738.8051 | 12:56:20 | 221.833770 | 358.474146 
 4151.6595 | 08738.8049 | 12:56:21 | 221.834021 | 358.464255 
 4151.6511 | 08738.8048 | 12:56:22 | 221.834184 | 358.454594 
 4151.6431 | 08738.8048 | 12:56:23 | 221.834258 | 358.445392 
 4151.6353 | 08738.8047 | 12:56:24 | 221.834416 | 358.436420 
 4151.5429 | 08738.8028 | 12:56:36 | 221.836899 | 358.330150 
 4151.5906 | 08738.8050 | 12:56:37 | 221.834569 | 358.385002 
 4151.5946 | 08738.8075 | 12:56:38 | 221.832382 | 358.389586 
 4151.5939 | 08738.8122 | 12:56:39 | 221.828347 | 358.388748 
 4151.5914 | 08738.8022 | 12:56:40 | 221.836969 | 358.385941 
 4151.5868 | 08738.8032 | 12:56:41 | 221.836152 | 358.380643 
 4151.5821 | 08738.8036 | 12:56:42 | 221.835851 | 358.375235 
 4151.5767 | 08738.8034 | 12:56:43 | 221.836072 | 358.369025 
 4151.5708 | 08738.8031 | 12:56:44 | 221.836385 | 358.362240 
 4151.5645 | 08738.8028 | 12:56:45 | 221.836701 | 358.354996 
 4151.5580 | 08738.8026 | 12:56:46 | 221.836932 | 358.347520 
 4151.5517 | 08738.8025 | 12:56:47 | 221.837076 | 358.340274 
 4151.5459 | 08738.8015 | 12:56:48 | 221.837990 | 358.333610 
 4151.5402 | 08738.8014 | 12:56:49 | 221.838128 | 358.327054 
 4151.5345 | 08738.8015 | 12:56:50 | 221.838094 | 358.320497 
 4151.5290 | 08738.8014 | 12:56:51 | 221.838231 | 358.314171 
 4151.5239 | 08738.8012 | 12:56:52 | 221.838450 | 358.308306 
 4151.5189 | 08738.8012 | 12:56:53 | 221.838496 | 358.302555 
 4151.5144 | 08738.8013 | 12:56:54 | 221.838451 | 358.297378 
 4151.5103 | 08738.8013 | 12:56:55 | 221.838489 | 358.292662 
 4151.5067 | 08738.8014 | 12:56:56 | 221.838436 | 358.288521 
 4151.5035 | 08738.8016 | 12:56:57 | 221.838294 | 358.284839 
 4151.5009 | 08738.8017 | 12:56:58 | 221.838232 | 358.281847 
 4151.4987 | 08738.8018 | 12:56:59 | 221.838166 | 358.279316 
 4151.4972 | 08738.8017 | 12:57:00 | 221.838266 | 358.277591 
 4151.4963 | 08738.8016 | 12:57:01 | 221.838360 | 358.276557 
 4151.4959 | 08738.8013 | 12:57:02 | 221.838621 | 358.276099 
 4151.4956 | 08738.8010 | 12:57:03 | 221.838882 | 358.275756 
 4151.4954 | 08738.8007 | 12:57:04 | 221.839142 | 358.275528 
 4151.4955 | 08738.8007 | 12:57:05 | 221.839141 | 358.275643 
 4151.4956 | 08738.8006 | 12:57:06 | 221.839226 | 358.275759 
 4151.4956 | 08738.8006 | 12:57:07 | 221.839226 | 358.275759 
 4151.4956 | 08738.8006 | 12:57:08 | 221.839226 | 358.275759 
 4151.4956 | 08738.8006 | 12:57:09 | 221.839226 | 358.275759 
 4151.4956 | 08738.8006 | 12:57:10 | 221.839226 | 358.275759 
 4151.4956 | 08738.8006 | 12:57:11 | 221.839226 | 358.275759 
 4151.4956 | 08738.8006 | 12:57:12 | 221.839226 | 358.275759 
 4151.4956 | 08738.8006 | 12:57:13 | 221.839226 | 358.275759 
 4151.4956 | 08738.8006 | 12:57:14 | 221.839226 | 358.275759 
 4151.4956 | 08738.8006 | 12:57:15 | 221.839226 | 358.275759 
 4151.4956 | 08738.8006 | 12:57:16 | 221.839226 | 358.275759 
 4151.4956 | 08738.8006 | 12:57:17 | 221.839226 | 358.275759 
 4151.4956 | 08738.8006 | 12:57:18 | 221.839226 | 358.275759 
 4151.4956 | 08738.8006 | 12:57:19 | 221.839226 | 358.275759 
 4151.4956 | 08738.8006 | 12:57:20 | 221.839226 | 358.275759 
 4151.4956 | 08738.8006 | 12:57:21 | 221.839226 | 358.275759 
 4151.4956 | 08738.8006 | 12:57:22 | 221.839226 | 358.275759 
 4151.4956 | 08738.8006 | 12:57:23 | 221.839226 | 358.275759 
 4151.4956 | 08738.8006 | 12:57:24 | 221.839226 | 358.275759 
 4151.4956 | 08738.8006 | 12:57:25 | 221.839226 | 358.275759 
 4151.4956 | 08738.8006 | 12:57:26 | 221.839226 | 358.275759 
 4151.4956 | 08738.8006 | 12:57:27 | 221.839226 | 358.275759 
 4151.4956 | 08738.8006 | 12:57:28 | 221.839226 | 358.275759 
 4151.4951 | 08738.8001 | 12:57:29 | 221.839661 | 358.275187 
 4151.4943 | 08738.8001 | 12:57:30 | 221.839668 | 358.274267 
 4151.4927 | 08738.8000 | 12:57:31 | 221.839769 | 358.272427 
 4151.4906 | 08738.8000 | 12:57:32 | 221.839788 | 358.270011 
 4151.4881 | 08738.8000 | 12:57:33 | 221.839811 | 358.267136 
 4151.4851 | 08738.7998 | 12:57:34 | 221.840011 | 358.263686 
 4151.4809 | 08738.8001 | 12:57:35 | 221.839791 | 358.258853 
 4151.4767 | 08738.8003 | 12:57:36 | 221.839658 | 358.254021 
 4151.4722 | 08738.8004 | 12:57:37 | 221.839613 | 358.248844 
 4151.4679 | 08738.8004 | 12:57:38 | 221.839653 | 358.243898 
 4151.4640 | 08738.8003 | 12:57:39 | 221.839775 | 358.239413 
 4151.4604 | 08738.8002 | 12:57:40 | 221.839894 | 358.235272 
 4151.4569 | 08738.8000 | 12:57:41 | 221.840098 | 358.231248 
 4151.4532 | 08738.7996 | 12:57:42 | 221.840476 | 358.226995 
 4151.4495 | 08738.7993 | 12:57:43 | 221.840768 | 358.222741 
 4151.4459 | 08738.7990 | 12:57:44 | 221.841059 | 358.218602 
 4151.4422 | 08738.7989 | 12:57:45 | 221.841179 | 358.214347 
 4151.4385 | 08738.7988 | 12:57:46 | 221.841299 | 358.210092 
 4151.4344 | 08738.7984 | 12:57:47 | 221.841681 | 358.205378 
 4151.4301 | 08738.7979 | 12:57:48 | 221.842151 | 358.200436 
 4151.4257 | 08738.7975 | 12:57:49 | 221.842535 | 358.195377 
 4151.4213 | 08738.7972 | 12:57:50 | 221.842833 | 358.190318 
 4151.4169 | 08738.7969 | 12:57:51 | 221.843132 | 358.185259 
 4151.4122 | 08738.7968 | 12:57:52 | 221.843261 | 358.179854 
 4151.4077 | 08738.7967 | 12:57:53 | 221.843388 | 358.174678 
 4151.4033 | 08738.7966 | 12:57:54 | 221.843515 | 358.169618 
 4151.3991 | 08738.7962 | 12:57:55 | 221.843898 | 358.164790 
 4151.3947 | 08738.7960 | 12:57:56 | 221.844110 | 358.159730 
 4151.3903 | 08738.7959 | 12:57:57 | 221.844237 | 358.154670 
 4151.3858 | 08738.7957 | 12:57:58 | 221.844450 | 358.149495 
 4151.3812 | 08738.7956 | 12:57:59 | 221.844578 | 358.144204 
 4151.3765 | 08738.7954 | 12:58:00 | 221.844793 | 358.138799 
 4151.3717 | 08738.7953 | 12:58:01 | 221.844924 | 358.133279 
 4151.3669 | 08738.7951 | 12:58:02 | 221.845140 | 358.127759 
 4151.3619 | 08738.7949 | 12:58:03 | 221.845358 | 358.122009 
 4151.3569 | 08738.7950 | 12:58:04 | 221.845318 | 358.116257 
 4151.3524 | 08738.7948 | 12:58:05 | 221.845531 | 358.111083 
 4151.3482 | 08738.7945 | 12:58:06 | 221.845828 | 358.106254 
 4151.3438 | 08738.7943 | 12:58:07 | 221.846040 | 358.101194 
 4151.3393 | 08738.7942 | 12:58:08 | 221.846168 | 358.096018 
 4151.3349 | 08738.7942 | 12:58:09 | 221.846208 | 358.090957 
 4151.3305 | 08738.7943 | 12:58:10 | 221.846163 | 358.085896 
 4151.3276 | 08738.7939 | 12:58:11 | 221.846533 | 358.082563 
 4151.3238 | 08738.7939 | 12:58:12 | 221.846568 | 358.078192 
 4151.3201 | 08738.7937 | 12:58:13 | 221.846774 | 358.073937 
 4151.3160 | 08738.7936 | 12:58:14 | 221.846898 | 358.069222 
 4151.3112 | 08738.7938 | 12:58:15 | 221.846770 | 358.063699 
 4151.3060 | 08738.7942 | 12:58:16 | 221.846474 | 358.057715 
 4151.3004 | 08738.7945 | 12:58:17 | 221.846267 | 358.051272 
 4151.2946 | 08738.7945 | 12:58:18 | 221.846321 | 358.044600 
 4151.2887 | 08738.7944 | 12:58:19 | 221.846461 | 358.037814 
 4151.2832 | 08738.7941 | 12:58:20 | 221.846770 | 358.031490 
 4151.2776 | 08738.7939 | 12:58:21 | 221.846993 | 358.025050 
 4151.2723 | 08738.7937 | 12:58:22 | 221.847214 | 358.018955 
 4151.2671 | 08738.7936 | 12:58:23 | 221.847348 | 358.012975 
 4151.2616 | 08738.7933 | 12:58:24 | 221.847656 | 358.006650 
 4151.2559 | 08738.7930 | 12:58:25 | 221.847967 | 358.000096 
 4151.2503 | 08738.7927 | 12:58:26 | 221.848276 | 357.993657 
 4151.2449 | 08738.7925 | 12:58:27 | 221.848498 | 357.987447 
 4151.2396 | 08738.7922 | 12:58:28 | 221.848805 | 357.981352 
 4151.2343 | 08738.7919 | 12:58:29 | 221.849112 | 357.975258 
 4151.2290 | 08738.7915 | 12:58:30 | 221.849504 | 357.969165 
 4151.2236 | 08738.7914 | 12:58:31 | 221.849640 | 357.962954 
 4151.2185 | 08738.7913 | 12:58:32 | 221.849773 | 357.957088 
 4151.2137 | 08738.7913 | 12:58:33 | 221.849817 | 357.951567 
 4151.2090 | 08738.7913 | 12:58:34 | 221.849860 | 357.946161 
 4151.2043 | 08738.7914 | 12:58:35 | 221.849818 | 357.940754 
 4151.2009 | 08738.7911 | 12:58:36 | 221.850107 | 357.936845 
 4151.1970 | 08738.7911 | 12:58:37 | 221.850143 | 357.932359 
 4151.1931 | 08738.7911 | 12:58:38 | 221.850179 | 357.927873 
 4151.1892 | 08738.7913 | 12:58:39 | 221.850042 | 357.923386 
 4151.1854 | 08738.7915 | 12:58:40 | 221.849905 | 357.919014 
 4151.1836 | 08738.7912 | 12:58:41 | 221.850180 | 357.916945 
 4151.1808 | 08738.7915 | 12:58:42 | 221.849948 | 357.913723 
 4151.1784 | 08738.7916 | 12:58:43 | 221.849884 | 357.910961 
 4151.1756 | 08738.7916 | 12:58:44 | 221.849910 | 357.907741 
 4151.1728 | 08738.7915 | 12:58:45 | 221.850021 | 357.904521 
 4151.1700 | 08738.7911 | 12:58:46 | 221.850391 | 357.901303 
 4151.1677 | 08738.7910 | 12:58:47 | 221.850498 | 357.898658 
 4151.1660 | 08738.7912 | 12:58:48 | 221.850342 | 357.896701 
 4151.1657 | 08738.7912 | 12:58:49 | 221.850345 | 357.896356 
 4151.1659 | 08738.7912 | 12:58:50 | 221.850343 | 357.896586 
 4151.1660 | 08738.7911 | 12:58:51 | 221.850428 | 357.896702 
 4151.1660 | 08738.7911 | 12:58:52 | 221.850428 | 357.896702 
 4151.1660 | 08738.7911 | 12:58:53 | 221.850428 | 357.896702 
 4151.1660 | 08738.7911 | 12:58:54 | 221.850428 | 357.896702 
 4151.1660 | 08738.7911 | 12:58:55 | 221.850428 | 357.896702 
 4151.1660 | 08738.7911 | 12:58:56 | 221.850428 | 357.896702 
 4151.1660 | 08738.7911 | 12:58:57 | 221.850428 | 357.896702 
 4151.1660 | 08738.7911 | 12:58:58 | 221.850428 | 357.896702 
 4151.1660 | 08738.7911 | 12:58:59 | 221.850428 | 357.896702 
 4151.1660 | 08738.7911 | 12:59:00 | 221.850428 | 357.896702 
 4151.1660 | 08738.7911 | 12:59:01 | 221.850428 | 357.896702 
 4151.1660 | 08738.7911 | 12:59:02 | 221.850428 | 357.896702 
 4151.1660 | 08738.7911 | 12:59:03 | 221.850428 | 357.896702 
 4151.1660 | 08738.7911 | 12:59:04 | 221.850428 | 357.896702 
 4151.1660 | 08738.7911 | 12:59:05 | 221.850428 | 357.896702 
 4151.1660 | 08738.7911 | 12:59:06 | 221.850428 | 357.896702 
 4151.1660 | 08738.7911 | 12:59:07 | 221.850428 | 357.896702 
 4151.1660 | 08738.7911 | 12:59:08 | 221.850428 | 357.896702 
 4151.1660 | 08738.7911 | 12:59:09 | 221.850428 | 357.896702 
 4151.1666 | 08738.7922 | 12:59:10 | 221.849476 | 357.897384 
 4151.1654 | 08738.7922 | 12:59:11 | 221.849487 | 357.896004 
 4151.1631 | 08738.7922 | 12:59:12 | 221.849509 | 357.893358 
 4151.1599 | 08738.7921 | 12:59:13 | 221.849624 | 357.889678 
 4151.1559 | 08738.7917 | 12:59:14 | 221.850005 | 357.885080 
 4151.1518 | 08738.7914 | 12:59:15 | 221.850301 | 357.880366 
 4151.1480 | 08738.7912 | 12:59:16 | 221.850507 | 357.875996 
 4151.1437 | 08738.7910 | 12:59:17 | 221.850719 | 357.871052 
 4151.1389 | 08738.7908 | 12:59:18 | 221.850935 | 357.865532 
 4151.1337 | 08738.7904 | 12:59:19 | 221.851327 | 357.859553 
 4151.1280 | 08738.7899 | 12:59:20 | 221.851809 | 357.853000 
 4151.1214 | 08738.7896 | 12:59:21 | 221.852128 | 357.845411 
 4151.1147 | 08738.7892 | 12:59:22 | 221.852534 | 357.837707 
 4151.1083 | 08738.7889 | 12:59:23 | 221.852851 | 357.830347 
 4151.1021 | 08738.7887 | 12:59:24 | 221.853080 | 357.823217 
 4151.0963 | 08738.7886 | 12:59:25 | 221.853219 | 357.816546 
 4151.0907 | 08738.7884 | 12:59:26 | 221.853443 | 357.810106 
 4151.0854 | 08738.7882 | 12:59:27 | 221.853663 | 357.804011 
 4151.0796 | 08738.7883 | 12:59:28 | 221.853631 | 357.797339 
 4151.0736 | 08738.7884 | 12:59:29 | 221.853600 | 357.790437 
 4151.0675 | 08738.7884 | 12:59:30 | 221.853656 | 357.783421 
 4151.0612 | 08738.7883 | 12:59:31 | 221.853800 | 357.776175 
 4151.0544 | 08738.7881 | 12:59:32 | 221.854035 | 357.768354 
 4151.0473 | 08738.7878 | 12:59:33 | 221.854358 | 357.760190 
 4151.0400 | 08738.7876 | 12:59:34 | 221.854597 | 357.751794 
 4151.0326 | 08738.7873 | 12:59:35 | 221.854923 | 357.743285 
 4151.0251 | 08738.7871 | 12:59:36 | 221.855164 | 357.734659 
 4151.0175 | 08738.7871 | 12:59:37 | 221.855234 | 357.725917 
 4151.0098 | 08738.7875 | 12:59:38 | 221.854961 | 357.717057 
 4151.0021 | 08738.7881 | 12:59:39 | 221.854516 | 357.708196 
 4150.9944 | 08738.7888 | 12:59:40 | 221.853985 | 357.699335 
 4150.9867 | 08738.7894 | 12:59:41 | 221.853539 | 357.690474 
 4150.9791 | 08738.7898 | 12:59:42 | 221.853265 | 357.681729 
 4150.9716 | 08738.7899 | 12:59:43 | 221.853248 | 357.673101 
 4150.9642 | 08738.7899 | 12:59:44 | 221.853316 | 357.664590 
 4150.9569 | 08738.7898 | 12:59:45 | 221.853470 | 357.656193 
 4150.9496 | 08738.7898 | 12:59:46 | 221.853537 | 357.647797 
 4150.9422 | 08738.7899 | 12:59:47 | 221.853519 | 357.639284 
 4150.9346 | 08738.7901 | 12:59:48 | 221.853417 | 357.630541 
 4150.9269 | 08738.7902 | 12:59:49 | 221.853402 | 357.621683 
 4150.9193 | 08738.7905 | 12:59:50 | 221.853213 | 357.612939 
 4150.9117 | 08738.7907 | 12:59:51 | 221.853111 | 357.604196 
 4150.9040 | 08738.7914 | 12:59:52 | 221.852580 | 357.595334 
 4150.8961 | 08738.7921 | 12:59:53 | 221.852051 | 357.586243 
 4150.8882 | 08738.7926 | 12:59:54 | 221.851694 | 357.577152 
 4150.8801 | 08738.7929 | 12:59:55 | 221.851510 | 357.567833 
 4150.8721 | 08738.7931 | 12:59:56 | 221.851412 | 357.558630 
 4150.8640 | 08738.7933 | 12:59:57 | 221.851314 | 357.549311 
 4150.8560 | 08738.7935 | 12:59:58 | 221.851216 | 357.540108 
 4150.8486 | 08738.7937 | 12:59:59 | 221.851112 | 357.531595 
 4150.8410 | 08738.7936 | 13:00:00 | 221.851268 | 357.522854 
 4150.8369 | 08738.7889 | 13:00:01 | 221.855348 | 357.518170 
 4150.8555 | 08738.7903 | 13:00:02 | 221.853972 | 357.539555 
 4150.8551 | 08738.7892 | 13:00:03 | 221.854922 | 357.539102 
 4150.8552 | 08738.7893 | 13:00:04 | 221.854835 | 357.539217 
 4150.8552 | 08738.7893 | 13:00:05 | 221.854835 | 357.539217 
 4150.8552 | 08738.7893 | 13:00:06 | 221.854835 | 357.539217 
 4150.8552 | 08738.7893 | 13:00:07 | 221.854835 | 357.539217 
 4150.8552 | 08738.7893 | 13:00:08 | 221.854835 | 357.539217 
 4150.8552 | 08738.7893 | 13:00:09 | 221.854835 | 357.539217 
 4150.8552 | 08738.7893 | 13:00:10 | 221.854835 | 357.539217 
 4150.8552 | 08738.7893 | 13:00:11 | 221.854835 | 357.539217 
 4150.8552 | 08738.7893 | 13:00:12 | 221.854835 | 357.539217 
 4150.8546 | 08738.7898 | 13:00:13 | 221.854411 | 357.538523 
 4150.8541 | 08738.7900 | 13:00:14 | 221.854243 | 357.537947 
 4150.8537 | 08738.7902 | 13:00:15 | 221.854075 | 357.537485 
 4150.8534 | 08738.7902 | 13:00:16 | 221.854078 | 357.537140 
 4150.8530 | 08738.7904 | 13:00:17 | 221.853909 | 357.536679 
 4150.8519 | 08738.7907 | 13:00:18 | 221.853662 | 357.535411 
 4150.8497 | 08738.7910 | 13:00:19 | 221.853424 | 357.532879 
 4150.8466 | 08738.7910 | 13:00:20 | 221.853452 | 357.529313 
 4150.8428 | 08738.7908 | 13:00:21 | 221.853659 | 357.524943 
 4150.8386 | 08738.7907 | 13:00:22 | 221.853784 | 357.520113 
 4150.8337 | 08738.7905 | 13:00:23 | 221.854001 | 357.514478 
 4150.8284 | 08738.7902 | 13:00:24 | 221.854308 | 357.508384 
 4150.8226 | 08738.7898 | 13:00:25 | 221.854705 | 357.501715 
 4150.8165 | 08738.7894 | 13:00:26 | 221.855105 | 357.494701 
 4150.8102 | 08738.7890 | 13:00:27 | 221.855507 | 357.487458 
 4150.8038 | 08738.7886 | 13:00:28 | 221.855910 | 357.480099 
 4150.7971 | 08738.7882 | 13:00:29 | 221.856316 | 357.472395 
 4150.7902 | 08738.7880 | 13:00:30 | 221.856551 | 357.464460 
 4150.7834 | 08738.7879 | 13:00:31 | 221.856700 | 357.456639 
 4150.7768 | 08738.7877 | 13:00:32 | 221.856933 | 357.449048 
 4150.7576 | 08738.7869 | 13:00:35 | 221.857797 | 357.426969 
 4150.7512 | 08738.7867 | 13:00:36 | 221.858028 | 357.419609 
 4150.7383 | 08738.7862 | 13:00:38 | 221.858577 | 357.404774 
 4150.7319 | 08738.7859 | 13:00:39 | 221.858894 | 357.397415 
 4150.7191 | 08738.7861 | 13:00:41 | 221.858840 | 357.382690 
 4150.7127 | 08738.7861 | 13:00:42 | 221.858898 | 357.375328 
 4150.7269 | 08738.7823 | 13:00:43 | 221.862036 | 357.391688 
 4150.7382 | 08738.7738 | 13:00:44 | 221.869243 | 357.404744 
 4150.7380 | 08738.7711 | 13:00:45 | 221.871567 | 357.404533 
 4150.7372 | 08738.7690 | 13:00:46 | 221.873380 | 357.403627 
 4150.7359 | 08738.7729 | 13:00:47 | 221.870038 | 357.402105 
 4150.7341 | 08738.7701 | 13:00:49 | 221.872463 | 357.400054 
 4150.7332 | 08738.7690 | 13:00:50 | 221.873417 | 357.399026 
 4150.7365 | 08738.7816 | 13:00:51 | 221.862550 | 357.402735 
 4150.7351 | 08738.7801 | 13:00:52 | 221.863853 | 357.401135 
 4150.7303 | 08738.7783 | 13:00:55 | 221.865445 | 357.395626 
 4150.7210 | 08738.7912 | 13:00:56 | 221.854436 | 357.384840 
 4150.7123 | 08738.7894 | 13:00:57 | 221.856064 | 357.374846 
 4150.7093 | 08738.7888 | 13:00:58 | 221.856607 | 357.371399 
 4150.7044 | 08738.7891 | 13:00:59 | 221.856395 | 357.365761 
 4150.6988 | 08738.7893 | 13:01:00 | 221.856274 | 357.359318 
 4150.6929 | 08738.7896 | 13:01:01 | 221.856070 | 357.352529 
 4150.6868 | 08738.7898 | 13:01:02 | 221.855954 | 357.345512 
 4150.6809 | 08738.7877 | 13:01:03 | 221.857815 | 357.338740 
 4150.6741 | 08738.7870 | 13:01:04 | 221.858479 | 357.330923 
 4150.6668 | 08738.7869 | 13:01:05 | 221.858633 | 357.322527 
 4150.6592 | 08738.7869 | 13:01:06 | 221.858703 | 357.313785 
 4150.6516 | 08738.7868 | 13:01:07 | 221.858858 | 357.305043 
 4150.6442 | 08738.7863 | 13:01:08 | 221.859357 | 357.296535 
 4150.6368 | 08738.7860 | 13:01:09 | 221.859683 | 357.288025 
 4150.6297 | 08738.7859 | 13:01:10 | 221.859834 | 357.279859 
 4150.6223 | 08738.7863 | 13:01:11 | 221.859558 | 357.271345 
 4150.6145 | 08738.7864 | 13:01:12 | 221.859544 | 357.262372 
 4150.6065 | 08738.7862 | 13:01:13 | 221.859789 | 357.253171 
 4150.5984 | 08738.7855 | 13:01:14 | 221.860466 | 357.243859 
 4150.5905 | 08738.7847 | 13:01:15 | 221.861227 | 357.234778 
 4150.5827 | 08738.7843 | 13:01:16 | 221.861643 | 357.225809 
 4150.5750 | 08738.7841 | 13:01:17 | 221.861885 | 357.216953 
 4150.5677 | 08738.7839 | 13:01:18 | 221.862125 | 357.208558 
 4150.5608 | 08738.7837 | 13:01:19 | 221.862360 | 357.200622 
 4150.5541 | 08738.7837 | 13:01:20 | 221.862422 | 357.192916 
 4150.5478 | 08738.7837 | 13:01:21 | 221.862480 | 357.185669 
 4150.5417 | 08738.7837 | 13:01:22 | 221.862536 | 357.178653 
 4150.5362 | 08738.7834 | 13:01:23 | 221.862844 | 357.172328 
 4150.5316 | 08738.7830 | 13:01:24 | 221.863231 | 357.167040 
 4150.5281 | 08738.7827 | 13:01:25 | 221.863521 | 357.163016 
 4150.5254 | 08738.7826 | 13:01:26 | 221.863632 | 357.159911 
 4150.5233 | 08738.7825 | 13:01:27 | 221.863737 | 357.157496 
 4150.5221 | 08738.7824 | 13:01:28 | 221.863834 | 357.156117 
 4150.5214 | 08738.7823 | 13:01:29 | 221.863927 | 357.155312 
 4150.5211 | 08738.7822 | 13:01:30 | 221.864016 | 357.154968 
 4150.5211 | 08738.7821 | 13:01:31 | 221.864102 | 357.154969 
 4150.5211 | 08738.7821 | 13:01:32 | 221.864102 | 357.154969 
 4150.5211 | 08738.7821 | 13:01:33 | 221.864102 | 357.154969 
 4150.5211 | 08738.7821 | 13:01:34 | 221.864102 | 357.154969 
 4150.5211 | 08738.7821 | 13:01:35 | 221.864102 | 357.154969 
 4150.5211 | 08738.7821 | 13:01:36 | 221.864102 | 357.154969 
 4150.5211 | 08738.7821 | 13:01:37 | 221.864102 | 357.154969 
 4150.5211 | 08738.7821 | 13:01:38 | 221.864102 | 357.154969 
 4150.5211 | 08738.7821 | 13:01:39 | 221.864102 | 357.154969 
 4150.5211 | 08738.7821 | 13:01:40 | 221.864102 | 357.154969 
 4150.5211 | 08738.7821 | 13:01:41 | 221.864102 | 357.154969 
 4150.5211 | 08738.7821 | 13:01:42 | 221.864102 | 357.154969 
 4150.5211 | 08738.7821 | 13:01:43 | 221.864102 | 357.154969 
 4150.5214 | 08738.7817 | 13:01:44 | 221.864443 | 357.155316 
 4150.5204 | 08738.7818 | 13:01:45 | 221.864366 | 357.154165 
 4150.5186 | 08738.7817 | 13:01:46 | 221.864469 | 357.152096 
 4150.5159 | 08738.7818 | 13:01:47 | 221.864407 | 357.148989 
 4150.5127 | 08738.7817 | 13:01:48 | 221.864523 | 357.145309 
 4150.5090 | 08738.7817 | 13:01:49 | 221.864557 | 357.141053 
 4150.5048 | 08738.7815 | 13:01:50 | 221.864768 | 357.136224 
 4150.5002 | 08738.7813 | 13:01:51 | 221.864982 | 357.130934 
 4150.4942 | 08738.7810 | 13:01:52 | 221.865295 | 357.124034 
 4150.4884 | 08738.7808 | 13:01:53 | 221.865521 | 357.117364 
 4150.4819 | 08738.7808 | 13:01:54 | 221.865580 | 357.109888 
 4150.4756 | 08738.7807 | 13:01:55 | 221.865724 | 357.102642 
 4150.4690 | 08738.7806 | 13:01:56 | 221.865871 | 357.095051 
 4150.4624 | 08738.7806 | 13:01:57 | 221.865932 | 357.087459 
 4150.4550 | 08738.7804 | 13:01:58 | 221.866172 | 357.078949 
 4150.4479 | 08738.7803 | 13:01:59 | 221.866323 | 357.070783 
 4150.4414 | 08738.7803 | 13:02:00 | 221.866383 | 357.063306 
 4150.4349 | 08738.7802 | 13:02:01 | 221.866529 | 357.055830 
 4150.4289 | 08738.7800 | 13:02:02 | 221.866756 | 357.048930 
 4150.4231 | 08738.7799 | 13:02:03 | 221.866896 | 357.042259 
 4150.4177 | 08738.7797 | 13:02:04 | 221.867117 | 357.036050 
 4150.4125 | 08738.7795 | 13:02:05 | 221.867337 | 357.030070 
 4150.4075 | 08738.7793 | 13:02:06 | 221.867555 | 357.024320 
 4150.4026 | 08738.7793 | 13:02:07 | 221.867600 | 357.018684 
 4150.3980 | 08738.7795 | 13:02:08 | 221.867471 | 357.013391 
 4150.3943 | 08738.7801 | 13:02:09 | 221.866988 | 357.009131 
 4150.3919 | 08738.7809 | 13:02:10 | 221.866322 | 357.006365 
 4150.3903 | 08738.7817 | 13:02:11 | 221.865649 | 357.004519 
 4150.3892 | 08738.7824 | 13:02:12 | 221.865057 | 357.003249 
 4150.3886 | 08738.7830 | 13:02:13 | 221.864546 | 357.002555 
 4150.3882 | 08738.7835 | 13:02:14 | 221.864120 | 357.002091 
 4150.3882 | 08738.7841 | 13:02:15 | 221.863604 | 357.002087 
 4150.3882 | 08738.7847 | 13:02:16 | 221.863088 | 357.002083 
 4150.3881 | 08738.7856 | 13:02:17 | 221.862315 | 357.001962 
 4150.3879 | 08738.7868 | 13:02:18 | 221.861284 | 357.001723 
 4150.3876 | 08738.7881 | 13:02:19 | 221.860169 | 357.001369 
 4150.3873 | 08738.7893 | 13:02:20 | 221.859139 | 357.001016 
 4150.3871 | 08738.7905 | 13:02:21 | 221.858109 | 357.000778 
 4150.3871 | 08738.7920 | 13:02:22 | 221.856819 | 357.000767 
 4150.3870 | 08738.7938 | 13:02:23 | 221.855272 | 357.000640 
 4150.3869 | 08738.7959 | 13:02:24 | 221.853466 | 357.000510 
 4150.3869 | 08738.7982 | 13:02:25 | 221.851488 | 357.000495 
 4150.3866 | 08738.8003 | 13:02:26 | 221.849684 | 357.000135 
 4150.3858 | 08738.8022 | 13:02:27 | 221.848057 | 356.999202 
 4150.3846 | 08738.8034 | 13:02:28 | 221.847036 | 356.997813 
 4150.3831 | 08738.8040 | 13:02:29 | 221.846534 | 356.996084 
 4150.3814 | 08738.8044 | 13:02:30 | 221.846205 | 356.994126 
 4150.3799 | 08738.8045 | 13:02:31 | 221.846133 | 356.992400 
 4150.3782 | 08738.8046 | 13:02:32 | 221.846063 | 356.990444 
 4150.3766 | 08738.8046 | 13:02:33 | 221.846077 | 356.988603 
 4150.3749 | 08738.8045 | 13:02:34 | 221.846179 | 356.986648 
 4150.3734 | 08738.8044 | 13:02:35 | 221.846279 | 356.984924 
 4150.3718 | 08738.8043 | 13:02:36 | 221.846380 | 356.983084 
 4150.3702 | 08738.8042 | 13:02:37 | 221.846480 | 356.981244 
 4150.3683 | 08738.8040 | 13:02:38 | 221.846670 | 356.979060 
 4150.3663 | 08738.8039 | 13:02:39 | 221.846774 | 356.976760 
 4150.3645 | 08738.8041 | 13:02:40 | 221.846619 | 356.974689 
 4150.3627 | 08738.8044 | 13:02:41 | 221.846377 | 356.972616 
 4150.3609 | 08738.8047 | 13:02:42 | 221.846136 | 356.970544 
 4150.3588 | 08738.8049 | 13:02:43 | 221.845983 | 356.968127 
 4150.3567 | 08738.8051 | 13:02:44 | 221.845830 | 356.965710 
 4150.3548 | 08738.8051 | 13:02:45 | 221.845848 | 356.963524 
 4150.3530 | 08738.8049 | 13:02:46 | 221.846036 | 356.961455 
 4150.3515 | 08738.8044 | 13:02:47 | 221.846480 | 356.959733 
 4150.3502 | 08738.8037 | 13:02:48 | 221.847094 | 356.958243 
 4150.3491 | 08738.8030 | 13:02:49 | 221.847707 | 356.956982 
 4150.3481 | 08738.8023 | 13:02:50 | 221.848318 | 356.955837 
 4150.3470 | 08738.8016 | 13:02:51 | 221.848930 | 356.954576 
 4150.3458 | 08738.8007 | 13:02:52 | 221.849715 | 356.953202 
 4150.3444 | 08738.7998 | 13:02:53 | 221.850502 | 356.951598 
 4150.3431 | 08738.7987 | 13:02:54 | 221.851460 | 356.950110 
 4150.3418 | 08738.7976 | 13:02:55 | 221.852419 | 356.948623 
 4150.3408 | 08738.7966 | 13:02:56 | 221.853288 | 356.947479 
 4150.3399 | 08738.7957 | 13:02:57 | 221.854070 | 356.946450 
 4150.3391 | 08738.7950 | 13:02:58 | 221.854680 | 356.945535 
 4150.3384 | 08738.7948 | 13:02:59 | 221.854858 | 356.944731 
 4150.3378 | 08738.7949 | 13:03:00 | 221.854778 | 356.944040 
 4150.3373 | 08738.7953 | 13:03:01 | 221.854438 | 356.943462 
 4150.3369 | 08738.7957 | 13:03:02 | 221.854098 | 356.943000 
 4150.3365 | 08738.7960 | 13:03:03 | 221.853844 | 356.942537 
 4150.3362 | 08738.7964 | 13:03:04 | 221.853502 | 356.942190 
 4150.3359 | 08738.7967 | 13:03:05 | 221.853247 | 356.941842 
 4150.3356 | 08738.7970 | 13:03:06 | 221.852992 | 356.941495 
 4150.3353 | 08738.7973 | 13:03:07 | 221.852736 | 356.941148 
 4150.3347 | 08738.7980 | 13:03:09 | 221.852140 | 356.940453 
 4150.3347 | 08738.7982 | 13:03:10 | 221.851968 | 356.940452 
 4150.3354 | 08738.7979 | 13:03:11 | 221.852219 | 356.941259 
 4150.3357 | 08738.7978 | 13:03:12 | 221.852303 | 356.941605 
 4150.3357 | 08738.7978 | 13:03:13 | 221.852303 | 356.941605 
 4150.3357 | 08738.7978 | 13:03:14 | 221.852303 | 356.941605 
 4150.3357 | 08738.7978 | 13:03:15 | 221.852303 | 356.941605 
 4150.3357 | 08738.7978 | 13:03:16 | 221.852303 | 356.941605 
 4150.3357 | 08738.7978 | 13:03:17 | 221.852303 | 356.941605 
 4150.3357 | 08738.7978 | 13:03:18 | 221.852303 | 356.941605 
 4150.3357 | 08738.7978 | 13:03:19 | 221.852303 | 356.941605 
 4150.3357 | 08738.7978 | 13:03:20 | 221.852303 | 356.941605 
 4150.3357 | 08738.7978 | 13:03:21 | 221.852303 | 356.941605 
 4150.3357 | 08738.7978 | 13:03:22 | 221.852303 | 356.941605 
 4150.3357 | 08738.7978 | 13:03:23 | 221.852303 | 356.941605 
 4150.3357 | 08738.7978 | 13:03:24 | 221.852303 | 356.941605 
 4150.3386 | 08738.7946 | 13:03:25 | 221.855029 | 356.944963 
 4150.3394 | 08738.7950 | 13:03:26 | 221.854677 | 356.945880 
 4150.3395 | 08738.7956 | 13:03:27 | 221.854160 | 356.945991 
 4150.3397 | 08738.7954 | 13:03:28 | 221.854330 | 356.946222 
 4150.3370 | 08738.7958 | 13:03:29 | 221.854011 | 356.943114 
 4150.3370 | 08738.7958 | 13:03:30 | 221.854011 | 356.943114 
 4150.3370 | 08738.7958 | 13:03:31 | 221.854011 | 356.943114 
 4150.3370 | 08738.7958 | 13:03:32 | 221.854011 | 356.943114 
 4150.3370 | 08738.7958 | 13:03:33 | 221.854011 | 356.943114 
 4150.3356 | 08738.7977 | 13:03:34 | 221.852390 | 356.941490 
 4150.3356 | 08738.7979 | 13:03:35 | 221.852218 | 356.941489 
 4150.3359 | 08738.7982 | 13:03:36 | 221.851957 | 356.941832 
 4150.3362 | 08738.7983 | 13:03:37 | 221.851868 | 356.942176 
 4150.3365 | 08738.7983 | 13:03:38 | 221.851865 | 356.942522 
 4150.3367 | 08738.7984 | 13:03:39 | 221.851777 | 356.942751 
 4150.3367 | 08738.7984 | 13:03:40 | 221.851777 | 356.942751 
 4150.3367 | 08738.7984 | 13:03:41 | 221.851777 | 356.942751 
 4150.3377 | 08738.7993 | 13:03:42 | 221.850994 | 356.943895 
 4150.3379 | 08738.7998 | 13:03:43 | 221.850562 | 356.944122 
 4150.3384 | 08738.8003 | 13:03:44 | 221.850127 | 356.944693 
 4150.3389 | 08738.8006 | 13:03:45 | 221.849865 | 356.945266 
 4150.3390 | 08738.8008 | 13:03:46 | 221.849692 | 356.945380 
 4150.3432 | 08738.8006 | 13:03:47 | 221.849825 | 356.950212 
 4150.3465 | 08738.8008 | 13:03:48 | 221.849623 | 356.954007 
 4150.3474 | 08738.8018 | 13:03:49 | 221.848754 | 356.955035 
 4150.3490 | 08738.8026 | 13:03:50 | 221.848052 | 356.956870 
 4150.3516 | 08738.8031 | 13:03:51 | 221.847598 | 356.959857 
 4150.3541 | 08738.8035 | 13:03:52 | 221.847231 | 356.962730 
 4150.3530 | 08738.8039 | 13:03:53 | 221.846897 | 356.961462 
 4150.3512 | 08738.8050 | 13:03:54 | 221.845967 | 356.959384 
 4150.3519 | 08738.8060 | 13:03:55 | 221.845100 | 356.960182 
 4150.3528 | 08738.8064 | 13:03:56 | 221.844748 | 356.961215 
 4150.3534 | 08738.8067 | 13:03:57 | 221.844484 | 356.961903 
 4150.3540 | 08738.8070 | 13:03:58 | 221.844221 | 356.962591 
 4150.3542 | 08738.8073 | 13:03:59 | 221.843961 | 356.962819 
 4150.3547 | 08738.8076 | 13:04:00 | 221.843698 | 356.963392 
 4150.3552 | 08738.8080 | 13:04:01 | 221.843350 | 356.963964 
 4150.3535 | 08738.8088 | 13:04:02 | 221.842677 | 356.962004 
 4150.3538 | 08738.8092 | 13:04:03 | 221.842330 | 356.962346 
 4150.3540 | 08738.8096 | 13:04:04 | 221.841984 | 356.962573 
 4150.3541 | 08738.8098 | 13:04:05 | 221.841812 | 356.962687 
 4150.3541 | 08738.8100 | 13:04:06 | 221.841639 | 356.962685 
 4