 4150.3490 | 08738.8069 | 13:13:19 | 221.844353 | 356.956841 
 4150.3563 | 08738.8206 | 13:13:29 | 221.832502 | 356.965143 
 4150.3550 | 08738.8153 | 13:13:30 | 221.837072 | 356.963684 
 4150.3544 | 08738.8158 | 13:13:31 | 221.836648 | 356.962991 
 4150.3539 | 08738.8157 | 13:13:32 | 221.836738 | 356.962416 
 4150.3534 | 08738.8156 | 13:13:33 | 221.836829 | 356.961842 
 4150.3529 | 08738.8152 | 13:13:34 | 221.837178 | 356.961269 
 4150.3524 | 08738.8148 | 13:13:35 | 221.837526 | 356.960697 
 4150.3518 | 08738.8134 | 13:13:36 | 221.838736 | 356.960017 
 4150.3513 | 08738.8130 | 13:13:37 | 221.839085 | 356.959444 
 4150.3507 | 08738.8125 | 13:13:38 | 221.839520 | 356.958757 
 4150.3503 | 08738.8120 | 13:13:39 | 221.839954 | 356.958301 
 4150.3499 | 08738.8117 | 13:13:40 | 221.840216 | 356.957843 
 4150.3494 | 08738.8114 | 13:13:41 | 221.840478 | 356.957270 
 4150.3490 | 08738.8110 | 13:13:42 | 221.840826 | 356.956812 
 4150.3480 | 08738.8086 | 13:13:43 | 221.842900 | 356.955679 
 4150.3473 | 08738.8066 | 13:13:44 | 221.844627 | 356.954887 
 4150.3470 | 08738.8060 | 13:13:45 | 221.845145 | 356.954546 
 4150.3466 | 08738.8053 | 13:13:46 | 221.845751 | 356.954091 
 4150.3463 | 08738.8048 | 13:13:47 | 221.846184 | 356.953749 
 4150.3474 | 08738.7976 | 13:13:48 | 221.852367 | 356.955064 
 4150.3461 | 08738.7967 | 13:13:49 | 221.853153 | 356.953575 
 4150.3453 | 08738.7960 | 13:13:50 | 221.853763 | 356.952660 
 4150.3436 | 08738.7940 | 13:13:51 | 221.855499 | 356.950718 
 4150.3422 | 08738.7945 | 13:13:52 | 221.855081 | 356.949104 
 4150.3409 | 08738.7951 | 13:13:53 | 221.854577 | 356.947605 
 4150.3398 | 08738.7959 | 13:13:54 | 221.853899 | 356.946334 
 4150.3392 | 08738.7969 | 13:13:55 | 221.853045 | 356.945637 
 4150.3387 | 08738.7964 | 13:13:56 | 221.853479 | 356.945065 
 4150.3386 | 08738.7939 | 13:13:57 | 221.855631 | 356.944967 
 4150.3383 | 08738.7931 | 13:13:58 | 221.856322 | 356.944628 
 4150.3380 | 08738.7932 | 13:13:59 | 221.856238 | 356.944282 
 4150.3376 | 08738.7929 | 13:14:00 | 221.856500 | 356.943824 
 4150.3371 | 08738.7926 | 13:14:01 | 221.856763 | 356.943251 
 4150.3367 | 08738.7924 | 13:14:02 | 221.856938 | 356.942792 
 4150.3362 | 08738.7922 | 13:14:03 | 221.857115 | 356.942218 
 4150.3359 | 08738.7917 | 13:14:04 | 221.857548 | 356.941877 
 4150.3360 | 08738.7910 | 13:14:05 | 221.858149 | 356.941997 
 4150.3357 | 08738.7933 | 13:14:06 | 221.856173 | 356.941636 
 4150.3356 | 08738.7932 | 13:14:07 | 221.856260 | 356.941521 
 4150.3357 | 08738.7952 | 13:14:08 | 221.854539 | 356.941623 
 4150.3358 | 08738.7954 | 13:14:09 | 221.854366 | 356.941736 
 4150.3359 | 08738.7954 | 13:14:10 | 221.854365 | 356.941851 
 4150.3362 | 08738.7956 | 13:14:11 | 221.854190 | 356.942195 
 4150.3362 | 08738.7956 | 13:14:12 | 221.854190 | 356.942195 
 4150.3362 | 08738.7956 | 13:14:13 | 221.854190 | 356.942195 
 4150.3357 | 08738.7968 | 13:14:14 | 221.853163 | 356.941612 
 4150.3354 | 08738.7974 | 13:14:15 | 221.852649 | 356.941262 
 4150.3349 | 08738.7977 | 13:14:16 | 221.852396 | 356.940685 
 4150.3345 | 08738.7982 | 13:14:17 | 221.851970 | 356.940222 
 4150.3345 | 08738.7982 | 13:14:18 | 221.851970 | 356.940222 
 4150.3345 | 08738.7982 | 13:14:19 | 221.851970 | 356.940222 
 4150.3345 | 08738.7982 | 13:14:20 | 221.851970 | 356.940222 
 4150.3345 | 08738.7982 | 13:14:21 | 221.851970 | 356.940222 
 4150.3345 | 08738.7982 | 13:14:22 | 221.851970 | 356.940222 
 4150.3345 | 08738.7982 | 13:14:23 | 221.851970 | 356.940222 
 4150.3345 | 08738.7982 | 13:14:24 | 221.851970 | 356.940222 
 4150.3345 | 08738.7982 | 13:14:25 | 221.851970 | 356.940222 
 4150.3345 | 08738.7982 | 13:14:26 | 221.851970 | 356.940222 
 4150.3345 | 08738.7982 | 13:14:27 | 221.851970 | 356.940222 
 4150.3345 | 08738.7982 | 13:14:28 | 221.851970 | 356.940222 
 4150.3345 | 08738.7982 | 13:14:29 | 221.851970 | 356.940222 
 4150.3345 | 08738.7982 | 13:14:30 | 221.851970 | 356.940222 
 4150.3345 | 08738.7982 | 13:14:31 | 221.851970 | 356.940222 
 4150.3345 | 08738.7982 | 13:14:32 | 221.851970 | 356.940222 
 4150.3345 | 08738.7982 | 13:14:33 | 221.851970 | 356.940222 
 4150.3345 | 08738.7982 | 13:14:34 | 221.851970 | 356.940222 
 4150.3345 | 08738.7982 | 13:14:35 | 221.851970 | 356.940222 
 4150.3345 | 08738.7982 | 13:14:36 | 221.851970 | 356.940222 
 4150.3345 | 08738.7982 | 13:14:37 | 221.851970 | 356.940222 
 4150.3345 | 08738.7982 | 13:14:38 | 221.851970 | 356.940222 
 4150.3345 | 08738.7982 | 13:14:39 | 221.851970 | 356.940222 
 4150.3345 | 08738.7982 | 13:14:40 | 221.851970 | 356.940222 
 4150.3345 | 08738.7982 | 13:14:41 | 221.851970 | 356.940222 
 4150.3345 | 08738.7982 | 13:14:42 | 221.851970 | 356.940222 
 4150.3345 | 08738.7982 | 13:14:43 | 221.851970 | 356.940222 
 4150.3345 | 08738.7982 | 13:14:44 | 221.851970 | 356.940222 
 4150.3345 | 08738.7982 | 13:14:45 | 221.851970 | 356.940222 
 4150.3345 | 08738.7982 | 13:14:46 | 221.851970 | 356.940222 
 4150.3328 | 08738.7972 | 13:14:47 | 221.852845 | 356.938273 
 4150.3331 | 08738.7970 | 13:14:48 | 221.853015 | 356.938620 
 4150.3335 | 08738.7967 | 13:14:49 | 221.853269 | 356.939082 
 4150.3339 | 08738.7963 | 13:14:50 | 221.853609 | 356.939545 
 4150.3342 | 08738.7959 | 13:14:51 | 221.853951 | 356.939893 
 4150.3358 | 08738.7955 | 13:14:52 | 221.854280 | 356.941736 
 4150.3362 | 08738.7950 | 13:14:53 | 221.854707 | 356.942199 
 4150.3363 | 08738.7948 | 13:14:54 | 221.854878 | 356.942316 
 4150.3365 | 08738.7946 | 13:14:55 | 221.855048 | 356.942547 
 4150.3365 | 08738.7947 | 13:14:56 | 221.854962 | 356.942546 
 4150.3366 | 08738.7946 | 13:14:57 | 221.855047 | 356.942662 
 4150.3363 | 08738.7944 | 13:14:58 | 221.855222 | 356.942318 
 4150.3358 | 08738.7941 | 13:14:59 | 221.855484 | 356.941745 
 4150.3352 | 08738.7936 | 13:15:00 | 221.855920 | 356.941059 
 4150.3343 | 08738.7928 | 13:15:01 | 221.856616 | 356.940029 
 4150.3333 | 08738.7918 | 13:15:02 | 221.857486 | 356.938885 
 4150.3321 | 08738.7907 | 13:15:03 | 221.858443 | 356.937513 
 4150.3309 | 08738.7895 | 13:15:04 | 221.859486 | 356.936141 
 4150.3300 | 08738.7879 | 13:15:05 | 221.860871 | 356.935116 
 4150.3294 | 08738.7862 | 13:15:06 | 221.862339 | 356.934438 
 4150.3292 | 08738.7846 | 13:15:07 | 221.863717 | 356.934219 
 4150.3292 | 08738.7831 | 13:15:08 | 221.865007 | 356.934229 
 4150.3293 | 08738.7818 | 13:15:09 | 221.866124 | 356.934353 
 4150.3296 | 08738.7805 | 13:15:10 | 221.867240 | 356.934707 
 4150.3304 | 08738.7788 | 13:15:11 | 221.868695 | 356.935639 
 4150.3318 | 08738.7770 | 13:15:12 | 221.870230 | 356.937262 
 4150.3342 | 08738.7759 | 13:15:13 | 221.871154 | 356.940030 
 4150.3375 | 08738.7753 | 13:15:14 | 221.871640 | 356.943830 
 4150.3416 | 08738.7751 | 13:15:15 | 221.871774 | 356.948547 
 4150.3464 | 08738.7751 | 13:15:16 | 221.871730 | 356.954069 
 4150.3514 | 08738.7754 | 13:15:17 | 221.871426 | 356.959818 
 4150.3568 | 08738.7755 | 13:15:18 | 221.871290 | 356.966028 
 4150.3619 | 08738.7755 | 13:15:19 | 221.871243 | 356.971895 
 4150.3668 | 08738.7753 | 13:15:20 | 221.871370 | 356.977532 
 4150.3713 | 08738.7753 | 13:15:21 | 221.871329 | 356.982708 
 4150.3754 | 08738.7754 | 13:15:22 | 221.871205 | 356.987424 
 4150.3790 | 08738.7755 | 13:15:23 | 221.871086 | 356.991564 
 4150.3818 | 08738.7756 | 13:15:24 | 221.870974 | 356.994784 
 4150.3835 | 08738.7757 | 13:15:25 | 221.870873 | 356.996739 
 4150.3844 | 08738.7758 | 13:15:26 | 221.870778 | 356.997773 
 4150.3847 | 08738.7757 | 13:15:27 | 221.870861 | 356.998119 
 4150.3849 | 08738.7757 | 13:15:28 | 221.870860 | 356.998349 
 4150.3849 | 08738.7756 | 13:15:29 | 221.870946 | 356.998350 
 4150.3849 | 08738.7756 | 13:15:30 | 221.870946 | 356.998350 
 4150.3849 | 08738.7756 | 13:15:31 | 221.870946 | 356.998350 
 4150.3849 | 08738.7756 | 13:15:32 | 221.870946 | 356.998350 
 4150.3849 | 08738.7756 | 13:15:33 | 221.870946 | 356.998350 
 4150.3849 | 08738.7756 | 13:15:34 | 221.870946 | 356.998350 
 4150.3849 | 08738.7756 | 13:15:35 | 221.870946 | 356.998350 
 4150.3849 | 08738.7756 | 13:15:36 | 221.870946 | 356.998350 
 4150.3849 | 08738.7756 | 13:15:37 | 221.870946 | 356.998350 
 4150.3849 | 08738.7756 | 13:15:38 | 221.870946 | 356.998350 
 4150.3849 | 08738.7756 | 13:15:39 | 221.870946 | 356.998350 
 4150.3849 | 08738.7756 | 13:15:40 | 221.870946 | 356.998350 
 4150.3849 | 08738.7756 | 13:15:41 | 221.870946 | 356.998350 
 4150.3849 | 08738.7756 | 13:15:42 | 221.870946 | 356.998350 
 4150.3849 | 08738.7756 | 13:15:43 | 221.870946 | 356.998350 
 4150.3849 | 08738.7756 | 13:15:44 | 221.870946 | 356.998350 
 4150.3849 | 08738.7756 | 13:15:45 | 221.870946 | 356.998350 
 4150.3849 | 08738.7756 | 13:15:46 | 221.870946 | 356.998350 
 4150.3849 | 08738.7756 | 13:15:47 | 221.870946 | 356.998350 
 4150.3849 | 08738.7756 | 13:15:48 | 221.870946 | 356.998350 
 4150.3849 | 08738.7756 | 13:15:49 | 221.870946 | 356.998350 
 4150.3849 | 08738.7756 | 13:15:50 | 221.870946 | 356.998350 
 4150.3855 | 08738.7760 | 13:15:51 | 221.870596 | 356.999037 
 4150.3865 | 08738.7761 | 13:15:52 | 221.870501 | 357.000187 
 4150.3884 | 08738.7761 | 13:15:53 | 221.870483 | 357.002372 
 4150.3911 | 08738.7761 | 13:15:54 | 221.870459 | 357.005478 
 4150.3944 | 08738.7762 | 13:15:55 | 221.870342 | 357.009273 
 4150.3983 | 08738.7763 | 13:15:56 | 221.870220 | 357.013758 
 4150.4026 | 08738.7763 | 13:15:57 | 221.870181 | 357.018704 
 4150.4074 | 08738.7765 | 13:15:58 | 221.869964 | 357.024224 
 4150.4126 | 08738.7767 | 13:15:59 | 221.869745 | 357.030204 
 4150.4183 | 08738.7770 | 13:16:00 | 221.869434 | 357.036758 
 4150.4242 | 08738.7774 | 13:16:01 | 221.869036 | 357.043542 
 4150.4303 | 08738.7781 | 13:16:02 | 221.868378 | 357.050554 
 4150.4373 | 08738.7778 | 13:16:03 | 221.868571 | 357.058607 
 4150.4444 | 08738.7777 | 13:16:04 | 221.868592 | 357.066775 
 4150.4515 | 08738.7778 | 13:16:05 | 221.868441 | 357.074941 
 4150.4588 | 08738.7780 | 13:16:06 | 221.868201 | 357.083336 
 4150.4670 | 08738.7774 | 13:16:07 | 221.868642 | 357.092773 
 4150.4746 | 08738.7775 | 13:16:08 | 221.868486 | 357.101514 
 4150.4827 | 08738.7775 | 13:16:09 | 221.868411 | 357.110831 
 4150.4907 | 08738.7776 | 13:16:10 | 221.868252 | 357.120032 
 4150.4988 | 08738.7781 | 13:16:11 | 221.867747 | 357.129346 
 4150.5068 | 08738.7784 | 13:16:12 | 221.867416 | 357.138545 
 4150.5148 | 08738.7788 | 13:16:13 | 221.866998 | 357.147745 
 4150.5227 | 08738.7790 | 13:16:14 | 221.866753 | 357.156830 
 4150.5307 | 08738.7793 | 13:16:15 | 221.866422 | 357.166030 
 4150.5386 | 08738.7796 | 13:16:16 | 221.866091 | 357.175115 
 4150.5467 | 08738.7797 | 13:16:17 | 221.865930 | 357.184431 
 4150.5547 | 08738.7800 | 13:16:18 | 221.865599 | 357.193631 
 4150.5634 | 08738.7799 | 13:16:19 | 221.865605 | 357.203639 
 4150.5722 | 08738.7818 | 13:16:20 | 221.863889 | 357.213748 
 4150.5814 | 08738.7826 | 13:16:21 | 221.863117 | 357.224325 
 4150.5905 | 08738.7827 | 13:16:22 | 221.862947 | 357.234792 
 4150.5989 | 08738.7825 | 13:16:23 | 221.863042 | 357.244455 
 4150.6077 | 08738.7825 | 13:16:24 | 221.862961 | 357.254577 
 4150.6164 | 08738.7827 | 13:16:25 | 221.862709 | 357.264583 
 4150.6252 | 08738.7830 | 13:16:26 | 221.862370 | 357.274703 
 4150.6343 | 08738.7833 | 13:16:27 | 221.862028 | 357.285168 
 4150.6434 | 08738.7835 | 13:16:28 | 221.861772 | 357.295634 
 4150.6525 | 08738.7835 | 13:16:29 | 221.861689 | 357.306101 
 4150.6616 | 08738.7838 | 13:16:30 | 221.861347 | 357.316567 
 4150.6706 | 08738.7840 | 13:16:31 | 221.861092 | 357.326917 
 4150.6793 | 08738.7842 | 13:16:32 | 221.860840 | 357.336923 
 4150.6874 | 08738.7844 | 13:16:33 | 221.860593 | 357.346239 
 4150.6948 | 08738.7846 | 13:16:34 | 221.860353 | 357.354749 
 4150.7015 | 08738.7847 | 13:16:35 | 221.860206 | 357.362455 
 4150.7078 | 08738.7848 | 13:16:36 | 221.860062 | 357.369701 
 4150.7141 | 08738.7849 | 13:16:37 | 221.859918 | 357.376947 
 4150.7201 | 08738.7860 | 13:16:38 | 221.858916 | 357.383841 
 4150.7205 | 08738.7899 | 13:16:39 | 221.855558 | 357.384274 
 4150.7182 | 08738.7908 | 13:16:40 | 221.854805 | 357.381622 
 4150.7135 | 08738.7877 | 13:16:41 | 221.857515 | 357.376238 
 4150.7133 | 08738.7881 | 13:16:42 | 221.857173 | 357.376005 
 4150.7137 | 08738.7875 | 13:16:43 | 221.857685 | 357.376469 
 4150.7137 | 08738.7875 | 13:16:44 | 221.857685 | 357.376469 
 4150.7137 | 08738.7875 | 13:16:45 | 221.857685 | 357.376469 
 4150.7137 | 08738.7875 | 13:16:46 | 221.857685 | 357.376469 
 4150.7137 | 08738.7875 | 13:16:47 | 221.857685 | 357.376469 
 4150.7137 | 08738.7875 | 13:16:48 | 221.857685 | 357.376469 
 4150.7137 | 08738.7875 | 13:16:49 | 221.857685 | 357.376469 
 4150.7137 | 08738.7875 | 13:16:50 | 221.857685 | 357.376469 
 4150.7137 | 08738.7875 | 13:16:51 | 221.857685 | 357.376469 
 4150.7137 | 08738.7875 | 13:16:52 | 221.857685 | 357.376469 
 4150.7137 | 08738.7875 | 13:16:53 | 221.857685 | 357.376469 
 4150.7137 | 08738.7875 | 13:16:54 | 221.857685 | 357.376469 
 4150.7137 | 08738.7875 | 13:16:55 | 221.857685 | 357.376469 
 4150.7137 | 08738.7875 | 13:16:56 | 221.857685 | 357.376469 
 4150.7137 | 08738.7875 | 13:16:57 | 221.857685 | 357.376469 
 4150.7137 | 08738.7875 | 13:16:58 | 221.857685 | 357.376469 
 4150.7137 | 08738.7875 | 13:16:59 | 221.857685 | 357.376469 
 4150.7137 | 08738.7875 | 13:17:00 | 221.857685 | 357.376469 
 4150.7137 | 08738.7875 | 13:17:01 | 221.857685 | 357.376469 
 4150.7070 | 08738.7827 | 13:17:02 | 221.861875 | 357.368795 
 4150.7102 | 08738.7825 | 13:17:03 | 221.862018 | 357.372478 
 4150.7119 | 08738.7823 | 13:17:04 | 221.862174 | 357.374434 
 4150.7137 | 08738.7816 | 13:17:05 | 221.862760 | 357.376510 
 4150.7200 | 08738.7818 | 13:17:06 | 221.862530 | 357.383755 
 4150.7238 | 08738.7814 | 13:17:07 | 221.862839 | 357.388128 
 4150.7276 | 08738.7810 | 13:17:08 | 221.863148 | 357.392502 
 4150.7315 | 08738.7807 | 13:17:09 | 221.863370 | 357.396990 
 4150.7868 | 08738.7831 | 13:17:16 | 221.860797 | 357.460582 
 4150.7956 | 08738.7834 | 13:17:17 | 221.860458 | 357.470702 
 4150.8028 | 08738.7834 | 13:17:18 | 221.860392 | 357.478984 
 4150.8098 | 08738.7836 | 13:17:19 | 221.860155 | 357.487035 
 4150.8176 | 08738.7836 | 13:17:20 | 221.860083 | 357.496007 
 4150.8223 | 08738.7830 | 13:17:21 | 221.860556 | 357.501417 
 4150.8265 | 08738.7833 | 13:17:22 | 221.860260 | 357.506246 
 4150.8304 | 08738.7832 | 13:17:23 | 221.860310 | 357.510733 
 4150.8336 | 08738.7810 | 13:17:24 | 221.862172 | 357.514428 
 4150.8356 | 08738.7778 | 13:17:25 | 221.864906 | 357.516751 
 4150.8379 | 08738.7740 | 13:17:26 | 221.868153 | 357.519423 
 4150.8405 | 08738.7692 | 13:17:27 | 221.872258 | 357.522446 
 4150.8433 | 08738.7637 | 13:17:28 | 221.876962 | 357.525705 
 4150.8474 | 08738.7564 | 13:17:29 | 221.883203 | 357.530471 
 4150.8514 | 08738.7489 | 13:17:30 | 221.889616 | 357.535124 
 4150.8553 | 08738.7411 | 13:17:31 | 221.896289 | 357.539663 
 4150.8593 | 08738.7331 | 13:17:32 | 221.903132 | 357.544320 
 4150.8633 | 08738.7248 | 13:17:33 | 221.910234 | 357.548978 
 4150.8673 | 08738.7162 | 13:17:34 | 221.917593 | 357.553638 
 4150.8713 | 08738.7075 | 13:17:35 | 221.925039 | 357.558299 
 4150.8756 | 08738.6986 | 13:17:36 | 221.932654 | 357.563306 
 4150.8799 | 08738.6896 | 13:17:37 | 221.940354 | 357.568314 
 4150.8843 | 08738.6803 | 13:17:38 | 221.948312 | 357.573440 
 4150.8927 | 08738.6609 | 13:17:40 | 221.964920 | 357.583236 
 4150.8959 | 08738.6500 | 13:17:41 | 221.974264 | 357.586992 
 4150.8992 | 08738.6391 | 13:17:42 | 221.983608 | 357.590863 
 4150.9024 | 08738.6283 | 13:17:43 | 221.992867 | 357.594618 
 4150.9057 | 08738.6175 | 13:17:44 | 222.002125 | 357.598488 
 4150.9090 | 08738.6067 | 13:17:45 | 222.011383 | 357.602359 
 4150.9128 | 08738.5924 | 13:17:46 | 222.023647 | 357.606829 
 4150.9163 | 08738.5805 | 13:17:47 | 222.033849 | 357.610937 
 4150.9185 | 08738.5688 | 13:17:48 | 222.043891 | 357.613548 
 4150.9258 | 08738.5599 | 13:17:49 | 222.051478 | 357.622007 
 4150.9302 | 08738.5496 | 13:17:50 | 222.060295 | 357.627139 
 4150.9351 | 08738.5400 | 13:17:51 | 222.068506 | 357.632842 
 4150.9399 | 08738.5295 | 13:17:52 | 222.077492 | 357.638435 
 4150.9444 | 08738.5192 | 13:17:53 | 222.086309 | 357.643683 
 4150.9489 | 08738.5090 | 13:17:54 | 222.095039 | 357.648930 
 4150.9517 | 08738.4992 | 13:17:55 | 222.103442 | 357.652218 
 4150.9565 | 08738.4893 | 13:17:56 | 222.111911 | 357.657808 
 4150.9613 | 08738.4799 | 13:17:57 | 222.119951 | 357.663394 
 4150.9661 | 08738.4710 | 13:17:58 | 222.127561 | 357.668977 
 4150.9715 | 08738.4620 | 13:17:59 | 222.135251 | 357.675251 
 4150.9766 | 08738.4530 | 13:18:00 | 222.142944 | 357.681180 
 4150.9817 | 08738.4438 | 13:18:01 | 222.150809 | 357.687110 
 4150.9871 | 08738.4346 | 13:18:02 | 222.158671 | 357.693385 
 4150.9927 | 08738.4257 | 13:18:03 | 222.166273 | 357.699888 
 4150.9990 | 08738.4169 | 13:18:04 | 222.173783 | 357.707196 
 4151.0054 | 08738.4085 | 13:18:05 | 222.180948 | 357.714616 
 4151.0121 | 08738.4006 | 13:18:06 | 222.187679 | 357.722377 
 4151.0188 | 08738.3929 | 13:18:07 | 222.194239 | 357.730137 
 4151.0252 | 08738.3853 | 13:18:08 | 222.200716 | 357.737552 
 4151.0310 | 08738.3773 | 13:18:09 | 222.207542 | 357.744279 
 4151.0359 | 08738.3689 | 13:18:10 | 222.214721 | 357.749973 
 4151.0404 | 08738.3603 | 13:18:11 | 222.222075 | 357.755209 
 4151.0447 | 08738.3518 | 13:18:12 | 222.229345 | 357.760214 
 4151.0574 | 08738.3282 | 13:18:15 | 222.249523 | 357.774986 
 4151.0587 | 08738.3245 | 13:18:16 | 222.252693 | 357.776508 
 4151.0608 | 08738.3200 | 13:18:17 | 222.256544 | 357.778954 
 4151.0623 | 08738.3169 | 13:18:18 | 222.259196 | 357.780701 
 4151.0632 | 08738.3150 | 13:18:19 | 222.260821 | 357.781750 
 4151.0633 | 08738.3144 | 13:18:20 | 222.261336 | 357.781869 
 4151.0602 | 08738.3173 | 13:18:21 | 222.258871 | 357.778283 
 4151.0604 | 08738.3168 | 13:18:22 | 222.259299 | 357.778517 
 4151.0604 | 08738.3168 | 13:18:23 | 222.259299 | 357.778517 
 4151.0604 | 08738.3168 | 13:18:24 | 222.259299 | 357.778517 
 4151.0604 | 08738.3168 | 13:18:25 | 222.259299 | 357.778517 
 4151.0611 | 08738.3168 | 13:18:26 | 222.259293 | 357.779322 
 4151.0617 | 08738.3158 | 13:18:27 | 222.260147 | 357.780019 
 4151.0633 | 08738.3137 | 13:18:28 | 222.261938 | 357.781874 
 4151.0657 | 08738.3109 | 13:18:29 | 222.264324 | 357.784654 
 4151.0690 | 08738.3081 | 13:18:30 | 222.266701 | 357.788469 
 4151.0731 | 08738.3063 | 13:18:31 | 222.268211 | 357.793198 
 4151.0777 | 08738.3057 | 13:18:32 | 222.268684 | 357.798493 
 4151.0822 | 08738.3107 | 13:18:33 | 222.264342 | 357.803634 
 4151.0877 | 08738.3107 | 13:18:34 | 222.264291 | 357.809961 
 4151.0953 | 08738.3102 | 13:18:35 | 222.264650 | 357.818706 
 4151.1011 | 08738.3094 | 13:18:36 | 222.265284 | 357.825383 
 4151.1071 | 08738.3091 | 13:18:37 | 222.265487 | 357.832287 
 4151.1132 | 08738.3090 | 13:18:38 | 222.265516 | 357.839304 
 4151.1192 | 08738.3091 | 13:18:39 | 222.265374 | 357.846205 
 4151.1237 | 08738.3000 | 13:18:40 | 222.273158 | 357.851444 
 4151.1294 | 08738.3020 | 13:18:41 | 222.271385 | 357.857987 
 4151.1354 | 08738.3019 | 13:18:42 | 222.271415 | 357.864889 
 4151.1415 | 08738.3018 | 13:18:43 | 222.271444 | 357.871906 
 4151.1475 | 08738.3017 | 13:18:44 | 222.271474 | 357.878808 
 4151.1777 | 08738.3015 | 13:18:49 | 222.271365 | 357.913547 
 4151.1836 | 08738.3015 | 13:18:50 | 222.271310 | 357.920334 
 4151.1846 | 08738.3154 | 13:18:51 | 222.259347 | 357.921387 
 4151.1596 | 08738.3000 | 13:18:52 | 222.272824 | 357.892738 
 4151.1590 | 08738.2991 | 13:18:53 | 222.273603 | 357.892054 
 4151.1587 | 08738.2998 | 13:18:54 | 222.273004 | 357.891704 
 4151.1587 | 08738.2998 | 13:18:55 | 222.273004 | 357.891704 
 4151.1587 | 08738.2998 | 13:18:56 | 222.273004 | 357.891704 
 4151.1587 | 08738.2998 | 13:18:57 | 222.273004 | 357.891704 
 4151.1587 | 08738.2998 | 13:18:58 | 222.273004 | 357.891704 
 4151.1587 | 08738.2998 | 13:18:59 | 222.273004 | 357.891704 
 4151.1587 | 08738.2998 | 13:19:00 | 222.273004 | 357.891704 
 4151.1587 | 08738.2998 | 13:19:01 | 222.273004 | 357.891704 
 4151.1587 | 08738.2998 | 13:19:02 | 222.273004 | 357.891704 
 4151.1587 | 08738.2998 | 13:19:03 | 222.273004 | 357.891704 
 4151.1587 | 08738.2998 | 13:19:04 | 222.273004 | 357.891704 
 4151.1587 | 08738.2998 | 13:19:05 | 222.273004 | 357.891704 
 4151.1587 | 08738.2998 | 13:19:06 | 222.273004 | 357.891704 
 4151.1587 | 08738.2998 | 13:19:07 | 222.273004 | 357.891704 
 4151.1587 | 08738.2998 | 13:19:08 | 222.273004 | 357.891704 
 4151.1587 | 08738.2998 | 13:19:09 | 222.273004 | 357.891704 
 4151.1587 | 08738.2998 | 13:19:10 | 222.273004 | 357.891704 
 4151.1587 | 08738.2998 | 13:19:11 | 222.273004 | 357.891704 
 4151.1587 | 08738.2998 | 13:19:12 | 222.273004 | 357.891704 
 4151.1587 | 08738.2998 | 13:19:13 | 222.273004 | 357.891704 
 4151.1587 | 08738.2998 | 13:19:14 | 222.273004 | 357.891704 
 4151.1587 | 08738.2998 | 13:19:15 | 222.273004 | 357.891704 
 4151.1587 | 08738.2998 | 13:19:16 | 222.273004 | 357.891704 
 4151.1587 | 08738.2998 | 13:19:17 | 222.273004 | 357.891704 
 4151.1587 | 08738.2998 | 13:19:18 | 222.273004 | 357.891704 
 4151.1587 | 08738.2998 | 13:19:19 | 222.273004 | 357.891704 
 4151.1587 | 08738.2998 | 13:19:20 | 222.273004 | 357.891704 
 4151.1587 | 08738.2998 | 13:19:21 | 222.273004 | 357.891704 
 4151.1587 | 08738.2998 | 13:19:22 | 222.273004 | 357.891704 
 4151.1587 | 08738.2998 | 13:19:23 | 222.273004 | 357.891704 
 4151.1587 | 08738.2998 | 13:19:24 | 222.273004 | 357.891704 
 4151.1587 | 08738.2998 | 13:19:25 | 222.273004 | 357.891704 
 4151.1587 | 08738.2998 | 13:19:26 | 222.273004 | 357.891704 
 4151.1587 | 08738.2998 | 13:19:27 | 222.273004 | 357.891704 
 4151.1540 | 08738.3025 | 13:19:28 | 222.270726 | 357.886279 
 4151.1546 | 08738.3022 | 13:19:29 | 222.270978 | 357.886972 
 4151.1558 | 08738.3019 | 13:19:30 | 222.271225 | 357.888354 
 4151.1581 | 08738.3022 | 13:19:31 | 222.270946 | 357.890997 
 4151.1612 | 08738.3021 | 13:19:32 | 222.271003 | 357.894564 
 4151.1715 | 08738.3045 | 13:19:33 | 222.268843 | 357.906395 
 4151.1777 | 08738.3052 | 13:19:34 | 222.268183 | 357.913521 
 4151.1839 | 08738.3057 | 13:19:35 | 222.267696 | 357.920650 
 4151.1898 | 08738.3060 | 13:19:36 | 222.267383 | 357.927434 
 4151.1961 | 08738.3063 | 13:19:37 | 222.267066 | 357.934678 
 4151.2025 | 08738.3065 | 13:19:38 | 222.266835 | 357.942039 
 4151.2090 | 08738.3069 | 13:19:39 | 222.266430 | 357.949512 
 4151.2153 | 08738.3072 | 13:19:40 | 222.266113 | 357.956757 
 4151.2213 | 08738.3073 | 13:19:41 | 222.265972 | 357.963658 
 4151.2269 | 08738.3076 | 13:19:42 | 222.265662 | 357.970097 
 4151.2319 | 08738.3079 | 13:19:43 | 222.265357 | 357.975846 
 4151.2370 | 08738.3083 | 13:19:44 | 222.264966 | 357.981710 
 4151.2420 | 08738.3086 | 13:19:45 | 222.264661 | 357.987459 
 4151.2470 | 08738.3092 | 13:19:46 | 222.264098 | 357.993206 
 4151.2521 | 08738.3103 | 13:19:47 | 222.263105 | 357.999065 
 4151.2575 | 08738.3115 | 13:19:48 | 222.262023 | 358.005268 
 4151.2630 | 08738.3127 | 13:19:49 | 222.260940 | 358.011586 
 4151.2687 | 08738.3139 | 13:19:50 | 222.259855 | 358.018134 
 4151.2747 | 08738.3151 | 13:19:51 | 222.258767 | 358.025027 
 4151.2809 | 08738.3162 | 13:19:52 | 222.257763 | 358.032151 
 4151.2874 | 08738.3176 | 13:19:53 | 222.256499 | 358.039618 
 4151.2942 | 08738.3190 | 13:19:54 | 222.255232 | 358.047430 
 4151.3010 | 08738.3203 | 13:19:55 | 222.254050 | 358.055242 
 4151.3074 | 08738.3222 | 13:19:56 | 222.252357 | 358.062591 
 4151.3139 | 08738.3241 | 13:19:57 | 222.250663 | 358.070054 
 4151.3205 | 08738.3255 | 13:19:58 | 222.249397 | 358.077636 
 4151.3277 | 08738.3253 | 13:19:59 | 222.249502 | 358.085919 
 4151.3345 | 08738.3258 | 13:20:00 | 222.249009 | 358.093737 
 4151.3412 | 08738.3268 | 13:20:01 | 222.248087 | 358.101437 
 4151.3475 | 08738.3275 | 13:20:02 | 222.247426 | 358.108679 
 4151.3534 | 08738.3280 | 13:20:03 | 222.246941 | 358.115462 
 4151.3592 | 08738.3283 | 13:20:04 | 222.246629 | 358.122131 
 4151.3650 | 08738.3285 | 13:20:05 | 222.246403 | 358.128801 
 4151.3706 | 08738.3287 | 13:20:06 | 222.246179 | 358.135241 
 4151.3763 | 08738.3290 | 13:20:07 | 222.245868 | 358.141795 
 4151.3821 | 08738.3294 | 13:20:08 | 222.245470 | 358.148464 
 4151.3879 | 08738.3299 | 13:20:09 | 222.244986 | 358.155132 
 4151.3937 | 08738.3303 | 13:20:10 | 222.244588 | 358.161801 
 4151.3996 | 08738.3305 | 13:20:11 | 222.244362 | 358.168586 
 4151.4056 | 08738.3341 | 13:20:12 | 222.241210 | 358.175462 
 4151.4110 | 08738.3348 | 13:20:13 | 222.240558 | 358.181669 
 4151.4169 | 08738.3343 | 13:20:14 | 222.240933 | 358.188459 
 4151.4234 | 08738.3343 | 13:20:15 | 222.240872 | 358.195935 
 4151.4301 | 08738.3339 | 13:20:16 | 222.241154 | 358.203645 
 4151.4369 | 08738.3335 | 13:20:17 | 222.241435 | 358.211469 
 4151.4432 | 08738.3326 | 13:20:18 | 222.242150 | 358.218722 
 4151.4493 | 08738.3326 | 13:20:19 | 222.242093 | 358.225739 
 4151.4537 | 08738.3323 | 13:20:20 | 222.242310 | 358.230802 
 4151.4567 | 08738.3314 | 13:20:21 | 222.243056 | 358.234259 
 4151.4586 | 08738.3291 | 13:20:22 | 222.245017 | 358.236460 
 4151.4592 | 08738.3261 | 13:20:23 | 222.247591 | 358.237171 
 4151.4592 | 08738.3220 | 13:20:24 | 222.251116 | 358.237200 
 4151.4591 | 08738.3170 | 13:20:25 | 222.255417 | 358.237120 
 4151.4590 | 08738.3112 | 13:20:26 | 222.260405 | 358.237045 
 4151.4589 | 08738.3048 | 13:20:27 | 222.265910 | 358.236974 
 4151.4589 | 08738.2977 | 13:20:28 | 222.272015 | 358.237024 
 4151.4590 | 08738.2902 | 13:20:29 | 222.278463 | 358.237191 
 4151.4591 | 08738.2822 | 13:20:30 | 222.285342 | 358.237362 
 4151.4558 | 08738.2704 | 13:20:31 | 222.295520 | 358.233648 
 4151.4561 | 08738.2622 | 13:20:32 | 222.302568 | 358.234050 
 4151.4567 | 08738.2532 | 13:20:33 | 222.310302 | 358.234803 
 4151.4569 | 08738.2440 | 13:20:34 | 222.318211 | 358.235097 
 4151.4570 | 08738.2347 | 13:20:35 | 222.326207 | 358.235277 
 4151.4571 | 08738.2253 | 13:20:36 | 222.334290 | 358.235458 
 4151.4572 | 08738.2157 | 13:20:37 | 222.342544 | 358.235640 
 4151.4582 | 08738.2058 | 13:20:38 | 222.351048 | 358.236859 
 4151.4586 | 08738.1961 | 13:20:39 | 222.359385 | 358.237387 
 4151.4592 | 08738.1862 | 13:20:40 | 222.367893 | 358.238146 
 4151.4595 | 08738.1764 | 13:20:41 | 222.376317 | 358.238560 
 4151.4598 | 08738.1666 | 13:20:42 | 222.384742 | 358.238973 
 4151.4601 | 08738.1572 | 13:20:43 | 222.392822 | 358.239384 
 4151.4603 | 08738.1480 | 13:20:44 | 222.400731 | 358.239678 
 4151.4605 | 08738.1392 | 13:20:45 | 222.408297 | 358.239970 
 4151.4604 | 08738.1307 | 13:20:46 | 222.415607 | 358.239914 
 4151.4602 | 08738.1225 | 13:20:47 | 222.422660 | 358.239741 
 4151.4600 | 08738.1144 | 13:20:48 | 222.429627 | 358.239568 
 4151.4606 | 08738.1063 | 13:20:49 | 222.436587 | 358.240315 
 4151.4605 | 08738.0985 | 13:20:50 | 222.443295 | 358.240254 
 4151.4603 | 08738.0909 | 13:20:51 | 222.449832 | 358.240077 
 4151.4602 | 08738.0835 | 13:20:52 | 222.456197 | 358.240014 
 4151.4601 | 08738.0763 | 13:20:53 | 222.462389 | 358.239949 
 4151.4599 | 08738.0691 | 13:20:54 | 222.468582 | 358.239770 
 4151.4597 | 08738.0622 | 13:20:55 | 222.474518 | 358.239588 
 4151.4596 | 08738.0553 | 13:20:56 | 222.480452 | 358.239521 
 4151.4596 | 08738.0484 | 13:20:57 | 222.486385 | 358.239570 
 4151.4598 | 08738.0414 | 13:20:58 | 222.492403 | 358.239849 
 4151.4599 | 08738.0343 | 13:20:59 | 222.498507 | 358.240013 
 4151.4600 | 08738.0271 | 13:21:00 | 222.504698 | 358.240179 
 4151.4601 | 08738.0195 | 13:21:01 | 222.511232 | 358.240347 
 4151.4602 | 08738.0115 | 13:21:02 | 222.518111 | 358.240518 
 4151.4603 | 08738.0029 | 13:21:03 | 222.525505 | 358.240694 
 4151.4604 | 08737.9940 | 13:21:04 | 222.533157 | 358.240871 
 4151.4606 | 08737.9850 | 13:21:05 | 222.540895 | 358.241164 
 4151.4606 | 08737.9758 | 13:21:06 | 222.548806 | 358.241229 
 4151.4607 | 08737.9664 | 13:21:07 | 222.556888 | 358.241410 
 4151.4609 | 08737.9569 | 13:21:08 | 222.565055 | 358.241706 
 4151.4610 | 08737.9474 | 13:21:09 | 222.573224 | 358.241888 
 4151.4612 | 08737.9382 | 13:21:10 | 222.581133 | 358.242183 
 4151.4613 | 08737.9291 | 13:21:11 | 222.588957 | 358.242362 
 4151.4615 | 08737.9201 | 13:21:12 | 222.596695 | 358.242655 
 4151.4607 | 08737.9173 | 13:21:13 | 222.599110 | 358.241754 
 4151.4605 | 08737.9123 | 13:21:14 | 222.603411 | 358.241559 
 4151.4603 | 08737.9075 | 13:21:15 | 222.607541 | 358.241363 
 4151.4553 | 08737.9098 | 13:21:16 | 222.605610 | 358.235596 
 4151.4523 | 08737.9097 | 13:21:17 | 222.605724 | 358.232146 
 4151.4494 | 08737.9096 | 13:21:18 | 222.605837 | 358.228811 
 4151.4466 | 08737.9092 | 13:21:19 | 222.606208 | 358.225593 
 4151.4435 | 08737.9090 | 13:21:20 | 222.606409 | 358.222028 
 4151.4404 | 08737.9101 | 13:21:21 | 222.605492 | 358.218455 
 4151.4373 | 08737.9109 | 13:21:22 | 222.604833 | 358.214884 
 4151.4333 | 08737.9107 | 13:21:23 | 222.605043 | 358.210284 
 4151.4289 | 08737.9105 | 13:21:24 | 222.605256 | 358.205224 
 4151.4238 | 08737.9106 | 13:21:25 | 222.605218 | 358.199357 
 4151.4188 | 08737.9109 | 13:21:26 | 222.605007 | 358.193604 
 4151.4132 | 08737.9111 | 13:21:27 | 222.604888 | 358.187161 
 4151.4077 | 08737.9110 | 13:21:28 | 222.605025 | 358.180835 
 4151.4023 | 08737.9111 | 13:21:29 | 222.604990 | 358.174623 
 4151.3968 | 08737.9109 | 13:21:30 | 222.605214 | 358.168298 
 4151.3912 | 08737.9105 | 13:21:31 | 222.605610 | 358.161860 
 4151.3856 | 08737.9101 | 13:21:32 | 222.606007 | 358.155421 
 4151.3800 | 08737.9098 | 13:21:33 | 222.606318 | 358.148982 
 4151.3743 | 08737.9096 | 13:21:34 | 222.606543 | 358.142427 
 4151.3687 | 08737.9093 | 13:21:35 | 222.606854 | 358.135988 
 4151.3631 | 08737.9091 | 13:21:36 | 222.607078 | 358.129548 
 4151.3574 | 08737.9089 | 13:21:37 | 222.607304 | 358.122993 
 4151.3517 | 08737.9089 | 13:21:38 | 222.607358 | 358.116436 
 4151.3463 | 08737.9089 | 13:21:39 | 222.607408 | 358.110225 
 4151.3411 | 08737.9089 | 13:21:40 | 222.607457 | 358.104243 
 4151.3365 | 08737.9093 | 13:21:41 | 222.607156 | 358.098950 
 4151.3324 | 08737.9099 | 13:21:42 | 222.606679 | 358.094229 
 4151.3288 | 08737.9103 | 13:21:43 | 222.606369 | 358.090086 
 4151.3256 | 08737.9106 | 13:21:44 | 222.606141 | 358.086403 
 4151.3229 | 08737.9109 | 13:21:45 | 222.605908 | 358.083295 
 4151.3205 | 08737.9109 | 13:21:46 | 222.605931 | 358.080534 
 4151.3183 | 08737.9109 | 13:21:47 | 222.605952 | 358.078004 
 4151.3161 | 08737.9107 | 13:21:48 | 222.606144 | 358.075475 
 4151.3139 | 08737.9107 | 13:21:49 | 222.606165 | 358.072944 
 4151.3115 | 08737.9107 | 13:21:50 | 222.606187 | 358.070183 
 4151.3093 | 08737.9108 | 13:21:51 | 222.606122 | 358.067652 
 4151.3072 | 08737.9110 | 13:21:52 | 222.605970 | 358.065235 
 4151.3054 | 08737.9112 | 13:21:53 | 222.605815 | 358.063163 
 4151.3034 | 08737.9114 | 13:21:54 | 222.605662 | 358.060862 
 4151.3014 | 08737.9113 | 13:21:55 | 222.605766 | 358.058562 
 4151.2997 | 08737.9113 | 13:21:56 | 222.605782 | 358.056606 
 4151.2981 | 08737.9114 | 13:21:57 | 222.605711 | 358.054765 
 4151.2964 | 08737.9114 | 13:21:58 | 222.605727 | 358.052810 
 4151.2950 | 08737.9114 | 13:21:59 | 222.605740 | 358.051199 
 4151.2937 | 08737.9116 | 13:22:00 | 222.605581 | 358.049703 
 4151.2922 | 08737.9117 | 13:22:01 | 222.605509 | 358.047977 
 4151.2908 | 08737.9120 | 13:22:02 | 222.605264 | 358.046364 
 4151.2895 | 08737.9123 | 13:22:03 | 222.605018 | 358.044867 
 4151.2883 | 08737.9126 | 13:22:04 | 222.604772 | 358.043484 
 4151.2871 | 08737.9131 | 13:22:05 | 222.604353 | 358.042100 
 4151.2861 | 08737.9140 | 13:22:06 | 222.603588 | 358.040944 
 4151.2853 | 08737.9152 | 13:22:07 | 222.602564 | 358.040015 
 4151.2846 | 08737.9165 | 13:22:08 | 222.601452 | 358.039201 
 4151.2845 | 08737.9185 | 13:22:09 | 222.599733 | 358.039072 
 4151.2846 | 08737.9206 | 13:22:10 | 222.597927 | 358.039172 
 4151.2854 | 08737.9227 | 13:22:11 | 222.596113 | 358.040078 
 4151.2859 | 08737.9246 | 13:22:12 | 222.594475 | 358.040639 
 4151.2862 | 08737.9262 | 13:22:13 | 222.593096 | 358.040973 
 4151.2865 | 08737.9276 | 13:22:14 | 222.591889 | 358.041308 
 4151.2868 | 08737.9284 | 13:22:15 | 222.591198 | 358.041648 
 4151.2869 | 08737.9290 | 13:22:16 | 222.590681 | 358.041759 
 4151.2869 | 08737.9296 | 13:22:17 | 222.590165 | 358.041755 
 4151.2871 | 08737.9300 | 13:22:18 | 222.589820 | 358.041982 
 4151.2872 | 08737.9303 | 13:22:19 | 222.589561 | 358.042095 
 4151.2873 | 08737.9307 | 13:22:20 | 222.589216 | 358.042207 
 4151.2874 | 08737.9313 | 13:22:21 | 222.588699 | 358.042318 
 4151.2875 | 08737.9322 | 13:22:22 | 222.587924 | 358.042426 
 4151.2877 | 08737.9334 | 13:22:23 | 222.586890 | 358.042648 
 4151.2879 | 08737.9347 | 13:22:24 | 222.585770 | 358.042869 
 4151.2881 | 08737.9359 | 13:22:25 | 222.584736 | 358.043091 
 4151.2883 | 08737.9368 | 13:22:26 | 222.583961 | 358.043314 
 4151.2884 | 08737.9373 | 13:22:27 | 222.583530 | 358.043426 
 4151.2884 | 08737.9378 | 13:22:28 | 222.583100 | 358.043422 
 4151.2885 | 08737.9384 | 13:22: