 4152.1475 | 08740.9592 | 8 | 219.977349 | 359.011151 
 4152.1496 | 08740.9605 | 8 | 219.976213 | 359.013558 
 4152.1478 | 08740.9561 | 8 | 219.980012 | 359.011516 
 4152.1463 | 08740.9557 | 8 | 219.980369 | 359.009793 
 4152.1446 | 08740.9537 | 8 | 219.982103 | 359.007851 
 4152.1460 | 08740.9531 | 8 | 219.982607 | 359.009465 
 4152.1472 | 08740.9533 | 8 | 219.982424 | 359.010844 
 4152.1461 | 08740.9542 | 8 | 219.981660 | 359.009573 
 4152.1451 | 08740.9579 | 8 | 219.978488 | 359.008399 
 4152.1545 | 08740.9598 | 8 | 219.976772 | 359.019199 
 4152.1542 | 08740.9597 | 8 | 219.976861 | 359.018854 
 4152.1530 | 08740.9588 | 8 | 219.977645 | 359.017480 
 4152.1523 | 08740.9587 | 8 | 219.977737 | 359.016675 
 4152.1520 | 08740.9587 | 8 | 219.977740 | 359.016330 
 4152.1515 | 08740.9592 | 8 | 219.977314 | 359.015752 
 4152.1477 | 08740.9584 | 8 | 219.978035 | 359.011386 
 4152.1466 | 08740.9594 | 8 | 219.977185 | 359.010114 
 4152.1450 | 08740.9609 | 8 | 219.975909 | 359.008264 
 4152.1442 | 08740.9612 | 8 | 219.975658 | 359.007342 
 4152.1438 | 08740.9607 | 8 | 219.976092 | 359.006885 
 4152.1481 | 08740.9624 | 8 | 219.974593 | 359.011820 
 4152.1478 | 08740.9630 | 8 | 219.974079 | 359.011471 
 4152.1480 | 08740.9633 | 8 | 219.973820 | 359.011699 
 4152.1484 | 08740.9621 | 8 | 219.974848 | 359.012167 
 4152.1486 | 08740.9623 | 8 | 219.974674 | 359.012396 
 4152.1532 | 08740.9620 | 8 | 219.974892 | 359.017689 
 4152.1532 | 08740.9620 | 8 | 219.974892 | 359.017689 
 4152.1532 | 08740.9620 | 8 | 219.974892 | 359.017689 
 4152.1532 | 08740.9620 | 8 | 219.974892 | 359.017689 
 4152.1532 | 08740.9620 | 8 | 219.974892 | 359.017689 
 4152.1532 | 08740.9620 | 8 | 219.974892 | 359.017689 
 4152.1532 | 08740.9620 | 8 | 219.974892 | 359.017689 
 4152.1532 | 08740.9620 | 8 | 219.974892 | 359.017689 
 4152.1532 | 08740.9620 | 8 | 219.974892 | 359.017689 
 4152.1532 | 08740.9620 | 8 | 219.974892 | 359.017689 
 4152.1532 | 08740.9620 | 8 | 219.974892 | 359.017689 
 4152.1532 | 08740.9620 | 8 | 219.974892 | 359.017689 
 4152.1532 | 08740.9620 | 8 | 219.974892 | 359.017689 
 4152.1532 | 08740.9620 | 8 | 219.974892 | 359.017689 
 4152.1532 | 08740.9620 | 8 | 219.974892 | 359.017689 
 4152.1532 | 08740.9620 | 8 | 219.974892 | 359.017689 
 4152.1532 | 08740.9620 | 8 | 219.974892 | 359.017689 
 4152.1532 | 08740.9620 | 8 | 219.974892 | 359.017689 
 4152.1532 | 08740.9620 | 8 | 219.974892 | 359.017689 
 4152.1532 | 08740.9620 | 8 | 219.974892 | 359.017689 
 4152.1532 | 08740.9620 | 8 | 219.974892 | 359.017689 
 4152.1532 | 08740.9620 | 8 | 219.974892 | 359.017689 
 4152.1532 | 08740.9620 | 8 | 219.974892 | 359.017689 
 4152.1532 | 08740.9620 | 8 | 219.974892 | 359.017689 
 4152.1532 | 08740.9620 | 8 | 219.974892 | 359.017689 
 4152.1532 | 08740.9620 | 8 | 219.974892 | 359.017689 
 4152.1532 | 08740.9620 | 8 | 219.974892 | 359.017689 
 4152.1532 | 08740.9620 | 8 | 219.974892 | 359.017689 
 4152.1532 | 08740.9620 | 8 | 219.974892 | 359.017689 
 4152.1532 | 08740.9620 | 8 | 219.974892 | 359.017689 
 4152.1532 | 08740.9620 | 8 | 219.974892 | 359.017689 
 4152.1532 | 08740.9620 | 8 | 219.974892 | 359.017689 
 4152.1484 | 08740.9881 | 8 | 219.952494 | 359.011998 
 4152.1481 | 08740.9941 | 8 | 219.947338 | 359.011614 
 4152.1470 | 08740.9974 | 8 | 219.944511 | 359.010327 
 4152.1466 | 08740.9998 | 8 | 219.942451 | 359.009851 
 4152.1468 | 08741.0014 | 8 | 219.941073 | 359.010071 
 4152.1400 | 08741.0270 | 8 | 219.919123 | 359.002082 
 4152.1226 | 08741.0623 | 8 | 219.888924 | 358.981838 
 4152.1227 | 08741.0652 | 8 | 219.886430 | 358.981935 
 4152.1235 | 08741.0673 | 8 | 219.884618 | 358.982841 
 4152.1246 | 08741.0688 | 8 | 219.883318 | 358.984097 
 4152.1312 | 08741.0517 | 8 | 219.897963 | 358.991800 
 4152.1344 | 08741.0407 | 8 | 219.907393 | 358.995552 
 4152.1707 | 08740.9718 | 8 | 219.966314 | 359.037754 
 4152.1708 | 08740.9723 | 8 | 219.965883 | 359.037866 
 4152.1511 | 08740.9748 | 8 | 219.963905 | 359.015190 
 4152.1506 | 08740.9751 | 8 | 219.963652 | 359.014613 
 4152.1504 | 08740.9761 | 8 | 219.962794 | 359.014376 
 4152.1502 | 08740.9770 | 8 | 219.962022 | 359.014140 
 4152.1500 | 08740.9779 | 8 | 219.961250 | 359.013905 
 4152.1497 | 08740.9789 | 8 | 219.960393 | 359.013553 
 4152.1495 | 08740.9799 | 8 | 219.959535 | 359.013316 
 4152.1492 | 08740.9808 | 8 | 219.958763 | 359.012965 
 4152.1490 | 08740.9817 | 8 | 219.957991 | 359.012730 
 4152.1487 | 08740.9826 | 8 | 219.957220 | 359.012379 
 4152.1485 | 08740.9835 | 8 | 219.956448 | 359.012143 
 4152.1483 | 08740.9844 | 8 | 219.955676 | 359.011907 
 4152.1480 | 08740.9853 | 8 | 219.954905 | 359.011556 
 4152.1469 | 08740.9897 | 8 | 219.951132 | 359.010262 
 4152.1465 | 08740.9916 | 8 | 219.949502 | 359.009789 
 4152.1464 | 08740.9925 | 8 | 219.948729 | 359.009669 
 4152.1464 | 08740.9936 | 8 | 219.947783 | 359.009661 
 4152.1472 | 08740.9951 | 8 | 219.946486 | 359.010572 
 4152.1482 | 08740.9969 | 8 | 219.944930 | 359.011710 
 4152.1481 | 08740.9980 | 8 | 219.943985 | 359.011588 
 4152.1479 | 08740.9992 | 8 | 219.942955 | 359.011350 
 4152.1478 | 08741.0003 | 8 | 219.942010 | 359.011228 
 4152.1477 | 08741.0015 | 8 | 219.940979 | 359.011105 
 4152.1476 | 08741.0026 | 8 | 219.940035 | 359.010983 
 4152.1473 | 08741.0042 | 8 | 219.938662 | 359.010628 
 4152.1473 | 08741.0052 | 8 | 219.937802 | 359.010621 
 4152.1473 | 08741.0059 | 8 | 219.937200 | 359.010617 
 4152.1470 | 08741.0071 | 8 | 219.936171 | 359.010264 
 4152.1469 | 08741.0081 | 8 | 219.935312 | 359.010142 
 4152.1469 | 08741.0091 | 8 | 219.934452 | 359.010136 
 4152.1469 | 08741.0101 | 8 | 219.933592 | 359.010129 
 4152.1465 | 08741.0112 | 8 | 219.932650 | 359.009662 
 4152.1470 | 08741.0124 | 8 | 219.931614 | 359.010229 
 4152.1469 | 08741.0129 | 8 | 219.931185 | 359.010111 
 4152.1468 | 08741.0140 | 8 | 219.930240 | 359.009989 
 4152.1467 | 08741.0146 | 8 | 219.929725 | 359.009870 
 4152.1441 | 08741.0150 | 8 | 219.929404 | 359.006877 
 4152.1462 | 08741.0133 | 8 | 219.930847 | 359.009303 
 4152.1464 | 08741.0122 | 8 | 219.931791 | 359.009540 
 4152.1466 | 08741.0112 | 8 | 219.932649 | 359.009777 
 4152.1467 | 08741.0102 | 8 | 219.933508 | 359.009898 
 4152.1470 | 08741.0083 | 8 | 219.935139 | 359.010256 
 4152.1471 | 08741.0073 | 8 | 219.935998 | 359.010377 
 4152.1470 | 08741.0084 | 8 | 219.935053 | 359.010255 
 4152.1472 | 08741.0088 | 8 | 219.934708 | 359.010483 
 4152.1473 | 08741.0080 | 8 | 219.935395 | 359.010603 
 4152.1472 | 08741.0094 | 8 | 219.934192 | 359.010479 
 4152.1479 | 08741.0094 | 8 | 219.934186 | 359.011284 
 4152.1481 | 08741.0093 | 8 | 219.934270 | 359.011515 
 4152.1481 | 08741.0093 | 8 | 219.934270 | 359.011515 
 4152.1481 | 08741.0093 | 8 | 219.934270 | 359.011515 
 4152.1481 | 08741.0093 | 8 | 219.934270 | 359.011515 
 4152.1481 | 08741.0093 | 8 | 219.934270 | 359.011515 
 4152.1481 | 08741.0093 | 8 | 219.934270 | 359.011515 
 4152.1481 | 08741.0093 | 8 | 219.934270 | 359.011515 
 4152.1481 | 08741.0093 | 8 | 219.934270 | 359.011515 
 4152.1481 | 08741.0093 | 8 | 219.934270 | 359.011515 
 4152.1481 | 08741.0093 | 8 | 219.934270 | 359.011515 
 4152.1481 | 08741.0093 | 8 | 219.934270 | 359.011515 
 4152.1481 | 08741.0093 | 8 | 219.934270 | 359.011515 
 4152.1481 | 08741.0093 | 8 | 219.934270 | 359.011515 
 4152.1481 | 08741.0093 | 8 | 219.934270 | 359.011515 
 4152.1481 | 08741.0093 | 8 | 219.934270 | 359.011515 
 4152.1481 | 08741.0093 | 8 | 219.934270 | 359.011515 
 4152.1481 | 08741.0093 | 8 | 219.934270 | 359.011515 
 4152.1481 | 08741.0093 | 8 | 219.934270 | 359.011515 
 4152.1481 | 08741.0093 | 8 | 219.934270 | 359.011515 
 4152.1481 | 08741.0093 | 8 | 219.934270 | 359.011515 
 4152.1481 | 08741.0093 | 8 | 219.934270 | 359.011515 
 4152.1481 | 08741.0093 | 8 | 219.934270 | 359.011515 
 4152.1481 | 08741.0093 | 8 | 219.934270 | 359.011515 
 4152.1481 | 08741.0093 | 8 | 219.934270 | 359.011515 
 4152.1481 | 08741.0093 | 8 | 219.934270 | 359.011515 
 4152.1353 | 08741.0191 | 8 | 219.925956 | 358.996728 
 4152.1418 | 08741.0444 | 8 | 219.904147 | 359.004040 
 4152.1419 | 08741.0462 | 8 | 219.902599 | 359.004143 
 4152.1423 | 08741.0514 | 8 | 219.898124 | 359.004569 
 4152.1424 | 08741.0532 | 8 | 219.896576 | 359.004673 
 4152.1427 | 08741.0567 | 8 | 219.893564 | 359.004995 
 4152.1431 | 08741.0583 | 8 | 219.892185 | 359.005445 
 4152.1432 | 08741.0601 | 8 | 219.890637 | 359.005548 
 4152.1436 | 08741.0637 | 8 | 219.887538 | 359.005985 
 4152.1438 | 08741.0656 | 8 | 219.885903 | 359.006202 
 4152.1440 | 08741.0679 | 8 | 219.883924 | 359.006417 
 4152.1442 | 08741.0700 | 8 | 219.882116 | 359.006634 
 4152.1446 | 08741.0748 | 8 | 219.877986 | 359.007063 
 4152.1416 | 08741.0899 | 8 | 219.865030 | 359.003514 
 4152.1413 | 08741.0935 | 8 | 219.861937 | 359.003145 
 4152.1425 | 08741.1011 | 8 | 219.855393 | 359.004476 
 4152.1454 | 08741.1042 | 8 | 219.852702 | 359.007792 
 4152.1460 | 08741.1078 | 8 | 219.849602 | 359.008459 
 4152.1468 | 08741.1117 | 8 | 219.846242 | 359.009354 
 4152.1475 | 08741.1153 | 8 | 219.843140 | 359.010135 
 4152.1461 | 08741.1183 | 8 | 219.840573 | 359.008506 
 4152.1464 | 08741.1215 | 8 | 219.837820 | 359.008830 
 4152.1482 | 08741.1363 | 8 | 219.825079 | 359.010804 
 4152.1525 | 08741.1602 | 8 | 219.804494 | 359.015595 
 4152.1562 | 08741.1921 | 8 | 219.777035 | 359.019645 
 4152.1536 | 08741.1981 | 8 | 219.771899 | 359.016615 
 4152.1525 | 08741.1928 | 8 | 219.776466 | 359.015384 
 4152.1626 | 08741.1998 | 8 | 219.770360 | 359.026956 
 4152.1673 | 08741.1982 | 8 | 219.771695 | 359.032373 
 4152.1701 | 08741.1980 | 8 | 219.771842 | 359.035595 
 4152.2683 | 08741.1694 | 8 | 219.795580 | 359.148735 
 4152.2769 | 08741.1698 | 8 | 219.795161 | 359.158625 
 4152.3070 | 08741.1698 | 8 | 219.794900 | 359.193247 
 4152.3233 | 08741.1698 | 8 | 219.794759 | 359.211996 
 4152.3388 | 08741.1710 | 8 | 219.793593 | 359.229817 
 4152.3930 | 08741.1707 | 8 | 219.793381 | 359.292163 
 4152.4142 | 08741.1697 | 8 | 219.794057 | 359.316555 
 4152.4182 | 08741.1696 | 8 | 219.794108 | 359.321156 
 4152.4223 | 08741.1687 | 8 | 219.794846 | 359.325878 
 4152.4256 | 08741.1687 | 8 | 219.794817 | 359.329674 
 4152.4284 | 08741.1679 | 8 | 219.795481 | 359.332900 
 4152.4502 | 08741.1658 | 8 | 219.797097 | 359.357989 
 4152.4606 | 08741.1512 | 8 | 219.809558 | 359.370046 
 4152.4680 | 08741.1313 | 8 | 219.826602 | 359.378687 
 4152.4696 | 08741.1272 | 8 | 219.830113 | 359.380554 
 4152.4707 | 08741.1246 | 8 | 219.832339 | 359.381837 
 4152.4699 | 08741.1224 | 8 | 219.834237 | 359.380931 
 4152.4691 | 08741.1201 | 8 | 219.836221 | 359.380025 
 4152.4689 | 08741.1008 | 8 | 219.852815 | 359.379921 
 4152.4722 | 08741.0295 | 8 | 219.914082 | 359.384180 
 4152.4677 | 08741.0234 | 8 | 219.919365 | 359.379043 
 4152.4573 | 08741.0215 | 8 | 219.921089 | 359.367093 
 4152.4552 | 08741.0067 | 8 | 219.933831 | 359.364774 
 4152.4509 | 08741.0032 | 8 | 219.936877 | 359.359851 
 4152.4497 | 08740.9907 | 8 | 219.947634 | 359.358552 
 4152.4497 | 08740.9854 | 8 | 219.952190 | 359.358586 
 4152.4486 | 08740.9710 | 8 | 219.964579 | 359.357415 
 4152.4504 | 08740.9652 | 8 | 219.969550 | 359.359523 
 4152.4498 | 08740.9598 | 8 | 219.974197 | 359.358868 
 4152.4487 | 08740.9540 | 8 | 219.979193 | 359.357641 
 4152.4475 | 08740.9482 | 8 | 219.984190 | 359.356298 
 4152.4462 | 08740.9425 | 8 | 219.989101 | 359.354840 
 4152.4448 | 08740.9319 | 8 | 219.998226 | 359.353299 
 4152.4449 | 08740.9259 | 8 | 220.003384 | 359.353453 
 4152.4439 | 08740.9172 | 8 | 220.010872 | 359.352359 
 4152.4438 | 08740.9112 | 8 | 220.016031 | 359.352283 
 4152.4437 | 08740.9053 | 8 | 220.021104 | 359.352207 
 4152.4427 | 08740.8888 | 8 | 220.035298 | 359.351164 
 4152.4427 | 08740.8706 | 8 | 220.050944 | 359.351283 
 4152.4423 | 08740.8632 | 8 | 220.057309 | 359.350871 
 4152.4419 | 08740.8565 | 8 | 220.063073 | 359.350455 
 4152.4416 | 08740.8498 | 8 | 220.068835 | 359.350154 
 4152.4417 | 08740.8408 | 8 | 220.076572 | 359.350328 
 4152.4421 | 08740.8327 | 8 | 220.083532 | 359.350841 
 4152.4424 | 08740.8174 | 8 | 220.096682 | 359.351286 
 4152.4430 | 08740.8076 | 8 | 220.105102 | 359.352040 
 4152.4429 | 08740.8003 | 8 | 220.111379 | 359.351973 
 4152.4432 | 08740.7919 | 8 | 220.118598 | 359.352373 
 4152.4430 | 08740.7842 | 8 | 220.125219 | 359.352193 
 4152.4436 | 08740.7748 | 8 | 220.133295 | 359.352945 
 4152.4434 | 08740.7639 | 8 | 220.142667 | 359.352786 
 4152.4428 | 08740.7392 | 8 | 220.163907 | 359.352258 
 4152.4427 | 08740.7302 | 8 | 220.171645 | 359.352202 
 4152.4420 | 08740.7062 | 8 | 220.192284 | 359.351554 
 4152.4420 | 08740.6967 | 8 | 220.200451 | 359.351616 
 4152.4422 | 08740.6875 | 8 | 220.208359 | 359.351907 
 4152.4429 | 08740.6779 | 8 | 220.216605 | 359.352775 
 4152.4430 | 08740.6692 | 8 | 220.224084 | 359.352947 
 4152.4432 | 08740.6602 | 8 | 220.231819 | 359.353236 
 4152.4442 | 08740.6360 | 8 | 220.252615 | 359.354546 
 4152.4443 | 08740.6236 | 8 | 220.263275 | 359.354742 
 4152.4434 | 08740.6147 | 8 | 220.270934 | 359.353765 
 4152.4439 | 08740.5948 | 8 | 220.288037 | 359.354471 
 4152.4423 | 08740.5849 | 8 | 220.296562 | 359.352696 
 4152.4418 | 08740.5789 | 8 | 220.301725 | 359.352160 
 4152.4416 | 08740.5740 | 8 | 220.305939 | 359.351963 
 4152.4414 | 08740.5700 | 8 | 220.309380 | 359.351759 
 4152.4410 | 08740.5638 | 8 | 220.314713 | 359.351340 
 4152.4417 | 08740.5624 | 8 | 220.315911 | 359.352154 
 4152.4350 | 08740.5740 | 8 | 220.305997 | 359.344371 
 4152.4374 | 08740.5674 | 8 | 220.311650 | 359.347175 
 4152.4508 | 08740.5825 | 8 | 220.298551 | 359.362489 
 4152.4501 | 08740.5838 | 8 | 220.297439 | 359.361675 
 4152.4456 | 08740.5853 | 8 | 220.296189 | 359.356489 
 4152.4463 | 08740.5857 | 8 | 220.295839 | 359.357292 
 4152.4470 | 08740.5860 | 8 | 220.295575 | 359.358095 
 4152.4482 | 08740.5867 | 8 | 220.294963 | 359.359471 
 4152.4484 | 08740.5873 | 8 | 220.294445 | 359.359697 
 4152.4489 | 08740.5870 | 8 | 220.294699 | 359.360274 
 4152.4490 | 08740.5870 | 8 | 220.294698 | 359.360389 
 4152.4491 | 08740.5866 | 8 | 220.295041 | 359.360507 
 4152.4490 | 08740.5857 | 8 | 220.295816 | 359.360397 
 4152.4484 | 08740.5848 | 8 | 220.296595 | 359.359713 
 4152.4486 | 08740.5844 | 8 | 220.296937 | 359.359946 
 4152.4435 | 08740.5792 | 8 | 220.301452 | 359.354114 
 4152.4391 | 08740.5765 | 8 | 220.303812 | 359.349071 
 4152.4352 | 08740.5761 | 8 | 220.304190 | 359.344587 
 4152.4311 | 08740.5745 | 8 | 220.305602 | 359.339882 
 4152.4283 | 08740.5758 | 8 | 220.304509 | 359.336652 
 4152.4257 | 08740.5762 | 8 | 220.304188 | 359.333659 
 4152.4190 | 08740.5740 | 8 | 220.306138 | 359.325967 
 4152.3267 | 08740.5845 | 8 | 220.297924 | 359.219730 
 4152.3062 | 08740.5937 | 8 | 220.290195 | 359.196089 
 4152.3001 | 08740.5248 | 8 | 220.349484 | 359.189526 
 4152.2991 | 08740.5267 | 8 | 220.347859 | 359.188363 
 4152.2987 | 08740.5275 | 8 | 220.347175 | 359.187898 
 4152.2980 | 08740.5277 | 8 | 220.347009 | 359.187091 
 4152.3056 | 08740.5190 | 8 | 220.354422 | 359.195891 
 4152.2780 | 08740.5160 | 8 | 220.357244 | 359.164163 
 4152.2775 | 08740.5052 | 8 | 220.366534 | 359.163659 
 4152.2812 | 08740.4765 | 8 | 220.391175 | 359.168105 
 4152.2820 | 08740.4689 | 8 | 220.397702 | 359.169075 
 4152.2835 | 08740.4608 | 8 | 220.404653 | 359.170854 
 4152.2856 | 08740.4529 | 8 | 220.411426 | 359.173321 
 4152.2853 | 08740.4469 | 8 | 220.416587 | 359.173016 
 4152.2844 | 08740.4424 | 8 | 220.420464 | 359.172011 
 4152.2864 | 08740.4378 | 8 | 220.424401 | 359.174341 
 4152.2847 | 08740.4354 | 8 | 220.426479 | 359.172402 
 4152.2848 | 08740.4331 | 8 | 220.428456 | 359.172532 
 4152.2864 | 08740.4238 | 8 | 220.436437 | 359.174434 
 4152.2894 | 08740.4158 | 8 | 220.443288 | 359.177937 
 4152.2911 | 08740.4122 | 8 | 220.446368 | 359.179917 
 4152.2931 | 08740.4084 | 8 | 220.449618 | 359.182242 
 4152.2947 | 08740.4045 | 8 | 220.452957 | 359.184108 
 4152.2965 | 08740.4016 | 8 | 220.455434 | 359.186198 
 4152.2985 | 08740.3981 | 8 | 220.458425 | 359.188522 
 4152.3005 | 08740.3946 | 8 | 220.461417 | 359.190845 
 4152.3044 | 08740.3886 | 8 | 220.466540 | 359.195371 
 4152.3093 | 08740.4020 | 8 | 220.454977 | 359.200919 
 4152.3113 | 08740.4020 | 8 | 220.454959 | 359.203219 
 4152.3130 | 08740.4020 | 8 | 220.454944 | 359.205175 
 4152.3146 | 08740.4020 | 8 | 220.454930 | 359.207015 
 4152.3160 | 08740.4020 | 8 | 220.454917 | 359.208625 
 4152.3175 | 08740.4020 | 8 | 220.454904 | 359.210351 
 4152.3190 | 08740.4019 | 8 | 220.454977 | 359.212077 
 4152.3214 | 08740.4003 | 8 | 220.456331 | 359.214848 
 4152.3256 | 08740.4050 | 8 | 220.452253 | 359.219648 
 4152.3265 | 08740.4056 | 8 | 220.451730 | 359.220679 
 4152.3355 | 08740.4061 | 8 | 220.451220 | 359.231028 
 4152.3360 | 08740.4055 | 8 | 220.451732 | 359.231607 
 4152.3450 | 08740.2322 | 8 | 220.600641 | 359.243108 
 4152.3283 | 08740.1867 | 8 | 220.639906 | 359.224201 
 4152.3184 | 08740.1817 | 8 | 220.644293 | 359.212846 
 4152.3107 | 08740.1804 | 8 | 220.645479 | 359.203998 
 4152.3026 | 08740.1747 | 8 | 220.650452 | 359.194719 
 4152.3021 | 08740.1734 | 8 | 220.651574 | 359.194152 
 4152.3011 | 08740.1694 | 8 | 220.655022 | 359.193029 
 4152.3030 | 08740.1761 | 8 | 220.649245 | 359.195170 
 4152.3035 | 08740.1751 | 8 | 220.650100 | 359.195751 
 4152.3033 | 08740.1743 | 8 | 220.650789 | 359.195527 
 4152.3031 | 08740.1733 | 8 | 220.651651 | 359.195303 
 4152.3028 | 08740.1723 | 8 | 220.652513 | 359.194965 
 4152.3026 | 08740.1712 | 8 | 220.653461 | 359.194742 
 4152.3027 | 08740.1683 | 8 | 220.655953 | 359.194876 
 4152.3048 | 08740.1653 | 8 | 220.658514 | 359.197312 
 4152.3039 | 08740.1633 | 8 | 220.660241 | 359.196290 
 4152.3028 | 08740.1649 | 8 | 220.658875 | 359.195014 
 4152.3024 | 08740.1642 | 8 | 220.659481 | 359.194559 
 4152.3019 | 08740.1635 | 8 | 220.660087 | 359.193988 
 4152.3014 | 08740.1628 | 8 | 220.660693 | 359.193418 
 4152.3010 | 08740.1622 | 8 | 220.661213 | 359.192962 
 4152.3009 | 08740.1615 | 8 | 220.661815 | 359.192851 
 4152.3009 | 08740.1610 | 8 | 220.662245 | 359.192854 
 4152.3006 | 08740.1603 | 8 | 220.662850 | 359.192514 
 4152.3012 | 08740.1598 | 8 | 220.663274 | 359.193208 
 4152.3018 | 08740.1597 | 8 | 220.663355 | 359.193898 
 4152.3023 | 08740.1593 | 8 | 220.663694 | 359.194476 
 4152.3028 | 08740.1588 | 8 | 220.664120 | 359.195055 
 4152.3033 | 08740.1581 | 8 | 220.664717 | 359.195634 
 4152.3050 | 08740.1603 | 8 | 220.662810 | 359.197575 
 4152.3054 | 08740.1597 | 8 | 220.663323 | 359.198039 
 4152.3056 | 08740.1590 | 8 | 220.663923 | 359.198274 
 4152.3056 | 08740.1590 | 8 | 220.663923 | 359.198274 
 4152.3056 | 08740.1590 | 8 | 220.663923 | 359.198274 
 4152.3063 | 08740.1569 | 8 | 220.665722 | 359.199093 
 4152.3071 | 08740.1554 | 8 | 220.667004 | 359.200023 
 4152.3073 | 08740.1536 | 8 | 220.668550 | 359.200265 
 4152.3070 | 08740.1536 | 8 | 220.668553 | 359.199920 
 4152.3067 | 08740.1532 | 8 | 220.668899 | 359.199578 
 4152.3059 | 08740.1517 | 8 | 220.670196 | 359.198668 
 4152.3186 | 08740.0812 | 8 | 220.730693 | 359.213745 
 4152.3200 | 08740.0770 | 8 | 220.734292 | 359.215383 
 4152.3228 | 08740.0643 | 8 | 220.745185 | 359.218689 
 4152.3240 | 08740.0605 | 8 | 220.748442 | 359.220094 
 4152.3248 | 08740.0539 | 8 | 220.754109 | 359.221059 
 4152.3244 | 08740.0457 | 8 | 220.761162 | 359.220653 
 4152.3222 | 08740.0475 | 8 | 220.759634 | 359.218111 
 4152.3205 | 08740.0483 | 8 | 220.758961 | 359.216150 
 4152.3181 | 08740.0476 | 8 | 220.759585 | 359.213394 
 4152.3175 | 08740.0530 | 8 | 220.754947 | 359.212668 
 4152.3160 | 08740.0545 | 8 | 220.753671 | 359.210932 
 4152.3148 | 08740.0542 | 8 | 220.753940 | 359.209554 
 4152.3133 | 08740.0562 | 8 | 220.752234 | 359.207815 
 4152.3108 | 08740.0556 | 8 | 220.752772 | 359.204944 
 4152.3096 | 08740.0555 | 8 | 220.752869 | 359.203564 
 4152.3069 | 08740.0570 | 8 | 220.751603 | 359.200449 
 4152.3026 | 08740.0599 | 8 | 220.749148 | 359.195483 
 4152.3015 | 08740.0622 | 8 | 220.747181 | 359.194202 
 4152.3004 | 08740.0623 | 8 | 220.747105 | 359.192937 
 4152.2937 | 08740.0783 | 8 | 220.733409 | 359.185123 
 4152.2931 | 08740.0784 | 8 | 220.733328 | 359.184432 
 4152.2934 | 08740.0785 | 8 | 220.733239 | 359.184777 
 4152.3030 | 08740.0682 | 8 | 220.742009 | 359.195888 
 4152.3029 | 08740.0679 | 8 | 220.742268 | 359.195775 
 4152.2943 | 08740.0658 | 8 | 220.744150 | 359.185897 
 4152.2898 | 08740.0657 | 8 | 220.744276 | 359.180721 
 4152.2855 | 08740.0654 | 8 | 220.744572 | 359.175777 
 4152.2818 | 08740.0642 | 8 | 220.745637 | 359.171529 
 4152.2793 | 08740.0631 | 8 | 220.746605 | 359.168661 
 4152.2777 | 08740.0624 | 8 | 220.747221 | 359.166825 
 4152.2671 | 08740.0725 | 8 | 220.738632 | 359.154565 
 4152.2580 | 08740.0718 | 8 | 220.739315 | 359.144103 
 4152.2479 | 08740.0755 | 8 | 220.736224 | 359.132460 
 4152.2399 | 08740.0752 | 8 | 220.736554 | 359.123260 
 4152.2324 | 08740.0751 | 8 | 220.736706 | 359.114634 
 4152.2247 | 08740.0773 | 8 | 220.734884 | 359.105762 
 4152.2174 | 08740.0780 | 8 | 220.734347 | 359.097361 
 4152.2040 | 08740.0779 | 8 | 220.734552 | 359.081948 
 4152.1956 | 08740.0752 | 8 | 220.736949 | 359.072304 
 4152.1898 | 08740.0746 | 8 | 220.737516 | 359.065637 
 4152.1851 | 08740.0739 | 8 | 220.738160 | 359.060235 
 4152.1725 | 08740.0716 | 8 | 220.740250 | 359.045757 
 4152.1684 | 08740.0713 | 8 | 220.740544 | 359.041043 
 4152.1645 | 08740.0704 | 8 | 220.741353 | 359.036563 
 4152.1563 | 08740.0688 | 8 | 220.742801 | 359.027142 
 4152.1526 | 08740.0678 | 8 | 220.743694 | 359.022893 
 4152.1486 | 08740.0672 | 8 | 220.744246 | 359.018296 
 4152.1355 | 08740.0653 | 8 | 220.745996 | 359.003240 
 4152.1206 | 08740.0612 | 8 | 220.749654 | 358.986129 
 4152.1281 | 08740.0529 | 8 | 220.756723 | 358.994811 
 4152.1414 | 08740.0475 | 8 | 220.761247 | 359.010145 
 4152.1418 | 08740.0418 | 8 | 220.766144 | 359.010643 
 4152.1413 | 08740.0362 | 8 | 220.770963 | 359.010105 
 4152.1412 | 08740.0306 | 8 | 220.775779 | 359.010028 
 4152.1413 | 08740.0249 | 8 | 220.780679 | 359.010181 
 4152.1413 | 08740.0192 | 8 | 220.785579 | 359.010219 
 4152.1416 | 08740.0137 | 8 | 220.790305 | 359.010601 
 4152.1418 | 08740.0081 | 8 | 220.795118 | 359.010868 
 4152.1425 | 08740.0117 | 8 | 220.792017 | 359.011649 
 4152.1422 | 08740.0078 | 8 | 220.795373 | 359.011330 
 4152.1414 | 08740.0078 | 8 | 220.795380 | 359.010410 
 4152.1412 | 08740.0048 | 8 | 220.797961 | 359.010200 
 4152.1406 | 08740.0018 | 8 | 220.800545 | 359.009530 
 4152.1623 | 08740.0098 | 8 | 220.793474 | 359.034437 
 4152.1644 | 08740.0102 | 8 | 220.793111 | 359.036850 
 4152.1645 | 08740.0102 | 8 | 220.793110 | 359.036965 
 4152.1645 | 08740.0102 | 8 | 220.793110 | 359.036965 
 4152.1645 | 08740.0102 | 8 | 220.793110 | 359.036965 
 4152.1645 | 08740.0102 | 8 | 220.793110 | 359.036965 
 4152.1645 | 08740.0102 | 8 | 220.793110 | 359.036965 
 4152.1645 | 08740.0102 | 8 | 220.793110 | 359.036965 
 4152.1645 | 08740.0102 | 8 | 220.793110 | 359.036965 
 4152.1645 | 08740.0102 | 8 | 220.793110 | 359.036965 
 4152.1645 | 08740.0102 | 8 | 220.793110 | 359.036965 
 4152.1645 | 08740.0102 | 8 | 220.793110 | 359.036965 
 4152.1645 | 08740.0102 | 8 | 220.793110 | 359.036965 
 4152.1645 | 08740.0102 | 8 | 220.793110 | 359.036965 
 4152.1645 | 08740.0102 | 8 | 220.793110 | 359.036965 
 4152.1645 | 08740.0102 | 8 | 220.793110 | 359.036965 
 4152.1645 | 08740.0102 | 8 | 220.793110 | 359.036965 
 4152.1645 | 08740.0102 | 8 | 220.793110 | 359.036965 
 4152.1645 | 08740.0102 | 8 | 220.793110 | 359.036965 
 4152.1645 | 08740.0102 | 8 | 220.793110 | 359.036965 
 4152.1645 | 08740.0102 | 8 | 220.793110 | 359.036965 
 4152.1645 | 08740.0102 | 8 | 220.793110 | 359.036965 
 4152.1645 | 08740.0102 | 8 | 220.793110 | 359.036965 
 4152.1645 | 08740.0102 | 8 | 220.793110 | 359.036965 
 4152.1645 | 08740.0102 | 8 | 220.793110 | 359.036965 
 4152.1645 | 08740.0102 | 8 | 220.793110 | 359.036965 
 4152.1645 | 08740.0102 | 8 | 220.793110 | 359.036965 
 4152.1645 | 08740.0102 | 8 | 220.793110 | 359.036965 
 4152.1645 | 08740.0102 | 8 | 220.793110 | 359.036965 
 4152.1645 | 08740.0102 | 8 | 220.793110 | 359.036965 
 4152.1645 | 08740.0102 | 8 | 220.793110 | 359.036965 
 4152.1641 | 08740.0100 | 8 | 220.793286 | 359.036506 
 4152.1632 | 08740.0094 | 8 | 220.793809 | 359.035475 
 4152.1651 | 08740.0083 | 8 | 220.794738 | 359.037668 
 4152.1653 | 08740.0067 | 8 | 220.796112 | 359.037908 
 4152.1638 | 08740.0051 | 8 | 220.797501 | 359.036194 
 4152.1627 | 08740.0039 | 8 | 220.798543 | 359.034936 
 4152.1615 | 08740.0026 | 8 | 220.799671 | 359.033565 
 4152.1607 | 08740.0013 | 8 | 220.800796 | 359.032653 
 4152.1574 | 08739.9944 | 8 | 220.806758 | 359.028904 
 4152.1569 | 08739.9922 | 8 | 220.808654 | 359.028343 
 4152.1566 | 08739.9905 | 8 | 220.810118 | 359.028009 
 4152.1563 | 08739.9891 | 8 | 220.811324 | 359.027674 
 4152.1562 | 08739.9879 | 8 | 220.812357 | 359.027567 
 4152.1564 | 08739.9865 | 8 | 220.813559 | 359.027806 
 4152.1564 | 08739.9858 | 8 | 220.814160 | 359.027811 
 4152.1562 | 08739.9849 | 8 | 220.814936 | 359.027587 
 4152.1562 | 08739.9836 | 8 | 220.816054 | 359.027595 
 4152.1559 | 08739.9821 | 8 | 220.817346 | 359.027260 
 4152.1557 | 08739.9809 | 8 | 220.818380 | 359.027038 
 4152.1551 | 08739.9810 | 8 | 220.818299 | 359.026347 
 4152.1563 | 08739.9807 | 8 | 220.818546 | 359.027730 
 4152.1591 | 08739.9794 | 8 | 220.819639 | 359.030959 
 4152.1599 | 08739.9792 | 8 | 220.819804 | 359.031881 
 4152.1660 | 08739.9752 | 8 | 220.823188 | 359.038924 
 4152.1669 | 08739.9758 | 8 | 220.822664 | 359.039955 
 4152.1680 | 08739.9744 | 8 | 220.823858 | 359.041230 
 4152.1688 | 08739.9741 | 8 | 220.824109 | 359.042152 
 4152.1716 | 08739.9723 | 8 | 220.825631 | 359.045385 
 4152.1726 | 08739.9713 | 8 | 220.826482 | 359.046542 
 4152.1745 | 08739.9713 | 8 | 220.826465 | 359.048727 
 4152.2174 | 08739.9668 | 8 | 220.829951 | 359.098103 
 4152.2235 | 08739.9699 | 8 | 220.827231 | 359.105099 
 4152.2399 | 08739.9667 | 8 | 220.829835 | 359.123984 
 4152.2482 | 08739.9683 | 8 | 220.828386 | 359.133521 
 4152.2546 | 08739.9701 | 8 | 220.826781 | 359.140870 
 4152.2606 | 08739.9701 | 8 | 220.826727 | 359.147772 
 4152.2665 | 08739.9700 | 8 | 220.826760 | 359.154559 
 4152.2702 | 08739.9729 | 8 | 220.824234 | 359.158796 
 4152.2751 | 08739.9755 | 8 | 220.821955 | 359.164414 
 4152.2796 | 08739.9758 | 8 | 220.821657 | 359.169589 
 4152.2840 | 08739.9772 | 8 | 220.820414 | 359.174640 
 4152.2922 | 08739.9767 | 8 | 220.820770 | 359.184076 
 4152.2972 | 08739.9799 | 8 | 220.817975 | 359.189806 
 4152.2883 | 08739.9880 | 8 | 220.811090 | 359.179514 
 4152.2886 | 08739.9902 | 8 | 220.809196 | 359.179845 
 4152.2894 | 08739.9931 | 8 | 220.806696 | 359.180746 
 4152.2900 | 08739.9951 | 8 | 220.804971 | 359.181422 
 4152.2906 | 08739.9967 | 8 | 220.803590 | 359.182102 
 4152.2918 | 08739.9987 | 8 | 220.801860 | 359.183469 
 4152.2924 | 08740.0007 | 8 | 220.800135 | 359.184146 
 4152.2920 | 08739.9980 | 8 | 220.802460 | 359.183703 
 4152.2926 | 08739.9997 | 8 | 220.800993 | 359.184382 
 4152.2931 | 08740.0014 | 8 | 220.799527 | 359.184946 
 4152.2933 | 08740.0023 | 8 | 220.798752 | 359.185170 
 4152.2937 | 08740.0039 | 8 | 220.797372 | 359.185619 
 4152.2940 | 08740.0057 | 8 | 220.795822 | 359.185953 
 4152.2941 | 08740.0072 | 8 | 220.794532 | 359.186058 
 4152.2942 | 08740.0086 | 8 | 220.793327 | 359.186163 
 4152.2941 | 08740.0099 | 8 | 220.792210 | 359.186040 
 4152.2940 | 08740.0111 | 8 | 220.791180 | 359.185916 
 4152.2940 | 08740.0115 | 8 | 220.790836 | 359.185914 
 4152.2940 | 08740.0117 | 8 | 220.790664 | 359.185912 
 4152.2935 | 08740.0113 | 8 | 220.791012 | 359.185340 
 4152.2932 | 08740.0110 | 8 | 220.791273 | 359.184997 
 4152.2879 | 08740.0007 | 8 | 220.800175 | 359.178969 
 4152.2951 | 08739.9862 | 8 | 220.812577 | 359.187348 
 4152.2959 | 08739.9847 | 8 | 220.813860 | 359.188278 
 4152.2962 | 08739.9843 | 8 | 220.814201 | 359.188626 
 4152.2965 | 08739.9842 | 8 | 220.814284 | 359.188972 
 4152.2968 | 08739.9844 | 8 | 220.814109 | 359.189315 
 4152.2971 | 08739.9850 | 8 | 220.813591 | 359.189657 
 4152.2976 | 08739.9849 | 8 | 220.813672 | 359.190232 
 4152.2978 | 08739.9849 | 8 | 220.813671 | 359.190462 
 4152.2981 | 08739.9850 | 8 | 220.813582 | 359.190807 
 4152.2986 | 08739.9852 | 8 | 220.813406 | 359.191381 
 4152.2992 | 08739.9854 | 8 | 220.813228 | 359.192069 
 4152.3015 | 08739.9847 | 8 | 220.813809 | 359.194720 
 4152.3031 | 08739.9847 | 8 | 220.813795 | 359.196560 
 4152.3054 | 08739.9849 | 8 | 220.813603 | 359.199204 
 4152.3199 | 08739.9901 | 8 | 220.809003 | 359.215848 
 4152.3237 | 08739.9974 | 8 | 220.802693 | 359.220170 
 4152.3262 | 08739.9986 | 8 | 220.801639 | 359.223038 
 4152.3460 | 08739.9877 | 8 | 220.810833 | 359.245886 
 4152.3492 | 08739.9884 | 8 | 220.810202 | 359.249562 
 4152.3539 | 08739.9868 | 8 | 220.811536 | 359.254979 
 4152.3554 | 08739.9878 | 8 | 220.810663 | 359.256698 
 4152.3575 | 08739.9889 | 8 | 220.809698 | 359.259106 
 4152.3621 | 08739.9939 | 8 | 220.805359 | 359.264364 
 4152.3653 | 08739.9948 | 8 | 220.804556 | 359.268038 
 4152.3683 | 08739.9956 | 8 | 220.803842 | 359.271484 
 4152.3672 | 08740.0001 | 8 | 220.799983 | 359.270188 
 4152.3666 | 08740.0042 | 8 | 220.796463 | 359.269471 
 4152.3645 | 08739.9985 | 8 | 220.801382 | 359.267093 
 4152.3622 | 08740.0031 | 8 | 220.797448 | 359.264417 
 4152.3627 | 08740.0043 | 8 | 220.796412 | 359.264984 
 4152.3637 | 08740.0068 | 8 | 220.794254 | 359.266118 
 4152.3645 | 08740.0082 | 8 | 220.793043 | 359.267029 
 4152.3652 | 08740.0097 | 8 | 220.791747 | 359.267824 
 4152.3656 | 08739.9978 | 8 | 220.801974 | 359.268363 
 4152.3669 | 08739.9970 | 8 | 220.802651 | 359.269864 
 4152.3680 | 08739.9958 | 8 | 220.803672 | 359.271137 
 4152.3692 | 08739.9947 | 8 | 220.804607 | 359.272525 
 4152.3776 | 08739.9978 | 8 | 220.801867 | 359.282166 
 4152.3817 | 08739.9961 | 8 | 220.803292 | 359.286894 
 4152.3845 | 08739.9961 | 8 | 220.803267 | 359.290114 
 4152.3866 | 08739.9955 | 8 | 220.803764 | 359.292534 
 4152.3888 | 08739.9947 | 8 | 220.804432 | 359.295070 
 4152.3910 | 08739.9940 | 8 | 220.805014 | 359.297605 
 4152.3974 | 08739.9910 | 8 | 220.807536 | 359.304987 
 4152.4004 | 08739.9887 | 8 | 220.809487 | 359.308453 
 4152.4055 | 08739.9865 | 8 | 220.811333 | 359.314334 
 4152.4157 | 08739.9853 | 8 | 220.812273 | 359.326074 
 4152.4214 | 08739.9860 | 8 | 220.811620 | 359.332626 
 4152.4480 | 08739.9971 | 8 | 220.801840 | 359.363149 
 4152.4568 | 08739.9974 | 8 | 220.801503 | 359.373269 
 4152.4611 | 08739.9974 | 8 | 220.801465 | 359.378215 
 4152.4649 | 08739.9965 | 8 | 220.802205 | 359.382592 
 4152.4685 | 08739.9953 | 8 | 220.803204 | 359.386741 
 4152.4719 | 08739.9933 | 8 | 220.804893 | 359.390665 
 4152.4752 | 08739.9912 | 8 | 220.806669 | 359.394475 
 4152.4737 | 08739.9780 | 8 | 220.818030 | 359.392838 
 4152.4771 | 08739.9673 | 8 | 220.827199 | 359.396820 
 4152.4891 | 08739.9438 | 8 | 220.847294 | 359.410780 
 4152.4910 | 08739.9375 | 8 | 220.852693 | 359.413008 
 4152.4914 | 08739.9294 | 8 | 220.859653 | 359.413522 
 4152.4661 | 08739.8999 | 8 | 220.885240 | 359.384618 
 4152.4600 | 08739.8820 | 8 | 220.900683 | 359.377722 
 4152.4606 | 08739.8714 | 8 | 220.909791 | 359.378483 
 4152.4602 | 08739.8609 | 8 | 220.918821 | 359.378093 
 4152.4614 | 08739.8491 | 8 | 220.928954 | 359.379552 
 4152.4613 | 08739.8384 | 8 | 220.938154 | 359.379509 
 4152.4616 | 08739.8277 | 8 | 220.947350 | 359.379926 
 4152.4620 | 08739.8169 | 8 | 220.956631 | 359.380458 
 4152.4594 | 08739.8046 | 8 | 220.967229 | 359.377550 
 4152.4593 | 08739.7933 | 8 | 220.976944 | 359.377511 
 4152.4609 | 08739.7780 | 8 | 220.990083 | 359.379454 
 4152.4605 | 08739.7671 | 8 | 220.999457 | 359.379067 
 4152.4601 | 08739.7558 | 8 | 221.009175 | 359.378683 
 4152.4598 | 08739.7444 | 8 | 221.018978 | 359.378415 
 4152.4591 | 08739.7399 | 8 | 221.022853 | 359.377640 
 4152.4590 | 08739.7304 | 8 | 221.031021 | 359.377589 
 4152.4583 | 08739.7214 | 8 | 221.038765 | 359.376844 
 4152.4647 | 08739.7123 | 8 | 221.046530 | 359.384267 
 4152.4485 | 08739.7074 | 8 | 221.050889 | 359.365666 
 4152.4482 | 08739.6984 | 8 | 221.058629 | 359.365381 
 4152.4478 | 08739.6894 | 8 | 221.066370 | 359.364981 
 4152.4480 | 08739.6809 | 8 | 221.073675 | 359.365269 
 4152.4475 | 08739.6723 | 8 | 221.081073 | 359.364751 
 4152.4479 | 08739.6681 | 8 | 221.084680 | 359.365240 
 4152.4477 | 08739.6600 | 8 | 221.091645 | 359.365064 
 4152.4480 | 08739.6551 | 8 | 221.095855 | 359.365442 
 4152.4481 | 08739.6473 | 8 | 221.102560 | 359.365610 
 4152.4485 | 08739.6386 | 8 | 221.110036 | 359.366129 
 4152.4488 | 08739.6303 | 8 | 221.117168 | 359.366530 
 4152.4490 | 08739.6222 | 8 | 221.124130 | 359.366814 
 4152.4492 | 08739.6139 | 8 | 221.131264 | 359.367100 
 4152.4496 | 08739.6042 | 8 | 221.139599 | 359.367626 
 4152.4492 | 08739.5859 | 8 | 221.155335 | 359.367289 
 4152.4493 | 08739.5754 | 8 | 221.164361 | 359.367475 
 4152.4389 | 08739.5438 | 8 | 221.191621 | 359.355726 
 4152.4394 | 08739.5333 | 8 | 221.200644 | 359.356372 
 4152.4400 | 08739.5230 | 8 | 221.209493 | 359.357131 
 4152.4397 | 08739.5128 | 8 | 221.218265 | 359.356855 
 4152.4407 | 08739.5021 | 8 | 221.227454 | 359.358078 
 4152.4456 | 08739.4897 | 8 | 221.238070 | 359.363798 
 4152.4465 | 08739.4792 | 8 | 221.247089 | 359.364904 
 4152.4486 | 08739.4628 | 8 | 221.261169 | 359.367431 
 4152.4499 | 08739.4557 | 8 | 221.267261 | 359.368974 
 4152.4499 | 08739.4458 | 8 | 221.275772 | 359.369041 
 4152.4497 | 08739.4361 | 8 | 221.284113 | 359.368877 
 4152.4496 | 08739.4267 | 8 | 221.292195 | 359.368825 
 4152.4496 | 08739.4186 | 8 | 221.299158 | 359.368880 
 4152.4499 | 08739.4109 | 8 | 221.305775 | 359.369278 
 4152.4501 | 08739.4055 | 8 | 221.310416 | 359.369544 
 4152.4514 | 08739.4026 | 8 | 221.312897 | 359.371059 
 4152.4802 | 08739.4477 | 8 | 221.273864 | 359.403881 
 4152.4816 | 08739.4451 | 8 | 221.276087 | 359.405509 
 4152.4825 | 08739.4428 | 8 | 221.278056 | 359.406560 
 4152.4556 | 08739.4544 | 8 | 221.268327 | 359.375539 
 4152.4556 | 08739.4531 | 8 | 221.269445 | 359.375548 
 4152.4621 | 08739.4569 | 8 | 221.266119 | 359.382999 
 4152.4625 | 08739.4563 | 8 | 221.266631 | 359.383463 
 4152.4591 | 08739.4571 | 8 | 221.265974 | 359.379547 
 4152.4587 | 08739.4565 | 8 | 221.266493 | 359.379091 
 4152.4588 | 08739.4560 | 8 | 221.266922 | 359.379209 
 4152.4588 | 08739.4555 | 8 | 221.267352 | 359.379213 
 4152.4590 | 08739.4547 | 8 | 221.268038 | 359.379448 
 4152.4592 | 08739.4538 | 8 | 221.268810 | 359.379684 
 4152.4596 | 08739.4513 | 8 | 221.270956 | 359.380161 
 4152.4549 | 08739.4366 | 8 | 221.283636 | 359.374855 
 4152.4543 | 08739.4338 | 8 | 221.286048 | 359.374183 
 4152.4533 | 08739.4313 | 8 | 221.288207 | 359.373050 
 4152.4528 | 08739.4284 | 8 | 221.290704 | 359.372495 
 4152.4521 | 08739.4258 | 8 | 221.292946 | 359.371707 
 4152.4514 | 08739.4233 | 8 | 221.295101 | 359.370919 
 4152.4505 | 08739.4211 | 8 | 221.297001 | 359.369899 
 4152.4572 | 08739.4276 | 8 | 221.291352 | 359.377561 
 4152.4577 | 08739.4258 | 8 | 221.292895 | 359.378149 
 4152.4573 | 08739.4259 | 8 | 221.292813 | 359.377688 
 4152.4571 | 08739.4251 | 8 | 221.293502 | 359.377463 
 4152.4541 | 08739.4245 | 8 | 221.294045 | 359.374016 
 4152.4542 | 08739.4231 | 8 | 221.295248 | 359.374141 
 4152.4543 | 08739.4220 | 8 | 221.296193 | 359.374263 
 4152.4494 | 08739.4199 | 8 | 221.298042 | 359.368641 
 4152.4496 | 08739.4191 | 8 | 221.298728 | 359.368877 
 4152.4493 | 08739.4181 | 8 | 221.299591 | 359.368539 
 4152.4492 | 08739.4171 | 8 | 221.300451 | 359.368430 
 4152.4491 | 08739.4169 | 8 | 221.300624 | 359.368317 
 4152.4566 | 08739.4279 | 8 | 221.291100 | 359.376869 
 4152.4571 | 08739.4281 | 8 | 221.290923 | 359.377443 
 4152.4594 | 08739.4262 | 8 | 221.292536 | 359.380101 
 4152.4599 | 08739.4260 | 8 | 221.292703 | 359.380678 
 4152.4598 | 08739.4262 | 8 | 221.292532 | 359.380561 
 4152.4605 | 08739.4261 | 8 | 221.292612 | 359.381367 
 4152.4609 | 08739.4261 | 8 | 221.292608 | 359.381827 
 4152.4612 | 08739.4262 | 8 | 221.292519 | 359.382172 
 4152.4616 | 08739.4260 | 8 | 221.292688 | 359.382633 
 4152.4615 | 08739.4263 | 8 | 221.292431 | 359.382516 
 4152.4475 | 08739.4282 | 8 | 221.290924 | 359.366400 
 4152.4475 | 08739.4271 | 8 | 221.291870 | 359.366407 
 4152.4481 | 08739.4267 | 8 | 221.292208 | 359.367100 
 4152.4481 | 08739.4267 | 8 | 221.292208 | 359.367100 
 4152.4481 | 08739.4267 | 8 | 221.292208 | 359.367100 
 4152.4481 | 08739.4267 | 8 | 221.292208 | 359.367100 
 4152.4481 | 08739.4267 | 8 | 221.292208 | 359.367100 
 4152.4481 | 08739.4267 | 8 | 221.292208 | 359.367100 
 4152.4481 | 08739.4267 | 8 | 221.292208 | 359.367100 
 4152.4481 | 08739.4267 | 8 | 221.292208 | 359.367100 
 4152.4481 | 08739.4267 | 8 | 221.292208 | 359.367100 
 4152.4481 | 08739.4267 | 8 | 221.292208 | 359.367100 
 4152.4481 | 08739.4267 | 8 | 221.292208 | 359.367100 
 4152.4481 | 08739.4267 | 8 | 221.292208 | 359.367100 
 4152.4481 | 08739.4267 | 8 | 221.292208 | 359.367100 
 4152.4481 | 08739.4267 | 8 | 221.292208 | 359.367100 
 4152.4481 | 08739.4267 | 8 | 221.292208 | 359.367100 
 4152.4481 | 08739.4267 | 8 | 221.292208 | 359.367100 
 4152.4481 | 08739.4267 | 8 | 221.292208 | 359.367100 
 4152.4481 | 08739.4267 | 8 | 221.292208 | 359.367100 
 4152.4481 | 08739.4267 | 8 | 221.292208 | 359.367100 
 4152.4481 | 08739.4267 | 8 | 221.292208 | 359.367100 
 4152.4481 | 08739.4267 | 8 | 221.292208 | 359.367100 
 4152.4481 | 08739.4267 | 8 | 221.292208 | 359.367100 
 4152.4481 | 08739.4267 | 8 | 221.292208 | 359.367100 
 4152.4529 | 08739.4237 | 8 | 221.294744 | 359.372642 
 4152.4524 | 08739.4198 | 8 | 221.298101 | 359.372093 
 4152.4556 | 08739.4110 | 8 | 221.305638 | 359.375833 
 4152.4584 | 08739.4055 | 8 | 221.310340 | 359.379091 
 4152.4593 | 08739.4012 | 8 | 221.314029 | 359.380156 
 4152.4596 | 08739.3969 | 8 | 221.317723 | 359.380530 
 4152.4631 | 08739.3810 | 8 | 221.331360 | 359.384664 
 4152.4642 | 08739.3729 | 8 | 221.338314 | 359.385984 
 4152.4649 | 08739.3650 | 8 | 221.345099 | 359.386842 
 4152.4651 | 08739.3573 | 8 | 221.351717 | 359.387125 
 4152.4657 | 08739.3494 | 8 | 221.358503 | 359.387869 
 4152.4660 | 08739.3411 | 8 | 221.365636 | 359.388270 
 4152.4657 | 08739.3338 | 8 | 221.371914 | 359.387974 
 4152.4661 | 08739.3259 | 8 | 221.378702 | 359.388488 
 4152.4664 | 08739.3096 | 8 | 221.392712 | 359.388944 
 4152.4667 | 08739.3009 | 8 | 221.400189 | 359.389348 
 4152.4668 | 08739.2927 | 8 | 221.407237 | 359.389519 
 4152.4654 | 08739.2796 | 8 | 221.418512 | 359.387998 
 4152.4653 | 08739.2709 | 8 | 221.425992 | 359.387942 
 4152.4657 | 08739.2616 | 8 | 221.433984 | 359.388465 
 4152.4655 | 08739.2526 | 8 | 221.441723 | 359.388296 
 4152.4654 | 08739.2435 | 8 | 221.449547 | 359.388243 
 4152.4649 | 08739.2343 | 8 | 221.457460 | 359.387730 
 4152.4650 | 08739.2252 | 8 | 221.465283 | 359.387907 
 4152.4647 | 08739.2153 | 8 | 221.473796 | 359.387630 
 4152.4640 | 08739.2054 | 8 | 221.482314 | 359.386892 
 4152.4633 | 08739.1956 | 8 | 221.490745 | 359.386154 
 4152.4631 | 08739.1858 | 8 | 221.499172 | 359.385990 
 4152.4635 | 08739.1758 | 8 | 221.507765 | 359.386519 
 4152.4633 | 08739.1658 | 8 | 221.516364 | 359.386357 
 4152.4638 | 08739.1556 | 8 | 221.525128 | 359.387001 
 4152.4637 | 08739.1461 | 8 | 221.533296 | 359.386951 
 4152.4635 | 08739.1368 | 8 | 221.541293 | 359.386784 
 4152.4621 | 08739.1342 | 8 | 221.543541 | 359.385192 
 4152.4625 | 08739.1274 | 8 | 221.549383 | 359.385698 
 4152.4736 | 08739.1378 | 8 | 221.540341 | 359.398395 
 4152.4773 | 08739.1363 | 8 | 221.541597 | 359.402661 
 4152.4798 | 08739.1353 | 8 | 221.542434 | 359.405544 
 4152.4835 | 08739.1334 | 8 | 221.544033 | 359.409813 
 4152.4865 | 08739.1337 | 8 | 221.543748 | 359.413261 
 4152.4857 | 08739.1341 | 8 | 221.543412 | 359.412338 
 4152.4868 | 08739.1339 | 8 | 221.543573 | 359.413605 
 4152.4868 | 08739.1338 | 8 | 221.543659 | 359.413606 
 4152.4871 | 08739.1337 | 8 | 221.543743 | 359.413952 
 4152.4868 | 08739.1338 | 8 | 221.543659 | 359.413606 
 4152.4865 | 08739.1339 | 8 | 221.543576 | 359.413260 
 4152.4778 | 08739.1389 | 8 | 221.539357 | 359.403219 
 4152.4782 | 08739.1388 | 8 | 221.539440 | 359.403679 
 4152.4787 | 08739.1384 | 8 | 221.539779 | 359.404257 
 4152.4790 | 08739.1380 | 8 | 221.540120 | 359.404605 
 4152.4793 | 08739.1378 | 8 | 221.540289 | 359.404952 
 4152.4796 | 08739.1377 | 8 | 221.540372 | 359.405297 
 4152.4798 | 08739.1376 | 8 | 221.540457 | 359.405528 
 4152.4789 | 08739.1370 | 8 | 221.540981 | 359.404497 
 4152.4786 | 08739.1370 | 8 | 221.540983 | 359.404152 
 4152.4787 | 08739.1368 | 8 | 221.541154 | 359.404268 
 4152.4777 | 08739.1357 | 8 | 221.542109 | 359.403126 
 4152.4777 | 08739.1359 | 8 | 221.541937 | 359.403124 
 4152.4774 | 08739.1356 | 8 | 221.542198 | 359.402781 
 4152.4777 | 08739.1350 | 8 | 221.542711 | 359.403130 
 4152.4764 | 08739.1351 | 8 | 221.542637 | 359.401634 
 4152.4765 | 08739.1345 | 8 | 221.543152 | 359.401753 
 4152.4750 | 08739.1330 | 8 | 221.544455 | 359.400038 
 4152.4746 | 08739.1317 | 8 | 221.545576 | 359.399587 
 4152.4748 | 08739.1269 | 8 | 221.549701 | 359.399850 
 4152.4728 | 08739.1204 | 8 | 221.555307 | 359.397594 
 4152.4729 | 08739.1181 | 8 | 221.557283 | 359.397724 
 4152.4716 | 08739.1188 | 8 | 221.556694 | 359.396224 
 4152.4706 | 08739.1186 | 8 | 221.556875 | 359.395075 
 4152.4611 | 08739.1209 | 8 | 221.554984 | 359.384132 
 4152.4609 | 08739.1208 | 8 | 221.555072 | 359.383903 
 4152.4609 | 08739.1203 | 8 | 221.555502 | 359.383906 
 4152.4610 | 08739.1208 | 8 | 221.555071 | 359.384018 
 4152.4610 | 08739.1210 | 8 | 221.554899 | 359.384017 
 4152.4610 | 08739.1208 | 8 | 221.555071 | 359.384018 
 4152.4610 | 08739.1208 | 8 | 221.555071 | 359.384018 
 4152.4610 | 08739.1208 | 8 | 221.555071 | 359.384018 
 4152.4610 | 08739.1208 | 8 | 221.555071 | 359.384018 
 4152.4610 | 08739.1208 | 8 | 221.555071 | 359.384018 
 4152.4610 | 08739.1208 | 8 | 221.555071 | 359.384018 
 4152.4610 | 08739.1208 | 8 | 221.555071 | 359.384018 
 4152.4610 | 08739.1208 | 8 | 221.555071 | 359.384018 
 4152.4610 | 08739.1208 | 8 | 221.555071 | 359.384018 
 4152.4610 | 08739.1208 | 8 | 221.555071 | 359.384018 
 4152.4610 | 08739.1208 | 8 | 221.555071 | 359.384018 
 4152.4610 | 08739.1208 | 8 | 221.555071 | 359.384018 
 4152.4610 | 08739.1208 | 8 | 221.555071 | 359.384018 
 4152.4610 | 08739.1208 | 8 | 221.555071 | 359.384018 
 4152.4610 | 08739.1208 | 8 | 221.555071 | 359.384018 
 4152.4610 | 08739.1208 | 8 | 221.555071 | 359.384018 
 4152.4583 | 08739.1194 | 8 | 221.556299 | 359.380922 
 4152.4579 | 08739.1176 | 8 | 221.557850 | 359.380474 
 4152.4572 | 08739.1143 | 8 | 221.560694 | 359.379691 
 4152.4567 | 08739.1110 | 8 | 221.563535 | 359.379139 
 4152.4664 | 08739.1024 | 8 | 221.570840 | 359.390355 
 4152.4680 | 08739.0976 | 8 | 221.574952 | 359.392228 
 4152.4650 | 08739.0907 | 8 | 221.580911 | 359.388824 
 4152.4652 | 08739.0845 | 8 | 221.586239 | 359.389097 
 4152.4656 | 08739.0783 | 8 | 221.591566 | 359.389599 
 4152.4656 | 08739.0533 | 8 | 221.613058 | 359.389770 
 4152.4650 | 08739.0356 | 8 | 221.628280 | 359.389201 
 4152.4649 | 08739.0273 | 8 | 221.635416 | 359.389143 
 4152.4649 | 08739.0189 | 8 | 221.642638 | 359.389200 
 4152.4654 | 08739.0027 | 8 | 221.656560 | 359.389886 
 4152.4655 | 08738.9946 | 8 | 221.663523 | 359.390057 
 4152.4663 | 08738.9916 | 8 | 221.666094 | 359.390997 
 4152.4656 | 08738.9865 | 8 | 221.670485 | 359.390227 
 4152.4660 | 08738.9824 | 8 | 221.674006 | 359.390715 
 4152.4661 | 08738.9800 | 8 | 221.676069 | 359.390847 
 4152.4658 | 08738.9782 | 8 | 221.677619 | 359.390514 
 4152.4654 | 08738.9768 | 8 | 221.678826 | 359.390063 
 4152.4679 | 08738.9754 | 8 | 221.680007 | 359.392949 
 4152.4681 | 08738.9737 | 8 | 221.681466 | 359.393190 
 4152.4654 | 08738.9754 | 8 | 221.680030 | 359.390073 
 4152.4701 | 08738.9759 | 8 | 221.679557 | 359.395476 
 4152.4591 | 08738.9788 | 8 | 221.677164 | 359.382803 
 4152.4589 | 08738.9787 | 8 | 221.677252 | 359.382574 
 4152.4534 | 08738.9801 | 8 | 221.676099 | 359.376238 
 4152.4534 | 08738.9799 | 8 | 221.676271 | 359.376239 
 4152.4530 | 08738.9801 | 8 | 221.676103 | 359.375778 
 4152.4525 | 08738.9805 | 8 | 221.675763 | 359.375200 
 4152.4523 | 08738.9807 | 8 | 221.675593 | 359.374968 
 4152.4499 | 08738.9854 | 8 | 221.671575 | 359.372176 
 4152.4494 | 08738.9860 | 8 | 221.671064 | 359.371596 
 4152.4475 | 08738.9874 | 8 | 221.669877 | 359.369401 
 4152.4465 | 08738.9886 | 8 | 221.668855 | 359.368243 
 4152.4442 | 08738.9857 | 8 | 221.671369 | 359.365617 
 4152.4443 | 08738.9863 | 8 | 221.670852 | 359.365728 
 4152.4444 | 08738.9863 | 8 | 221.670851 | 359.365843 
 4152.4518 | 08738.9857 | 8 | 221.671299 | 359.374359 
 4152.4516 | 08738.9858 | 8 | 221.671215 | 359.374128 
 4152.4568 | 08738.9852 | 8 | 221.671683 | 359.380114 
 4152.4568 | 08738.9852 | 8 | 221.671683 | 359.380114 
 4152.4568 | 08738.9852 | 8 | 221.671683 | 359.380114 
 4152.4568 | 08738.9852 | 8 | 221.671683 | 359.380114 
 4152.4604 | 08738.9798 | 8 | 221.676293 | 359.384292 
 4152.4613 | 08738.9785 | 8 | 221.677402 | 359.385336 
 4152.4620 | 08738.9774 | 8 | 221.678341 | 359.386148 
 4152.4631 | 08738.9761 | 8 | 221.679449 | 359.387423 
 4152.4647 | 08738.9746 | 8 | 221.680724 | 359.389273 
 4152.4601 | 08738.9620 | 8 | 221.691598 | 359.384068 
 4152.4599 | 08738.9565 | 8 | 221.696328 | 359.383876 
 4152.4623 | 08738.9503 | 8 | 221.701636 | 359.386679 
 4152.4628 | 08738.9446 | 8 | 221.706532 | 359.387293 
 4152.4639 | 08738.9388 | 8 | 221.711508 | 359.388598 
 4152.4641 | 08738.9331 | 8 | 221.716406 | 359.388868 
 4152.4752 | 08738.9211 | 8 | 221.726621 | 359.401718 
 4152.4814 | 08738.9129 | 8 | 221.733613 | 359.408905 
 4152.4827 | 08738.9066 | 8 | 221.739018 | 359.410444 
 4152.4832 | 08738.9001 | 8 | 221.744601 | 359.411064 
 4152.4836 | 08738.8937 | 8 | 221.750099 | 359.411568 
 4152.4840 | 08738.8872 | 8 | 221.755684 | 359.412072 
 4152.4843 | 08738.8806 | 8 | 221.761355 | 359.412463 
 4152.4873 | 08738.8494 | 8 | 221.788149 | 359.416128 
 4152.4903 | 08738.8423 | 8 | 221.794226 | 359.419627 
 4152.4932 | 08738.8403 | 8 | 221.795918 | 359.422977 
 4152.4961 | 08738.8383 | 8 | 221.797611 | 359.426326 
 4152.4767 | 08738.8522 | 8 | 221.785840 | 359.403916 
 4152.4841 | 08738.8594 | 8 | 221.779582 | 359.412378 
 4152.4853 | 08738.8617 | 8 | 221.777594 | 359.413743 
 4152.4850 | 08738.8618 | 8 | 221.777510 | 359.413397 
 4152.4846 | 08738.8625 | 8 | 221.776912 | 359.412932 
 4152.4842 | 08738.8628 | 8 | 221.776658 | 359.412470 
 4152.4838 | 08738.8628 | 8 | 221.776662 | 359.412010 
 4152.4800 | 08738.8626 | 8 | 221.776869 | 359.407640 
 4152.4765 | 08738.8608 | 8 | 221.778448 | 359.403627 
 4152.4761 | 08738.8601 | 8 | 221.779054 | 359.403171 
 4152.4756 | 08738.8594 | 8 | 221.779660 | 359.402601 
 4152.4749 | 08738.8588 | 8 | 221.780182 | 359.401800 
 4152.4746 | 08738.8579 | 8 | 221.780959 | 359.401461 
 4152.4741 | 08738.8570 | 8 | 221.781737 | 359.400892 
 4152.4738 | 08738.8565 | 8 | 221.782170 | 359.400551 
 4152.4732 | 08738.8564 | 8 | 221.782261 | 359.399861 
 4152.4771 | 08738.8591 | 8 | 221.779904 | 359.404329 
 4152.4778 | 08738.8589 | 8 | 221.780070 | 359.405135 
 4152.4797 | 08738.8586 | 8 | 221.780310 | 359.407323 
 4152.4797 | 08738.8586 | 8 | 221.780310 | 359.407323 
 4152.4830 | 08738.8582 | 8 | 221.780624 | 359.411121 
 4152.4833 | 08738.8581 | 8 | 221.780707 | 359.411467 
 4152.4836 | 08738.8578 | 8 | 221.780962 | 359.411814 
 4152.4838 | 08738.8577 | 8 | 221.781046 | 359.412045 
 4152.4847 | 08738.8578 | 8 | 221.780952 | 359.413079 
 4152.4849 | 08738.8578 | 8 | 221.780950 | 359.413309 
 4152.4852 | 08738.8578 | 8 | 221.780947 | 359.413655 
 4152.4852 | 08738.8580 | 8 | 221.780775 | 359.413653 
 4152.4850 | 08738.8587 | 8 | 221.780175 | 359.413418 
 4152.4845 | 08738.8607 | 8 | 221.778461 | 359.412829 
 4152.4840 | 08738.8617 | 8 | 221.777606 | 359.412247 
 4152.4836 | 08738.8615 | 8 | 221.777781 | 359.411789 
 4152.4842 | 08738.8603 | 8 | 221.778807 | 359.412487 
 4152.4834 | 08738.8592 | 8 | 221.779760 | 359.411575 
 4152.4818 | 08738.8573 | 8 | 221.781408 | 359.409747 
 4152.4818 | 08738.8573 | 8 | 221.781408 | 359.409747 
 4152.4792 | 08738.8539 | 8 | 221.784355 | 359.406780 
 4152.4783 | 08738.8526 | 8 | 221.785481 | 359.405754 
 4152.4748 | 08738.8472 | 8 | 221.790156 | 359.401765 
 4152.4732 | 08738.8445 | 8 | 221.792491 | 359.399943 
 4152.4720 | 08738.8425 | 8 | 221.794222 | 359.398576 
 4152.4718 | 08738.8408 | 8 | 221.795685 | 359.398358 
 4152.4634 | 08738.8413 | 8 | 221.795332 | 359.388692 
 4152.4577 | 08738.8399 | 8 | 221.796588 | 359.382146 
 4152.4516 | 08738.8377 | 8 | 221.798536 | 359.375144 
 4152.4406 | 08738.8316 | 8 | 221.803881 | 359.362533 
 4152.4380 | 08738.8314 | 8 | 221.804077 | 359.359544 
 4152.4356 | 08738.8311 | 8 | 221.804357 | 359.356785 
 4152.4335 | 08738.8304 | 8 | 221.804978 | 359.354375 
 4152.4317 | 08738.8297 | 8 | 221.805596 | 359.352309 
 4152.4302 | 08738.8288 | 8 | 221.806384 | 359.350590 
 4152.4289 | 08738.8279 | 8 | 221.807170 | 359.349101 
 4152.4276 | 08738.8273 | 8 | 221.807697 | 359.347610 
 4152.4263 | 08738.8269 | 8 | 221.808053 | 359.346117 
 4152.4254 | 08738.8288 | 8 | 221.806428 | 359.345069 
 4152.4239 | 08738.8280 | 8 | 221.807130 | 359.343349 
 4152.4263 | 08738.8278 | 8 | 221.807279 | 359.346111 
 4152.4261 | 08738.8267 | 8 | 221.808227 | 359.345888 
 4152.4261 | 08738.8263 | 8 | 221.808571 | 359.345891 
 4152.4261 | 08738.8263 | 8 | 221.808571 | 359.345891 
 4152.4261 | 08738.8263 | 8 | 221.808571 | 359.345891 
 4152.4261 | 08738.8263 | 8 | 221.808571 | 359.345891 
 4152.4261 | 08738.8263 | 8 | 221.808571 | 359.345891 
 4152.4261 | 08738.8263 | 8 | 221.808571 | 359.345891 
 4152.4261 | 08738.8263 | 8 | 221.808571 | 359.345891 
 4152.4261 | 08738.8263 | 8 | 221.808571 | 359.345891 
 4152.4261 | 08738.8263 | 8 | 221.808571 | 359.345891 
 4152.4261 | 08738.8263 | 8 | 221.808571 | 359.345891 
 4152.4261 | 08738.8263 | 8 | 221.808571 | 359.345891 
 4152.4264 | 08738.8223 | 8 | 221.812007 | 359.346264 
 4152.4264 | 08738.8219 | 8 | 221.812351 | 359.346266 
 4152.4264 | 08738.8222 | 8 | 221.812093 | 359.346264 
 4152.4267 | 08738.8238 | 8 | 221.810715 | 359.346598 
 4152.4268 | 08738.8233 | 8 | 221.811144 | 359.346717 
 4152.4268 | 08738.8233 | 8 | 221.811144 | 359.346717 
 4152.4268 | 08738.8233 | 8 | 221.811144 | 359.346717 
 4152.4268 | 08738.8233 | 8 | 221.811144 | 359.346717 
 4152.4268 | 08738.8233 | 8 | 221.811144 | 359.346717 
 4152.4268 | 08738.8233 | 8 | 221.811144 | 359.346717 
 4152.4268 | 08738.8233 | 8 | 221.811144 | 359.346717 
 4152.4268 | 08738.8233 | 8 | 221.811144 | 359.346717 
 4152.4268 | 08738.8233 | 8 | 221.811144 | 359.346717 
 4152.4268 | 08738.8233 | 8 | 221.811144 | 359.346717 
 4152.4268 | 08738.8233 | 8 | 221.811144 | 359.346717 
 4152.4268 | 08738.8233 | 8 | 221.811144 | 359.346717 
 4152.4253 | 08738.8222 | 8 | 221.812103 | 359.344999 
 4152.4239 | 08738.8221 | 8 | 221.812202 | 359.343389 
 4152.4224 | 08738.8223 | 8 | 221.812044 | 359.341663 
 4152.4209 | 08738.8222 | 8 | 221.812143 | 359.339938 
 4152.4156 | 08738.8217 | 8 | 221.812622 | 359.333845 
 4152.4114 | 08738.8220 | 8 | 221.812403 | 359.329012 
 4152.4079 | 08738.8229 | 8 | 221.811661 | 359.324980 
 4152.4005 | 08738.8225 | 8 | 221.812073 | 359.316471 
 4152.3946 | 08738.8229 | 8 | 221.811784 | 359.309681 
 4152.3891 | 08738.8259 | 8 | 221.809255 | 359.303334 
 4152.3828 | 08738.8265 | 8 | 221.808797 | 359.296084 
 4152.3765 | 08738.8270 | 8 | 221.808425 | 359.288834 
 4152.3697 | 08738.8284 | 8 | 221.807284 | 359.281002 
 4152.3624 | 08738.8243 | 8 | 221.810876 | 359.272634 
 4152.3563 | 08738.8280 | 8 | 221.807751 | 359.265592 
 4152.3500 | 08738.8279 | 8 | 221.807895 | 359.258346 
 4152.3437 | 08738.8277 | 8 | 221.808125 | 359.251101 
 4152.3374 | 08738.8275 | 8 | 221.808355 | 359.243855 
 4152.3248 | 08738.8270 | 8 | 221.808901 | 359.229366 
 4152.3148 | 08738.8284 | 8 | 221.807789 | 359.217853 
 4152.3107 | 08738.8314 | 8 | 221.805247 | 359.213117 
 4152.2947 | 08738.8323 | 8 | 221.804621 | 359.194707 
 4152.2900 | 08738.8315 | 8 | 221.805352 | 359.189306 
 4152.2772 | 08738.8338 | 8 | 221.803492 | 359.174567 
 4152.2705 | 08738.8381 | 8 | 221.799857 | 359.166831 
 4152.2736 | 08738.8430 | 8 | 221.795616 | 359.170363 
 4152.2713 | 08738.8419 | 8 | 221.796583 | 359.167725 
 4152.2687 | 08738.8407 | 8 | 221.797638 | 359.164742 
 4152.2728 | 08738.8443 | 8 | 221.794505 | 359.169434 
 4152.2875 | 08738.8208 | 8 | 221.814574 | 359.186504 
 4152.2874 | 08738.8264 | 8 | 221.809760 | 359.186350 
 4152.2922 | 08738.8255 | 8 | 221.810490 | 359.191878 
 4152.3177 | 08738.8358 | 8 | 221.801400 | 359.221138 
 4152.3174 | 08738.8368 | 8 | 221.800543 | 359.220786 
 4152.3173 | 08738.8382 | 8 | 221.799341 | 359.220662 
 4152.3171 | 08738.8393 | 8 | 221.798397 | 359.220424 
 4152.3172 | 08738.8408 | 8 | 221.797106 | 359.220529 
 4152.3186 | 08738.8397 | 8 | 221.798039 | 359.222147 
 4152.3186 | 08738.8406 | 8 | 221.797265 | 359.222141 
 4152.3189 | 08738.8418 | 8 | 221.796231 | 359.222477 
 4152.3191 | 08738.8430 | 8 | 221.795197 | 359.222699 
 4152.3195 | 08738.8443 | 8 | 221.794076 | 359.223150 
 4152.3196 | 08738.8452 | 8 | 221.793301 | 359.223259 
 4152.3203 | 08738.8477 | 8 | 221.791146 | 359.224047 
 4152.3202 | 08738.8497 | 8 | 221.789427 | 359.223918 
 4152.3201 | 08738.8505 | 8 | 221.788740 | 359.223798 
 4152.3199 | 08738.8514 | 8 | 221.787968 | 359.223562 
 4152.3194 | 08738.8527 | 8 | 221.786855 | 359.222978 
 4152.3191 | 08738.8535 | 8 | 221.786170 | 359.222627 
 4152.3193 | 08738.8547 | 8 | 221.785137 | 359.222849 
 4152.3193 | 08738.8557 | 8 | 221.784277 | 359.222842 
 4152.3191 | 08738.8566 | 8 | 221.783505 | 359.222606 
 4152.3189 | 08738.8577 | 8 | 221.782561 | 359.222368 
 4152.3189 | 08738.8586 | 8 | 221.781788 | 359.222362 
 4152.3188 | 08738.8595 | 8 | 221.781015 | 359.222241 
 4152.3193 | 08738.8604 | 8 | 221.780236 | 359.222810 
 4152.3194 | 08738.8612 | 8 | 221.779548 | 359.222919 
 4152.3194 | 08738.8621 | 8 | 221.778774 | 359.222913 
 4152.3194 | 08738.8630 | 8 | 221.778000 | 359.222907 
 4152.3195 | 08738.8638 | 8 | 221.777312 | 359.223016 
 4152.3195 | 08738.8647 | 8 | 221.776538 | 359.223010 
 4152.3196 | 08738.8664 | 8 | 221.775075 | 359.223114 
 4152.3128 | 08738.8973 | 8 | 221.748572 | 359.215080 
 4152.3118 | 08738.8917 | 8 | 221.753396 | 359.213968 
 4152.3111 | 08738.8951 | 8 | 221.750479 | 359.213139 
 4152.3124 | 08738.8978 | 8 | 221.748146 | 359.214616 
 4152.3131 | 08738.8982 | 8 | 221.747796 | 359.215419 
 4152.3094 | 08738.8982 | 8 | 221.747830 | 359.211163 
 4152.3084 | 08738.8989 | 8 | 221.747237 | 359.210008 
 4152.3087 | 08738.8949 | 8 | 221.750673 | 359.210380 
 4152.3095 | 08738.8938 | 8 | 221.751612 | 359.211308 
 4152.3101 | 08738.8925 | 8 | 221.752724 | 359.212007 
 4152.3102 | 08738.8920 | 8 | 221.753153 | 359.212125 
 4152.3110 | 08738.8906 | 8 | 221.754349 | 359.213055 
 4152.3109 | 08738.8901 | 8 | 221.754780 | 359.212944 
 4152.3104 | 08738.8900 | 8 | 221.754870 | 359.212369 
 4152.3106 | 08738.8920 | 8 | 221.753149 | 359.212586 
 4152.3105 | 08738.8915 | 8 | 221.753580 | 359.212474 
 4152.3102 | 08738.8908 | 8 | 221.754184 | 359.212134 
 4152.3103 | 08738.8903 | 8 | 221.754613 | 359.212252 
 4152.3099 | 08738.8900 | 8 | 221.754875 | 359.211794 
 4152.3094 | 08738.8898 | 8 | 221.755052 | 359.211220 
 4152.3079 | 08738.8898 | 8 | 221.755065 | 359.209495 
 4152.3071 | 08738.8896 | 8 | 221.755245 | 359.208576 
 4152.3067 | 08738.8895 | 8 | 221.755334 | 359.208117 
 4152.3065 | 08738.8895 | 8 | 221.755336 | 359.207887 
 4152.3060 | 08738.8889 | 8 | 221.755856 | 359.207316 
 4152.3055 | 08738.8885 | 8 | 221.756205 | 359.206743 
 4152.3053 | 08738.8876 | 8 | 221.756981 | 359.206519 
 4152.3050 | 08738.8872 | 8 | 221.757327 | 359.206177 
 4152.3021 | 08738.8863 | 8 | 221.758128 | 359.202848 
 4152.2998 | 08738.8854 | 8 | 221.758922 | 359.200208 
 4152.2940 | 08738.8844 | 8 | 221.759835 | 359.193544 
 4152.2932 | 08738.8835 | 8 | 221.760617 | 359.192630 
 4152.2922 | 08738.8832 | 8 | 221.760884 | 359.191481 
 4152.2910 | 08738.8842 | 8 | 221.760035 | 359.190094 
 4152.2898 | 08738.8845 | 8 | 221.759788 | 359.188712 
 4152.2887 | 08738.8857 | 8 | 221.758766 | 359.187438 
 4152.2867 | 08738.8898 | 8 | 221.755260 | 359.185110 
 4152.2858 | 08738.8923 | 8 | 221.753119 | 359.184057 
 4152.2841 | 08738.9024 | 8 | 221.744451 | 359.182033 
 4152.2856 | 08738.9038 | 8 | 221.743234 | 359.183748 
 4152.2850 | 08738.9040 | 8 | 221.743067 | 359.183057 
 4152.2841 | 08738.9048 | 8 | 221.742388 | 359.182016 
 4152.2836 | 08738.9056 | 8 | 221.741705 | 359.181435 
 4152.2830 | 08738.9063 | 8 | 221.741108 | 359.180741 
 4152.2827 | 08738.9077 | 8 | 221.739907 | 359.180386 
 4152.2834 | 08738.9102 | 8 | 221.737752 | 359.181174 
 4152.2827 | 08738.9109 | 8 | 221.737156 | 359.180364 
 4152.2824 | 08738.9107 | 8 | 221.737331 | 359.180020 
 4152.2821 | 08738.9106 | 8 | 221.737420 | 359.179676 
 4152.2814 | 08738.9112 | 8 | 221.736910 | 359.178866 
 4152.2810 | 08738.9115 | 8 | 221.736656 | 359.178404 
 4152.2794 | 08738.9135 | 8 | 221.734951 | 359.176550 
 4152.2787 | 08738.9141 | 8 | 221.734442 | 359.175741 
 4152.2779 | 08738.9150 | 8 | 221.733675 | 359.174815 
 4152.2776 | 08738.9156 | 8 | 221.733162 | 359.174465 
 4152.2768 | 08738.9163 | 8 | 221.732568 | 359.173540 
 4152.2768 | 08738.9172 | 8 | 221.731794 | 359.173534 
 4152.2767 | 08738.9173 | 8 | 221.731709 | 359.173418 
 4152.2762 | 08738.9177 | 8 | 221.731370 | 359.172841 
 4152.2756 | 08738.9184 | 8 | 221.730773 | 359.172146 
 4152.2751 | 08738.9188 | 8 | 221.730434 | 359.171568 
 4152.2747 | 08738.9192 | 8 | 221.730094 | 359.171105 
 4152.2744 | 08738.9194 | 8 | 221.729925 | 359.170758 
 4152.2740 | 08738.9195 | 8 | 221.729842 | 359.170298 
 4152.2726 | 08738.9221 | 8 | 221.727620 | 359.168670 
 4152.2721 | 08738.9224 | 8 | 221.727367 | 359.168092 
 4152.2713 | 08738.9201 | 8 | 221.729351 | 359.167188 
 4152.2708 | 08738.9209 | 8 | 221.728668 | 359.166607 
 4152.2703 | 08738.9212 | 8 | 221.728415 | 359.166030 
 4152.2695 | 08738.9213 | 8 | 221.728336 | 359.165109 
 4152.2689 | 08738.9218 | 8 | 221.727912 | 359.164416 
 4152.2684 | 08738.9227 | 8 | 221.727143 | 359.163834 
 4152.2683 | 08738.9278 | 8 | 221.722759 | 359.163684 
 4152.2678 | 08738.9295 | 8 | 221.721302 | 359.163098 
 4152.2674 | 08738.9309 | 8 | 221.720102 | 359.162628 
 4152.2668 | 08738.9321 | 8 | 221.719076 | 359.161929 
 4152.2662 | 08738.9333 | 8 | 221.718050 | 359.161231 
 4152.2657 | 08738.9345 | 8 | 221.717023 | 359.160648 
 4152.2653 | 08738.9356 | 8 | 221.716081 | 359.160180 
 4152.2651 | 08738.9370 | 8 | 221.714879 | 359.159940 
 4152.2646 | 08738.9383 | 8 | 221.713766 | 359.159356 
 4152.2645 | 08738.9395 | 8 | 221.712735 | 359.159233 
 4152.2649 | 08738.9405 | 8 | 221.711872 | 359.159686 
 4152.2652 | 08738.9416 | 8 | 221.710923 | 359.160024 
 4152.2649 | 08738.9426 | 8 | 221.710066 | 359.159672 
 4152.2642 | 08738.9434 | 8 | 221.709385 | 359.158861 
 4152.2639 | 08738.9445 | 8 | 221.708442 | 359.158509 
 4152.2637 | 08738.9455 | 8 | 221.707584 | 359.158272 
 4152.2637 | 08738.9462 | 8 | 221.706982 | 359.158267 
 4152.2636 | 08738.9448 | 8 | 221.708187 | 359.158162 
 4152.2663 | 08738.9474 | 8 | 221.705927 | 359.161249 
 4152.2666 | 08738.9486 | 8 | 221.704892 | 359.161586 
 4152.2661 | 08738.9495 | 8 | 221.704123 | 359.161005 
 4152.2658 | 08738.9506 | 8 | 221.703180 | 359.160652 
 4152.2654 | 08738.9518 | 8 | 221.702152 | 359.160184 
 4152.2651 | 08738.9530 | 8 | 221.701123 | 359.159831 
 4152.2645 | 08738.9539 | 8 | 221.700355 | 359.159134 
 4152.2642 | 08738.9551 | 8 | 221.699326 | 359.158781 
 4152.2638 | 08738.9559 | 8 | 221.698642 | 359.158316 
 4152.2633 | 08738.9567 | 8 | 221.697958 | 359.157735 
 4152.2628 | 08738.9574 | 8 | 221.697361 | 359.157155 
 4152.2623 | 08738.9580 | 8 | 221.696850 | 359.156576 
 4152.2621 | 08738.9586 | 8 | 221.696336 | 359.156342 
 4152.2617 | 08738.9593 | 8 | 221.695738 | 359.155877 
 4152.2611 | 08738.9598 | 8 | 221.695313 | 359.155183 
 4152.2608 | 08738.9606 | 8 | 221.694628 | 359.154833 
 4152.2603 | 08738.9611 | 8 | 221.694203 | 359.154254 
 4152.2599 | 08738.9611 | 8 | 221.694207 | 359.153794 
 4152.2591 | 08738.9613 | 8 | 221.694042 | 359.152872 
 4152.2582 | 08738.9617 | 8 | 221.693707 | 359.151834 
 4152.2572 | 08738.9632 | 8 | 221.692426 | 359.150674 
 4152.2568 | 08738.9633 | 8 | 221.692344 | 359.150213 
 4152.2563 | 08738.9638 | 8 | 221.691919 | 359.149635 
 4152.2557 | 08738.9645 | 8 | 221.691322 | 359.148940 
 4152.2546 | 08738.9651 | 8 | 221.690816 | 359.147670 
 4152.2544 | 08738.9658 | 8 | 221.690216 | 359.147435 
 4152.2536 | 08738.9651 | 8 | 221.690826 | 359.146520 
 4152.2526 | 08738.9640 | 8 | 221.691780 | 359.145377 
 4152.2515 | 08738.9628 | 8 | 221.692822 | 359.144120 
 4152.2504 | 08738.9616 | 8 | 221.693864 | 359.142863 
 4152.2493 | 08738.9592 | 8 | 221.695937 | 359.141614 
 4152.2482 | 08738.9579 | 8 | 221.697065 | 359.140358 
 4152.2473 | 08738.9573 | 8 | 221.697589 | 359.139327 
 4152.2470 | 08738.9550 | 8 | 221.699569 | 359.138998 
 4152.2459 | 08738.9528 | 8 | 221.701471 | 359.137747 
 4152.2450 | 08738.9509 | 8 | 221.703113 | 359.136725 
 4152.2436 | 08738.9431 | 8 | 221.709832 | 359.135168 
 4152.2431 | 08738.9421 | 8 | 221.710696 | 359.134600 
 4152.2419 | 08738.9407 | 8 | 221.711910 | 359.133229 
 4152.2413 | 08738.9397 | 8 | 221.712776 | 359.132546 
 4152.2439 | 08738.9387 | 8 | 221.713612 | 359.135543 
 4152.2435 | 08738.9345 | 8 | 221.717226 | 359.135112 
 4152.2440 | 08738.9341 | 8 | 221.717566 | 359.135690 
 4152.2436 | 08738.9328 | 8 | 221.718687 | 359.135239 
 4152.2434 | 08738.9314 | 8 | 221.719892 | 359.135018 
 4152.2431 | 08738.9300 | 8 | 221.721099 | 359.134683 
 4152.2452 | 08738.9302 | 8 | 221.720907 | 359.137097 
 4152.2451 | 08738.9288 | 8 | 221.722112 | 359.136992 
 4152.2459 | 08738.9286 | 8 | 221.722277 | 359.137913 
 4152.2456 | 08738.9274 | 8 | 221.723311 | 359.137576 
 4152.2447 | 08738.9252 | 8 | 221.725211 | 359.136556 
 4152.2445 | 08738.9237 | 8 | 221.726502 | 359.136336 
 4152.2444 | 08738.9222 | 8 | 221.727793 | 359.136232 
 4152.2442 | 08738.9210 | 8 | 221.728826 | 359.136010 
 4152.2441 | 08738.9198 | 8 | 221.729859 | 359.135903 
 4152.2440 | 08738.9185 | 8 | 221.730977 | 359.135797 
 4152.2455 | 08738.9194 | 8 | 221.730190 | 359.137516 
 4152.2453 | 08738.9187 | 8 | 221.730794 | 359.137291 
 4152.2443 | 08738.9204 | 8 | 221.729341 | 359.136129 
 4152.2448 | 08738.9188 | 8 | 221.730712 | 359.136715 
 4152.2448 | 08738.9181 | 8 | 221.731314 | 359.136720 
 4152.2451 | 08738.9173 | 8 | 221.731999 | 359.137070 
 4152.2452 | 08738.9164 | 8 | 221.732772 | 359.137192 
 4152.2453 | 08738.9149 | 8 | 221.734061 | 359.137317 
 4152.2453 | 08738.9141 | 8 | 221.734748 | 359.137322 
 4152.2453 | 08738.9126 | 8 | 221.736038 | 359.137333 
