 4147.5386 | 08806.6727 | 16:44:08 | 197.883688 | 353.597439 
 4147.5386 | 08806.6712 | 16:44:20 | 197.884979 | 353.597442 
 4147.5386 | 08806.6713 | 16:44:21 | 197.884893 | 353.597442 
 4147.5387 | 08806.6702 | 16:44:22 | 197.885839 | 353.597559 
 4147.5392 | 08806.6700 | 16:44:23 | 197.886010 | 353.598135 
 4147.5392 | 08806.6711 | 16:44:24 | 197.885063 | 353.598133 
 4147.5392 | 08806.6708 | 16:44:25 | 197.885321 | 353.598133 
 4147.5392 | 08806.6710 | 16:44:26 | 197.885149 | 353.598133 
 4147.5391 | 08806.6706 | 16:44:27 | 197.885494 | 353.598019 
 4147.5388 | 08806.6707 | 16:44:28 | 197.885409 | 353.597673 
 4147.5386 | 08806.6707 | 16:44:29 | 197.885409 | 353.597443 
 4147.5388 | 08806.6709 | 16:44:30 | 197.885236 | 353.597673 
 4147.5393 | 08806.6709 | 16:44:31 | 197.885235 | 353.598248 
 4147.5398 | 08806.6707 | 16:44:32 | 197.885406 | 353.598824 
 4147.5403 | 08806.6707 | 16:44:33 | 197.885404 | 353.599399 
 4147.5408 | 08806.6711 | 16:44:34 | 197.885058 | 353.599973 
 4147.5413 | 08806.6714 | 16:44:35 | 197.884799 | 353.600547 
 4147.5418 | 08806.6716 | 16:44:36 | 197.884625 | 353.601122 
 4147.5419 | 08806.6700 | 16:44:37 | 197.886002 | 353.601241 
 4147.5406 | 08806.6698 | 16:44:38 | 197.886178 | 353.599746 
 4147.5407 | 08806.6685 | 16:44:39 | 197.887297 | 353.599864 
 4147.5413 | 08806.6665 | 16:44:40 | 197.889016 | 353.600558 
 4147.5426 | 08806.6643 | 16:44:41 | 197.890906 | 353.602058 
 4147.5435 | 08806.6623 | 16:44:42 | 197.892625 | 353.603098 
 4147.5447 | 08806.6596 | 16:44:43 | 197.894946 | 353.604484 
 4147.5467 | 08806.6514 | 16:44:44 | 197.901998 | 353.606803 
 4147.5482 | 08806.6468 | 16:44:45 | 197.905953 | 353.608539 
 4147.5500 | 08806.6415 | 16:44:46 | 197.910510 | 353.610621 
 4147.5518 | 08806.6361 | 16:44:47 | 197.915153 | 353.612703 
 4147.5536 | 08806.6307 | 16:44:48 | 197.919796 | 353.614786 
 4147.5553 | 08806.6252 | 16:44:49 | 197.924525 | 353.616754 
 4147.5568 | 08806.6198 | 16:44:50 | 197.929169 | 353.618491 
 4147.5580 | 08806.6140 | 16:44:51 | 197.934158 | 353.619884 
 4147.5588 | 08806.6084 | 16:44:52 | 197.938976 | 353.620817 
 4147.5595 | 08806.6031 | 16:44:53 | 197.943536 | 353.621634 
 4147.5603 | 08806.5978 | 16:44:54 | 197.948095 | 353.622566 
 4147.5616 | 08806.5944 | 16:44:55 | 197.951018 | 353.624069 
 4147.5630 | 08806.5912 | 16:44:56 | 197.953769 | 353.625686 
 4147.5659 | 08806.5841 | 16:44:58 | 197.959871 | 353.629038 
 4147.5673 | 08806.5806 | 16:44:59 | 197.962880 | 353.630656 
 4147.5773 | 08806.5902 | 16:45:00 | 197.954587 | 353.642137 
 4147.5819 | 08806.5915 | 16:45:01 | 197.953454 | 353.647425 
 4147.5863 | 08806.5924 | 16:45:02 | 197.952666 | 353.652484 
 4147.5910 | 08806.5931 | 16:45:03 | 197.952049 | 353.657888 
 4147.5961 | 08806.5939 | 16:45:04 | 197.951346 | 353.663753 
 4147.6011 | 08806.5947 | 16:45:05 | 197.950642 | 353.669502 
 4147.6063 | 08806.5954 | 16:45:06 | 197.950024 | 353.675482 
 4147.6116 | 08806.5962 | 16:45:07 | 197.949319 | 353.681576 
 4147.6173 | 08806.5966 | 16:45:08 | 197.948958 | 353.688132 
 4147.6229 | 08806.5971 | 16:45:09 | 197.948511 | 353.694572 
 4147.6284 | 08806.5977 | 16:45:10 | 197.947978 | 353.700897 
 4147.6339 | 08806.5983 | 16:45:11 | 197.947445 | 353.707222 
 4147.6450 | 08806.5999 | 16:45:13 | 197.946035 | 353.719986 
 4147.6504 | 08806.6005 | 16:45:14 | 197.945502 | 353.726195 
 4147.6565 | 08806.6016 | 16:45:15 | 197.944537 | 353.733209 
 4147.6621 | 08806.6025 | 16:45:16 | 197.943746 | 353.739649 
 4147.6676 | 08806.6029 | 16:45:17 | 197.943385 | 353.745974 
 4147.6731 | 08806.6034 | 16:45:18 | 197.942938 | 353.752299 
 4147.6786 | 08806.6040 | 16:45:19 | 197.942405 | 353.758624 
 4147.6848 | 08806.6052 | 16:45:20 | 197.941354 | 353.765753 
 4147.6909 | 08806.6068 | 16:45:21 | 197.939958 | 353.772766 
 4147.6972 | 08806.6080 | 16:45:22 | 197.938907 | 353.780009 
 4147.7034 | 08806.6090 | 16:45:23 | 197.938027 | 353.787139 
 4147.7098 | 08806.6102 | 16:45:24 | 197.936975 | 353.794497 
 4147.7173 | 08806.6059 | 16:45:25 | 197.940654 | 353.803134 
 4147.7237 | 08806.6063 | 16:45:26 | 197.940291 | 353.810494 
 4147.7300 | 08806.6065 | 16:45:27 | 197.940100 | 353.817740 
 4147.7357 | 08806.6085 | 16:45:28 | 197.938361 | 353.824292 
 4147.7415 | 08806.6093 | 16:45:29 | 197.937655 | 353.830962 
 4147.7471 | 08806.6093 | 16:45:30 | 197.937639 | 353.837403 
 4147.7524 | 08806.6093 | 16:45:31 | 197.937623 | 353.843499 
 4147.7574 | 08806.6092 | 16:45:32 | 197.937694 | 353.849251 
 4147.7622 | 08806.6091 | 16:45:33 | 197.937766 | 353.854772 
 4147.7666 | 08806.6088 | 16:45:34 | 197.938011 | 353.859834 
 4147.7707 | 08806.6086 | 16:45:35 | 197.938171 | 353.864550 
 4147.7742 | 08806.6081 | 16:45:36 | 197.938591 | 353.868577 
 4147.7771 | 08806.6073 | 16:45:37 | 197.939271 | 353.871914 
 4147.7791 | 08806.6063 | 16:45:38 | 197.940125 | 353.874217 
 4147.7808 | 08806.6053 | 16:45:39 | 197.940981 | 353.876175 
 4147.7806 | 08806.6108 | 16:45:40 | 197.936248 | 353.875932 
 4147.7830 | 08806.6106 | 16:45:42 | 197.936413 | 353.878693 
 4147.7867 | 08806.6082 | 16:45:43 | 197.938467 | 353.882955 
 4147.7890 | 08806.6066 | 16:45:44 | 197.939838 | 353.885604 
 4147.7837 | 08806.5923 | 16:45:45 | 197.952162 | 353.879539 
 4147.7835 | 08806.5848 | 16:45:46 | 197.958618 | 353.879326 
 4147.7836 | 08806.5766 | 16:45:47 | 197.965676 | 353.879460 
 4147.7841 | 08806.5679 | 16:45:48 | 197.973162 | 353.880054 
 4147.7846 | 08806.5585 | 16:45:49 | 197.981252 | 353.880650 
 4147.7850 | 08806.5483 | 16:45:50 | 197.990030 | 353.881133 
 4147.7853 | 08806.5375 | 16:45:51 | 197.999325 | 353.881503 
 4147.7858 | 08806.5263 | 16:45:52 | 198.008964 | 353.882103 
 4147.7864 | 08806.5147 | 16:45:53 | 198.018946 | 353.882819 
 4147.7869 | 08806.5028 | 16:45:54 | 198.029187 | 353.883421 
 4147.7874 | 08806.4909 | 16:45:55 | 198.039429 | 353.884023 
 4147.7879 | 08806.4791 | 16:45:56 | 198.049584 | 353.884625 
 4147.7885 | 08806.4672 | 16:45:57 | 198.059825 | 353.885342 
 4147.7891 | 08806.4554 | 16:45:58 | 198.069979 | 353.886058 
 4147.7898 | 08806.4436 | 16:45:59 | 198.080134 | 353.886890 
 4147.7908 | 08806.4320 | 16:46:00 | 198.090115 | 353.888067 
 4147.7919 | 08806.4203 | 16:46:01 | 198.100182 | 353.889359 
 4147.7932 | 08806.4086 | 16:46:02 | 198.110249 | 353.890880 
 4147.7948 | 08806.3967 | 16:46:03 | 198.120487 | 353.892748 
 4147.7963 | 08806.3848 | 16:46:04 | 198.130725 | 353.894500 
 4147.7982 | 08806.3726 | 16:46:05 | 198.141220 | 353.896713 
 4147.8003 | 08806.3601 | 16:46:06 | 198.151973 | 353.899157 
 4147.8026 | 08806.3474 | 16:46:07 | 198.162897 | 353.901832 
 4147.8050 | 08806.3347 | 16:46:08 | 198.173821 | 353.904621 
 4147.8076 | 08806.3219 | 16:46:09 | 198.184830 | 353.907641 
 4147.8102 | 08806.3091 | 16:46:10 | 198.195839 | 353.910661 
 4147.8131 | 08806.2964 | 16:46:11 | 198.206762 | 353.914025 
 4147.8159 | 08806.2835 | 16:46:12 | 198.217856 | 353.917276 
 4147.8187 | 08806.2705 | 16:46:13 | 198.229037 | 353.920526 
 4147.8216 | 08806.2573 | 16:46:14 | 198.240390 | 353.923892 
 4147.8244 | 08806.2442 | 16:46:15 | 198.251657 | 353.927143 
 4147.8272 | 08806.2313 | 16:46:16 | 198.262751 | 353.930393 
 4147.8299 | 08806.2172 | 16:46:17 | 198.274879 | 353.933531 
 4147.8333 | 08806.2023 | 16:46:18 | 198.287693 | 353.937476 
 4147.8366 | 08806.1895 | 16:46:19 | 198.298701 | 353.941301 
 4147.8389 | 08806.1765 | 16:46:20 | 198.309883 | 353.943977 
 4147.8415 | 08806.1632 | 16:46:21 | 198.321322 | 353.946998 
 4147.8440 | 08806.1500 | 16:46:22 | 198.332676 | 353.949904 
 4147.8463 | 08806.1364 | 16:46:23 | 198.344375 | 353.952581 
 4147.8486 | 08806.1231 | 16:46:24 | 198.355815 | 353.955257 
 4147.8508 | 08806.1098 | 16:46:25 | 198.367256 | 353.957819 
 4147.8531 | 08806.0973 | 16:46:26 | 198.378007 | 353.960493 
 4147.8550 | 08806.0840 | 16:46:27 | 198.389449 | 353.962710 
 4147.8570 | 08806.0715 | 16:46:28 | 198.400202 | 353.965039 
 4147.8590 | 08806.0591 | 16:46:29 | 198.410868 | 353.967368 
 4147.8609 | 08806.0465 | 16:46:30 | 198.421707 | 353.969583 
 4147.8628 | 08806.0340 | 16:46:31 | 198.432460 | 353.971798 
 4147.8651 | 08806.0358 | 16:46:32 | 198.430904 | 353.974439 
 4147.8670 | 08806.0247 | 16:46:33 | 198.440452 | 353.976650 
 4147.8688 | 08806.0139 | 16:46:34 | 198.449742 | 353.978746 
 4147.8709 | 08806.0127 | 16:46:35 | 198.450768 | 353.981164 
 4147.8728 | 08806.0033 | 16:46:36 | 198.458853 | 353.983372 
 4147.8742 | 08805.9935 | 16:46:37 | 198.467284 | 353.985005 
 4147.8756 | 08805.9839 | 16:46:38 | 198.475542 | 353.986638 
 4147.8766 | 08805.9727 | 16:46:39 | 198.485179 | 353.987814 
 4147.8779 | 08805.9620 | 16:46:40 | 198.494384 | 353.989334 
 4147.8793 | 08805.9523 | 16:46:41 | 198.502729 | 353.990967 
 4147.8809 | 08805.9422 | 16:46:42 | 198.511417 | 353.992832 
 4147.8823 | 08805.9328 | 16:46:43 | 198.519503 | 353.994464 
 4147.8841 | 08805.9228 | 16:46:44 | 198.528105 | 353.996558 
 4147.8859 | 08805.9127 | 16:46:45 | 198.536792 | 353.998652 
 4147.8876 | 08805.9021 | 16:46:46 | 198.545910 | 354.000632 
 4147.8894 | 08805.8916 | 16:46:47 | 198.554942 | 354.002727 
 4147.8911 | 08805.8806 | 16:46:48 | 198.564404 | 354.004709 
 4147.8931 | 08805.8696 | 16:46:49 | 198.573866 | 354.007035 
 4147.8951 | 08805.8587 | 16:46:50 | 198.583241 | 354.009361 
 4147.8971 | 08805.8477 | 16:46:51 | 198.592703 | 354.011688 
 4147.8991 | 08805.8367 | 16:46:52 | 198.602164 | 354.014014 
 4147.9011 | 08805.8256 | 16:46:53 | 198.611712 | 354.016341 
 4147.9031 | 08805.8143 | 16:46:54 | 198.621431 | 354.018668 
 4147.9051 | 08805.8030 | 16:46:55 | 198.631151 | 354.020995 
 4147.9071 | 08805.7915 | 16:46:56 | 198.641043 | 354.023323 
 4147.9091 | 08805.7802 | 16:46:57 | 198.650762 | 354.025650 
 4147.9111 | 08805.7688 | 16:46:58 | 198.660568 | 354.027978 
 4147.9131 | 08805.7573 | 16:46:59 | 198.670459 | 354.030306 
 4147.9151 | 08805.7458 | 16:47:00 | 198.680351 | 354.032633 
 4147.9173 | 08805.7342 | 16:47:01 | 198.690328 | 354.035191 
 4147.9194 | 08805.7226 | 16:47:02 | 198.700306 | 354.037635 
 4147.9216 | 08805.7109 | 16:47:03 | 198.710369 | 354.040193 
 4147.9239 | 08805.6991 | 16:47:04 | 198.720518 | 354.042867 
 4147.9266 | 08805.6858 | 16:47:05 | 198.731956 | 354.046004 
 4147.9289 | 08805.6739 | 16:47:06 | 198.742191 | 354.048678 
 4147.9312 | 08805.6621 | 16:47:07 | 198.752340 | 354.051352 
 4147.9335 | 08805.6502 | 16:47:08 | 198.762575 | 354.054026 
 4147.9358 | 08805.6382 | 16:47:09 | 198.772896 | 354.056700 
 4147.9381 | 08805.6260 | 16:47:10 | 198.783389 | 354.059375 
 4147.9405 | 08805.6138 | 16:47:11 | 198.793882 | 354.062165 
 4147.9428 | 08805.6015 | 16:47:12 | 198.804461 | 354.064840 
 4147.9453 | 08805.5886 | 16:47:13 | 198.815556 | 354.067746 
 4147.9476 | 08805.5763 | 16:47:14 | 198.826135 | 354.070421 
 4147.9499 | 08805.5638 | 16:47:15 | 198.836886 | 354.073097 
 4147.9521 | 08805.5524 | 16:47:16 | 198.846691 | 354.075655 
 4147.9545 | 08805.5402 | 16:47:17 | 198.857184 | 354.078445 
 4147.9567 | 08805.5282 | 16:47:18 | 198.867505 | 354.081004 
 4147.9588 | 08805.5162 | 16:47:19 | 198.877827 | 354.083449 
 4147.9611 | 08805.5046 | 16:47:20 | 198.887803 | 354.086122 
 4147.9632 | 08805.4931 | 16:47:21 | 198.897694 | 354.088566 
 4147.9653 | 08805.4816 | 16:47:22 | 198.907585 | 354.091009 
 4147.9673 | 08805.4703 | 16:47:23 | 198.917305 | 354.093337 
 4147.9692 | 08805.4591 | 16:47:24 | 198.926938 | 354.095550 
 4147.9711 | 08805.4480 | 16:47:25 | 198.936486 | 354.097762 
 4147.9730 | 08805.4369 | 16:47:26 | 198.946033 | 354.099974 
 4147.9748 | 08805.4255 | 16:47:27 | 198.955839 | 354.102073 
 4147.9766 | 08805.4142 | 16:47:28 | 198.965559 | 354.104170 
 4147.9784 | 08805.4031 | 16:47:29 | 198.975107 | 354.106268 
 4147.9802 | 08805.3917 | 16:47:30 | 198.984913 | 354.108366 
 4147.9820 | 08805.3799 | 16:47:31 | 198.995063 | 354.110465 
 4147.9838 | 08805.3680 | 16:47:32 | 199.005299 | 354.112565 
 4147.9856 | 08805.3561 | 16:47:33 | 199.015536 | 354.114664 
 4147.9874 | 08805.3441 | 16:47:34 | 199.025858 | 354.116764 
 4147.9890 | 08805.3302 | 16:47:35 | 199.037816 | 354.118638 
 4147.9906 | 08805.3174 | 16:47:36 | 199.048828 | 354.120510 
 4147.9921 | 08805.3049 | 16:47:37 | 199.059581 | 354.122266 
 4147.9937 | 08805.2923 | 16:47:38 | 199.070421 | 354.124137 
 4147.9953 | 08805.2797 | 16:47:39 | 199.081260 | 354.126009 
 4147.9966 | 08805.2670 | 16:47:40 | 199.092186 | 354.127535 
 4147.9981 | 08805.2541 | 16:47:41 | 199.103284 | 354.129292 
 4147.9991 | 08805.2409 | 16:47:42 | 199.114642 | 354.130475 
 4148.0004 | 08805.2281 | 16:47:43 | 199.125654 | 354.132002 
 4148.0017 | 08805.2152 | 16:47:44 | 199.136753 | 354.133529 
 4148.0030 | 08805.2022 | 16:47:45 | 199.147937 | 354.135056 
 4148.0043 | 08805.1891 | 16:47:46 | 199.159208 | 354.136584 
 4148.0056 | 08805.1759 | 16:47:47 | 199.170565 | 354.138112 
 4148.0069 | 08805.1627 | 16:47:48 | 199.181921 | 354.139640 
 4148.0084 | 08805.1495 | 16:47:49 | 199.193277 | 354.141398 
 4148.0097 | 08805.1363 | 16:47:50 | 199.204634 | 354.142926 
 4148.0111 | 08805.1230 | 16:47:51 | 199.216076 | 354.144569 
 4148.0125 | 08805.1097 | 16:47:52 | 199.227519 | 354.146213 
 4148.0138 | 08805.0964 | 16:47:53 | 199.238961 | 354.147741 
 4148.0139 | 08805.0807 | 16:47:54 | 199.252474 | 354.147895 
 4148.0153 | 08805.0673 | 16:47:55 | 199.264002 | 354.149539 
 4148.0168 | 08805.0543 | 16:47:56 | 199.275186 | 354.151296 
 4148.0181 | 08805.0411 | 16:47:57 | 199.286543 | 354.152825 
 4148.0194 | 08805.0280 | 16:47:58 | 199.297813 | 354.154353 
 4148.0208 | 08805.0151 | 16:47:59 | 199.308911 | 354.155995 
 4148.0221 | 08805.0024 | 16:48:00 | 199.319837 | 354.157522 
 4148.0234 | 08804.9894 | 16:48:01 | 199.331022 | 354.159050 
 4148.0247 | 08804.9767 | 16:48:02 | 199.341948 | 354.160577 
 4148.0260 | 08804.9639 | 16:48:03 | 199.352960 | 354.162105 
 4148.0273 | 08804.9512 | 16:48:04 | 199.363887 | 354.163632 
 4148.0284 | 08804.9384 | 16:48:05 | 199.374899 | 354.164929 
 4148.0296 | 08804.9256 | 16:48:06 | 199.385912 | 354.166342 
 4148.0309 | 08804.9128 | 16:48:07 | 199.396924 | 354.167869 
 4148.0322 | 08804.9004 | 16:48:08 | 199.407592 | 354.169396 
 4148.0334 | 08804.8881 | 16:48:09 | 199.418175 | 354.170807 
 4148.0347 | 08804.8760 | 16:48:10 | 199.428584 | 354.172333 
 4148.0359 | 08804.8638 | 16:48:11 | 199.439080 | 354.173744 
 4148.0372 | 08804.8516 | 16:48:12 | 199.449576 | 354.175270 
 4148.0384 | 08804.8392 | 16:48:13 | 199.460245 | 354.176682 
 4148.0396 | 08804.8266 | 16:48:14 | 199.471085 | 354.178094 
 4148.0407 | 08804.8137 | 16:48:15 | 199.482184 | 354.179392 
 4148.0420 | 08804.8007 | 16:48:16 | 199.493368 | 354.180920 
 4148.0432 | 08804.7875 | 16:48:17 | 199.504725 | 354.182334 
 4148.0446 | 08804.7743 | 16:48:18 | 199.516081 | 354.183978 
 4148.0461 | 08804.7611 | 16:48:19 | 199.527437 | 354.185737 
 4148.0476 | 08804.7480 | 16:48:20 | 199.538707 | 354.187495 
 4148.0476 | 08804.7341 | 16:48:21 | 199.550670 | 354.187531 
 4148.0486 | 08804.7209 | 16:48:22 | 199.562027 | 354.188715 
 4148.0496 | 08804.7079 | 16:48:23 | 199.573213 | 354.189898 
 4148.0506 | 08804.6950 | 16:48:24 | 199.584312 | 354.191081 
 4148.0518 | 08804.6822 | 16:48:25 | 199.595324 | 354.192494 
 4148.0529 | 08804.6695 | 16:48:26 | 199.606251 | 354.193792 
 4148.0540 | 08804.6567 | 16:48:27 | 199.617264 | 354.195090 
 4148.0552 | 08804.6444 | 16:48:28 | 199.627846 | 354.196502 
 4148.0563 | 08804.6321 | 16:48:29 | 199.638428 | 354.197798 
 4148.0575 | 08804.6196 | 16:48:30 | 199.649183 | 354.199211 
 4148.0588 | 08804.6072 | 16:48:31 | 199.659851 | 354.200738 
 4148.0600 | 08804.5948 | 16:48:32 | 199.670519 | 354.202150 
 4148.0611 | 08804.5826 | 16:48:33 | 199.681015 | 354.203447 
 4148.0623 | 08804.5706 | 16:48:34 | 199.691339 | 354.204858 
 4148.0635 | 08804.5588 | 16:48:35 | 199.701491 | 354.206269 
 4148.0647 | 08804.5473 | 16:48:36 | 199.711384 | 354.207678 
 4148.0658 | 08804.5363 | 16:48:37 | 199.720848 | 354.208972 
 4148.0669 | 08804.5260 | 16:48:38 | 199.729709 | 354.210264 
 4148.0679 | 08804.5165 | 16:48:39 | 199.737882 | 354.211439 
 4148.0688 | 08804.5080 | 16:48:40 | 199.745194 | 354.212496 
 4148.0694 | 08804.5005 | 16:48:41 | 199.751647 | 354.213205 
 4148.0699 | 08804.4935 | 16:48:42 | 199.757670 | 354.213799 
 4148.0703 | 08804.4866 | 16:48:43 | 199.763607 | 354.214277 
 4148.0708 | 08804.4798 | 16:48:44 | 199.769458 | 354.214869 
 4148.0712 | 08804.4732 | 16:48:45 | 199.775137 | 354.215347 
 4148.0637 | 08804.4771 | 16:48:46 | 199.771806 | 354.206710 
 4148.0619 | 08804.4738 | 16:48:47 | 199.774653 | 354.204648 
 4148.0458 | 08804.4821 | 16:48:48 | 199.767565 | 354.186108 
 4148.0385 | 08804.4826 | 16:48:49 | 199.767160 | 354.177710 
 4148.0316 | 08804.4822 | 16:48:50 | 199.767528 | 354.169774 
 4148.0249 | 08804.4821 | 16:48:51 | 199.767637 | 354.162068 
 4148.0183 | 08804.4815 | 16:48:52 | 199.768177 | 354.154478 
 4148.0114 | 08804.4810 | 16:48:53 | 199.768631 | 354.146543 
 4148.0043 | 08804.4804 | 16:48:54 | 199.769172 | 354.138377 
 4147.9972 | 08804.4797 | 16:48:55 | 199.769799 | 354.130213 
 4147.9902 | 08804.4789 | 16:48:56 | 199.770512 | 354.122163 
 4147.9831 | 08804.4783 | 16:48:57 | 199.771053 | 354.113998 
 4147.9760 | 08804.4777 | 16:48:58 | 199.771594 | 354.105833 
 4147.9689 | 08804.4770 | 16:48:59 | 199.772221 | 354.097668 
 4147.9620 | 08804.4764 | 16:49:00 | 199.772761 | 354.089733 
 4147.9552 | 08804.4760 | 16:49:01 | 199.773129 | 354.081913 
 4147.9483 | 08804.4755 | 16:49:02 | 199.773583 | 354.073977 
 4147.9415 | 08804.4749 | 16:49:03 | 199.774123 | 354.066157 
 4147.9348 | 08804.4752 | 16:49:04 | 199.773888 | 354.058450 
 4147.9281 | 08804.4750 | 16:49:05 | 199.774083 | 354.050744 
 4147.9214 | 08804.4742 | 16:49:06 | 199.774795 | 354.043039 
 4147.9147 | 08804.4737 | 16:49:07 | 199.775249 | 354.035334 
 4147.9081 | 08804.4729 | 16:49:08 | 199.775960 | 354.027745 
 4147.9015 | 08804.4723 | 16:49:09 | 199.776499 | 354.020155 
 4147.8950 | 08804.4717 | 16:49:10 | 199.777038 | 354.012680 
 4147.8885 | 08804.4710 | 16:49:11 | 199.777663 | 354.005205 
 4147.8820 | 08804.4703 | 16:49:12 | 199.778288 | 353.997730 
 4147.8687 | 08804.4698 | 16:49:14 | 199.778765 | 353.982434 
 4147.8623 | 08804.4696 | 16:49:15 | 199.778959 | 353.975073 
 4147.8561 | 08804.4688 | 16:49:16 | 199.779669 | 353.967943 
 4147.8305 | 08804.4665 | 16:49:20 | 199.781737 | 353.938503 
 4147.8242 | 08804.4660 | 16:49:21 | 199.782190 | 353.931258 
 4147.8249 | 08804.4586 | 16:49:22 | 199.788556 | 353.932083 
 4147.8234 | 08804.4601 | 16:49:23 | 199.787271 | 353.930353 
 4147.8198 | 08804.4576 | 16:49:24 | 199.789435 | 353.926219 
 4147.8162 | 08804.4550 | 16:49:25 | 199.791685 | 353.922085 
 4147.8127 | 08804.4523 | 16:49:26 | 199.794021 | 353.918066 
 4147.8251 | 08804.4460 | 16:49:27 | 199.799401 | 353.932345 
 4147.8263 | 08804.4393 | 16:49:28 | 199.805163 | 353.933743 
 4147.8276 | 08804.4339 | 16:49:29 | 199.809807 | 353.935252 
 4147.8291 | 08804.4282 | 16:49:30 | 199.814708 | 353.936992 
 4147.8306 | 08804.4225 | 16:49:31 | 199.819609 | 353.938733 
 4147.8320 | 08804.4154 | 16:49:32 | 199.825715 | 353.940361 
 4147.8328 | 08804.4090 | 16:49:33 | 199.831221 | 353.941298 
 4147.8337 | 08804.3996 | 16:49:34 | 199.839308 | 353.942358 
 4147.8350 | 08804.3918 | 16:49:35 | 199.846017 | 353.943874 
 4147.8361 | 08804.3846 | 16:49:36 | 199.852211 | 353.945158 
 4147.8371 | 08804.3773 | 16:49:37 | 199.858490 | 353.946327 
 4147.8388 | 08804.3694 | 16:49:38 | 199.865284 | 353.948303 
 4147.8400 | 08804.3612 | 16:49:39 | 199.872338 | 353.949704 
 4147.8414 | 08804.3530 | 16:49:40 | 199.879391 | 353.951336 
 4147.8428 | 08804.3450 | 16:49:41 | 199.886272 | 353.952967 
 4147.8441 | 08804.3376 | 16:49:42 | 199.892636 | 353.954482 
 4147.8453 | 08804.3296 | 16:49:43 | 199.899518 | 353.955883 
 4147.8463 | 08804.3217 | 16:49:44 | 199.906314 | 353.957054 
 4147.8488 | 08804.3119 | 16:49:45 | 199.914740 | 353.959955 
 4147.8497 | 08804.3038 | 16:49:46 | 199.921709 | 353.961012 
 4147.8509 | 08804.2954 | 16:49:47 | 199.928935 | 353.962414 
 4147.8519 | 08804.2872 | 16:49:48 | 199.935989 | 353.963586 
 4147.8520 | 08804.2785 | 16:49:49 | 199.943477 | 353.963724 
 4147.8522 | 08804.2701 | 16:49:50 | 199.950706 | 353.963976 
 4147.8523 | 08804.2616 | 16:49:51 | 199.958022 | 353.964113 
 4147.8525 | 08804.2531 | 16:49:52 | 199.965337 | 353.964365 
 4147.8522 | 08804.2447 | 16:49:53 | 199.972568 | 353.964042 
 4147.8521 | 08804.2360 | 16:49:54 | 199.980057 | 353.963950 
 4147.8519 | 08804.2272 | 16:49:55 | 199.987632 | 353.963743 
 4147.8517 | 08804.2179 | 16:49:56 | 199.995637 | 353.963538 
 4147.8526 | 08804.2081 | 16:49:57 | 200.004069 | 353.964599 
 4147.8526 | 08804.1985 | 16:49:58 | 200.012332 | 353.964624 
 4147.8526 | 08804.1888 | 16:49:59 | 200.020681 | 353.964650 
 4147.8528 | 08804.1788 | 16:50:00 | 200.029287 | 353.964906 
 4147.8528 | 08804.1689 | 16:50:01 | 200.037808 | 353.964932 
 4147.8529 | 08804.1590 | 16:50:02 | 200.046329 | 353.965074 
 4147.8531 | 08804.1493 | 16:50:03 | 200.054677 | 353.965329 
 4147.8533 | 08804.1395 | 16:50:04 | 200.063112 | 353.965585 
 4147.8534 | 08804.1301 | 16:50:05 | 200.071202 | 353.965725 
 4147.8537 | 08804.1211 | 16:50:06 | 200.078947 | 353.966094 
 4147.8538 | 08804.1125 | 16:50:07 | 200.086349 | 353.966232 
 4147.8540 | 08804.1046 | 16:50:08 | 200.093148 | 353.966483 
 4147.8542 | 08804.0972 | 16:50:09 | 200.099517 | 353.966733 
 4147.8536 | 08804.0903 | 16:50:10 | 200.105458 | 353.966061 
 4147.8534 | 08804.0835 | 16:50:11 | 200.111311 | 353.965849 
 4147.8533 | 08804.0767 | 16:50:12 | 200.117165 | 353.965752 
 4147.8532 | 08804.0702 | 16:50:13 | 200.122759 | 353.965654 
 4147.8530 | 08804.0638 | 16:50:14 | 200.128269 | 353.965441 
 4147.8557 | 08804.0519 | 16:50:17 | 200.138502 | 353.968578 
 4147.8314 | 08804.0692 | 16:50:18 | 200.123698 | 353.940582 
 4147.8224 | 08804.0683 | 16:50:20 | 200.124504 | 353.930232 
 4147.8176 | 08804.0692 | 16:50:21 | 200.123747 | 353.924708 
 4147.8133 | 08804.0687 | 16:50:22 | 200.124192 | 353.919764 
 4147.8089 | 08804.0681 | 16:50:23 | 200.124724 | 353.914704 
 4147.8040 | 08804.0650 | 16:50:24 | 200.127410 | 353.909077 
 4147.7994 | 08804.0631 | 16:50:25 | 200.129062 | 353.903791 
 4147.8112 | 08804.0522 | 16:50:26 | 200.138402 | 353.917392 
 4147.8111 | 08804.0483 | 16:50:27 | 200.141759 | 353.917288 
 4147.8111 | 08804.0443 | 16:50:28 | 200.145202 | 353.917298 
 4147.8111 | 08804.0403 | 16:50:29 | 200.148645 | 353.917309 
 4147.8111 | 08804.0364 | 16:50:30 | 200.152001 | 353.917319 
 4147.8099 | 08804.0414 | 16:50:31 | 200.147702 | 353.915926 
 4147.8099 | 08804.0403 | 16:50:32 | 200.148649 | 353.915929 
 4147.8081 | 08804.0394 | 16:50:33 | 200.149430 | 353.913861 
 4147.8041 | 08804.0426 | 16:50:34 | 200.146690 | 353.909251 
 4147.8030 | 08804.0424 | 16:50:35 | 200.146866 | 353.907986 
 4147.7992 | 08804.0424 | 16:50:38 | 200.146879 | 353.903616 
 4147.7982 | 08804.0423 | 16:50:39 | 200.146969 | 353.902466 
 4147.7972 | 08804.0425 | 16:50:40 | 200.146801 | 353.901315 
 4147.7957 | 08804.0425 | 16:50:41 | 200.146806 | 353.899589 
 4147.7948 | 08804.0423 | 16:50:42 | 200.146981 | 353.898555 
 4147.7937 | 08804.0419 | 16:50:43 | 200.147329 | 353.897291 
 4147.7947 | 08804.0429 | 16:50:44 | 200.146465 | 353.898438 
 4147.7950 | 08804.0430 | 16:50:45 | 200.146378 | 353.898783 
 4147.7950 | 08804.0435 | 16:50:46 | 200.145948 | 353.898782 
 4147.7950 | 08804.0435 | 16:50:47 | 200.145948 | 353.898782 
 4147.7950 | 08804.0435 | 16:50:48 | 200.145948 | 353.898782 
 4147.7950 | 08804.0435 | 16:50:49 | 200.145948 | 353.898782 
 4147.7950 | 08804.0435 | 16:50:50 | 200.145948 | 353.898782 
 4147.7950 | 08804.0435 | 16:50:51 | 200.145948 | 353.898782 
 4147.7950 | 08804.0435 | 16:50:52 | 200.145948 | 353.898782 
 4147.7950 | 08804.0435 | 16:50:53 | 200.145948 | 353.898782 
 4147.7950 | 08804.0435 | 16:50:54 | 200.145948 | 353.898782 
 4147.7950 | 08804.0435 | 16:50:55 | 200.145948 | 353.898782 
 4147.7950 | 08804.0435 | 16:50:56 | 200.145948 | 353.898782 
 4147.7950 | 08804.0435 | 16:50:57 | 200.145948 | 353.898782 
 4147.7950 | 08804.0435 | 16:51:00 | 200.145948 | 353.898782 
 4147.7950 | 08804.0435 | 16:51:01 | 200.145948 | 353.898782 
