 4149.7408 | 08803.3376 | 17:49:03 | 200.746302 | 356.138827 
 4149.7377 | 08803.3347 | 17:49:15 | 200.748809 | 356.135269 
 4149.7377 | 08803.3347 | 17:49:16 | 200.748809 | 356.135269 
 4149.7377 | 08803.3347 | 17:49:17 | 200.748809 | 356.135269 
 4149.7377 | 08803.3347 | 17:49:18 | 200.748809 | 356.135269 
 4149.7377 | 08803.3347 | 17:49:19 | 200.748809 | 356.135269 
 4149.7377 | 08803.3347 | 17:49:20 | 200.748809 | 356.135269 
 4149.7377 | 08803.3347 | 17:49:21 | 200.748809 | 356.135269 
 4149.7377 | 08803.3347 | 17:49:22 | 200.748809 | 356.135269 
 4149.7377 | 08803.3347 | 17:49:23 | 200.748809 | 356.135269 
 4149.7377 | 08803.3347 | 17:49:24 | 200.748809 | 356.135269 
 4149.7377 | 08803.3347 | 17:49:25 | 200.748809 | 356.135269 
 4149.7377 | 08803.3347 | 17:49:26 | 200.748809 | 356.135269 
 4149.7377 | 08803.3347 | 17:49:27 | 200.748809 | 356.135269 
 4149.7377 | 08803.3347 | 17:49:28 | 200.748809 | 356.135269 
 4149.7377 | 08803.3347 | 17:49:29 | 200.748809 | 356.135269 
 4149.7377 | 08803.3347 | 17:49:30 | 200.748809 | 356.135269 
 4149.7377 | 08803.3347 | 17:49:31 | 200.748809 | 356.135269 
 4149.7377 | 08803.3347 | 17:49:32 | 200.748809 | 356.135269 
 4149.7377 | 08803.3347 | 17:49:33 | 200.748809 | 356.135269 
 4149.7377 | 08803.3347 | 17:49:34 | 200.748809 | 356.135269 
 4149.7377 | 08803.3347 | 17:49:35 | 200.748809 | 356.135269 
 4149.7377 | 08803.3347 | 17:49:36 | 200.748809 | 356.135269 
 4149.7377 | 08803.3347 | 17:49:37 | 200.748809 | 356.135269 
 4149.7377 | 08803.3347 | 17:49:38 | 200.748809 | 356.135269 
 4149.7370 | 08803.3340 | 17:49:39 | 200.749413 | 356.134466 
 4149.7368 | 08803.3358 | 17:49:40 | 200.747866 | 356.134231 
 4149.7363 | 08803.3382 | 17:49:41 | 200.745803 | 356.133649 
 4149.7359 | 08803.3405 | 17:49:42 | 200.743826 | 356.133183 
 4149.7355 | 08803.3427 | 17:49:43 | 200.741934 | 356.132716 
 4149.7353 | 08803.3456 | 17:49:44 | 200.739440 | 356.132478 
 4149.7353 | 08803.3480 | 17:49:45 | 200.737376 | 356.132472 
 4149.7353 | 08803.3505 | 17:49:46 | 200.735225 | 356.132465 
 4149.7352 | 08803.3525 | 17:49:47 | 200.733505 | 356.132344 
 4149.7353 | 08803.3547 | 17:49:48 | 200.731612 | 356.132453 
 4149.7354 | 08803.3571 | 17:49:49 | 200.729547 | 356.132561 
 4149.7354 | 08803.3593 | 17:49:50 | 200.727654 | 356.132555 
 4149.7353 | 08803.3616 | 17:49:51 | 200.725676 | 356.132434 
 4149.7353 | 08803.3638 | 17:49:52 | 200.723783 | 356.132428 
 4149.7354 | 08803.3657 | 17:49:53 | 200.722148 | 356.132538 
 4149.7354 | 08803.3675 | 17:49:54 | 200.720600 | 356.132533 
 4149.7359 | 08803.3690 | 17:49:55 | 200.719307 | 356.133104 
 4149.7365 | 08803.3703 | 17:49:56 | 200.718187 | 356.133790 
 4149.7371 | 08803.3715 | 17:49:57 | 200.717152 | 356.134477 
 4149.7377 | 08803.3727 | 17:49:58 | 200.716117 | 356.135164 
 4149.7382 | 08803.3738 | 17:49:59 | 200.715169 | 356.135736 
 4149.7381 | 08803.3739 | 17:50:00 | 200.715084 | 356.135620 
 4149.7383 | 08803.3746 | 17:50:01 | 200.714481 | 356.135849 
 4149.7387 | 08803.3754 | 17:50:02 | 200.713791 | 356.136306 
 4149.7412 | 08803.3709 | 17:50:03 | 200.717653 | 356.139194 
 4149.7423 | 08803.3706 | 17:50:04 | 200.717907 | 356.140461 
 4149.7434 | 08803.3701 | 17:50:05 | 200.718333 | 356.141727 
 4149.7442 | 08803.3701 | 17:50:06 | 200.718330 | 356.142647 
 4149.7456 | 08803.3701 | 17:50:07 | 200.718325 | 356.144258 
 4149.7467 | 08803.3700 | 17:50:08 | 200.718407 | 356.145523 
 4149.7476 | 08803.3697 | 17:50:09 | 200.718662 | 356.146559 
 4149.7482 | 08803.3694 | 17:50:10 | 200.718917 | 356.147250 
 4149.7486 | 08803.3691 | 17:50:11 | 200.719174 | 356.147711 
 4149.7491 | 08803.3688 | 17:50:12 | 200.719430 | 356.148287 
 4149.7495 | 08803.3688 | 17:50:13 | 200.719429 | 356.148747 
 4149.7499 | 08803.3689 | 17:50:14 | 200.719341 | 356.149207 
 4149.7500 | 08803.3688 | 17:50:15 | 200.719427 | 356.149322 
 4149.7501 | 08803.3687 | 17:50:16 | 200.719513 | 356.149438 
 4149.7504 | 08803.3681 | 17:50:17 | 200.720028 | 356.149784 
 4149.7507 | 08803.3674 | 17:50:18 | 200.720629 | 356.150131 
 4149.7507 | 08803.3676 | 17:50:19 | 200.720457 | 356.150131 
 4149.7509 | 08803.3675 | 17:50:20 | 200.720542 | 356.150361 
 4149.7509 | 08803.3677 | 17:50:21 | 200.720370 | 356.150361 
 4149.7509 | 08803.3677 | 17:50:22 | 200.720370 | 356.150361 
 4149.7509 | 08803.3677 | 17:50:23 | 200.720370 | 356.150361 
 4149.7509 | 08803.3677 | 17:50:24 | 200.720370 | 356.150361 
 4149.7509 | 08803.3677 | 17:50:25 | 200.720370 | 356.150361 
 4149.7509 | 08803.3677 | 17:50:26 | 200.720370 | 356.150361 
 4149.7509 | 08803.3677 | 17:50:27 | 200.720370 | 356.150361 
 4149.7509 | 08803.3677 | 17:50:28 | 200.720370 | 356.150361 
 4149.7509 | 08803.3677 | 17:50:29 | 200.720370 | 356.150361 
 4149.7509 | 08803.3677 | 17:50:30 | 200.720370 | 356.150361 
 4149.7509 | 08803.3677 | 17:50:31 | 200.720370 | 356.150361 
 4149.7509 | 08803.3677 | 17:50:32 | 200.720370 | 356.150361 
 4149.7509 | 08803.3677 | 17:50:33 | 200.720370 | 356.150361 
 4149.7509 | 08803.3677 | 17:50:34 | 200.720370 | 356.150361 
 4149.7509 | 08803.3677 | 17:50:35 | 200.720370 | 356.150361 
 4149.7509 | 08803.3677 | 17:50:36 | 200.720370 | 356.150361 
 4149.7509 | 08803.3677 | 17:50:37 | 200.720370 | 356.150361 
 4149.7509 | 08803.3677 | 17:50:38 | 200.720370 | 356.150361 
 4149.7509 | 08803.3677 | 17:50:39 | 200.720370 | 356.150361 
 4149.7509 | 08803.3677 | 17:50:40 | 200.720370 | 356.150361 
 4149.7509 | 08803.3677 | 17:50:41 | 200.720370 | 356.150361 
 4149.7509 | 08803.3677 | 17:50:42 | 200.720370 | 356.150361 
 4149.7509 | 08803.3677 | 17:50:43 | 200.720370 | 356.150361 
 4149.7509 | 08803.3677 | 17:50:44 | 200.720370 | 356.150361 
 4149.7509 | 08803.3677 | 17:50:45 | 200.720370 | 356.150361 
 4149.7509 | 08803.3677 | 17:50:46 | 200.720370 | 356.150361 
 4149.7509 | 08803.3677 | 17:50:47 | 200.720370 | 356.150361 
 4149.7509 | 08803.3677 | 17:50:48 | 200.720370 | 356.150361 
 4149.7509 | 08803.3677 | 17:50:49 | 200.720370 | 356.150361 
 4149.7509 | 08803.3677 | 17:50:50 | 200.720370 | 356.150361 
 4149.7509 | 08803.3677 | 17:50:51 | 200.720370 | 356.150361 
 4149.7509 | 08803.3677 | 17:50:52 | 200.720370 | 356.150361 
 4149.7509 | 08803.3677 | 17:50:53 | 200.720370 | 356.150361 
 4149.7459 | 08803.3710 | 17:50:54 | 200.717550 | 356.144600 
 4149.7478 | 08803.3699 | 17:50:55 | 200.718489 | 356.146789 
 4149.7490 | 08803.3705 | 17:50:56 | 200.717968 | 356.148167 
 4149.7503 | 08803.3711 | 17:50:57 | 200.717447 | 356.149661 
 4149.7516 | 08803.3717 | 17:50:58 | 200.716926 | 356.151155 
 4149.7528 | 08803.3723 | 17:50:59 | 200.716406 | 356.152533 
 4149.7541 | 08803.3729 | 17:51:00 | 200.715885 | 356.154027 
 4149.7561 | 08803.3719 | 17:51:01 | 200.716737 | 356.156330 
 4149.7571 | 08803.3722 | 17:51:02 | 200.716476 | 356.157480 
 4149.7581 | 08803.3715 | 17:51:03 | 200.717074 | 356.158632 
 4149.7589 | 08803.3715 | 17:51:04 | 200.717071 | 356.159552 
 4149.7601 | 08803.3726 | 17:51:05 | 200.716120 | 356.160929 
 4149.7612 | 08803.3736 | 17:51:06 | 200.715256 | 356.162192 
 4149.7623 | 08803.3723 | 17:51:07 | 200.716370 | 356.163461 
 4149.7641 | 08803.3702 | 17:51:08 | 200.718170 | 356.165537 
 4149.7650 | 08803.3693 | 17:51:09 | 200.718941 | 356.166575 
 4149.7621 | 08803.3676 | 17:51:10 | 200.720414 | 356.163244 
 4149.7612 | 08803.3660 | 17:51:11 | 200.721794 | 356.162213 
 4149.7644 | 08803.3557 | 17:51:12 | 200.730643 | 356.165922 
 4149.7649 | 08803.3506 | 17:51:13 | 200.735029 | 356.166511 
 4149.7660 | 08803.3441 | 17:51:14 | 200.740617 | 356.167795 
 4149.7665 | 08803.3385 | 17:51:15 | 200.745432 | 356.168385 
 4149.7665 | 08803.3331 | 17:51:16 | 200.750078 | 356.168401 
 4149.7664 | 08803.3279 | 17:51:17 | 200.754552 | 356.168300 
 4149.7662 | 08803.3224 | 17:51:18 | 200.759284 | 356.168085 
 4149.7662 | 08803.3167 | 17:51:19 | 200.764188 | 356.168101 
 4149.7662 | 08803.3111 | 17:51:20 | 200.769005 | 356.168117 
 4149.7661 | 08803.3055 | 17:51:21 | 200.773823 | 356.168017 
 4149.7662 | 08803.3000 | 17:51:22 | 200.778555 | 356.168148 
 4149.7662 | 08803.2945 | 17:51:23 | 200.783286 | 356.168163 
 4149.7662 | 08803.2891 | 17:51:24 | 200.787932 | 356.168178 
 4149.7663 | 08803.2842 | 17:51:25 | 200.792147 | 356.168307 
 4149.7663 | 08803.2803 | 17:51:26 | 200.795502 | 356.168318 
 4149.7662 | 08803.2773 | 17:51:27 | 200.798083 | 356.168211 
 4149.7661 | 08803.2751 | 17:51:28 | 200.799976 | 356.168102 
 4149.7660 | 08803.2734 | 17:51:29 | 200.801439 | 356.167992 
 4149.7656 | 08803.2720 | 17:51:30 | 200.802645 | 356.167536 
 4149.7650 | 08803.2706 | 17:51:31 | 200.803851 | 356.166849 
 4149.7643 | 08803.2689 | 17:51:32 | 200.805317 | 356.166049 
 4149.7635 | 08803.2672 | 17:51:33 | 200.806782 | 356.165133 
 4149.7590 | 08803.2635 | 17:51:34 | 200.809982 | 356.159968 
 4149.7533 | 08803.2679 | 17:51:35 | 200.806218 | 356.153399 
 4149.7496 | 08803.2694 | 17:51:36 | 200.804941 | 356.149139 
 4149.7449 | 08803.2700 | 17:51:37 | 200.804443 | 356.143731 
 4149.7397 | 08803.2707 | 17:51:38 | 200.803860 | 356.137748 
 4149.7343 | 08803.2711 | 17:51:39 | 200.803536 | 356.131536 
 4149.7279 | 08803.2711 | 17:51:40 | 200.803560 | 356.124174 
 4149.7212 | 08803.2713 | 17:51:41 | 200.803413 | 356.116467 
 4149.7141 | 08803.2714 | 17:51:42 | 200.803353 | 356.108300 
 4149.7067 | 08803.2717 | 17:51:43 | 200.803123 | 356.099787 
 4149.6991 | 08803.2721 | 17:51:44 | 200.802807 | 356.091045 
 4149.6911 | 08803.2725 | 17:51:45 | 200.802493 | 356.081842 
 4149.6828 | 08803.2728 | 17:51:46 | 200.802266 | 356.072294 
 4149.6749 | 08803.2735 | 17:51:47 | 200.801693 | 356.063205 
 4149.6669 | 08803.2740 | 17:51:48 | 200.801293 | 356.054002 
 4149.6589 | 08803.2743 | 17:51:49 | 200.801064 | 356.044799 
 4149.6505 | 08803.2746 | 17:51:50 | 200.800838 | 356.035136 
 4149.6421 | 08803.2748 | 17:51:51 | 200.800697 | 356.025474 
 4149.6334 | 08803.2752 | 17:51:52 | 200.800385 | 356.015465 
 4149.6248 | 08803.2756 | 17:51:53 | 200.800073 | 356.005572 
 4149.6160 | 08803.2763 | 17:51:54 | 200.799504 | 355.995448 
 4149.6071 | 08803.2772 | 17:51:55 | 200.798763 | 355.985209 
 4149.5982 | 08803.2783 | 17:51:56 | 200.797850 | 355.974968 
 4149.5892 | 08803.2796 | 17:51:57 | 200.796765 | 355.964613 
 4149.5803 | 08803.2810 | 17:51:58 | 200.795594 | 355.954372 
 4149.5714 | 08803.2825 | 17:51:59 | 200.794336 | 355.944130 
 4149.5631 | 08803.2858 | 17:52:00 | 200.791528 | 355.934574 
 4149.5545 | 08803.2891 | 17:52:01 | 200.788721 | 355.924673 
 4149.5457 | 08803.2929 | 17:52:02 | 200.785485 | 355.914540 
 4149.5370 | 08803.2971 | 17:52:03 | 200.781904 | 355.904522 
 4149.5284 | 08803.3019 | 17:52:04 | 200.777806 | 355.894616 
 4149.5202 | 08803.3072 | 17:52:05 | 200.773277 | 355.885169 
 4149.5118 | 08803.3131 | 17:52:06 | 200.768232 | 355.875491 
 4149.5049 | 08803.3198 | 17:52:07 | 200.762493 | 355.867536 
 4149.4976 | 08803.3267 | 17:52:08 | 200.756584 | 355.859120 
 4149.4901 | 08803.3339 | 17:52:09 | 200.750418 | 355.850473 
 4149.4823 | 08803.3408 | 17:52:10 | 200.744510 | 355.841482 
 4149.4747 | 08803.3478 | 17:52:11 | 200.738516 | 355.832721 
 4149.4672 | 08803.3549 | 17:52:12 | 200.732435 | 355.824074 
 4149.4598 | 08803.3621 | 17:52:13 | 200.726268 | 355.815542 
 4149.4533 | 08803.3739 | 17:52:14 | 200.716140 | 355.808033 
 4149.4492 | 08803.3872 | 17:52:15 | 200.704713 | 355.803280 
 4149.4442 | 08803.3981 | 17:52:16 | 200.695353 | 355.797499 
 4149.4387 | 08803.4087 | 17:52:17 | 200.686254 | 355.791143 
 4149.4327 | 08803.4190 | 17:52:18 | 200.677414 | 355.784213 
 4149.4294 | 08803.4301 | 17:52:19 | 200.667876 | 355.780387 
 4149.4235 | 08803.4406 | 17:52:20 | 200.658864 | 355.773571 
 4149.4179 | 08803.4513 | 17:52:21 | 200.649679 | 355.767101 
 4149.4123 | 08803.4621 | 17:52:22 | 200.640408 | 355.760629 
 4149.4068 | 08803.4733 | 17:52:23 | 200.630792 | 355.754272 
 4149.4014 | 08803.4844 | 17:52:24 | 200.621262 | 355.748030 
 4149.3958 | 08803.4954 | 17:52:25 | 200.611819 | 355.741559 
 4149.3912 | 08803.5067 | 17:52:26 | 200.602113 | 355.736237 
 4149.3864 | 08803.5177 | 17:52:27 | 200.592667 | 355.730685 
 4149.3802 | 08803.5285 | 17:52:28 | 200.583398 | 355.723524 
 4149.3743 | 08803.5400 | 17:52:29 | 200.573525 | 355.716706 
 4149.3685 | 08803.5520 | 17:52:30 | 200.563222 | 355.710002 
 4149.3624 | 08803.5642 | 17:52:31 | 200.552748 | 355.702952 
 4149.3563 | 08803.5769 | 17:52:32 | 200.541843 | 355.695901 
 4149.3500 | 08803.5896 | 17:52:33 | 200.530939 | 355.688619 
 4149.3436 | 08803.6028 | 17:52:34 | 200.519606 | 355.681222 
 4149.3373 | 08803.6164 | 17:52:35 | 200.507928 | 355.673938 
 4149.3283 | 08803.6295 | 17:52:36 | 200.496690 | 355.663550 
 4149.3211 | 08803.6434 | 17:52:37 | 200.484756 | 355.655230 
 4149.3135 | 08803.6576 | 17:52:38 | 200.472567 | 355.646450 
 4149.3062 | 08803.6720 | 17:52:39 | 200.460204 | 355.638014 
 4149.2988 | 08803.6863 | 17:52:40 | 200.447927 | 355.629463 
 4149.2916 | 08803.7002 | 17:52:41 | 200.435994 | 355.621144 
 4149.2845 | 08803.7140 | 17:52:42 | 200.424146 | 355.612939 
 4149.2773 | 08803.7277 | 17:52:43 | 200.412385 | 355.604621 
 4149.2700 | 08803.7414 | 17:52:44 | 200.400624 | 355.596187 
 4149.2630 | 08803.7553 | 17:52:45 | 200.388690 | 355.588097 
 4149.2558 | 08803.7692 | 17:52:46 | 200.376756 | 355.579778 
 4149.2487 | 08803.7831 | 17:52:47 | 200.364822 | 355.571574 
 4149.2416 | 08803.7969 | 17:52:48 | 200.352975 | 355.563370 
 4149.2345 | 08803.8109 | 17:52:49 | 200.340955 | 355.555165 
 4149.2277 | 08803.8245 | 17:52:50 | 200.329278 | 355.547307 
 4149.2208 | 08803.8381 | 17:52:51 | 200.317601 | 355.539333 
 4149.2142 | 08803.8520 | 17:52:52 | 200.305665 | 355.531704 
 4149.2072 | 08803.8659 | 17:52:53 | 200.293731 | 355.523615 
 4149.2020 | 08803.8801 | 17:52:54 | 200.281531 | 355.517596 
 4149.1959 | 08803.8937 | 17:52:55 | 200.269852 | 355.510543 
 4149.1919 | 08803.9112 | 17:52:56 | 200.254809 | 355.505895 
 4149.1872 | 08803.9270 | 17:52:57 | 200.241231 | 355.500446 
 4149.1829 | 08803.9430 | 17:52:58 | 200.227480 | 355.495458 
 4149.1787 | 08803.9591 | 17:52:59 | 200.213642 | 355.490583 
 4149.1743 | 08803.9753 | 17:53:00 | 200.199719 | 355.485479 
 4149.1697 | 08803.9911 | 17:53:01 | 200.186141 | 355.480146 
 4149.1654 | 08804.0070 | 17:53:02 | 200.172476 | 355.475157 
 4149.1612 | 08804.0227 | 17:53:03 | 200.158982 | 355.470284 
 4149.1569 | 08804.0381 | 17:53:04 | 200.145747 | 355.465297 
 4149.1527 | 08804.0533 | 17:53:05 | 200.132683 | 355.460426 
 4149.1484 | 08804.0684 | 17:53:06 | 200.119706 | 355.455440 
 4149.1439 | 08804.0836 | 17:53:07 | 200.106644 | 355.450223 
 4149.1391 | 08804.0988 | 17:53:08 | 200.093582 | 355.444662 
 4149.1348 | 08804.1140 | 17:53:09 | 200.080519 | 355.439675 
 4149.1301 | 08804.1293 | 17:53:10 | 200.067371 | 355.434229 
 4149.1254 | 08804.1447 | 17:53:11 | 200.054137 | 355.428782 
 4149.1207 | 08804.1550 | 17:53:12 | 200.045291 | 355.423349 
 4149.1162 | 08804.1693 | 17:53:13 | 200.033003 | 355.418135 
 4149.1201 | 08804.1736 | 17:53:14 | 200.029289 | 355.422609 
 4149.1174 | 08804.1842 | 17:53:15 | 200.020178 | 355.419476 
 4149.1121 | 08804.1936 | 17:53:16 | 200.012109 | 355.413355 
 4149.1067 | 08804.2029 | 17:53:17 | 200.004126 | 355.407119 
 4149.1020 | 08804.2122 | 17:53:18 | 199.996141 | 355.401688 
 4149.0973 | 08804.2203 | 17:53:19 | 199.989188 | 355.396261 
 4149.0931 | 08804.2275 | 17:53:20 | 199.983007 | 355.391411 
 4149.0892 | 08804.2339 | 17:53:21 | 199.977514 | 355.386908 
 4149.0856 | 08804.2397 | 17:53:22 | 199.972536 | 355.382752 
 4149.0827 | 08804.2448 | 17:53:23 | 199.968158 | 355.379403 
 4149.0807 | 08804.2487 | 17:53:24 | 199.964810 | 355.377092 
 4149.0785 | 08804.2518 | 17:53:25 | 199.962150 | 355.374554 
 4149.0766 | 08804.2536 | 17:53:26 | 199.960608 | 355.372363 
 4149.0757 | 08804.2545 | 17:53:27 | 199.959837 | 355.371326 
 4149.0768 | 08804.2550 | 17:53:28 | 199.959402 | 355.372590 
 4149.0770 | 08804.2549 | 17:53:29 | 199.959488 | 355.372820 
 4149.0773 | 08804.2548 | 17:53:30 | 199.959573 | 355.373165 
 4149.0773 | 08804.2548 | 17:53:31 | 199.959573 | 355.373165 
 4149.0773 | 08804.2548 | 17:53:32 | 199.959573 | 355.373165 
 4149.0773 | 08804.2548 | 17:53:33 | 199.959573 | 355.373165 
 4149.0773 | 08804.2548 | 17:53:34 | 199.959573 | 355.373165 
 4149.0773 | 08804.2548 | 17:53:35 | 199.959573 | 355.373165 
 4149.0773 | 08804.2548 | 17:53:36 | 199.959573 | 355.373165 
 4149.0773 | 08804.2548 | 17:53:37 | 199.959573 | 355.373165 
 4149.0773 | 08804.2548 | 17:53:38 | 199.959573 | 355.373165 
 4149.0773 | 08804.2548 | 17:53:39 | 199.959573 | 355.373165 
 4149.0773 | 08804.2548 | 17:53:40 | 199.959573 | 355.373165 
 4149.0773 | 08804.2548 | 17:53:41 | 199.959573 | 355.373165 
 4149.0773 | 08804.2548 | 17:53:42 | 199.959573 | 355.373165 
 4149.0773 | 08804.2548 | 17:53:43 | 199.959573 | 355.373165 
 4149.0773 | 08804.2548 | 17:53:44 | 199.959573 | 355.373165 
 4149.0773 | 08804.2548 | 17:53:45 | 199.959573 | 355.373165 
 4149.0773 | 08804.2548 | 17:53:46 | 199.959573 | 355.373165 
 4149.0773 | 08804.2548 | 17:53:47 | 199.959573 | 355.373165 
 4149.0773 | 08804.2548 | 17:53:48 | 199.959573 | 355.373165 
 4149.0773 | 08804.2548 | 17:53:49 | 199.959573 | 355.373165 
 4149.0773 | 08804.2548 | 17:53:50 | 199.959573 | 355.373165 
 4149.0773 | 08804.2548 | 17:53:51 | 199.959573 | 355.373165 
 4149.0773 | 08804.2548 | 17:53:52 | 199.959573 | 355.373165 
 4149.0773 | 08804.2548 | 17:53:53 | 199.959573 | 355.373165 
 4149.0773 | 08804.2548 | 17:53:53 | 199.959573 | 355.373165 
 4149.0794 | 08804.2514 | 17:53:54 | 199.962491 | 355.375590 
 4149.0788 | 08804.2524 | 17:53:55 | 199.961633 | 355.374897 
 4149.0775 | 08804.2544 | 17:53:56 | 199.959916 | 355.373396 
 4149.0754 | 08804.2576 | 17:53:57 | 199.957170 | 355.370973 
 4149.0724 | 08804.2617 | 17:53:58 | 199.953653 | 355.367511 
 4149.0686 | 08804.2668 | 17:53:59 | 199.949278 | 355.363127 
 4149.0641 | 08804.2728 | 17:54:00 | 199.944131 | 355.357935 
 4149.0590 | 08804.2796 | 17:54:01 | 199.938298 | 355.352051 
 4149.0535 | 08804.2871 | 17:54:02 | 199.931864 | 355.345705 
 4149.0476 | 08804.2947 | 17:54:03 | 199.925345 | 355.338899 
 4149.0416 | 08804.3023 | 17:54:04 | 199.918827 | 355.331977 
 4149.0353 | 08804.3099 | 17:54:05 | 199.912310 | 355.324711 
 4149.0287 | 08804.3176 | 17:54:06 | 199.905707 | 355.317099 
 4149.0215 | 08804.3253 | 17:54:07 | 199.899107 | 355.308797 
 4149.0137 | 08804.3331 | 17:54:08 | 199.892423 | 355.299805 
 4149.0054 | 08804.3410 | 17:54:09 | 199.885654 | 355.290238 
 4148.9965 | 08804.3488 | 17:54:10 | 199.878973 | 355.279980 
 4148.9872 | 08804.3567 | 17:54:11 | 199.872208 | 355.269262 
 4148.9776 | 08804.3643 | 17:54:12 | 199.865702 | 355.258200 
 4148.9672 | 08804.3713 | 17:54:13 | 199.859715 | 355.246220 
 4148.9571 | 08804.3780 | 17:54:14 | 199.853985 | 355.234585 
 4148.9470 | 08804.3846 | 17:54:15 | 199.848342 | 355.222950 
 4148.9367 | 08804.3909 | 17:54:16 | 199.842956 | 355.211086 
 4148.9260 | 08804.3970 | 17:54:17 | 199.837745 | 355.198763 
 4148.9150 | 08804.4028 | 17:54:18 | 199.832792 | 355.186095 
 4148.9036 | 08804.4081 | 17:54:19 | 199.828271 | 355.172969 
 4148.8921 | 08804.4132 | 17:54:20 | 199.823923 | 355.159728 
 4148.8803 | 08804.4178 | 17:54:21 | 199.820006 | 355.146143 
 4148.8683 | 08804.4222 | 17:54:22 | 199.816261 | 355.132329 
 4148.8564 | 08804.4262 | 17:54:23 | 199.812861 | 355.118631 
 4148.8443 | 08804.4300 | 17:54:24 | 199.809633 | 355.104703 
 4148.8322 | 08804.4336 | 17:54:25 | 199.806577 | 355.090776 
 4148.8201 | 08804.4371 | 17:54:26 | 199.803607 | 355.076849 
 4148.8080 | 08804.4405 | 17:54:27 | 199.800724 | 355.062922 
 4148.7945 | 08804.4434 | 17:54:28 | 199.798275 | 355.047387 
 4148.7823 | 08804.4468 | 17:54:29 | 199.795392 | 355.033345 
 4148.7699 | 08804.4501 | 17:54:30 | 199.792595 | 355.019074 
 4148.7575 | 08804.4534 | 17:54:31 | 199.789798 | 355.004802 
 4148.7452 | 08804.4567 | 17:54:32 | 199.787001 | 354.990646 
 4148.7328 | 08804.4599 | 17:54:33 | 199.784291 | 354.976374 
 4148.7184 | 08804.4623 | 17:54:34 | 199.782275 | 354.959805 
 4148.7055 | 08804.4653 | 17:54:35 | 199.779739 | 354.944959 
 4148.6926 | 08804.4684 | 17:54:36 | 199.777116 | 354.930113 
 4148.6808 | 08804.4720 | 17:54:37 | 199.774059 | 354.916531 
 4148.6682 | 08804.4753 | 17:54:38 | 199.771262 | 354.902029 
 4148.6555 | 08804.4787 | 17:54:39 | 199.768381 | 354.887413 
 4148.6430 | 08804.4822 | 17:54:40 | 199.765412 | 354.873026 
 4148.6383 | 08804.4885 | 17:54:41 | 199.760007 | 354.867603 
 4148.6304 | 08804.4934 | 17:54:42 | 199.755818 | 354.858504 
 4148.6187 | 08804.4970 | 17:54:43 | 199.752760 | 354.845037 
 4148.6067 | 08804.5003 | 17:54:44 | 199.749962 | 354.831225 
 4148.5713 | 08804.5109 | 17:54:47 | 199.740962 | 354.790480 
 4148.5595 | 08804.5144 | 17:54:48 | 199.737991 | 354.776898 
 4148.5476 | 08804.5180 | 17:54:49 | 199.734934 | 354.763201 
 4148.5387 | 08804.5274 | 17:54:50 | 199.726876 | 354.752940 
 4148.5295 | 08804.5344 | 17:54:51 | 199.720883 | 354.742339 
 4148.5209 | 08804.5404 | 17:54:52 | 199.715750 | 354.732432 
 4148.5129 | 08804.5455 | 17:54:53 | 199.711388 | 354.723217 
 4148.5057 | 08804.5499 | 17:54:54 | 199.707627 | 354.714924 
 4148.4991 | 08804.5541 | 17:54:55 | 199.704035 | 354.707322 
 4148.4932 | 08804.5582 | 17:54:56 | 199.700527 | 354.700525 
 4148.4883 | 08804.5622 | 17:54:57 | 199.697102 | 354.694878 
 4148.4836 | 08804.5659 | 17:54:58 | 199.693934 | 354.689463 
 4148.4788 | 08804.5694 | 17:54:59 | 199.690938 | 354.683932 
 4148.4790 | 08804.5724 | 17:55:00 | 199.688356 | 354.684155 
 4148.4782 | 08804.5748 | 17:55:01 | 199.686293 | 354.683228 
 4148.4773 | 08804.5770 | 17:55:02 | 199.684403 | 354.682187 
 4148.4766 | 08804.5805 | 17:55:03 | 199.681393 | 354.681373 
 4148.4755 | 08804.5842 | 17:55:04 | 199.678213 | 354.680099 
 4148.4741 | 08804.5879 | 17:55:05 | 199.675034 | 354.678479 
 4148.4734 | 08804.5952 | 17:55:06 | 199.668754 | 354.677655 
 4148.4720 | 08804.6018 | 17:55:07 | 199.663079 | 354.676027 
 4148.4729 | 08804.6103 | 17:55:08 | 199.655761 | 354.677041 
 4148.4733 | 08804.6188 | 17:55:09 | 199.648445 | 354.677479 
 4148.4727 | 08804.6276 | 17:55:10 | 199.640874 | 354.676766 
 4148.4773 | 08804.6389 | 17:55:11 | 199.631134 | 354.682028 
 4148.4788 | 08804.6495 | 17:55:12 | 199.622006 | 354.683727 
 4148.4805 | 08804.6605 | 17:55:13 | 199.612534 | 354.685654 
 4148.4823 | 08804.6720 | 17:55:14 | 199.602631 | 354.687695 
 4148.4847 | 08804.6839 | 17:55:15 | 199.592382 | 354.690425 
 4148.4871 | 08804.6963 | 17:55:16 | 199.581703 | 354.693154 
 4148.4898 | 08804.7088 | 17:55:17 | 199.570937 | 354.696228 
 4148.4928 | 08804.7217 | 17:55:18 | 199.559825 | 354.699645 
 4148.4952 | 08804.7343 | 17:55:19 | 199.548974 | 354.702374 
 4148.5024 | 08804.7878 | 17:55:23 | 199.502909 | 354.710519 
 4148.5040 | 08804.8014 | 17:55:24 | 199.491200 | 354.712325 
 4148.5084 | 08804.8230 | 17:55:25 | 199.472597 | 354.717332 
 4148.5091 | 08804.8386 | 17:55:26 | 199.459169 | 354.718097 
 4148.5094 | 08804.8541 | 17:55:27 | 199.445829 | 354.718403 
 4148.5096 | 08804.8696 | 17:55:28 | 199.432490 | 354.718594 
 4148.5093 | 08804.8854 | 17:55:29 | 199.418894 | 354.718209 
 4148.5090 | 08804.9013 | 17:55:30 | 199.405212 | 354.717824 
 4148.5088 | 08804.9178 | 17:55:31 | 199.391013 | 354.717552 
 4148.5086 | 08804.9346 | 17:55:32 | 199.376557 | 354.717280 
 4148.5083 | 08804.9513 | 17:55:33 | 199.362186 | 354.716893 
 4148.5081 | 08804.9682 | 17:55:34 | 199.347643 | 354.716621 
 4148.5073 | 08805.0020 | 17:55:36 | 199.318559 | 354.715616 
 4148.5069 | 08805.0187 | 17:55:37 | 199.304188 | 354.715114 
 4148.5064 | 08805.0354 | 17:55:38 | 199.289819 | 354.714497 
 4148.5059 | 08805.0520 | 17:55:39 | 199.275535 | 354.713880 
 4148.5053 | 08805.0684 | 17:55:40 | 199.261424 | 354.713149 
 4148.5046 | 08805.0848 | 17:55:41 | 199.247313 | 354.712303 
 4148.5039 | 08805.1009 | 17:55:42 | 199.233460 | 354.711458 
 4148.5034 | 08805.1172 | 17:55:43 | 199.219434 | 354.710843 
 4148.5029 | 08805.1333 | 17:55:44 | 199.205581 | 354.710227 
 4148.5023 | 08805.1494 | 17:55:45 | 199.191728 | 354.709497 
 4148.5016 | 08805.1652 | 17:55:46 | 199.178133 | 354.708653 
 4148.5011 | 08805.1807 | 17:55:47 | 199.164796 | 354.708040 
 4148.5005 | 08805.1957 | 17:55:48 | 199.151889 | 354.707312 
 4148.4994 | 08805.2249 | 17:55:50 | 199.126764 | 354.705975 
 4148.4988 | 08805.2393 | 17:55:51 | 199.114374 | 354.705249 
 4148.4981 | 08805.2536 | 17:55:52 | 199.102070 | 354.704409 
 4148.4974 | 08805.2679 | 17:55:53 | 199.089766 | 354.703569 
 4148.4968 | 08805.2821 | 17:55:54 | 199.077548 | 354.702844 
 4148.4964 | 08805.2963 | 17:55:55 | 199.065329 | 354.702349 
 4148.4960 | 08805.3105 | 17:55:56 | 199.053111 | 354.701854 
 4148.4953 | 08805.3244 | 17:55:57 | 199.041151 | 354.701015 
 4148.4949 | 08805.3381 | 17:55:58 | 199.029362 | 354.700521 
 4148.4944 | 08805.3512 | 17:55:59 | 199.018091 | 354.699914 
 4148.4940 | 08805.3639 | 17:56:00 | 199.007163 | 354.699423 
 4148.4940 | 08805.3764 | 17:56:01 | 198.996406 | 354.699392 
 4148.4941 | 08805.3886 | 17:56:02 | 198.985906 | 354.699477 
 4148.4944 | 08805.4003 | 17:56:03 | 198.975837 | 354.699794 
 4148.4944 | 08805.4113 | 17:56:04 | 198.966370 | 354.699767 
 4148.4943 | 08805.4216 | 17:56:05 | 198.957507 | 354.699627 
 4148.4945 | 08805.4314 | 17:56:06 | 198.949073 | 354.699833 
 4148.4945 | 08805.4404 | 17:56:07 | 198.941327 | 354.699811 
 4148.4946 | 08805.4483 | 17:56:08 | 198.934529 | 354.699907 
 4148.4950 | 08805.4555 | 17:56:09 | 198.928331 | 354.700350 
 4148.4955 | 08805.4620 | 17:56:10 | 198.922736 | 354.700909 
 4148.4946 | 08805.4677 | 17:56:11 | 198.917833 | 354.699860 
 4148.4948 | 08805.4735 | 17:56:12 | 198.912842 | 354.700076 
 4148.4950 | 08805.4791 | 17:56:13 | 198.908022 | 354.700293 
 4148.4952 | 08805.4846 | 17:56:14 | 198.903288 | 354.700509 
 4148.4899 | 08805.4889 | 17:56:15 | 198.899605 | 354.694403 
 4148.4874 | 08805.4944 | 17:56:16 | 198.894880 | 354.691514 
 4148.4855 | 08805.5003 | 17:56:17 | 198.889808 | 354.689314 
 4148.4838 | 08805.5061 | 17:56:18 | 198.884822 | 354.687345 
 4148.4820 | 08805.5116 | 17:56:19 | 198.880095 | 354.685261 
 4148.4799 | 08805.5167 | 17:56:20 | 198.875713 | 354.682833 
 4148.4595 | 08805.4924 | 17:56:21 | 198.896691 | 354.659427 
 4148.4520 | 08805.4900 | 17:56:22 | 198.898781 | 354.650806 
 4148.4453 | 08805.4885 | 17:56:23 | 198.900093 | 354.643103 
 4148.4382 | 08805.4872 | 17:56:24 | 198.901235 | 354.634940 
 4148.4306 | 08805.4861 | 17:56:25 | 198.902206 | 354.626201 
 4148.4236 | 08805.4872 | 17:56:26 | 198.901282 | 354.618146 
 4148.4158 | 08805.4868 | 17:56:27 | 198.901652 | 354.609176 
 4148.4079 | 08805.4863 | 17:56:28 | 198.902108 | 354.600090 
 4148.3998 | 08805.4856 | 17:56:29 | 198.902736 | 354.590775 
 4148.3916 | 08805.4851 | 17:56:30 | 198.903193 | 354.581344 
 4148.3834 | 08805.4846 | 17:56:31 | 198.903650 | 354.571913 
 4148.3743 | 08805.4839 | 17:56:32 | 198.904282 | 354.561448 
 4148.3655 | 08805.4843 | 17:56:33 | 198.903966 | 354.551325 
 4148.3566 | 08805.4840 | 17:56:34 | 198.904253 | 354.541089 
 4148.3476 | 08805.4831 | 17:56:35 | 198.905057 | 354.530739 
 4148.3387 | 08805.4827 | 17:56:36 | 198.905430 | 354.520503 
 4148.3207 | 08805.4815 | 17:56:38 | 198.906521 | 354.499801 
 4148.3117 | 08805.4809 | 17:56:39 | 198.907066 | 354.489451 
 4148.3025 | 08805.4801 | 17:56:40 | 198.907785 | 354.478871 
 4148.2893 | 08805.4823 | 17:56:41 | 198.905934 | 354.463682 
 4148.2789 | 08805.4820 | 17:56:42 | 198.906226 | 354.451721 
 4148.2688 | 08805.4824 | 17:56:43 | 198.905914 | 354.440102 
 4148.2589 | 08805.4836 | 17:56:44 | 198.904914 | 354.428712 
 4148.2491 | 08805.4840 | 17:56:45 | 198.904601 | 354.417439 
 4148.2397 | 08805.4840 | 17:56:46 | 198.904631 | 354.406627 
 4148.2305 | 08805.4835 | 17:56:47 | 198.905092 | 354.396046 
 4148.2212 | 08805.4831 | 17:56:48 | 198.905466 | 354.385350 
 4148.2119 | 08805.4830 | 17:56:49 | 198.905582 | 354.374653 
 4148.2023 | 08805.4827 | 17:56:50 | 198.905871 | 354.363611 
 4148.1926 | 08805.4822 | 17:56:51 | 198.906333 | 354.352455 
 4148.1830 | 08805.4817 | 17:56:52 | 198.906795 | 354.341414 
 4148.1738 | 08805.4806 | 17:56:53 | 198.907771 | 354.330835 
 4148.1645 | 08805.4793 | 17:56:54 | 198.908920 | 354.320141 
 4148.1557 | 08805.4763 | 17:56:55 | 198.911530 | 354.310026 
 4148.1456 | 08805.4763 | 17:56:56 | 198.911563 | 354.298409 
 4148.1356 | 08805.4757 | 17:56:57 | 198.912112 | 354.286908 
 4148.1255 | 08805.4750 | 17:56:58 | 198.912747 | 354.275292 
 4148.1159 | 08805.4747 | 17:56:59 | 198.913036 | 354.264251 
 4148.1061 | 08805.4742 | 17:57:00 | 198.913498 | 354.252980 
 4148.0970 | 08805.4747 | 17:57:01 | 198.913098 | 354.242511 
 4148.0867 | 08805.4740 | 17:57:02 | 198.913733 | 354.230666 
 4148.0773 | 08805.4739 | 17:57:03 | 198.913850 | 354.219854 
 4148.0679 | 08805.4726 | 17:57:04 | 198.914999 | 354.209045 
 4148.0585 | 08805.4719 | 17:57:05 | 198.915632 | 354.198234 
 4148.0490 | 08805.4715 | 17:57:06 | 198.916007 | 354.187308 
 4148.0400 | 08805.4713 | 17:57:07 | 198.916209 | 354.176956 
 4148.0311 | 08805.4790 | 17:57:08 | 198.909610 | 354.166701 
 4148.0234 | 08805.4806 | 17:57:09 | 198.908258 | 354.157840 
 4148.0148 | 08805.4820 | 17:57:10 | 198.907081 | 354.147945 
 4148.0159 | 08805.4664 | 17:57:11 | 198.920504 | 354.149248 
 4148.0131 | 08805.4665 | 17:57:12 | 198.920427 | 354.146027 
 4148.0080 | 08805.4669 | 17:57:13 | 198.920099 | 354.140160 
 4148.0033 | 08805.4675 | 17:57:14 | 198.919598 | 354.134752 
 4148.0016 | 08805.4645 | 17:57:15 | 198.922186 | 354.132804 
 4147.9987 | 08805.4635 | 17:57:16 | 198.923056 | 354.129471 
 4147.9975 | 08805.4714 | 17:57:17 | 198.916260 | 354.128071 
 4147.9946 | 08805.4721 | 17:57:18 | 198.915667 | 354.124734 
 4147.9927 | 08805.4719 | 17:57:19 | 198.915845 | 354.122549 
 4147.9926 | 08805.4702 | 17:57:20 | 198.917309 | 354.122438 
 4147.9915 | 08805.4697 | 17:57:21 | 198.917743 | 354.121174 
 4147.9907 | 08805.4693 | 17:57:22 | 198.918090 | 354.120255 
 4147.9906 | 08805.4692 | 17:57:23 | 198.918176 | 354.120140 
 4147.9905 | 08805.4689 | 17:57:24 | 198.918435 | 354.120026 
 4147.9904 | 08805.4687 | 17:57:25 | 198.918607 | 354.119911 
 4147.9906 | 08805.4687 | 17:57:26 | 198.918606 | 354.120141 
 4147.9906 | 08805.4687 | 17:57:27 | 198.918606 | 354.120141 
 4147.9906 | 08805.4687 | 17:57:28 | 198.918606 | 354.120141 
 4147.9906 | 08805.4687 | 17:57:29 | 198.918606 | 354.120141 
 4147.9906 | 08805.4687 | 17:57:30 | 198.918606 | 354.120141 
 4147.9906 | 08805.4687 | 17:57:31 | 198.918606 | 354.120141 
 4147.9906 | 08805.4687 | 17:57:32 | 198.918606 | 354.120141 
 4147.9906 | 08805.4687 | 17:57:33 | 198.918606 | 354.120141 
 4147.9906 | 08805.4687 | 17:57:34 | 198.918606 | 354.120141 
 4147.9906 | 08805.4687 | 17:57:35 | 198.918606 | 354.120141 
 4147.9906 | 08805.4687 | 17:57:36 | 198.918606 | 354.120141 
 4147.9906 | 08805.4687 | 17:57:37 | 198.918606 | 354.120141 
 4147.9906 | 08805.4687 | 17:57:38 | 198.918606 | 354.120141 
 4147.9906 | 08805.4687 | 17:57:39 | 198.918606 | 354.120141 
 4147.9906 | 08805.4687 | 17:57:40 | 198.918606 | 354.120141 
 4147.9906 | 08805.4687 | 17:57:41 | 198.918606 | 354.120141 
 4147.9906 | 08805.4687 | 17:57:42 | 198.918606 | 354.120141 
 4147.9906 | 08805.4687 | 17:57:43 | 198.918606 | 354.120141 
 4147.9906 | 08805.4687 | 17:57:44 | 198.918606 | 354.120141 
 4147.9906 | 08805.4687 | 17:57:45 | 198.918606 | 354.120141 
 4147.9906 | 08805.4687 | 17:57:46 | 198.918606 | 354.120141 
 4147.9906 | 08805.4687 | 17:57:47 | 198.918606 | 354.120141 
 4147.9906 | 08805.4687 | 17:57:48 | 198.918606 | 354.120141 
 4147.9906 | 08805.4687 | 17:57:49 | 198.918606 | 354.120141 
 4147.9906 | 08805.4687 | 17:57:50 | 198.918606 | 354.120141 
 4147.9906 | 08805.4687 | 17:57:51 | 198.918606 | 354.120141 
 4147.9906 | 08805.4687 | 17:57:52 | 198.918606 | 354.120141 
 4147.9906 | 08805.4687 | 17:57:53 | 198.918606 | 354.120141 
 4147.9906 | 08805.4687 | 17:57:54 | 198.918606 | 354.120141 
 4147.9906 | 08805.4687 | 17:57:55 | 198.918606 | 354.120141 
 4147.9906 | 08805.4687 | 17:57:56 | 198.918606 | 354.120141 
 4147.9906 | 08805.4687 | 17:57:57 | 198.918606 | 354.120141 
 4147.9906 | 08805.4687 | 17:57:58 | 198.918606 | 354.120141 
 4147.9906 | 08805.4687 | 17:57:59 | 198.918606 | 354.120141 
 4147.9906 | 08805.4687 | 17:58:00 | 198.918606 | 354.120141 
 4147.9906 | 08805.4687 | 17:58:01 | 198.918606 | 354.120141 
 4147.9906 | 08805.4687 | 17:58:02 | 198.918606 | 354.120141 
 4147.9906 | 08805.4687 | 17:58:03 | 198.918606 | 354.120141 
 4147.9906 | 08805.4687 | 17:58:04 | 198.918606 | 354.120141 
 4147.9906 | 08805.4687 | 17:58:05 | 198.918606 | 354.120141 
 4147.9906 | 08805.4687 | 17:58:06 | 198.918606 | 354.120141 
 4147.9906 | 08805.4687 | 17:58:07 | 198.918606 | 354.120141 
 4147.9906 | 08805.4687 | 17:58:08 | 198.918606 | 354.120141 
 4147.9906 | 08805.4687 | 17:58:09 | 198.918606 | 354.120141 
 4147.9906 | 08805.4687 | 17:58:10 | 198.918606 | 354.120141 
 4147.9906 | 08805.4687 | 17:58:11 | 198.918606 | 354.120141 
 4147.9906 | 08805.4687 | 17:58:12 | 198.918606 | 354.120141 
 4147.9906 | 08805.4687 | 17:58:13 | 198.918606 | 354.120141 
 4147.9906 | 08805.4687 | 17:58:14 | 198.918606 | 354.120141 
 4147.9906 | 08805.4687 | 17:58:15 | 198.918606 | 354.120141 
 4147.9906 | 08805.4687 | 17:58:16 | 198.918606 | 354.120141 
 4147.9906 | 08805.4687 | 17:58:17 | 198.918606 | 354.120141 
 4147.9906 | 08805.4687 | 17:58:18 | 198.918606 | 354.120141 
 4147.9906 | 08805.4687 | 17:58:19 | 198.918606 | 354.120141 
 4147.9906 | 08805.4687 | 17:58:20 | 198.918606 | 354.120141 
 4147.9906 | 08805.4687 | 17:58:21 | 198.918606 | 354.120141 
 4147.9906 | 08805.4687 | 17:58:22 | 198.918606 | 354.120141 
 4147.9906 | 08805.4687 | 17:58:23 | 198.918606 | 354.120141 
 4147.9906 | 08805.4687 | 17:58:24 | 198.918606 | 354.120141 
 4147.9906 | 08805.4687 | 17:58:25 | 198.918606 | 354.120141 
 4147.9906 | 08805.4687 | 17:58:26 | 198.918606 | 354.120141 
 4147.9856 | 08805.4728 | 17:58:27 | 198.915094 | 354.114380 
 4147.9852 | 08805.4726 | 17:58:28 | 198.915267 | 354.113921 
 4147.9836 | 08805.4726 | 17:58:29 | 198.915272 | 354.112080 
 4147.9819 | 08805.4722 | 17:58:30 | 198.915622 | 354.110126 
 4147.9793 | 08805.4728 | 17:58:31 | 198.915114 | 354.107134 
 4147.9770 | 08805.4730 | 17:58:32 | 198.914949 | 354.104488 
 4147.9753 | 08805.4747 | 17:58:33 | 198.913492 | 354.102528 
 4147.9741 | 08805.4754 | 17:58:34 | 198.912893 | 354.101146 
 4147.9725 | 08805.4760 | 17:58:35 | 198.912382 | 354.099304 
 4147.9708 | 08805.4765 | 17:58:36 | 198.911957 | 354.097348 
 4147.9692 | 08805.4770 | 17:58:37 | 198.911532 | 354.095506 
 4147.9674 | 08805.4777 | 17:58:38 | 198.910935 | 354.093434 
 4147.9656 | 08805.4785 | 17:58:39 | 198.910253 | 354.091362 
 4147.9716 | 08805.4828 | 17:58:40 | 198.906532 | 354.098253 
 4147.9703 | 08805.4853 | 17:58:41 | 198.904385 | 354.096751 
 4147.9688 | 08805.4888 | 17:58:42 | 198.901377 | 354.095018 
 4147.9687 | 08805.4935 | 17:58:43 | 198.897332 | 354.094891 
 4147.9674 | 08805.4986 | 17:58:44 | 198.892947 | 354.093383 
 4147.9661 | 08805.5045 | 17:58:45 | 198.887873 | 354.091874 
 4147.9648 | 08805.5107 | 17:58:46 | 198.882541 | 354.090364 
 4147.9633 | 08805.5178 | 17:58:47 | 198.876435 | 354.088621 
 4147.9618 | 08805.5253 | 17:58:48 | 198.869985 | 354.086878 
 4147.9603 | 08805.5330 | 17:58:49 | 198.863362 | 354.085134 
 4147.9584 | 08805.5414 | 17:58:50 | 198.856139 | 354.082928 
 4147.9569 | 08805.5503 | 17:58:51 | 198.848483 | 354.081181 
 4147.9552 | 08805.5594 | 17:58:52 | 198.840656 | 354.079204 
 4147.9534 | 08805.5689 | 17:58:53 | 198.832486 | 354.077111 
 4147.9515 | 08805.5784 | 17:58:54 | 198.824315 | 354.074902 
 4147.9494 | 08805.5881 | 17:58:55 | 198.815973 | 354.072463 
 4147.9468 | 08805.5982 | 17:58:56 | 198.807289 | 354.069449 
 4147.9446 | 08805.6081 | 17:58:57 | 198.798775 | 354.066894 
 4147.9426 | 08805.6181 | 17:58:58 | 198.790174 | 354.064570 
 4147.9409 | 08805.6291 | 17:58:59 | 198.780712 | 354.062588 
 4147.9389 | 08805.6395 | 17:59:00 | 198.771767 | 354.060263 
 4147.9349 | 08805.6545 | 17:59:01 | 198.758870 | 354.055626 
 4147.9325 | 08805.6657 | 17:59:02 | 198.749238 | 354.052838 
 4147.9293 | 08805.6777 | 17:59:03 | 198.738919 | 354.049129 
 4147.9272 | 08805.6894 | 17:59:04 | 198.728856 | 354.046686 
 4147.9252 | 08805.7013 | 17:59:05 | 198.718620 | 354.044357 
 4147.9228 | 08805.7132 | 17:59:06 | 198.708385 | 354.041568 
 4147.9202 | 08805.7252 | 17:59:07 | 198.698065 | 354.038549 
 4147.9178 | 08805.7371 | 17:59:08 | 198.687831 | 354.035760 
 4147.9153 | 08805.7489 | 17:59:09 | 198.677682 | 354.032856 
 4147.9138 | 08805.7602 | 17:59:10 | 198.667961 | 354.031104 
 4147.9123 | 08805.7720 | 17:59:11 | 198.657810 | 354.029350 
 4147.9102 | 08805.7838 | 17:59:12 | 198.647660 | 354.026907 
 4147.9080 | 08805.7960 | 17:59:13 | 198.637167 | 354.024347 
 4147.9059 | 08805.8083 | 17:59:14 | 198.626587 | 354.021903 
 4147.9036 | 08805.8202 | 17:59:15 | 198.616351 | 354.019229 
 4147.9012 | 08805.8326 | 17:59:16 | 198.605686 | 354.016439 
 4147.8988 | 08805.8448 | 17:59:17 | 198.595193 | 354.013650 
 4147.8963 | 08805.8571 | 17:59:18 | 198.584615 | 354.010745 
 4147.8941 | 08805.8696 | 17:59:19 | 198.573863 | 354.008185 
 4147.8917 | 08805.8822 | 17:59:20 | 198.563025 | 354.005395 
 4147.8894 | 08805.8946 | 17:59:21 | 198.552360 | 354.002720 
 4147.8879 | 08805.9077 | 17:59:22 | 198.541089 | 354.000964 
 4147.8856 | 08805.9203 | 17:59:23 | 198.530252 | 353.998289 
 4147.8834 | 08805.9329 | 17:59:24 | 198.519414 | 353.995729 
 4147.8806 | 08805.9447 | 17:59:25 | 198.509266 | 353.992481 
 4147.8781 | 08805.9572 | 17:59:26 | 198.498515 | 353.989576 
 4147.8759 | 08805.9702 | 17:59:27 | 198.487333 | 353.987015 
 4147.8733 | 08805.9827 | 17:59:28 | 198.476582 | 353.983995 
 4147.8709 | 08805.9957 | 17:59:29 | 198.465400 | 353.981204 
 4147.8683 | 08806.0089 | 17:59:30 | 198.454047 | 353.978183 
 4147.8658 | 08806.0224 | 17:59:31 | 198.442435 | 353.975275 
 4147.8632 | 08806.0361 | 17:59:32 | 198.430652 | 353.972253 
 4147.8606 | 08806.0498 | 17:59:33 | 198.418868 | 353.969230 
 4147.8580 | 08806.0636 | 17:59:34 | 198.406998 | 353.966208 
 4147.8554 | 08806.0775 | 17:59:35 | 198.395042 | 353.963185 
 4147.8527 | 08806.0912 | 17:59:36 | 198.383259 | 353.960047 
 4147.8500 | 08806.1047 | 17:59:37 | 198.371648 | 353.956910 
 4147.8475 | 08806.1182 | 17:59:38 | 198.360036 | 353.954004 
 4147.8448 | 08806.1317 | 17:59:39 | 198.348425 | 353.950867 
 4147.8422 | 08806.1452 | 17:59:40 | 198.336813 | 353.947845 
 4147.8396 | 08806.1587 | 17:59:41 | 198.325201 | 353.944823 
 4147.8370 | 08806.1723 | 17:59:42 | 198.313504 | 353.941801 
 4147.8344 | 08806.1860 | 17:59:43 | 198.301720 | 353.938779 
 4147.8316 | 08806.1998 | 17:59:44 | 198.289851 | 353.935526 
 4147.8290 | 08806.2136 | 17:59:45 | 198.277981 | 353.932504 
 4147.8264 | 08806.2275 | 17:59:46 | 198.266025 | 353.929481 
 4147.8239 | 08806.2413 | 17:59:47 | 198.254154 | 353.926574 
 4147.8214 | 08806.2551 | 17:59:48 | 198.242284 | 353.923667 
 4147.8191 | 08806.2688 | 17:59:49 | 198.230499 | 353.920990 
 4147.8178 | 08806.2829 | 17:59:50 | 198.218367 | 353.919462 
 4147.8148 | 08806.2953 | 17:59:51 | 198.207703 | 353.915983 
 4147.8124 | 08806.3083 | 17:59:52 | 198.196521 | 353.913193 
 4147.8102 | 08806.3212 | 17:59:53 | 198.185425 | 353.910633 
 4147.8079 | 08806.3340 | 17:59:54 | 198.174414 | 353.907958 
 4147.8058 | 08806.3469 | 17:59:55 | 198.163317 | 353.905514 
 4147.8034 | 08806.3593 | 17:59:56 | 198.152652 | 353.902725 
 4147.8011 | 08806.3717 | 17:59:57 | 198.141986 | 353.900051 
 4147.7990 | 08806.3839 | 17:59:58 | 198.131491 | 353.897608 
 4147.7974 | 08806.3964 | 17:59:59 | 198.120737 | 353.895739 
 4147.7959 | 08806.4088 | 18:00:00 | 198.110069 | 353.893986 
 4147.7944 | 08806.4214 | 18:00:01 | 198.099228 | 353.892232 
 4147.7936 | 08806.4339 | 18:00:02 | 198.088471 | 353.891283 
 4147.7925 | 08806.4463 | 18:00:03 | 198.077802 | 353.889990 
 4147.7916 | 08806.4586 | 18:00:04 | 198.067217 | 353.888927 
 4147.7910 | 08806.4710 | 18:00:05 | 198.056546 | 353.888209 
 4147.7905 | 08806.4835 | 18:00:06 | 198.045789 | 353.887605 
 4147.7902 | 08806.4959 | 18:00:07 | 198.035117 | 353.887232 
 4147.7898 | 08806.5082 | 18:00:08 | 198.024531 | 353.886745 
 4147.7891 | 08806.5203 | 18:00:09 | 198.014118 | 353.885912 
 4147.7885 | 08806.5322 | 18:00:10 | 198.003877 | 353.885195 
 4147.7878 | 08806.5436 | 18:00:11 | 197.994067 | 353.884364 
 4147.7871 | 08806.5547 | 18:00:12 | 197.984515 | 353.883534 
 4147.7863 | 08806.5651 | 18:00:13 | 197.975566 | 353.882591 
 4147.7860 | 08806.5749 | 18:00:14 | 197.967132 | 353.882224 
 4147.7854 | 08806.5839 | 18:00:15 | 197.959387 | 353.881514 
 4147.7849 | 08806.5921 | 18:00:16 | 197.952330 | 353.880920 
 4147.7845 | 08806.5993 | 18:00:17 | 197.946134 | 353.880444 
 4147.7858 | 08806.6057 | 18:00:18 | 197.940622 | 353.881925 
 4147.7859 | 08806.6108 | 18:00:19 | 197.936232 | 353.882029 
 4147.7859 | 08806.6147 | 18:00:20 | 197.932875 | 353.882020 
 4147.7872 | 08806.6176 | 18:00:21 | 197.930375 | 353.883509 
 4147.7877 | 08806.6192 | 18:00:22 | 197.928996 | 353.884080 
 4147.7878 | 08806.6202 | 18:00:23 | 197.928135 | 353.884193 
 4147.7877 | 08806.6212 | 18:00:24 | 197.927275 | 353.884076 
 4147.7851 | 08806.6229 | 18:00:25 | 197.925819 | 353.881081 
 4147.7838 | 08806.6247 | 18:00:26 | 197.924274 | 353.879582 
 4147.7802 | 08806.6222 | 18:00:27 | 197.926436 | 353.875447 
 4147.7777 | 08806.6216 | 18:00:28 | 197.926960 | 353.872573 
 4147.7753 | 08806.6211 | 18:00:29 | 197.927398 | 353.869813 
 4147.7684 | 08806.6193 | 18:00:30 | 197.928968 | 353.861881 
 4147.7655 | 08806.6187 | 18:00:31 | 197.929493 | 353.858546 
 4147.7622 | 08806.6182 | 18:00:32 | 197.929933 | 353.854752 
 4147.7547 | 08806.6174 | 18:00:33 | 197.930644 | 353.846127 
 4147.7461 | 08806.6167 | 18:00:34 | 197.931272 | 353.836236 
 4147.7402 | 08806.6164 | 18:00:35 | 197.931548 | 353.829451 
 4147.7343 | 08806.6163 | 18:00:36 | 197.931652 | 353.822664 
 4147.7280 | 08806.6160 | 18:00:37 | 197.931929 | 353.815419 
 4147.7219 | 08806.6154 | 18:00:38 | 197.932463 | 353.808404 
 4147.7155 | 08806.6148 | 18:00:39 | 197.932999 | 353.801043 
 4147.7091 | 08806.6139 | 18:00:40 | 197.933793 | 353.793684 
 4147.7026 | 08806.6128 | 18:00:41 | 197.934759 | 353.786210 
 4147.6960 | 08806.6118 | 18:00:42 | 197.935639 | 353.778621 
 4147.6894 | 08806.6107 | 18:00:43 | 197.936606 | 353.771032 
 4147.6828 | 08806.6098 | 18:00:44 | 197.937400 | 353.763442 
 4147.6761 | 08806.6089 | 18:00:45 | 197.938195 | 353.755738 
 4147.6693 | 08806.6080 | 18:00:46 | 197.938990 | 353.747918 
 4147.6621 | 08806.6070 | 18:00:47 | 197.939872 | 353.739639 
 4147.6548 | 08806.6059 | 18:00:48 | 197.940841 | 353.731244 
 4147.6477 | 08806.6048 | 18:00:49 | 197.941809 | 353.723080 
 4147.6401 | 08806.6038 | 18:00:50 | 197.942692 | 353.714341 
 4147.6325 | 08806.6027 | 18:00:51 | 197.943662 | 353.705601 
 4147.6248 | 08806.6017 | 18:00:52 | 197.944546 | 353.696747 
 4147.6173 | 08806.6007 | 18:00:53 | 197.945429 | 353.688122 
 4147.6097 | 08806.5997 | 18:00:54 | 197.946312 | 353.679383 
 4147.6039 | 08806.5989 | 18:00:55 | 197.947018 | 353.672713 
 4147.5969 | 08806.5980 | 18:00:56 | 197.947814 | 353.664664 
 4147.5907 | 08806.5972 | 18:00:57 | 197.948521 | 353.657534 
 4147.5852 | 08806.5965 | 18:00:58 | 197.949140 | 353.651209 
 4147.5799 | 08806.5958 | 18:00:59 | 197.949758 | 353.645115 
 4147.5753 | 08806.5953 | 18:01:00 | 197.950203 | 353.639825 
 4147.5706 | 08806.5947 | 18:01:01 | 197.950733 | 353.634420 
 4147.5679 | 08806.5945 | 18:01:02 | 197.950913 | 353.631315 
 4147.5647 | 08806.5942 | 18:01:03 | 197.951181 | 353.627635 
 4147.5641 | 08806.5943 | 18:01:04 | 197.951097 | 353.626945 
 4147.5627 | 08806.5942 | 18:01:05 | 197.951187 | 353.625334 
 4147.5614 | 08806.5943 | 18:01:06 | 197.951105 | 353.623839 
 4147.5599 | 08806.5954 | 18:01:07 | 197.950163 | 353.622111 
 4147.5584 | 08806.5973 | 18:01:08 | 197.948532 | 353.620382 
 4147.5571 | 08806.5997 | 18:01:09 | 197.946470 | 353.618881 
 4147.5558 | 08806.6022 | 18:01:10 | 197.944322 | 353.617380 
 4147.5537 | 08806.6075 | 18:01:11 | 197.939766 | 353.614953 
 4147.5573 | 08806.6156 | 18:01:12 | 197.932783 | 353.619075 
 4147.5569 | 08806.6216 | 18:01:13 | 197.927619 | 353.618602 
 4147.5558 | 08806.6277 | 18:01:14 | 197.922372 | 353.617323 
 4147.5541 | 08806.6337 | 18:01:15 | 197.917212 | 353.615354 
 4147.5524 | 08806.6397 | 18:01:16 | 197.912052 | 353.613386 
 4147.5508 | 08806.6453 | 18:01:17 | 197.907237 | 353.611533 
 4147.5485 | 08806.6540 | 18:01:18 | 197.899755 | 353.608868 
 4147.5471 | 08806.6591 | 18:01:19 | 197.895369 | 353.607246 
 4147.5461 | 08806.6638 | 18:01:20 | 197.891326 | 353.606085 
 4147.5454 | 08806.6682 | 18:01:21 | 197.887541 | 353.605270 
 4147.5447 | 08806.6726 | 18:01:22 | 197.883756 | 353.604455 
 4147.5434 | 08806.6761 | 18:01:23 | 197.880747 | 353.602952 
 4147.5426 | 08806.6741 | 18:01:24 | 197.882471 | 353.602037 
 4147.5421 | 08806.6752 | 18:01:25 | 197.881525 | 353.601459 
 4147.5415 | 08806.6766 | 18:01:26 | 197.880322 | 353.600766 
 4147.5405 | 08806.6771 | 18:01:27 | 197.879895 | 353.599615 
 4147.5391 | 08806.6758 | 18:01:28 | 197.881018 | 353.598007 
 4147.5385 | 08806.6754 | 18:01:29 | 197.881364 | 353.597318 
 4147.5378 | 08806.6747 | 18:01:30 | 197.881968 | 353.596514 
 4147.5373 | 08806.6739 | 18:01:31 | 197.882659 | 353.595941 
 4147.5369 | 08806.6737 | 18:01:32 | 197.882832 | 353.595481 
 4147.5362 | 08806.6734 | 18:01:33 | 197.883092 | 353.594677 
 4147.5355 | 08806.6731 | 18:01:34 | 197.883353 | 353.593872 
 4147.5348 | 08806.6727 | 18:01:35 | 197.883699 | 353.593068 
 4147.5341 | 08806.6723 | 18:01:36 | 197.884045 | 353.592264 
 4147.5337 | 08806.6720 | 18:01:37 | 197.884305 | 353.591804 
 4147.5321 | 08806.6710 | 18:01:41 | 197.885170 | 353.589966 
 4147.5318 | 08806.6708 | 18:01:42 | 197.885343 | 353.589622 
 4147.5314 | 08806.6706 | 18:01:43 | 197.885517 | 353.589162 
 4147.5308 | 08806.6705 | 18:01:44 | 197.885605 | 353.588472 
 4147.5305 | 08806.6703 | 18:01:45 | 197.885778 | 353.588127 
 4147.5301 | 08806.6702 | 18:01:46 | 197.885865 | 353.587667 
 4147.5297 | 08806.6700 | 18:01:47 | 197.886038 | 353.587208 
 4147.5293 | 08806.6698 | 18:01:48 | 197.886212 | 353.586748 
 4147.5298 | 08806.6689 | 18:01:49 | 197.886985 | 353.587325 
 4147.5296 | 08806.6686 | 18:01:50 | 197.887244 | 353.587096 
 4147.5293 | 08806.6683 | 18:01:51 | 197.887503 | 353.586752 
 4147.5291 | 08806.6682 | 18:01:52 | 197.887589 | 353.586522 
 4147.5289 | 08806.6679 | 18:01:53 | 197.887848 | 353.586292 
 4147.5293 | 08806.6670 | 18:01:54 | 197.888622 | 353.586754 
 4147.5298 | 08806.6664 | 18:01:55 | 197.889137 | 353.587331 
 4147.5300 | 08806.6663 | 18:01:56 | 197.889222 | 353.587561 
 4147.5300 | 08806.6660 | 18:01:57 | 197.889480 | 353.587562 
 4147.5301 | 08806.6653 | 18:01:59 | 197.890083 | 353.587678 
