 4152.2830 | 08738.9055 | 18:01:24 | 221.741796 | 359.180746 
 4152.3025 | 08738.8810 | 18:01:34 | 221.762680 | 359.203344 
 4152.3052 | 08738.8752 | 18:01:35 | 221.767642 | 359.206490 
 4152.3092 | 08738.8681 | 18:01:36 | 221.773709 | 359.211139 
 4152.3160 | 08738.8573 | 18:01:37 | 221.782932 | 359.219035 
 4152.3204 | 08738.8475 | 18:01:39 | 221.791317 | 359.224164 
 4152.3192 | 08738.8499 | 18:01:40 | 221.789264 | 359.222767 
 4152.3267 | 08738.8420 | 18:01:41 | 221.795987 | 359.231448 
 4152.3214 | 08738.8500 | 18:01:42 | 221.789158 | 359.225297 
 4152.3231 | 08738.8528 | 18:01:43 | 221.786735 | 359.227233 
 4152.3215 | 08738.8563 | 18:01:44 | 221.783741 | 359.225368 
 4152.3175 | 08738.8604 | 18:01:45 | 221.780253 | 359.220739 
 4152.3170 | 08738.8633 | 18:01:46 | 221.777764 | 359.220144 
 4152.3213 | 08738.8647 | 18:01:47 | 221.776521 | 359.225081 
 4152.3230 | 08738.8618 | 18:01:48 | 221.778999 | 359.227056 
 4152.3254 | 08738.8595 | 18:01:49 | 221.780954 | 359.229832 
 4152.3228 | 08738.8652 | 18:01:50 | 221.776078 | 359.226803 
 4152.3226 | 08738.8636 | 18:01:51 | 221.777455 | 359.226584 
 4152.3276 | 08738.8572 | 18:01:52 | 221.782911 | 359.232379 
 4152.3223 | 08738.8660 | 18:01:53 | 221.775394 | 359.226222 
 4152.3221 | 08738.8693 | 18:01:54 | 221.772559 | 359.225969 
 4152.3243 | 08738.8701 | 18:01:55 | 221.771851 | 359.228494 
 4152.3231 | 08738.8715 | 18:01:56 | 221.770659 | 359.227104 
 4152.3250 | 08738.8699 | 18:01:57 | 221.772017 | 359.229301 
 4152.3244 | 08738.8674 | 18:01:58 | 221.774172 | 359.228628 
 4152.3203 | 08738.8767 | 18:01:59 | 221.766214 | 359.223848 
 4152.3162 | 08738.8837 | 18:02:00 | 221.760233 | 359.219084 
 4152.3151 | 08738.8864 | 18:02:01 | 221.757922 | 359.217800 
 4152.3133 | 08738.8864 | 18:02:02 | 221.757939 | 359.215730 
 4152.3107 | 08738.8909 | 18:02:03 | 221.754094 | 359.212708 
 4152.3147 | 08738.8839 | 18:02:04 | 221.760075 | 359.217357 
 4152.3153 | 08738.8851 | 18:02:05 | 221.759038 | 359.218039 
 4152.3131 | 08738.8857 | 18:02:06 | 221.758542 | 359.215504 
 4152.3123 | 08738.8866 | 18:02:07 | 221.757776 | 359.214578 
 4152.3171 | 08738.8790 | 18:02:08 | 221.764266 | 359.220151 
 4152.3162 | 08738.8835 | 18:02:09 | 221.760405 | 359.219085 
 4152.3176 | 08738.8850 | 18:02:10 | 221.759103 | 359.220685 
 4152.3254 | 08738.8759 | 18:02:11 | 221.766855 | 359.229720 
 4152.3367 | 08738.8694 | 18:02:13 | 221.772339 | 359.242762 
 4152.3113 | 08738.8568 | 18:03:30 | 221.783405 | 359.213632 
 4152.3188 | 08738.8401 | 18:03:31 | 221.797693 | 359.222374 
 4152.3247 | 08738.8257 | 18:03:32 | 221.810019 | 359.229259 
 4152.3370 | 08738.8083 | 18:03:35 | 221.824865 | 359.243527 
 4152.3309 | 08738.8149 | 18:03:36 | 221.819247 | 359.236465 
 4152.3277 | 08738.8182 | 18:03:37 | 221.816439 | 359.232762 
 4152.3264 | 08738.8178 | 18:03:39 | 221.816795 | 359.231269 
 4152.3263 | 08738.8191 | 18:03:40 | 221.815679 | 359.231145 
 4152.3290 | 08738.8164 | 18:03:41 | 221.817975 | 359.234270 
 4152.3265 | 08738.8217 | 18:03:42 | 221.813442 | 359.231357 
 4152.3381 | 08738.8028 | 18:03:44 | 221.829584 | 359.244830 
 4152.3373 | 08738.8052 | 18:03:45 | 221.827528 | 359.243894 
 4152.3284 | 08738.8168 | 18:03:46 | 221.817637 | 359.233577 
 4152.3253 | 08738.8229 | 18:03:47 | 221.812421 | 359.229969 
 4152.3265 | 08738.8205 | 18:03:50 | 221.814473 | 359.231366 
 4152.3287 | 08738.8155 | 18:03:51 | 221.818752 | 359.233931 
 4152.3258 | 08738.8177 | 18:03:53 | 221.816887 | 359.230580 
 4152.3247 | 08738.8181 | 18:03:54 | 221.816553 | 359.229312 
 4152.3194 | 08738.8211 | 18:03:55 | 221.814023 | 359.223195 
 4152.3174 | 08738.8167 | 18:03:57 | 221.817824 | 359.220925 
 4152.3146 | 08738.8211 | 18:03:58 | 221.814067 | 359.217674 
 4152.3193 | 08738.8130 | 18:03:59 | 221.820987 | 359.223135 
 4152.3244 | 08738.8037 | 18:04:00 | 221.828936 | 359.229066 
 4152.3183 | 08738.8134 | 18:04:01 | 221.820653 | 359.221982 
 4152.3190 | 08738.8101 | 18:04:02 | 221.823483 | 359.222810 
 4152.3246 | 08738.8035 | 18:04:03 | 221.829106 | 359.229297 
 4152.3230 | 08738.8075 | 18:04:04 | 221.825682 | 359.227429 
 4152.3243 | 08738.8075 | 18:04:05 | 221.825670 | 359.228925 
 4152.3211 | 08738.8090 | 18:04:06 | 221.824410 | 359.225233 
 4152.3251 | 08738.8057 | 18:04:07 | 221.827210 | 359.229857 
 4152.3287 | 08738.8030 | 18:04:08 | 221.829498 | 359.234017 
 4152.3382 | 08738.7951 | 18:04:09 | 221.836202 | 359.244998 
 4152.3397 | 08738.7922 | 18:04:10 | 221.838682 | 359.246744 
 4152.3304 | 08738.8015 | 18:04:11 | 221.830772 | 359.235982 
 4152.3374 | 08738.7930 | 18:04:12 | 221.838015 | 359.244093 
 4152.3341 | 08738.7954 | 18:04:13 | 221.835982 | 359.240280 
 4152.3380 | 08738.7930 | 18:04:14 | 221.838010 | 359.244783 
 4152.3420 | 08738.7918 | 18:04:15 | 221.839005 | 359.249392 
 4152.3408 | 08738.7903 | 18:04:16 | 221.840305 | 359.248022 
 4152.3404 | 08738.7872 | 18:04:17 | 221.842974 | 359.247583 
 4152.3360 | 08738.7943 | 18:04:18 | 221.836910 | 359.242473 
 4152.3456 | 08738.7850 | 18:04:19 | 221.844817 | 359.253580 
 4152.3434 | 08738.7877 | 18:04:20 | 221.842516 | 359.251031 
 4152.3399 | 08738.7924 | 18:04:21 | 221.838508 | 359.246972 
 4152.3430 | 08738.7860 | 18:04:22 | 221.843982 | 359.250582 
 4152.3440 | 08738.7905 | 18:04:23 | 221.840104 | 359.251701 
 4152.3446 | 08738.8026 | 18:04:24 | 221.829696 | 359.252308 
 4152.3415 | 08738.8059 | 18:04:25 | 221.826887 | 359.248720 
 4152.3430 | 08738.8033 | 18:04:26 | 221.829109 | 359.250463 
 4152.3436 | 08738.8033 | 18:04:27 | 221.829103 | 359.251153 
 4152.3434 | 08738.8038 | 18:04:28 | 221.828675 | 359.250920 
 4152.3441 | 08738.8038 | 18:04:29 | 221.828669 | 359.251725 
 4152.3442 | 08738.8046 | 18:04:30 | 221.827980 | 359.251834 
 4152.3460 | 08738.8043 | 18:04:31 | 221.828221 | 359.253907 
 4152.3467 | 08738.8047 | 18:04:32 | 221.827871 | 359.254709 
 4152.3473 | 08738.8048 | 18:04:33 | 221.827779 | 359.255399 
 4152.3482 | 08738.8048 | 18:04:34 | 221.827771 | 359.256434 
 4152.3488 | 08738.8049 | 18:04:35 | 221.827680 | 359.257124 
 4152.3497 | 08738.8047 | 18:04:36 | 221.827843 | 359.258160 
 4152.3503 | 08738.8048 | 18:04:37 | 221.827752 | 359.258850 
 4152.3508 | 08738.8049 | 18:04:38 | 221.827661 | 359.259424 
 4152.3512 | 08738.8051 | 18:04:39 | 221.827486 | 359.259883 
 4152.3519 | 08738.8049 | 18:04:40 | 221.827651 | 359.260689 
 4152.3527 | 08738.8039 | 18:04:41 | 221.828503 | 359.261616 
 4152.3533 | 08738.8038 | 18:04:42 | 221.828584 | 359.262307 
 4152.3539 | 08738.8035 | 18:04:43 | 221.828836 | 359.263000 
 4152.3548 | 08738.8032 | 18:04:44 | 221.829086 | 359.264037 
 4152.3555 | 08738.8029 | 18:04:45 | 221.829337 | 359.264844 
 4152.3559 | 08738.8026 | 18:04:46 | 221.829592 | 359.265306 
 4152.3552 | 08738.8037 | 18:04:47 | 221.828652 | 359.264493 
 4152.3553 | 08738.8036 | 18:04:48 | 221.828737 | 359.264609 
 4152.3553 | 08738.8035 | 18:04:49 | 221.828823 | 359.264610 
 4152.3555 | 08738.8031 | 18:04:50 | 221.829165 | 359.264843 
 4152.3563 | 08738.8026 | 18:04:51 | 221.829588 | 359.265766 
 4152.3562 | 08738.8035 | 18:04:52 | 221.828815 | 359.265645 
 4152.3560 | 08738.8033 | 18:04:53 | 221.828989 | 359.265416 
 4152.3562 | 08738.8028 | 18:04:54 | 221.829417 | 359.265650 
 4152.3554 | 08738.8045 | 18:04:55 | 221.827963 | 359.264718 
 4152.3550 | 08738.8050 | 18:04:56 | 221.827537 | 359.264254 
 4152.3550 | 08738.8052 | 18:04:57 | 221.827365 | 359.264253 
 4152.3547 | 08738.8055 | 18:04:58 | 221.827110 | 359.263906 
 4152.3545 | 08738.8057 | 18:04:59 | 221.826939 | 359.263675 
 4152.3540 | 08738.8057 | 18:05:00 | 221.826944 | 359.263099 
 4152.3538 | 08738.8057 | 18:05:01 | 221.826946 | 359.262869 
 4152.3537 | 08738.8057 | 18:05:02 | 221.826947 | 359.262754 
 4152.3529 | 08738.8063 | 18:05:04 | 221.826438 | 359.261830 
 4152.3527 | 08738.8066 | 18:05:05 | 221.826182 | 359.261598 
 4152.3525 | 08738.8067 | 18:05:06 | 221.826098 | 359.261367 
 4152.3520 | 08738.8071 | 18:05:07 | 221.825759 | 359.260789 
 4152.3514 | 08738.8072 | 18:05:08 | 221.825678 | 359.260098 
 4152.3512 | 08738.8073 | 18:05:09 | 221.825594 | 359.259868 
 4152.3509 | 08738.8073 | 18:05:11 | 221.825597 | 359.259523 
 4152.3508 | 08738.8073 | 18:05:12 | 221.825598 | 359.259408 
 4152.3507 | 08738.8072 | 18:05:13 | 221.825685 | 359.259293 
 4152.3506 | 08738.8072 | 18:05:14 | 221.825686 | 359.259178 
 4152.3506 | 08738.8072 | 18:05:15 | 221.825686 | 359.259178 
 4152.3502 | 08738.8076 | 18:05:16 | 221.825346 | 359.258715 
 4152.3512 | 08738.8073 | 18:05:17 | 221.825594 | 359.259868 
 4152.3517 | 08738.8071 | 18:05:18 | 221.825762 | 359.260444 
 4152.3521 | 08738.8069 | 18:05:19 | 221.825930 | 359.260906 
 4152.3527 | 08738.8067 | 18:05:20 | 221.826096 | 359.261597 
 4152.3531 | 08738.8065 | 18:05:21 | 221.826265 | 359.262059 
 4152.3535 | 08738.8063 | 18:05:22 | 221.826433 | 359.262520 
 4152.3538 | 08738.8065 | 18:05:23 | 221.826258 | 359.262864 
 4152.3525 | 08738.8075 | 18:05:24 | 221.825410 | 359.261362 
 4152.3524 | 08738.8078 | 18:05:25 | 221.825153 | 359.261245 
 4152.3524 | 08738.8079 | 18:05:26 | 221.825067 | 359.261244 
 4152.3524 | 08738.8079 | 18:05:27 | 221.825067 | 359.261244 
 4152.3524 | 08738.8079 | 18:05:28 | 221.825067 | 359.261244 
 4152.3524 | 08738.8079 | 18:05:29 | 221.825067 | 359.261244 
 4152.3524 | 08738.8079 | 18:05:30 | 221.825067 | 359.261244 
 4152.3524 | 08738.8079 | 18:05:31 | 221.825067 | 359.261244 
 4152.3524 | 08738.8079 | 18:05:32 | 221.825067 | 359.261244 
 4152.3524 | 08738.8079 | 18:05:33 | 221.825067 | 359.261244 
 4152.3524 | 08738.8079 | 18:05:34 | 221.825067 | 359.261244 
 4152.3524 | 08738.8079 | 18:05:35 | 221.825067 | 359.261244 
 4152.3524 | 08738.8079 | 18:05:36 | 221.825067 | 359.261244 
 4152.3524 | 08738.8079 | 18:05:37 | 221.825067 | 359.261244 
 4152.3524 | 08738.8079 | 18:05:38 | 221.825067 | 359.261244 
 4152.3524 | 08738.8079 | 18:05:39 | 221.825067 | 359.261244 
 4152.3524 | 08738.8079 | 18:05:40 | 221.825067 | 359.261244 
 4152.3524 | 08738.8079 | 18:05:41 | 221.825067 | 359.261244 
 4152.3524 | 08738.8079 | 18:05:44 | 221.825067 | 359.261244 
 4152.3524 | 08738.8079 | 18:05:45 | 221.825067 | 359.261244 
 4152.3524 | 08738.8079 | 18:05:46 | 221.825067 | 359.261244 
 4152.3524 | 08738.8079 | 18:05:47 | 221.825067 | 359.261244 
 4152.3524 | 08738.8079 | 18:05:48 | 221.825067 | 359.261244 
 4152.3524 | 08738.8079 | 18:05:49 | 221.825067 | 359.261244 
 4152.3524 | 08738.8079 | 18:05:50 | 221.825067 | 359.261244 
 4152.3524 | 08738.8079 | 18:05:51 | 221.825067 | 359.261244 
 4152.3524 | 08738.8079 | 18:05:52 | 221.825067 | 359.261244 
 4152.3524 | 08738.8079 | 18:05:53 | 221.825067 | 359.261244 
 4152.3524 | 08738.8079 | 18:05:54 | 221.825067 | 359.261244 
 4152.3524 | 08738.8079 | 18:05:55 | 221.825067 | 359.261244 
 4152.3524 | 08738.8079 | 18:05:56 | 221.825067 | 359.261244 
 4152.3524 | 08738.8079 | 18:05:57 | 221.825067 | 359.261244 
 4152.3524 | 08738.8079 | 18:05:58 | 221.825067 | 359.261244 
 4152.3524 | 08738.8079 | 18:05:59 | 221.825067 | 359.261244 
 4152.3524 | 08738.8079 | 18:06:00 | 221.825067 | 359.261244 
 4152.3524 | 08738.8079 | 18:06:01 | 221.825067 | 359.261244 
 4152.3524 | 08738.8079 | 18:06:02 | 221.825067 | 359.261244 
 4152.3524 | 08738.8079 | 18:06:03 | 221.825067 | 359.261244 
 4152.3524 | 08738.8079 | 18:06:04 | 221.825067 | 359.261244 
 4152.3524 | 08738.8079 | 18:06:05 | 221.825067 | 359.261244 
 4152.3524 | 08738.8079 | 18:06:06 | 221.825067 | 359.261244 
 4152.3524 | 08738.8079 | 18:06:07 | 221.825067 | 359.261244 
 4152.3524 | 08738.8079 | 18:06:08 | 221.825067 | 359.261244 
 4152.3524 | 08738.8079 | 18:06:09 | 221.825067 | 359.261244 
 4152.3524 | 08738.8079 | 18:06:10 | 221.825067 | 359.261244 
 4152.3524 | 08738.8079 | 18:06:13 | 221.825067 | 359.261244 
 4152.3524 | 08738.8079 | 18:06:14 | 221.825067 | 359.261244 
 4152.3524 | 08738.8079 | 18:06:15 | 221.825067 | 359.261244 
 4152.3524 | 08738.8079 | 18:06:16 | 221.825067 | 359.261244 
 4152.3524 | 08738.8079 | 18:06:17 | 221.825067 | 359.261244 
 4152.3524 | 08738.8079 | 18:06:19 | 221.825067 | 359.261244 
 4152.3524 | 08738.8079 | 18:06:20 | 221.825067 | 359.261244 
 4152.3524 | 08738.8079 | 18:06:21 | 221.825067 | 359.261244 
 4152.3524 | 08738.8079 | 18:06:22 | 221.825067 | 359.261244 
 4152.3524 | 08738.8079 | 18:06:23 | 221.825067 | 359.261244 
 4152.3524 | 08738.8079 | 18:06:24 | 221.825067 | 359.261244 
 4152.3524 | 08738.8079 | 18:06:25 | 221.825067 | 359.261244 
 4152.3465 | 08738.8128 | 18:06:26 | 221.820909 | 359.254424 
 4152.3461 | 08738.8133 | 18:06:27 | 221.820483 | 359.253960 
 4152.3458 | 08738.8138 | 18:06:28 | 221.820056 | 359.253612 
 4152.3455 | 08738.8143 | 18:06:29 | 221.819629 | 359.253263 
 4152.3451 | 08738.8148 | 18:06:30 | 221.819202 | 359.252800 
 4152.3448 | 08738.8153 | 18:06:31 | 221.818775 | 359.252451 
 4152.3445 | 08738.8158 | 18:06:32 | 221.818348 | 359.252103 
 4152.3441 | 08738.8162 | 18:06:33 | 221.818008 | 359.251640 
 4152.3438 | 08738.8167 | 18:06:34 | 221.817581 | 359.251291 
 4152.3435 | 08738.8171 | 18:06:35 | 221.817240 | 359.250943 
 4152.3431 | 08738.8176 | 18:06:36 | 221.816814 | 359.250480 
 4152.3428 | 08738.8180 | 18:06:37 | 221.816473 | 359.250132 
 4152.3422 | 08738.8189 | 18:06:39 | 221.815704 | 359.249436 
 4152.3405 | 08738.8212 | 18:06:45 | 221.813743 | 359.247464 
 4152.3399 | 08738.8224 | 18:06:49 | 221.812716 | 359.246766 
 4152.3432 | 08738.8265 | 18:06:51 | 221.809161 | 359.250534 
 4152.3439 | 08738.8275 | 18:06:52 | 221.808295 | 359.251332 
 4152.3447 | 08738.8288 | 18:06:53 | 221.807170 | 359.252243 
 4152.3461 | 08738.8304 | 18:06:54 | 221.805782 | 359.253843 
 4152.3476 | 08738.8319 | 18:06:55 | 221.804478 | 359.255558 
 4152.3499 | 08738.8333 | 18:06:56 | 221.803254 | 359.258194 
 4152.3521 | 08738.8353 | 18:06:57 | 221.801514 | 359.260710 
 4152.3545 | 08738.8374 | 18:06:58 | 221.799686 | 359.263457 
 4152.3569 | 08738.8393 | 18:06:59 | 221.798031 | 359.266204 
 4152.3577 | 08738.8407 | 18:07:00 | 221.796820 | 359.267115 
 4152.3618 | 08738.8455 | 18:07:04 | 221.792656 | 359.271798 
 4152.3680 | 08738.8443 | 18:07:05 | 221.793630 | 359.278938 
 4152.3731 | 08738.8422 | 18:07:06 | 221.795389 | 359.284818 
 4152.4310 | 08738.8273 | 18:07:07 | 221.807666 | 359.351520 
 4152.4339 | 08738.8270 | 18:07:08 | 221.807897 | 359.354858 
 4152.4372 | 08738.8268 | 18:07:09 | 221.808039 | 359.358655 
 4152.4405 | 08738.8266 | 18:07:10 | 221.808181 | 359.362453 
 4152.4438 | 08738.8263 | 18:07:11 | 221.808408 | 359.366251 
 4152.4469 | 08738.8256 | 18:07:12 | 221.808981 | 359.369821 
 4152.4498 | 08738.8252 | 18:07:13 | 221.809299 | 359.373160 
 4152.4527 | 08738.8245 | 18:07:14 | 221.809874 | 359.376500 
 4152.4553 | 08738.8239 | 18:07:15 | 221.810366 | 359.379495 
 4152.4577 | 08738.8232 | 18:07:16 | 221.810945 | 359.382260 
 4152.4595 | 08738.8226 | 18:07:17 | 221.811445 | 359.384335 
 4152.4611 | 08738.8221 | 18:07:18 | 221.811860 | 359.386179 
 4152.4624 | 08738.8217 | 18:07:19 | 221.812192 | 359.387677 
 4152.4632 | 08738.8214 | 18:07:20 | 221.812442 | 359.388599 
 4152.4638 | 08738.8212 | 18:07:21 | 221.812609 | 359.389291 
 4152.4639 | 08738.8211 | 18:07:22 | 221.812694 | 359.389406 
 4152.4637 | 08738.8211 | 18:07:23 | 221.812695 | 359.389176 
 4152.4628 | 08738.8212 | 18:07:24 | 221.812618 | 359.388140 
 4152.4617 | 08738.8214 | 18:07:25 | 221.812456 | 359.386874 
 4152.4584 | 08738.8218 | 18:07:28 | 221.812142 | 359.383075 
 4152.4569 | 08738.8223 | 18:07:29 | 221.811726 | 359.381346 
 4152.4378 | 08738.8314 | 18:07:31 | 221.804079 | 359.359314 
 4152.4363 | 08738.8257 | 18:07:32 | 221.808993 | 359.357628 
 4152.4357 | 08738.8256 | 18:07:33 | 221.809084 | 359.356938 
 4152.4352 | 08738.8255 | 18:07:34 | 221.809175 | 359.356364 
 4152.4368 | 08738.8240 | 18:07:37 | 221.810450 | 359.358215 
 4152.4371 | 08738.8241 | 18:07:38 | 221.810361 | 359.358559 
 4152.4375 | 08738.8242 | 18:07:39 | 221.810271 | 359.359018 
 4152.4378 | 08738.8241 | 18:07:40 | 221.810355 | 359.359364 
 4152.4381 | 08738.8241 | 18:07:41 | 221.810352 | 359.359709 
 4152.4386 | 08738.8247 | 18:07:42 | 221.809831 | 359.360280 
 4152.4399 | 08738.8235 | 18:07:43 | 221.810851 | 359.361784 
 4152.4407 | 08738.8254 | 18:07:44 | 221.809210 | 359.362691 
 4152.4416 | 08738.8270 | 18:07:45 | 221.807827 | 359.363715 
 4152.4431 | 08738.8303 | 18:07:46 | 221.804976 | 359.365418 
 4152.4438 | 08738.8317 | 18:07:47 | 221.803766 | 359.366213 
 4152.4446 | 08738.8338 | 18:07:48 | 221.801953 | 359.367119 
 4152.4454 | 08738.8355 | 18:07:49 | 221.800484 | 359.368028 
 4152.4460 | 08738.8367 | 18:07:50 | 221.799447 | 359.368710 
 4152.4475 | 08738.8412 | 18:07:52 | 221.795565 | 359.370404 
 4152.4485 | 08738.8470 | 18:07:53 | 221.790569 | 359.371514 
 4152.4493 | 08738.8512 | 18:07:54 | 221.786951 | 359.372406 
 4152.4500 | 08738.8543 | 18:07:55 | 221.784280 | 359.373190 
 4152.4506 | 08738.8583 | 18:07:56 | 221.780835 | 359.373852 
 4152.4511 | 08738.8617 | 18:07:57 | 221.777908 | 359.374404 
 4152.4545 | 08738.8750 | 18:08:03 | 221.766443 | 359.378224 
 4152.4552 | 08738.8775 | 18:08:04 | 221.764287 | 359.379012 
 4152.4568 | 08738.8827 | 18:08:06 | 221.759802 | 359.380816 
 4152.4575 | 08738.8867 | 18:08:07 | 221.756357 | 359.381594 
 4152.4585 | 08738.8910 | 18:08:08 | 221.752651 | 359.382715 
 4152.4628 | 08738.9051 | 18:08:10 | 221.740490 | 359.387564 
 4152.4673 | 08738.9184 | 18:08:11 | 221.729015 | 359.392649 
 4152.4706 | 08738.9357 | 18:08:13 | 221.714112 | 359.396326 
 4152.4835 | 08738.9720 | 18:08:16 | 221.682787 | 359.410916 
 4152.4846 | 08738.9859 | 18:08:17 | 221.670827 | 359.412086 
 4152.4842 | 08738.9963 | 18:08:18 | 221.661890 | 359.411555 
 4152.4796 | 08739.0138 | 18:08:20 | 221.646888 | 359.406144 
 4152.4761 | 08739.0266 | 18:08:21 | 221.635916 | 359.402030 
 4152.4754 | 08739.0360 | 18:08:22 | 221.627841 | 359.401161 
 4152.4746 | 08739.0541 | 18:08:24 | 221.612288 | 359.400117 
 4152.4742 | 08739.0632 | 18:08:25 | 221.604468 | 359.399595 
 4152.4742 | 08739.0714 | 18:08:26 | 221.597419 | 359.399539 
 4152.4742 | 08739.0799 | 18:08:27 | 221.590112 | 359.399481 
 4152.4744 | 08739.0878 | 18:08:28 | 221.583318 | 359.399657 
 4152.4751 | 08739.0948 | 18:08:29 | 221.577294 | 359.400414 
 4152.4763 | 08739.1007 | 18:08:30 | 221.572211 | 359.401754 
 4152.4776 | 08739.1063 | 18:08:31 | 221.567385 | 359.403211 
 4152.4753 | 08739.1126 | 18:08:33 | 221.561990 | 359.400523 
 4152.4765 | 08739.1158 | 18:08:34 | 221.559228 | 359.401881 
 4152.4775 | 08739.1190 | 18:08:35 | 221.556468 | 359.403009 
 4152.4844 | 08739.1374 | 18:08:42 | 221.540586 | 359.410821 
 4152.4847 | 08739.1376 | 18:08:43 | 221.540412 | 359.411164 
 4152.4855 | 08739.1380 | 18:08:44 | 221.540061 | 359.412082 
 4152.4903 | 08739.1651 | 18:08:52 | 221.516719 | 359.417418 
 4152.4920 | 08739.1627 | 18:08:53 | 221.518767 | 359.419390 
 4152.4887 | 08739.1666 | 18:08:56 | 221.515444 | 359.415568 
 4152.4850 | 08739.1703 | 18:09:00 | 221.512297 | 359.411286 
 4152.4873 | 08739.1790 | 18:09:05 | 221.504797 | 359.413873 
 4152.4610 | 08739.1581 | 18:09:09 | 221.523004 | 359.383764 
 4152.4585 | 08739.1536 | 18:09:11 | 221.526896 | 359.380919 
 4152.4576 | 08739.1520 | 18:09:12 | 221.528280 | 359.379894 
 4152.4561 | 08739.1529 | 18:09:13 | 221.527520 | 359.378163 
 4152.4544 | 08739.1651 | 18:09:17 | 221.517047 | 359.376124 
 4152.4545 | 08739.1672 | 18:09:18 | 221.515241 | 359.376225 
 4152.4570 | 08739.1753 | 18:09:21 | 221.508254 | 359.379045 
 4152.4544 | 08739.1999 | 18:09:24 | 221.487130 | 359.375887 
 4152.4517 | 08739.2124 | 18:09:27 | 221.476408 | 359.372696 
 4152.4605 | 08739.2613 | 18:09:34 | 221.434289 | 359.382486 
 4152.4585 | 08739.2923 | 18:09:35 | 221.407657 | 359.379974 
 4152.4576 | 08739.3336 | 18:09:40 | 221.372160 | 359.378659 
 4152.4534 | 08739.3524 | 18:09:41 | 221.356035 | 359.373700 
 4152.4547 | 08739.3598 | 18:09:42 | 221.349662 | 359.375145 
 4152.4524 | 08739.3719 | 18:09:44 | 221.339281 | 359.372418 
 4152.4527 | 08739.3790 | 18:09:45 | 221.333174 | 359.372714 
 4152.4526 | 08739.3856 | 18:09:46 | 221.327501 | 359.372555 
 4152.4513 | 08739.3977 | 18:09:48 | 221.317110 | 359.370977 
 4152.4497 | 08739.4119 | 18:09:50 | 221.304917 | 359.369041 
 4152.4471 | 08739.4391 | 18:09:54 | 221.281557 | 359.365866 
 4152.4468 | 08739.4540 | 18:09:57 | 221.268750 | 359.365420 
 4152.4472 | 08739.4573 | 18:09:58 | 221.265910 | 359.365858 
 4152.4479 | 08739.4849 | 18:10:04 | 221.242176 | 359.366476 
 4152.4487 | 08739.4952 | 18:10:07 | 221.233314 | 359.367327 
 4152.4494 | 08739.5013 | 18:10:09 | 221.228063 | 359.368091 
 4152.4513 | 08739.5061 | 18:10:13 | 221.223920 | 359.370244 
 4152.4535 | 08739.4965 | 18:10:14 | 221.232153 | 359.372839 
 4152.4552 | 08739.4939 | 18:10:16 | 221.234373 | 359.374812 
 4152.4556 | 08739.4930 | 18:10:17 | 221.235143 | 359.375278 
 4152.4537 | 08739.4977 | 18:10:20 | 221.231119 | 359.373061 
 4152.4517 | 08739.4994 | 18:10:21 | 221.229676 | 359.370749 
 4152.4510 | 08739.4978 | 18:10:22 | 221.231058 | 359.369955 
 4152.4463 | 08739.5066 | 18:10:26 | 221.223535 | 359.364489 
 4152.4458 | 08739.5085 | 18:10:27 | 221.221906 | 359.363901 
 4152.4457 | 08739.5115 | 18:10:28 | 221.219328 | 359.363766 
 4152.4449 | 08739.5190 | 18:10:30 | 221.212888 | 359.362795 
 4152.4444 | 08739.5253 | 18:10:31 | 221.207476 | 359.362177 
 4152.4525 | 08739.5461 | 18:10:38 | 221.189521 | 359.371354 
 4152.4545 | 08739.5516 | 18:10:39 | 221.184775 | 359.373617 
 4152.4593 | 08739.5672 | 18:10:43 | 221.171320 | 359.379033 
 4152.4568 | 08739.5875 | 18:10:44 | 221.153891 | 359.376020 
 4152.4594 | 08739.6036 | 18:10:47 | 221.140027 | 359.378902 
 4152.4515 | 08739.6360 | 18:10:51 | 221.112244 | 359.369597 
 4152.4490 | 08739.6608 | 18:10:54 | 221.090946 | 359.366554 
 4152.4490 | 08739.6717 | 18:10:56 | 221.081575 | 359.366481 
 4152.4455 | 08739.6913 | 18:10:57 | 221.064757 | 359.362323 
 4152.4438 | 08739.7011 | 18:10:58 | 221.056347 | 359.360302 
 4152.4427 | 08739.7074 | 18:10:59 | 221.050941 | 359.358994 
 4152.4543 | 08739.6837 | 18:11:00 | 221.071211 | 359.372496 
 4152.4535 | 08739.6886 | 18:11:01 | 221.067006 | 359.371543 
 4152.4523 | 08739.6914 | 18:11:02 | 221.064610 | 359.370144 
 4152.4511 | 08739.6957 | 18:11:03 | 221.060924 | 359.368735 
 4152.4498 | 08739.6997 | 18:11:04 | 221.057497 | 359.367213 
 4152.4488 | 08739.7032 | 18:11:05 | 221.054497 | 359.366039 
 4152.4529 | 08739.6905 | 18:11:06 | 221.065378 | 359.370840 
 4152.4524 | 08739.6956 | 18:11:08 | 221.060998 | 359.370231 
 4152.4536 | 08739.6827 | 18:11:09 | 221.072077 | 359.371698 
 4152.4528 | 08739.6840 | 18:11:10 | 221.070967 | 359.370769 
 4152.4527 | 08739.6854 | 18:11:11 | 221.069764 | 359.370645 
 4152.4511 | 08739.6874 | 18:11:12 | 221.068059 | 359.368791 
 4152.4511 | 08739.6889 | 18:11:13 | 221.066770 | 359.368781 
 4152.4512 | 08739.6904 | 18:11:14 | 221.065479 | 359.368886 
 4152.4509 | 08739.6920 | 18:11:15 | 221.064106 | 359.368530 
 4152.4530 | 08739.6973 | 18:11:16 | 221.059531 | 359.370910 
 4152.4547 | 08739.6997 | 18:11:17 | 221.057453 | 359.372849 
 4152.4555 | 08739.7023 | 18:11:18 | 221.055210 | 359.373752 
 4152.4544 | 08739.7140 | 18:11:19 | 221.045162 | 359.372408 
 4152.4539 | 08739.7181 | 18:11:20 | 221.041641 | 359.371805 
 4152.4550 | 08739.7666 | 18:11:23 | 220.999936 | 359.372744 
 4152.4551 | 08739.7747 | 18:11:24 | 220.992972 | 359.372805 
 4152.4541 | 08739.7831 | 18:11:25 | 220.985760 | 359.371598 
 4152.4536 | 08739.7915 | 18:11:26 | 220.978543 | 359.370967 
 4152.4539 | 08739.7997 | 18:11:27 | 220.971491 | 359.371257 
 4152.4533 | 08739.8081 | 18:11:28 | 220.964274 | 359.370510 
 4152.4546 | 08739.8340 | 18:11:31 | 220.941997 | 359.371832 
 4152.4537 | 08739.8418 | 18:11:32 | 220.935299 | 359.370744 
 4152.4547 | 08739.8507 | 18:11:33 | 220.927639 | 359.371835 
 4152.4552 | 08739.8593 | 18:11:34 | 220.920241 | 359.372352 
 4152.4542 | 08739.8722 | 18:11:35 | 220.909160 | 359.371116 
 4152.4544 | 08739.8812 | 18:11:36 | 220.901421 | 359.371286 
 4152.4543 | 08739.8901 | 18:11:37 | 220.893771 | 359.371111 
 4152.4542 | 08739.8983 | 18:11:38 | 220.886722 | 359.370941 
 4152.4540 | 08739.9071 | 18:11:39 | 220.879159 | 359.370652 
 4152.4536 | 08739.9161 | 18:11:40 | 220.871425 | 359.370132 
 4152.4534 | 08739.9249 | 18:11:41 | 220.863862 | 359.369843 
 4152.4529 | 08739.9336 | 18:11:42 | 220.856387 | 359.369209 
 4152.4535 | 08739.9328 | 18:11:43 | 220.857069 | 359.369905 
 4152.4533 | 08739.9389 | 18:11:44 | 220.851827 | 359.369634 
 4152.4523 | 08739.9452 | 18:11:45 | 220.846420 | 359.368442 
 4152.4515 | 08739.9576 | 18:11:47 | 220.835767 | 359.367439 
 4152.4507 | 08739.9760 | 18:11:50 | 220.819955 | 359.366395 
 4152.4519 | 08739.9816 | 18:11:51 | 220.815130 | 359.367738 
 4152.4512 | 08739.9937 | 18:11:53 | 220.804734 | 359.366852 
 4152.4509 | 08739.9996 | 18:11:54 | 220.799665 | 359.366468 
 4152.4504 | 08740.0113 | 18:11:56 | 220.789611 | 359.365815 
 4152.4522 | 08740.0154 | 18:11:57 | 220.786070 | 359.367858 
 4152.4508 | 08740.0214 | 18:11:58 | 220.780924 | 359.366207 
 4152.4503 | 08740.0325 | 18:12:00 | 220.771386 | 359.365558 
 4152.4508 | 08740.0493 | 18:12:03 | 220.756939 | 359.366021 
 4152.4514 | 08740.0515 | 18:12:04 | 220.755042 | 359.366697 
 4152.4511 | 08740.0606 | 18:12:07 | 220.747222 | 359.366291 
 4152.4506 | 08740.0565 | 18:12:08 | 220.750751 | 359.365743 
 4152.4467 | 08740.0559 | 18:12:11 | 220.751302 | 359.361261 
 4152.4448 | 08740.0548 | 18:12:12 | 220.752264 | 359.359083 
 4152.4458 | 08740.0520 | 18:12:13 | 220.754662 | 359.360252 
 4152.4480 | 08740.0525 | 18:12:14 | 220.754213 | 359.362779 
 4152.4524 | 08740.0476 | 18:12:17 | 220.758386 | 359.367873 
 4152.4548 | 08740.0420 | 18:12:19 | 220.763179 | 359.370671 
 4152.4542 | 08740.0399 | 18:12:20 | 220.764990 | 359.369995 
 4152.4551 | 08740.0395 | 18:12:22 | 220.765326 | 359.371033 
 4152.4545 | 08740.0350 | 18:12:25 | 220.769200 | 359.370373 
 4152.4521 | 08740.0279 | 18:12:26 | 220.775325 | 359.367659 
 4152.4508 | 08740.0249 | 18:12:27 | 220.777915 | 359.366184 
 4152.4499 | 08740.0214 | 18:12:28 | 220.780932 | 359.365172 
 4152.4493 | 08740.0214 | 18:12:29 | 220.780938 | 359.364482 
 4152.4482 | 08740.0205 | 18:12:31 | 220.781721 | 359.363223 
 4152.4479 | 08740.0184 | 18:12:32 | 220.783529 | 359.362892 
 4152.4479 | 08740.0188 | 18:12:35 | 220.783186 | 359.362889 
 4152.4479 | 08740.0188 | 18:12:36 | 220.783186 | 359.362889 
 4152.4479 | 08740.0188 | 18:12:38 | 220.783186 | 359.362889 
 4152.4445 | 08740.0037 | 18:12:39 | 220.796197 | 359.359079 
 4152.4443 | 08740.0020 | 18:12:40 | 220.797661 | 359.358860 
 4152.4445 | 08740.0000 | 18:12:41 | 220.799378 | 359.359104 
 4152.4448 | 08739.9982 | 18:12:42 | 220.800923 | 359.359461 
 4152.4451 | 08739.9962 | 18:12:43 | 220.802640 | 359.359819 
 4152.4447 | 08739.9951 | 18:12:44 | 220.803589 | 359.359366 
 4152.4445 | 08739.9939 | 18:12:45 | 220.804622 | 359.359144 
 4152.4442 | 08739.9927 | 18:12:46 | 220.805657 | 359.358807 
 4152.4440 | 08739.9919 | 18:12:47 | 220.806346 | 359.358583 
 4152.4437 | 08739.9913 | 18:12:48 | 220.806865 | 359.358241 
 4152.4427 | 08739.9900 | 18:12:51 | 220.807991 | 359.357100 
 4152.4423 | 08739.9892 | 18:12:52 | 220.808682 | 359.356645 
 4152.4423 | 08739.9884 | 18:12:53 | 220.809370 | 359.356651 
 4152.4421 | 08739.9869 | 18:12:54 | 220.810662 | 359.356430 
 4152.4416 | 08739.9859 | 18:12:57 | 220.811526 | 359.355862 
 4152.4399 | 08739.9854 | 18:12:58 | 220.811971 | 359.353910 
 4152.4387 | 08739.9840 | 18:12:59 | 220.813185 | 359.352539 
 4152.4386 | 08739.9843 | 18:13:00 | 220.812928 | 359.352422 
 4152.4378 | 08739.9846 | 18:13:01 | 220.812677 | 359.351500 
 4152.4351 | 08739.9825 | 18:13:02 | 220.814507 | 359.348408 
 4152.4349 | 08739.9833 | 18:13:03 | 220.813821 | 359.348173 
 4152.4348 | 08739.9849 | 18:13:04 | 220.812446 | 359.348047 
 4152.4345 | 08739.9864 | 18:13:05 | 220.811159 | 359.347692 
 4152.4324 | 08739.9854 | 18:13:09 | 220.812038 | 359.345283 
 4152.4313 | 08739.9868 | 18:13:10 | 220.810844 | 359.344008 
 4152.4296 | 08739.9901 | 18:13:11 | 220.808022 | 359.342031 
 4152.4221 | 08739.9875 | 18:13:12 | 220.810324 | 359.333421 
 4152.4122 | 08739.9854 | 18:13:14 | 220.812218 | 359.322048 
 4152.4099 | 08739.9855 | 18:13:15 | 220.812153 | 359.319402 
 4152.3902 | 08739.9725 | 18:13:18 | 220.823505 | 359.296829 
 4152.3863 | 08739.9714 | 18:13:19 | 220.824486 | 359.292350 
 4152.3801 | 08739.9732 | 18:13:20 | 220.822994 | 359.285206 
 4152.3654 | 08739.9730 | 18:13:23 | 220.823297 | 359.268299 
 4152.3537 | 08739.9742 | 18:13:25 | 220.822370 | 359.254833 
 4152.3401 | 08739.9764 | 18:13:27 | 220.820600 | 359.239175 
 4152.3310 | 08739.9790 | 18:13:28 | 220.818446 | 359.228690 
 4152.3236 | 08739.9808 | 18:13:29 | 220.816965 | 359.220166 
 4152.3223 | 08739.9836 | 18:13:30 | 220.814569 | 359.218652 
 4152.3189 | 08739.9871 | 18:13:31 | 220.811591 | 359.214718 
 4152.3178 | 08739.9886 | 18:13:32 | 220.810311 | 359.213443 
 4152.3173 | 08739.9894 | 18:13:33 | 220.809628 | 359.212862 
 4152.3165 | 08739.9904 | 18:13:34 | 220.808775 | 359.211935 
 4152.3157 | 08739.9914 | 18:13:35 | 220.807922 | 359.211008 
 4152.3156 | 08739.9921 | 18:13:36 | 220.807322 | 359.210889 
 4152.3154 | 08739.9925 | 18:13:37 | 220.806979 | 359.210656 
 4152.3150 | 08739.9929 | 18:13:38 | 220.806639 | 359.210193 
 4152.3150 | 08739.9940 | 18:13:39 | 220.805693 | 359.210186 
 4152.3148 | 08739.9956 | 18:13:40 | 220.804320 | 359.209945 
 4152.3147 | 08739.9970 | 18:13:41 | 220.803117 | 359.209821 
 4152.3147 | 08739.9981 | 18:13:42 | 220.802171 | 359.209813 
 4152.3143 | 08739.9983 | 18:13:43 | 220.802003 | 359.209352 
 4152.3120 | 08739.9967 | 18:13:46 | 220.803399 | 359.206717 
 4152.3118 | 08739.9949 | 18:13:48 | 220.804948 | 359.206499 
 4152.3117 | 08739.9947 | 18:13:49 | 220.805121 | 359.206385 
 4152.3117 | 08739.9947 | 18:13:50 | 220.805121 | 359.206385 
 4152.3081 | 08739.9949 | 18:13:51 | 220.804981 | 359.202243 
 4152.3068 | 08739.9944 | 18:13:52 | 220.805423 | 359.200751 
 4152.3042 | 08739.9942 | 18:13:54 | 220.805618 | 359.197762 
 4152.3031 | 08739.9935 | 18:13:55 | 220.806230 | 359.196501 
 4152.3019 | 08739.9934 | 18:13:56 | 220.806326 | 359.195122 
 4152.2994 | 08739.9939 | 18:13:58 | 220.805919 | 359.192243 
 4152.2981 | 08739.9946 | 18:13:59 | 220.805329 | 359.190743 
 4152.2988 | 08739.9950 | 18:14:00 | 220.804978 | 359.191545 
 4152.2978 | 08739.9960 | 18:14:01 | 220.804128 | 359.190388 
 4152.2957 | 08740.0000 | 18:14:03 | 220.800707 | 359.187946 
 4152.2947 | 08740.0027 | 18:14:04 | 220.798395 | 359.186778 
 4152.2927 | 08740.0080 | 18:14:06 | 220.793856 | 359.184442 
 4152.2901 | 08740.0134 | 18:14:09 | 220.789237 | 359.181415 
 4152.2877 | 08740.0184 | 18:14:12 | 220.784960 | 359.178621 
 4152.2869 | 08740.0223 | 18:14:13 | 220.781614 | 359.177675 
 4152.2837 | 08740.0268 | 18:14:16 | 220.777774 | 359.173964 
 4152.2826 | 08740.0284 | 18:14:17 | 220.776408 | 359.172688 
 4152.2818 | 08740.0302 | 18:14:18 | 220.774868 | 359.171756 
 4152.2811 | 08740.0310 | 18:14:19 | 220.774186 | 359.170945 
 4152.2806 | 08740.0316 | 18:14:20 | 220.773675 | 359.170366 
 4152.2803 | 08740.0323 | 18:14:21 | 220.773076 | 359.170017 
 4152.2797 | 08740.0332 | 18:14:22 | 220.772307 | 359.169320 
 4152.2798 | 08740.0346 | 18:14:23 | 220.771103 | 359.169426 
 4152.2794 | 08740.0351 | 18:14:24 | 220.770677 | 359.168963 
 4152.2792 | 08740.0347 | 18:14:25 | 220.771022 | 359.168735 
 4152.2792 | 08740.0348 | 18:14:26 | 220.770936 | 359.168735 
 4152.2793 | 08740.0348 | 18:14:27 | 220.770935 | 359.168850 
 4152.2807 | 08740.0357 | 18:14:28 | 220.770149 | 359.170454 
 4152.2812 | 08740.0366 | 18:14:29 | 220.769371 | 359.171023 
 4152.2809 | 08740.0366 | 18:14:30 | 220.769374 | 359.170678 
 4152.2806 | 08740.0368 | 18:14:31 | 220.769204 | 359.170332 
 4152.2803 | 08740.0370 | 18:14:32 | 220.769035 | 359.169985 
 4152.2794 | 08740.0383 | 18:14:34 | 220.767925 | 359.168941 
 4152.2808 | 08740.0406 | 18:14:35 | 220.765936 | 359.170536 
 4152.2817 | 08740.0434 | 18:14:36 | 220.763520 | 359.171553 
 4152.2830 | 08740.0467 | 18:14:37 | 220.760672 | 359.173026 
 4152.2875 | 08740.0581 | 18:14:40 | 220.750830 | 359.178126 
 4152.2898 | 08740.0638 | 18:14:41 | 220.745909 | 359.180734 
 4152.2881 | 08740.0705 | 18:14:44 | 220.740164 | 359.178734 
 4152.2880 | 08740.0786 | 18:14:47 | 220.733202 | 359.178565 
 4152.2863 | 08740.0830 | 18:14:48 | 220.729434 | 359.176580 
 4152.2890 | 08740.1007 | 18:14:51 | 220.714193 | 359.179568 
 4152.2856 | 08740.1083 | 18:14:52 | 220.707689 | 359.175606 
 4152.2873 | 08740.1176 | 18:14:53 | 220.699678 | 359.177500 
 4152.2890 | 08740.1245 | 18:14:55 | 220.693731 | 359.179409 
 4152.2896 | 08740.1290 | 18:14:56 | 220.689857 | 359.180070 
 4152.2897 | 08740.1318 | 18:14:57 | 220.687449 | 359.180166 
 4152.2894 | 08740.1345 | 18:14:58 | 220.685130 | 359.179803 
 4152.2891 | 08740.1368 | 18:14:59 | 220.683156 | 359.179442 
 4152.2886 | 08740.1386 | 18:15:00 | 220.681612 | 359.178855 
 4152.2883 | 08740.1402 | 18:15:01 | 220.680240 | 359.178500 
 4152.2875 | 08740.1416 | 18:15:02 | 220.679043 | 359.177570 
 4152.2867 | 08740.1429 | 18:15:03 | 220.677933 | 359.176641 
 4152.2867 | 08740.1450 | 18:15:04 | 220.676127 | 359.176627 
 4152.2869 | 08740.1472 | 18:15:05 | 220.674234 | 359.176843 
 4152.2864 | 08740.1471 | 18:15:06 | 220.674324 | 359.176268 
 4152.2869 | 08740.1477 | 18:15:07 | 220.673804 | 359.176839 
 4152.2869 | 08740.1483 | 18:15:08 | 220.673288 | 359.176835 
 4152.2845 | 08740.1465 | 18:15:09 | 220.674857 | 359.174087 
 4152.2849 | 08740.1474 | 18:15:10 | 220.674080 | 359.174541 
 4152.2834 | 08740.1464 | 18:15:11 | 220.674953 | 359.172822 
 4152.2815 | 08740.1460 | 18:15:12 | 220.675314 | 359.170639 
 4152.2794 | 08740.1453 | 18:15:13 | 220.675934 | 359.168228 
 4152.2764 | 08740.1446 | 18:15:14 | 220.676563 | 359.164782 
 4152.2751 | 08740.1465 | 18:15:15 | 220.674941 | 359.163274 
 4152.2726 | 08740.1456 | 18:15:16 | 220.675737 | 359.160405 
 4152.2697 | 08740.1449 | 18:15:17 | 220.676364 | 359.157074 
 4152.2674 | 08740.1450 | 18:15:18 | 220.676299 | 359.154427 
 4152.2635 | 08740.1438 | 18:15:19 | 220.677365 | 359.149949 
 4152.2590 | 08740.1430 | 18:15:20 | 220.678093 | 359.144779 
 4152.2285 | 08740.1230 | 18:15:21 | 220.695559 | 359.109829 
 4152.2258 | 08740.1247 | 18:15:22 | 220.694122 | 359.106712 
 4152.2191 | 08740.1248 | 18:15:23 | 220.694096 | 359.099005 
 4152.2131 | 08740.1242 | 18:15:24 | 220.694665 | 359.092107 
 4152.1937 | 08740.1218 | 18:15:28 | 220.696901 | 359.069808 
 4152.1830 | 08740.1218 | 18:15:30 | 220.696996 | 359.057501 
 4152.1762 | 08740.1229 | 18:15:31 | 220.696111 | 359.049672 
 4152.1570 | 08740.1293 | 18:15:32 | 220.690780 | 359.027544 
 4152.1524 | 08740.1283 | 18:15:33 | 220.691680 | 359.022260 
 4152.1470 | 08740.1276 | 18:15:35 | 220.692330 | 359.016053 
 4152.1444 | 08740.1274 | 18:15:36 | 220.692526 | 359.013064 
 4152.1403 | 08740.1266 | 18:15:37 | 220.693250 | 359.008353 
 4152.1734 | 08740.1488 | 18:15:39 | 220.673869 | 359.046278 
 4152.1949 | 08740.1531 | 18:15:40 | 220.669980 | 359.070980 
 4152.1905 | 08740.1515 | 18:15:41 | 220.671395 | 359.065930 
 4152.1858 | 08740.1499 | 18:15:42 | 220.672812 | 359.060534 
 4152.1790 | 08740.1487 | 18:15:43 | 220.673905 | 359.052721 
 4152.1729 | 08740.1477 | 18:15:44 | 220.674819 | 359.045711 
 4152.1677 | 08740.1463 | 18:15:45 | 220.676069 | 359.039739 
 4152.1618 | 08740.1452 | 18:15:46 | 220.677067 | 359.032960 
 4152.1531 | 08740.1452 | 18:15:47 | 220.677144 | 359.022952 
 4152.1454 | 08740.1446 | 18:15:48 | 220.677729 | 359.014099 
 4152.1370 | 08740.1447 | 18:15:49 | 220.677717 | 359.004437 
 4152.1284 | 08740.1447 | 18:15:50 | 220.677794 | 358.994544 
 4152.1202 | 08740.1444 | 18:15:51 | 220.678125 | 358.985114 
 4152.1120 | 08740.1439 | 18:15:52 | 220.678628 | 358.975686 
 4152.0993 | 08740.1349 | 18:15:53 | 220.686479 | 358.961137 
 4152.0929 | 08740.1344 | 18:15:54 | 220.686966 | 358.953779 
 4152.0858 | 08740.1344 | 18:15:55 | 220.687029 | 358.945612 
 4152.0744 | 08740.1274 | 18:15:56 | 220.693149 | 358.932546 
 4152.0627 | 08740.1280 | 18:15:58 | 220.692737 | 358.919084 
 4152.0564 | 08740.1285 | 18:15:59 | 220.692363 | 358.911834 
 4152.0447 | 08740.1270 | 18:16:00 | 220.693757 | 358.898386 
 4152.0410 | 08740.1274 | 18:16:01 | 220.693446 | 358.894128 
 4152.0335 | 08740.1267 | 18:16:03 | 220.694115 | 358.885505 
 4152.0297 | 08740.1259 | 18:16:04 | 220.694837 | 358.881140 
 4152.0258 | 08740.1252 | 18:16:05 | 220.695473 | 358.876658 
 4152.0221 | 08740.1242 | 18:16:06 | 220.696366 | 358.872409 
 4152.0184 | 08740.1238 | 18:16:07 | 220.696743 | 358.868156 
 4152.0147 | 08740.1235 | 18:16:08 | 220.697034 | 358.863902 
 4152.0112 | 08740.1229 | 18:16:09 | 220.697581 | 358.859880 
 4152.0078 | 08740.1224 | 18:16:10 | 220.698041 | 358.855972 
 4152.0046 | 08740.1218 | 18:16:11 | 220.698585 | 358.852296 
 4152.0016 | 08740.1211 | 18:16:12 | 220.699214 | 358.848850 
 4151.9986 | 08740.1204 | 18:16:13 | 220.699842 | 358.845403 
 4151.9956 | 08740.1176 | 18:16:14 | 220.702276 | 358.841971 
 4151.9930 | 08740.1167 | 18:16:15 | 220.703073 | 358.838987 
 4151.9900 | 08740.1157 | 18:16:16 | 220.703960 | 358.835543 
 4151.9892 | 08740.1118 | 18:16:17 | 220.707320 | 358.834648 
 4151.9881 | 08740.1110 | 18:16:18 | 220.708018 | 358.833388 
 4151.9878 | 08740.1083 | 18:16:19 | 220.710342 | 358.833061 
 4151.9865 | 08740.1048 | 18:16:20 | 220.713363 | 358.831589 
 4151.9855 | 08740.1017 | 18:16:21 | 220.716037 | 358.830460 
 4151.9843 | 08740.0999 | 18:16:22 | 220.717596 | 358.829091 
 4151.9856 | 08740.0964 | 18:16:23 | 220.720593 | 358.830610 
 4151.9875 | 08740.0957 | 18:16:24 | 220.721178 | 358.832800 
 4151.9862 | 08740.0949 | 18:16:25 | 220.721878 | 358.831310 
 4151.9881 | 08740.0947 | 18:16:26 | 220.722033 | 358.833497 
 4151.9898 | 08740.0959 | 18:16:27 | 220.720986 | 358.835444 
 4151.9914 | 08740.0961 | 18:16:29 | 220.720799 | 358.837284 
 4151.9904 | 08740.0969 | 18:16:31 | 220.720121 | 358.836128 
 4151.9946 | 08740.1024 | 18:16:32 | 220.715354 | 358.840922 
 4151.9942 | 08740.1023 | 18:16:33 | 220.715444 | 358.840463 
 4151.9963 | 08740.1054 | 18:16:34 | 220.712760 | 358.842858 
 4151.9968 | 08740.1148 | 18:16:35 | 220.704673 | 358.843370 
 4152.0111 | 08740.1279 | 18:16:37 | 220.693283 | 358.859732 
 4152.0132 | 08740.1422 | 18:16:38 | 220.680969 | 358.862052 
 4152.0144 | 08740.1505 | 18:16:39 | 220.673822 | 358.863377 
 4152.0157 | 08740.1587 | 18:16:40 | 220.666760 | 358.864818 
 4152.0163 | 08740.1644 | 18:16:41 | 220.661854 | 358.865470 
 4152.0186 | 08740.1738 | 18:16:44 | 220.653751 | 358.868053 
 4152.0200 | 08740.1838 | 18:16:45 | 220.645141 | 358.869597 
 4152.0216 | 08740.2075 | 18:16:49 | 220.624750 | 358.871280 
 4152.0229 | 08740.2107 | 18:16:50 | 220.621987 | 358.872754 
 4152.0327 | 08740.2207 | 18:16:52 | 220.613302 | 358.883960 
 4152.0340 | 08740.2246 | 18:16:53 | 220.609937 | 358.885430 
 4152.0401 | 08740.2296 | 18:16:54 | 220.605584 | 358.892413 
 4152.0475 | 08740.2358 | 18:16:57 | 220.600188 | 358.900884 
 4152.0536 | 08740.2394 | 18:16:58 | 220.597038 | 358.907876 
 4152.0634 | 08740.2416 | 18:17:01 | 220.595060 | 358.919134 
 4152.0663 | 08740.2440 | 18:17:02 | 220.592971 | 358.922454 
 4152.0786 | 08740.2429 | 18:17:05 | 220.593807 | 358.936609 
 4152.0827 | 08740.2420 | 18:17:06 | 220.594545 | 358.941331 
 4152.0871 | 08740.2426 | 18:17:07 | 220.593990 | 358.946389 
 4152.0909 | 08740.2447 | 18:17:08 | 220.592150 | 358.950746 
 4152.0943 | 08740.2471 | 18:17:09 | 220.590057 | 358.954640 
 4152.0978 | 08740.2488 | 18:17:10 | 220.588564 | 358.958655 
 4152.1022 | 08740.2510 | 18:17:11 | 220.586634 | 358.963702 
 4152.1064 | 08740.2522 | 18:17:12 | 220.585565 | 358.968525 
 4152.1112 | 08740.2523 | 18:17:13 | 220.585436 | 358.974045 
 4152.1161 | 08740.2524 | 18:17:14 | 220.585307 | 358.979681 
 4152.1207 | 08740.2522 | 18:17:15 | 220.585438 | 358.984973 
 4152.1247 | 08740.2528 | 18:17:16 | 220.584886 | 358.989570 
 4152.1288 | 08740.2534 | 18:17:17 | 220.584334 | 358.994282 
 4152.1322 | 08740.2561 | 18:17:18 | 220.581983 | 358.998175 
 4152.1290 | 08740.2555 | 18:17:19 | 220.582527 | 358.994498 
 4152.1315 | 08740.2536 | 18:17:20 | 220.584138 | 358.997387 
 4152.1370 | 08740.2466 | 18:17:22 | 220.590108 | 359.003760 
 4152.1396 | 08740.2438 | 18:17:23 | 220.592492 | 359.006769 
 4152.1415 | 08740.2425 | 18:17:24 | 220.593593 | 359.008963 
 4152.1506 | 08740.2195 | 18:17:25 | 220.613286 | 359.019583 
 4152.1525 | 08740.2180 | 18:17:26 | 220.614559 | 359.021778 
 4152.1560 | 08740.2171 | 18:17:28 | 220.615302 | 359.025810 
 4152.1573 | 08740.2184 | 18:17:29 | 220.614173 | 359.027297 
 4152.1508 | 08740.2418 | 18:17:30 | 220.594112 | 359.019665 
 4152.1546 | 08740.2602 | 18:17:33 | 220.578259 | 359.023914 
 4152.1549 | 08740.2649 | 18:17:34 | 220.574215 | 359.024228 
 4152.1555 | 08740.2695 | 18:17:35 | 220.570255 | 359.024887 
 4152.1558 | 08740.2742 | 18:17:36 | 220.566211 | 359.025201 
 4152.1554 | 08740.2788 | 18:17:37 | 220.562260 | 359.024711 
 4152.1522 | 08740.2877 | 18:17:39 | 220.554637 | 359.020971 
 4152.1490 | 08740.2917 | 18:17:40 | 220.551226 | 359.017263 
 4152.1467 | 08740.2953 | 18:17:41 | 220.548151 | 359.014594 
 4152.1413 | 08740.3011 | 18:17:44 | 220.543212 | 359.008344 
 4152.1394 | 08740.3010 | 18:17:45 | 220.543315 | 359.006159 
 4152.1612 | 08740.2400 | 18:17:56 | 220.595567 | 359.031639 
 4152.1602 | 08740.2403 | 18:17:57 | 220.595318 | 359.030487 
 4152.1591 | 08740.2442 | 18:18:07 | 220.591975 | 359.029196 
 4152.1620 | 08740.2568 | 18:18:09 | 220.581116 | 359.032448 
 4152.1664 | 08740.2680 | 18:18:10 | 220.571448 | 359.037435 
 4152.1695 | 08740.2801 | 18:18:11 | 220.561017 | 359.040920 
 4152.1649 | 08740.2965 | 18:18:13 | 220.546958 | 359.035521 
 4152.1607 | 08740.3039 | 18:18:14 | 220.540633 | 359.030641 
 4152.1608 | 08740.3356 | 18:18:18 | 220.513378 | 359.030546 
 4152.1641 | 08740.3522 | 18:18:20 | 220.499077 | 359.034232 
 4152.1659 | 08740.3632 | 18:18:21 | 220.489603 | 359.036229 
 4152.1656 | 08740.3894 | 18:18:24 | 220.467080 | 359.035711 
 4152.1617 | 08740.4011 | 18:18:25 | 220.457056 | 359.031147 
 4152.1460 | 08740.4465 | 18:18:30 | 220.418162 | 359.012789 
 4152.1454 | 08740.4527 | 18:18:31 | 220.412836 | 359.012058 
 4152.1449 | 08740.4631 | 18:18:34 | 220.403899 | 359.011414 
 4152.1443 | 08740.4669 | 18:18:35 | 220.400637 | 359.010698 
 4152.1385 | 08740.4719 | 18:18:39 | 220.396390 | 359.003994 
 4152.1406 | 08740.4656 | 18:18:40 | 220.401788 | 359.006451 
 4152.1477 | 08740.4675 | 18:18:42 | 220.400092 | 359.014605 
 4152.1474 | 08740.4647 | 18:18:43 | 220.402502 | 359.014279 
 4152.1473 | 08740.4633 | 18:18:44 | 220.403706 | 359.014173 
 4152.1473 | 08740.4625 | 18:18:45 | 220.404394 | 359.014178 
 4152.1474 | 08740.4620 | 18:18:46 | 220.404823 | 359.014297 
 4152.1475 | 08740.4624 | 18:18:47 | 220.404478 | 359.014409 
 4152.1478 | 08740.4638 | 18:18:48 | 220.403272 | 359.014745 
 4152.1477 | 08740.4632 | 18:18:49 | 220.403789 | 359.014634 
 4152.1478 | 08740.4641 | 18:18:50 | 220.403014 | 359.014743 
 4152.1478 | 08740.4628 | 18:18:51 | 220.404132 | 359.014751 
 4152.1475 | 08740.4597 | 18:18:52 | 220.406799 | 359.014427 
 4152.1470 | 08740.4522 | 18:18:53 | 220.413252 | 359.013901 
 4152.1463 | 08740.4483 | 18:18:54 | 220.416611 | 359.013122 
 4152.1459 | 08740.4459 | 18:18:55 | 220.418678 | 359.012678 
 4152.1454 | 08740.4435 | 18:18:56 | 220.420746 | 359.012118 
 4152.1450 | 08740.4418 | 18:18:57 | 220.422211 | 359.011669 
 4152.1440 | 08740.4396 | 18:18:58 | 220.424112 | 359.010534 
 4152.1440 | 08740.4396 | 18:18:59 | 220.424112 | 359.010534 
 4152.1440 | 08740.4396 | 18:19:00 | 220.424112 | 359.010534 
 4152.1440 | 08740.4396 | 18:19:02 | 220.424112 | 359.010534 
 4152.1440 | 08740.4396 | 18:19:05 | 220.424112 | 359.010534 
 4152.1446 | 08740.4442 | 18:19:06 | 220.420151 | 359.011193 
 4152.1447 | 08740.4469 | 18:19:07 | 220.417829 | 359.011291 
 4152.1446 | 08740.4504 | 18:19:08 | 220.414821 | 359.011152 
 4152.1447 | 08740.4552 | 18:19:09 | 220.410693 | 359.011236 
 4152.1439 | 08740.4651 | 18:19:11 | 220.402189 | 359.010250 
 4152.1428 | 08740.4730 | 18:19:12 | 220.395406 | 359.008933 
 4152.1322 | 08740.5069 | 18:19:15 | 220.366354 | 358.996517 
 4152.1321 | 08740.5121 | 18:19:16 | 220.361884 | 358.996367 
 4152.1316 | 08740.5179 | 18:19:17 | 220.356902 | 358.995754 
 4152.1307 | 08740.5237 | 18:19:18 | 220.351923 | 358.994681 
 4152.1342 | 08740.5403 | 18:19:19 | 220.337620 | 358.998597 
 4152.1345 | 08740.5566 | 18:19:22 | 220.323603 | 358.998835 
 4152.1339 | 08740.5615 | 18:19:23 | 220.319396 | 358.998112 
 4152.1283 | 08740.5633 | 18:19:25 | 220.317897 | 358.991659 
 4152.1282 | 08740.5674 | 18:19:26 | 220.314373 | 358.991517 
 4152.1247 | 08740.5693 | 18:19:27 | 220.312770 | 358.987479 
 4152.1247 | 08740.5725 | 18:19:28 | 220.310019 | 358.987458 
 4152.1247 | 08740.5757 | 18:19:29 | 220.307268 | 358.987437 
 4152.1255 | 08740.5829 | 18:19:32 | 220.301071 | 358.988309 
 4152.1257 | 08740.5834 | 18:19:33 | 220.300639 | 358.988536 
 4152.1285 | 08740.5814 | 18:19:35 | 220.302334 | 358.991770 
 4152.1294 | 08740.5783 | 18:19:38 | 220.304991 | 358.992826 
 4152.1302 | 08740.5770 | 18:19:39 | 220.306102 | 358.993754 
 4152.1296 | 08740.5769 | 18:19:40 | 220.306193 | 358.993065 
 4152.1311 | 08740.5735 | 18:19:42 | 220.309103 | 358.994813 
 4152.1366 | 08740.5565 | 18:19:45 | 220.323671 | 359.001251 
 4152.1375 | 08740.5570 | 18:19:46 | 220.323233 | 359.002283 
 4152.1447 | 08740.5544 | 18:19:48 | 220.325405 | 359.010582 
 4152.1453 | 08740.5550 | 18:19:49 | 220.324884 | 359.011268 
 4152.1455 | 08740.5555 | 18:19:50 | 220.324452 | 359.011495 
 4152.1460 | 08740.5564 | 18:19:51 | 220.323674 | 359.012064 
 4152.1465 | 08740.5575 | 18:19:52 | 220.322724 | 359.012632 
 4152.1469 | 08740.5583 | 18:19:53 | 220.322032 | 359.013087 
 4152.1416 | 08740.5589 | 18:19:57 | 220.321563 | 359.006986 
 4152.1413 | 08740.5589 | 18:19:58 | 220.321566 | 359.006641 
 4152.1412 | 08740.5589 | 18:19:59 | 220.321567 | 359.006526 
 4152.1413 | 08740.5590 | 18:20:00 | 220.321480 | 359.006641 
 4152.1414 | 08740.5588 | 18:20:01 | 220.321651 | 359.006757 
 4152.1406 | 08740.5578 | 18:20:02 | 220.322518 | 359.005843 
 4152.1407 | 08740.5573 | 18:20:03 | 220.322947 | 359.005962 
 4152.1407 | 08740.5567 | 18:20:04 | 220.323463 | 359.005966 
 4152.1407 | 08740.5561 | 18:20:05 | 220.323978 | 359.005970 
 4152.1409 | 08740.5558 | 18:20:06 | 220.324235 | 359.006202 
 4152.1415 | 08740.5561 | 18:20:07 | 220.323971 | 359.006890 
 4152.1417 | 08740.5559 | 18:20:08 | 220.324142 | 359.007121 
 4152.1417 | 08740.5559 | 18:20:09 | 220.324142 | 359.007121 
 4152.1417 | 08740.5559 | 18:20:10 | 220.324142 | 359.007121 
 4152.1417 | 08740.5559 | 18:20:11 | 220.324142 | 359.007121 
 4152.1417 | 08740.5559 | 18:20:12 | 220.324142 | 359.007121 
 4152.1417 | 08740.5559 | 18:20:13 | 220.324142 | 359.007121 
 4152.1417 | 08740.5559 | 18:20:14 | 220.324142 | 359.007121 
 4152.1417 | 08740.5559 | 18:20:15 | 220.324142 | 359.007121 
 4152.1417 | 08740.5559 | 18:20:16 | 220.324142 | 359.007121 
 4152.1417 | 08740.5559 | 18:20:17 | 220.324142 | 359.007121 
 4152.1417 | 08740.5559 | 18:20:18 | 220.324142 | 359.007121 
 4152.1417 | 08740.5559 | 18:20:19 | 220.324142 | 359.007121 
 4152.1417 | 08740.5559 | 18:20:20 | 220.324142 | 359.007121 
 4152.1417 | 08740.5559 | 18:20:21 | 220.324142 | 359.007121 
 4152.1417 | 08740.5559 | 18:20:22 | 220.324142 | 359.007121 
 4152.1417 | 08740.5559 | 18:20:23 | 220.324142 | 359.007121 
 4152.1417 | 08740.5559 | 18:20:24 | 220.324142 | 359.007121 
 4152.1417 | 08740.5559 | 18:20:25 | 220.324142 | 359.007121 
 4152.1417 | 08740.5559 | 18:20:26 | 220.324142 | 359.007121 
 4152.1417 | 08740.5559 | 18:20:27 | 220.324142 | 359.007121 
 4152.1417 | 08740.5559 | 18:20:28 | 220.324142 | 359.007121 
 4152.1417 | 08740.5559 | 18:20:29 | 220.324142 | 359.007121 
 4152.1417 | 08740.5559 | 18:20:30 | 220.324142 | 359.007121 
 4152.1417 | 08740.5559 | 18:20:31 | 220.324142 | 359.007121 
 4152.1417 | 08740.5559 | 18:20:32 | 220.324142 | 359.007121 
 4152.1417 | 08740.5559 | 18:20:33 | 220.324142 | 359.007121 
 4152.1427 | 08740.5573 | 18:20:34 | 220.322929 | 359.008262 
 4152.1430 | 08740.5576 | 18:20:35 | 220.322669 | 359.008605 
 4152.1425 | 08740.5578 | 18:20:36 | 220.322501 | 359.008029 
 4152.1422 | 08740.5582 | 18:20:37 | 220.322160 | 359.007681 
 4152.1422 | 08740.5586 | 18:20:38 | 220.321816 | 359.007679 
 4152.1422 | 08740.5586 | 18:20:39 | 220.321816 | 359.007679 
 4152.1422 | 08740.5586 | 18:20:40 | 220.321816 | 359.007679 
 4152.1422 | 08740.5586 | 18:20:41 | 220.321816 | 359.007679 
 4152.1422 | 08740.5586 | 18:20:42 | 220.321816 | 359.007679 
 4152.1422 | 08740.5586 | 18:20:43 | 220.321816 | 359.007679 
 4152.1422 | 08740.5586 | 18:20:44 | 220.321816 | 359.007679 
 4152.1409 | 08740.5643 | 18:20:46 | 220.316927 | 359.006146 
 4152.1396 | 08740.5680 | 18:20:47 | 220.313757 | 359.004626 
 4152.1384 | 08740.5720 | 18:20:48 | 220.310328 | 359.003219 
 4152.1374 | 08740.5758 | 18:20:49 | 220.307070 | 359.002044 
 4152.1362 | 08740.5800 | 18:20:50 | 220.303470 | 359.000636 
 4152.1354 | 08740.5839 | 18:20:51 | 220.300124 | 358.999690 
 4152.1252 | 08740.6186 | 18:20:54 | 220.270380 | 358.987730 
 4152.1257 | 08740.6270 | 18:20:55 | 220.263153 | 358.988249 
 4152.1338 | 08740.6528 | 18:20:56 | 220.240900 | 358.997397 
 4152.1339 | 08740.6601 | 18:20:57 | 220.234623 | 358.997464 
 4152.1341 | 08740.6674 | 18:20:58 | 220.228345 | 358.997646 
 4152.1433 | 08740.6793 | 18:20:59 | 220.218033 | 359.008150 
 4152.1440 | 08740.6856 | 18:21:00 | 220.212610 | 359.008914 
 4152.1443 | 08740.6938 | 18:21:01 | 220.205558 | 359.009205 
 4152.1444 | 08740.7021 | 18:21:02 | 220.198421 | 359.009266 
 4152.1449 | 08740.7109 | 18:21:03 | 220.190850 | 359.009783 
 4152.1457 | 08740.7196 | 18:21:04 | 220.183363 | 359.010647 
 4152.1465 | 08740.7363 | 18:21:06 | 220.168998 | 359.011457 
 4152.1475 | 08740.7529 | 18:21:08 | 220.154718 | 359.012499 
 4152.1479 | 08740.7611 | 18:21:09 | 220.147664 | 359.012905 
 4152.1486 | 08740.7694 | 18:21:10 | 220.140522 | 359.013656 
 4152.1489 | 08740.7784 | 18:21:11 | 220.132781 | 359.013942 
 4152.1486 | 08740.7875 | 18:21:12 | 220.124960 | 359.013537 
 4152.1484 | 08740.7961 | 18:21:13 | 220.117568 | 359.013251 
 4152.1485 | 08740.8045 | 18:21:14 | 220.110345 | 359.013311 
 4152.1483 | 08740.8127 | 18:21:15 | 220.103297 | 359.013027 
 4152.1397 | 08740.8326 | 18:21:18 | 220.086263 | 359.003005 
 4152.1398 | 08740.8385 | 18:21:19 | 220.081189 | 359.003082 
 4152.1386 | 08740.8452 | 18:21:20 | 220.075440 | 359.001658 
 4152.1366 | 08740.8558 | 18:21:22 | 220.066344 | 358.999288 
 4152.1369 | 08740.8228 | 18:21:23 | 220.094713 | 358.999849 
 4152.1361 | 08740.8234 | 18:21:24 | 220.094204 | 358.998924 
 4152.1353 | 08740.8239 | 18:21:25 | 220.093781 | 358.998001 
 4152.1354 | 08740.8241 | 18:21:26 | 220.093609 | 358.998115 
 4152.1345 | 08740.8248 | 18:21:27 | 220.093015 | 358.997075 
 4152.1335 | 08740.8254 | 18:21:28 | 220.092507 | 358.995921 
 4152.1325 | 08740.8261 | 18:21:29 | 220.091914 | 358.994766 
 4152.1315 | 08740.8266 | 18:21:30 | 220.091493 | 358.993612 
 4152.1306 | 08740.8283 | 18:21:31 | 220.090040 | 358.992566 
 4152.1289 | 08740.8303 | 18:21:32 | 220.088335 | 358.990598 
 4152.1280 | 08740.8328 | 18:21:33 | 220.086193 | 358.989546 
 4152.1276 | 08740.8353 | 18:21:34 | 220.084047 | 358.989069 
 4152.1275 | 08740.8380 | 18:21:35 | 220.081727 | 358.988937 
 4152.1275 | 08740.8431 | 18:21:36 | 220.077342 | 358.988903 
 4152.1275 | 08740.8459 | 18:21:37 | 220.074935 | 358.988885 
 4152.1276 | 08740.8491 | 18:21:38 | 220.072183 | 358.988979 
 4152.1278 | 08740.8532 | 18:21:39 | 220.068656 | 358.989183 
 4152.1277 | 08740.8586 | 18:21:40 | 220.064014 | 358.989032 
 4152.1397 | 08740.8851 | 18:21:41 | 220.041125 | 359.002662 
 4152.1495 | 08740.9030 | 18:21:42 | 220.025650 | 359.013818 
 4152.1500 | 08740.9107 | 18:21:43 | 220.019026 | 359.014343 
 4152.1507 | 08740.9185 | 18:21:44 | 220.012313 | 359.015097 
 4152.1512 | 08740.9264 | 18:21:45 | 220.005517 | 359.015621 
 4152.1515 | 08740.9345 | 18:21:46 | 219.998550 | 359.015913 
 4152.1523 | 08740.9505 | 18:21:48 | 219.984787 | 359.016729 
 4152.1522 | 08740.9588 | 18:21:49 | 219.977652 | 359.016560 
 4152.1531 | 08740.9666 | 18:21:50 | 219.970938 | 359.017544 
 4152.1536 | 08740.9745 | 18:21:51 | 219.964142 | 359.018068 
 4152.1540 | 08740.9826 | 18:21:52 | 219.957174 | 359.018475 
 4152.1544 | 08740.9906 | 18:21:53 | 219.950292 | 359.018883 
 4152.1550 | 08740.9983 | 18:21:54 | 219.943667 | 359.019523 
 4152.1556 | 08741.0059 | 18:21:55 | 219.937128 | 359.020164 
 4152.1552 | 08741.0131 | 18:21:56 | 219.930941 | 359.019657 
 4152.1538 | 08741.0196 | 18:21:57 | 219.925365 | 359.018004 
 4152.1539 | 08741.0260 | 18:21:58 | 219.919861 | 359.018077 
 4152.1532 | 08741.0381 | 18:22:00 | 219.909464 | 359.017194 
 4152.1484 | 08741.0412 | 18:22:01 | 219.906841 | 359.011652 
 4152.1456 | 08741.0429 | 18:22:02 | 219.905404 | 359.008420 
 4152.1451 | 08741.0445 | 18:22:03 | 219.904032 | 359.007835 
 4152.1458 | 08741.0476 | 18:22:04 | 219.901361 | 359.008620 
 4152.1414 | 08741.0512 | 18:22:05 | 219.898304 | 359.003535 
 4152.1391 | 08741.0517 | 18:22:06 | 219.897894 | 359.000887 
 4152.1273 | 08741.0502 | 18:22:07 | 219.899287 | 358.987323 
 4152.1252 | 08741.0573 | 18:22:09 | 219.893201 | 358.984862 
 4152.1236 | 08741.0596 | 18:22:10 | 219.891237 | 358.983006 
 4152.1268 | 08741.0523 | 18:22:14 | 219.897485 | 358.986735 
 4152.1282 | 08741.0458 | 18:22:15 | 219.903062 | 358.988387 
 4152.1297 | 08741.0408 | 18:22:16 | 219.907347 | 358.990145 
 4152.1313 | 08741.0390 | 18:22:18 | 219.908881 | 358.991997 
 4152.1294 | 08741.0365 | 18:22:19 | 219.911047 | 358.989828 
 4152.1355 | 08741.0243 | 18:22:20 | 219.921483 | 358.996924 
 4152.1414 | 08741.0229 | 18:22:21 | 219.922635 | 359.003719 
 4152.1448 | 08741.0151 | 18:22:22 | 219.929312 | 359.007681 
 4152.1443 | 08741.0137 | 18:22:23 | 219.930520 | 359.007115 
 4152.1460 | 08741.0040 | 18:22:24 | 219.938845 | 359.009134 
 4152.1477 | 08741.0017 | 18:22:25 | 219.940808 | 359.011104 
 4152.1481 | 08741.0001 | 18:22:26 | 219.942180 | 359.011575 
 4152.1477 | 08740.9991 | 18:22:27 | 219.943043 | 359.011121 
 4152.1474 | 08740.9975 | 18:22:28 | 219.944421 | 359.010786 
 4152.1471 | 08740.9957 | 18:22:29 | 219.945971 | 359.010453 
 4152.1470 | 08740.9948 | 18:22:30 | 219.946746 | 359.010344 
 4152.1470 | 08740.9938 | 18:22:31 | 219.947606 | 359.010350 
 4152.1467 | 08740.9929 | 18:22:32 | 219.948382 | 359.010011 
 4152.1466 | 08740.9919 | 18:22:33 | 219.949243 | 359.009903 
 4152.1467 | 08740.9907 | 18:22:34 | 219.950274 | 359.010025 
 4152.1470 | 08740.9893 | 18:22:35 | 219.951475 | 359.010380 
 4152.1472 | 08740.9880 | 18:22:36 | 219.952591 | 359.010618 
 4152.1471 | 08740.9876 | 18:22:37 | 219.952935 | 359.010506 
 4152.1480 | 08740.9847 | 18:22:38 | 219.955421 | 359.011560 
 4152.1481 | 08740.9839 | 18:22:39 | 219.956108 | 359.011680 
 4152.1483 | 08740.9824 | 18:22:40 | 219.957396 | 359.011920 
 4152.1485 | 08740.9808 | 18:22:41 | 219.958770 | 359.012160 
 4152.1487 | 08740.9794 | 18:22:42 | 219.959971 | 359.012399 
 4152.1488 | 08740.9782 | 18:22:43 | 219.961002 | 359.012522 
 4152.1489 | 08740.9771 | 18:22:44 | 219.961947 | 359.012644 
 4152.1490 | 08740.9761 | 18:22:45 | 219.962806 | 359.012766 
 4152.1494 | 08740.9755 | 18:22:46 | 219.963318 | 359.013230 
 4152.1495 | 08740.9745 | 18:22:47 | 219.964177 | 359.013352 
 4152.1495 | 08740.9737 | 18:22:48 | 219.964865 | 359.013357 
 4152.1473 | 08740.9741 | 18:22:49 | 219.964540 | 359.010824 
 4152.1467 | 08740.9745 | 18:22:50 | 219.964202 | 359.010131 
 4152.1467 | 08740.9736 | 18:22:51 | 219.964975 | 359.010137 
 4152.1468 | 08740.9730 | 18:22:52 | 219.965490 | 359.010256 
 4152.1471 | 08740.9722 | 18:22:53 | 219.966176 | 359.010606 
 4152.1472 | 08740.9714 | 18:22:54 | 219.966863 | 359.010726 
 4152.1464 | 08740.9706 | 18:22:55 | 219.967557 | 359.009811 
 4152.1462 | 08740.9698 | 18:22:56 | 219.968247 | 359.009586 
 4152.1461 | 08740.9689 | 18:22:57 | 219.969022 | 359.009477 
 4152.1461 | 08740.9680 | 18:22:58 | 219.969795 | 359.009483 
 4152.1461 | 08740.9671 | 18:22:59 | 219.970569 | 359.009489 
 4152.1462 | 08740.9662 | 18:23:00 | 219.971342 | 359.009610 
 4152.1464 | 08740.9639 | 18:23:01 | 219.973318 | 359.009855 
 4152.1464 | 08740.9629 | 18:23:02 | 219.974178 | 359.009861 
 4152.1465 | 08740.9618 | 18:23:03 | 219.975122 | 359.009984 
 4152.1465 | 08740.9607 | 18:23:04 | 219.976068 | 359.009991 
 4152.1465 | 08740.9595 | 18:23:05 | 219.977100 | 359.009999 
 4152.1470 | 08740.9588 | 18:23:06 | 219.977697 | 359.010578 
 4152.1474 | 08740.9579 | 18:23:07 | 219.978468 | 359.011044 
 4152.1477 | 08740.9567 | 18:23:08 | 219.979497 | 359.011397 
 4152.1475 | 08740.9559 | 18:23:09 | 219.980186 | 359.011172 
 4152.1475 | 08740.9550 | 18:23:10 | 219.980960 | 359.011178 
 4152.1475 | 08740.9540 | 18:23:11 | 219.981820 | 359.011185 
 4152.1475 | 08740.9530 | 18:23:12 | 219.982680 | 359.011191 
 4152.1474 | 08740.9520 | 18:23:13 | 219.983540 | 359.011083 
 4152.1471 | 08740.9538 | 18:23:14 | 219.981995 | 359.010726 
 4152.1469 | 08740.9535 | 18:23:15 | 219.982255 | 359.010498 
 4152.1468 | 08740.9530 | 18:23:16 | 219.982686 | 359.010386 
 4152.1468 | 08740.9525 | 18:23:17 | 219.983116 | 359.010389 
 4152.1467 | 08740.9520 | 18:23:18 | 219.983546 | 359.010277 
 4152.1476 | 08740.9503 | 18:23:19 | 219.985000 | 359.011324 
 4152.1480 | 08740.9499 | 18:23:20 | 219.985340 | 359.011786 
 4152.1484 | 08740.9495 | 18:23:21 | 219.985681 | 359.012249 
 4152.1488 | 08740.9491 | 18:23:22 | 219.986021 | 359.012712 
 4152.1490 | 08740.9490 | 18:23:23 | 219.986106 | 359.012943 
 4152.1493 | 08740.9489 | 18:23:24 | 219.986189 | 359.013288 
 4152.1493 | 08740.9489 | 18:23:25 | 219.986189 | 359.013288 
 4152.1514 | 08740.9500 | 18:23:26 | 219.985225 | 359.015697 
 4152.1523 | 08740.9507 | 18:23:27 | 219.984615 | 359.016727 
 4152.1530 | 08740.9512 | 18:23:28 | 219.984179 | 359.017529 
 4152.1537 | 08740.9518 | 18:23:29 | 219.983657 | 359.018331 
 4152.1561 | 08740.9517 | 18:23:30 | 219.983722 | 359.021092 
 4152.1570 | 08740.9519 | 18:23:31 | 219.983542 | 359.022126 
 4152.1576 | 08740.9525 | 18:23:32 | 219.983021 | 359.022812 
 4152.1580 | 08740.9530 | 18:23:33 | 219.982588 | 359.023269 
 4152.1584 | 08740.9537 | 18:23:34 | 219.981983 | 359.023724 
 4152.1588 | 08740.9543 | 18:23:35 | 219.981463 | 359.024181 
 4152.1596 | 08740.9558 | 18:23:37 | 219.980167 | 359.025091 
 4152.1600 | 08740.9565 | 18:23:38 | 219.979561 | 359.025546 
 4152.1603 | 08740.9572 | 18:23:39 | 219.978957 | 359.025887 
 4152.1607 | 08740.9580 | 18:23:40 | 219.978266 | 359.026342 
 4152.1611 | 08740.9588 | 18:23:41 | 219.977574 | 359.026797 
 4152.1626 | 08740.9618 | 18:23:45 | 219.974982 | 359.028503 
 4152.1633 | 08740.9633 | 18:23:47 | 219.973686 | 359.029298 
 4152.1635 | 08740.9640 | 18:23:48 | 219.973083 | 359.029523 
 4152.1605 | 08740.9585 | 18:23:49 | 219.977838 | 359.026109 
 4152.1609 | 08740.9588 | 18:23:50 | 219.977576 | 359.026567 
 4152.1610 | 08740.9588 | 18:23:52 | 219.977575 | 359.026682 
 4152.1610 | 08740.9588 | 18:23:53 | 219.977575 | 359.026682 
 4152.1610 | 08740.9588 | 18:23:54 | 219.977575 | 359.026682 
 4152.1610 | 08740.9588 | 18:23:55 | 219.977575 | 359.026682 
 4152.1610 | 08740.9576 | 18:23:56 | 219.978607 | 359.026690 
 4152.1611 | 08740.9573 | 18:23:57 | 219.978864 | 359.026807 
 4152.1614 | 08740.9566 | 18:23:59 | 219.979463 | 359.027156 
 4152.1617 | 08740.9557 | 18:24:02 | 219.980234 | 359.027507 
 4152.1614 | 08740.9551 | 18:24:04 | 219.980753 | 359.027166 
 4152.1616 | 08740.9545 | 18:24:06 | 219.981267 | 359.027400 
 4152.1609 | 08740.9540 | 18:24:07 | 219.981703 | 359.026598 
 4152.1606 | 08740.9537 | 18:24:08 | 219.981964 | 359.026255 
 4152.1600 | 08740.9533 | 18:24:09 | 219.982313 | 359.025567 
 4152.1607 | 08740.9509 | 18:24:10 | 219.984370 | 359.026388 
 4152.1605 | 08740.9504 | 18:24:11 | 219.984802 | 359.026161 
 4152.1592 | 08740.9539 | 18:24:13 | 219.981804 | 359.024643 
 4152.1591 | 08740.9536 | 18:24:14 | 219.982063 | 359.024530 
 4152.1589 | 08740.9531 | 18:24:15 | 219.982494 | 359.024303 
 4152.1589 | 08740.9531 | 18:24:16 | 219.982494 | 359.024303 
 4152.1589 | 08740.9531 | 18:24:17 | 219.982494 | 359.024303 
 4152.1589 | 08740.9531 | 18:24:18 | 219.982494 | 359.024303 
 4152.1589 | 08740.9531 | 18:24:21 | 219.982494 | 359.024303 
 4152.1589 | 08740.9531 | 18:24:22 | 219.982494 | 359.024303 
 4152.1589 | 08740.9531 | 18:24:38 | 219.982494 | 359.024303 
 4152.1589 | 08740.9531 | 18:24:39 | 219.982494 | 359.024303 
 4152.1671 | 08740.9551 | 18:24:40 | 219.980703 | 359.033722 
 4152.1681 | 08740.9559 | 18:24:41 | 219.980007 | 359.034867 
 4152.1685 | 08740.9552 | 18:24:44 | 219.980605 | 359.035332 
 4152.1682 | 08740.9538 | 18:24:45 | 219.981811 | 359.034996 
 4152.1689 | 08740.9539 | 18:24:46 | 219.981719 | 359.035801 
 4152.1655 | 08740.9570 | 18:24:47 | 219.979084 | 359.031870 
 4152.1641 | 08740.9578 | 18:24:48 | 219.978408 | 359.030254 
 4152.1628 | 08740.9583 | 18:24:52 | 219.977989 | 359.028755 
 4152.1628 | 08740.9583 | 18:24:53 | 219.977989 | 359.028755 
 4152.1628 | 08740.9583 | 18:24:54 | 219.977989 | 359.028755 
 4152.1628 | 08740.9583 | 18:24:55 | 219.977989 | 359.028755 
 4152.1628 | 08740.9583 | 18:24:57 | 219.977989 | 359.028755 
 4152.1628 | 08740.9583 | 18:24:58 | 219.977989 | 359.028755