 4152.1900 | 08740.9806 | 10:42:50 | 219.958580 | 359.059897 
 4152.1393 | 08740.9542 | 10:42:58 | 219.981719 | 359.001751 
 4152.1453 | 08740.9580 | 10:43:03 | 219.978400 | 359.008628 
 4152.1479 | 08740.9620 | 10:43:05 | 219.974938 | 359.011593 
 4152.1461 | 08740.9599 | 10:43:06 | 219.976759 | 359.009536 
 4152.1534 | 08740.9607 | 10:43:07 | 219.976008 | 359.017927 
 4152.1572 | 08740.9314 | 10:43:31 | 220.001166 | 359.022489 
 4152.1867 | 08740.9430 | 10:43:38 | 219.990935 | 359.056346 
 4152.1195 | 08740.9123 | 10:43:58 | 220.017916 | 358.979250 
 4152.2327 | 08740.9551 | 10:44:04 | 219.980131 | 359.109179 
 4152.2348 | 08740.9576 | 10:44:07 | 219.977963 | 359.111578 
 4152.2294 | 08740.9588 | 10:44:11 | 219.976979 | 359.105359 
 4152.2233 | 08740.9582 | 10:44:12 | 219.977548 | 359.098346 
 4152.2040 | 08740.9549 | 10:44:13 | 219.980553 | 359.076168 
 4152.1801 | 08740.9492 | 10:44:14 | 219.985662 | 359.048714 
 4152.1753 | 08740.9495 | 10:44:15 | 219.985446 | 359.043191 
 4152.1745 | 08740.9506 | 10:44:16 | 219.984508 | 359.042264 
 4152.1659 | 08740.9450 | 10:44:19 | 219.989397 | 359.032408 
 4152.1587 | 08740.9464 | 10:44:20 | 219.988256 | 359.024117 
 4152.1556 | 08740.9470 | 10:44:21 | 219.987767 | 359.020547 
 4152.1519 | 08740.9447 | 10:44:22 | 219.989777 | 359.016306 
 4152.1526 | 08740.9447 | 10:44:24 | 219.989771 | 359.017112 
 4152.1694 | 08740.9503 | 10:44:25 | 219.984810 | 359.036399 
 4152.1668 | 08740.9511 | 10:44:26 | 219.984145 | 359.033403 
 4152.1591 | 08740.9458 | 10:44:27 | 219.988769 | 359.024581 
 4152.1577 | 08740.9450 | 10:44:28 | 219.989469 | 359.022976 
 4152.1596 | 08740.9470 | 10:44:29 | 219.987733 | 359.025148 
 4152.1568 | 08740.9471 | 10:44:30 | 219.987671 | 359.021927 
 4152.1565 | 08740.9457 | 10:44:31 | 219.988877 | 359.021591 
 4152.1342 | 08740.9353 | 10:44:32 | 219.998013 | 358.996008 
 4152.1208 | 08740.9300 | 10:44:33 | 220.002687 | 358.980629 
 4152.1261 | 08740.9315 | 10:44:34 | 220.001351 | 358.986716 
 4152.1171 | 08740.9275 | 10:44:35 | 220.004869 | 358.976390 
 4152.1257 | 08740.9296 | 10:44:36 | 220.002988 | 358.986268 
 4152.1241 | 08740.9276 | 10:44:37 | 220.004722 | 358.984441 
 4152.1231 | 08740.9257 | 10:44:38 | 220.006364 | 358.983303 
 4152.1288 | 08740.9262 | 10:44:40 | 220.005884 | 358.989856 
 4152.1276 | 08740.9259 | 10:44:44 | 220.006153 | 358.988478 
 4152.1324 | 08740.9282 | 10:44:45 | 220.004133 | 358.993984 
 4152.1328 | 08740.9308 | 10:44:46 | 220.001895 | 358.994427 
 4152.1253 | 08740.9274 | 10:44:47 | 220.004883 | 358.985822 
 4152.1340 | 08740.9311 | 10:44:48 | 220.001626 | 358.995806 
 4152.1244 | 08740.9283 | 10:44:49 | 220.004117 | 358.984781 
 4152.1239 | 08740.9283 | 10:44:50 | 220.004122 | 358.984206 
 4152.1359 | 08740.9319 | 10:44:51 | 220.000922 | 358.997986 
 4152.1192 | 08740.9265 | 10:44:52 | 220.005710 | 358.978812 
 4152.1193 | 08740.9262 | 10:44:53 | 220.005967 | 358.978929 
 4152.1246 | 08740.9280 | 10:44:54 | 220.004373 | 358.985013 
 4152.1199 | 08740.9279 | 10:44:55 | 220.004500 | 358.979608 
 4152.1121 | 08740.9236 | 10:44:56 | 220.008265 | 358.970664 
 4152.1063 | 08740.9214 | 10:44:57 | 220.010208 | 358.964007 
 4152.1110 | 08740.9221 | 10:44:58 | 220.009565 | 358.969408 
 4152.1045 | 08740.9178 | 10:44:59 | 220.013318 | 358.961960 
 4152.1074 | 08740.9206 | 10:45:00 | 220.010886 | 358.965277 
 4152.1181 | 08740.9266 | 10:45:01 | 220.005634 | 358.977546 
 4152.1187 | 08740.9267 | 10:45:02 | 220.005543 | 358.978235 
 4152.1222 | 08740.9294 | 10:45:03 | 220.003191 | 358.982244 
 4152.1257 | 08740.9309 | 10:45:04 | 220.001870 | 358.986260 
 4152.1239 | 08740.9280 | 10:45:05 | 220.004380 | 358.984208 
 4152.1251 | 08740.9287 | 10:45:06 | 220.003767 | 358.985584 
 4152.1606 | 08740.9403 | 10:45:07 | 219.993484 | 359.026342 
 4152.1589 | 08740.9343 | 10:45:08 | 219.998658 | 359.024426 
 4152.1639 | 08740.9457 | 10:45:09 | 219.988813 | 359.030103 
 4152.1645 | 08740.9467 | 10:45:10 | 219.987948 | 359.030787 
 4152.1645 | 08740.9467 | 10:45:11 | 219.987948 | 359.030787 
 4152.1645 | 08740.9467 | 10:45:12 | 219.987948 | 359.030787 
 4152.1645 | 08740.9467 | 10:45:13 | 219.987948 | 359.030787 
 4152.1645 | 08740.9467 | 10:45:14 | 219.987948 | 359.030787 
 4152.1645 | 08740.9467 | 10:45:15 | 219.987948 | 359.030787 
 4152.1645 | 08740.9467 | 10:45:16 | 219.987948 | 359.030787 
 4152.1645 | 08740.9467 | 10:45:17 | 219.987948 | 359.030787 
 4152.1645 | 08740.9467 | 10:45:18 | 219.987948 | 359.030787 
 4152.1645 | 08740.9467 | 10:45:19 | 219.987948 | 359.030787 
 4152.1645 | 08740.9467 | 10:45:20 | 219.987948 | 359.030787 
 4152.1645 | 08740.9467 | 10:45:21 | 219.987948 | 359.030787 
 4152.1645 | 08740.9467 | 10:45:22 | 219.987948 | 359.030787 
 4152.1645 | 08740.9467 | 10:45:23 | 219.987948 | 359.030787 
 4152.1645 | 08740.9467 | 10:45:24 | 219.987948 | 359.030787 
 4152.1645 | 08740.9467 | 10:45:25 | 219.987948 | 359.030787 
 4152.1645 | 08740.9467 | 10:45:26 | 219.987948 | 359.030787 
 4152.1645 | 08740.9467 | 10:45:27 | 219.987948 | 359.030787 
 4152.1645 | 08740.9467 | 10:45:28 | 219.987948 | 359.030787 
 4152.1645 | 08740.9467 | 10:45:29 | 219.987948 | 359.030787 
 4152.1645 | 08740.9467 | 10:45:30 | 219.987948 | 359.030787 
 4152.1645 | 08740.9467 | 10:45:31 | 219.987948 | 359.030787 
 4152.1645 | 08740.9467 | 10:45:32 | 219.987948 | 359.030787 
 4152.1645 | 08740.9467 | 10:45:33 | 219.987948 | 359.030787 
 4152.1645 | 08740.9467 | 10:45:34 | 219.987948 | 359.030787 
 4152.1645 | 08740.9467 | 10:45:35 | 219.987948 | 359.030787 
 4152.1645 | 08740.9467 | 10:45:36 | 219.987948 | 359.030787 
 4152.1645 | 08740.9467 | 10:45:37 | 219.987948 | 359.030787 
 4152.1645 | 08740.9467 | 10:45:38 | 219.987948 | 359.030787 
 4152.1645 | 08740.9467 | 10:45:39 | 219.987948 | 359.030787 
 4152.1645 | 08740.9467 | 10:45:40 | 219.987948 | 359.030787 
 4152.1645 | 08740.9467 | 10:45:41 | 219.987948 | 359.030787 
 4152.1645 | 08740.9467 | 10:45:42 | 219.987948 | 359.030787 
 4152.1645 | 08740.9467 | 10:45:43 | 219.987948 | 359.030787 
 4152.1645 | 08740.9467 | 10:45:44 | 219.987948 | 359.030787 
 4152.1645 | 08740.9467 | 10:45:45 | 219.987948 | 359.030787 
 4152.1645 | 08740.9467 | 10:45:46 | 219.987948 | 359.030787 
 4152.1645 | 08740.9467 | 10:45:47 | 219.987948 | 359.030787 
 4152.1645 | 08740.9467 | 10:45:48 | 219.987948 | 359.030787 
 4152.1645 | 08740.9467 | 10:45:49 | 219.987948 | 359.030787 
 4152.1645 | 08740.9467 | 10:45:50 | 219.987948 | 359.030787 
 4152.1645 | 08740.9467 | 10:45:51 | 219.987948 | 359.030787 
 4152.1645 | 08740.9467 | 10:45:52 | 219.987948 | 359.030787 
 4152.1645 | 08740.9467 | 10:45:53 | 219.987948 | 359.030787 
 4152.1645 | 08740.9467 | 10:45:54 | 219.987948 | 359.030787 
 4152.1645 | 08740.9467 | 10:45:55 | 219.987948 | 359.030787 
 4152.1645 | 08740.9467 | 10:45:56 | 219.987948 | 359.030787 
 4152.1645 | 08740.9467 | 10:45:57 | 219.987948 | 359.030787 
 4152.1645 | 08740.9467 | 10:45:58 | 219.987948 | 359.030787 
 4152.1645 | 08740.9467 | 10:45:59 | 219.987948 | 359.030787 
 4152.1645 | 08740.9467 | 10:46:00 | 219.987948 | 359.030787 
 4152.1645 | 08740.9467 | 10:46:01 | 219.987948 | 359.030787 
 4152.1645 | 08740.9467 | 10:46:02 | 219.987948 | 359.030787 
 4152.1645 | 08740.9467 | 10:46:03 | 219.987948 | 359.030787 
 4152.1645 | 08740.9467 | 10:46:04 | 219.987948 | 359.030787 
 4152.1645 | 08740.9467 | 10:46:05 | 219.987948 | 359.030787 
 4152.1645 | 08740.9467 | 10:46:06 | 219.987948 | 359.030787 
 4152.1645 | 08740.9467 | 10:46:07 | 219.987948 | 359.030787 
 4152.1645 | 08740.9467 | 10:46:08 | 219.987948 | 359.030787 
 4152.1645 | 08740.9467 | 10:46:09 | 219.987948 | 359.030787 
 4152.1645 | 08740.9467 | 10:46:10 | 219.987948 | 359.030787 
 4152.1645 | 08740.9467 | 10:46:11 | 219.987948 | 359.030787 
 4152.1645 | 08740.9467 | 10:46:12 | 219.987948 | 359.030787 
 4152.1631 | 08740.9458 | 10:46:13 | 219.988734 | 359.029182 
 4152.1625 | 08740.9456 | 10:46:14 | 219.988911 | 359.028493 
 4152.1618 | 08740.9454 | 10:46:15 | 219.989089 | 359.027689 
 4152.1611 | 08740.9451 | 10:46:16 | 219.989353 | 359.026886 
 4152.1602 | 08740.9448 | 10:46:17 | 219.989619 | 359.025853 
 4152.1584 | 08740.9459 | 10:46:18 | 219.988689 | 359.023775 
 4152.1570 | 08740.9463 | 10:46:19 | 219.988357 | 359.022162 
 4152.1553 | 08740.9459 | 10:46:20 | 219.988716 | 359.020209 
 4152.1532 | 08740.9440 | 10:46:21 | 219.990368 | 359.017806 
 4152.1520 | 08740.9436 | 10:46:22 | 219.990722 | 359.016429 
 4152.1518 | 08740.9439 | 10:46:23 | 219.990466 | 359.016197 
 4152.1512 | 08740.9436 | 10:46:24 | 219.990729 | 359.015508 
 4152.1505 | 08740.9382 | 10:46:26 | 219.995378 | 359.014738 
 4152.1512 | 08740.9384 | 10:46:27 | 219.995200 | 359.015542 
 4152.1511 | 08740.9375 | 10:46:28 | 219.995974 | 359.015433 
 4152.1582 | 08740.9424 | 10:46:29 | 219.991700 | 359.023568 
 4152.1599 | 08740.9429 | 10:46:30 | 219.991255 | 359.025520 
 4152.1634 | 08740.9446 | 10:46:31 | 219.989763 | 359.029535 
 4152.1656 | 08740.9445 | 10:46:32 | 219.989830 | 359.032066 
 4152.1682 | 08740.9446 | 10:46:33 | 219.989721 | 359.035056 
 4152.1706 | 08740.9442 | 10:46:34 | 219.990044 | 359.037819 
 4152.1736 | 08740.9447 | 10:46:35 | 219.989588 | 359.041267 
 4152.1764 | 08740.9442 | 10:46:36 | 219.989993 | 359.044491 
 4152.1791 | 08740.9435 | 10:46:37 | 219.990572 | 359.047601 
 4152.1821 | 08740.9431 | 10:46:38 | 219.990889 | 359.051054 
 4152.1899 | 08740.9456 | 10:46:39 | 219.988672 | 359.060010 
 4152.1949 | 08740.9462 | 10:46:40 | 219.988113 | 359.065757 
 4152.1998 | 08740.9463 | 10:46:41 | 219.987984 | 359.071393 
 4152.2045 | 08740.9466 | 10:46:42 | 219.987685 | 359.076797 
 4152.2094 | 08740.9466 | 10:46:43 | 219.987642 | 359.082433 
 4152.2141 | 08740.9465 | 10:46:44 | 219.987687 | 359.087840 
 4152.2188 | 08740.9462 | 10:46:45 | 219.987904 | 359.093248 
 4152.2236 | 08740.9460 | 10:46:46 | 219.988034 | 359.098771 
 4152.2327 | 08740.9477 | 10:46:47 | 219.986493 | 359.109227 
 4152.2392 | 08740.9482 | 10:46:48 | 219.986007 | 359.116701 
 4152.2445 | 08740.9482 | 10:46:49 | 219.985960 | 359.122797 
 4152.2499 | 08740.9483 | 10:46:50 | 219.985827 | 359.129008 
 4152.2552 | 08740.9483 | 10:46:51 | 219.985781 | 359.135104 
 4152.2602 | 08740.9483 | 10:46:52 | 219.985738 | 359.140855 
 4152.2652 | 08740.9488 | 10:46:53 | 219.985264 | 359.146603 
 4152.2695 | 08740.9490 | 10:46:54 | 219.985055 | 359.151548 
 4152.2737 | 08740.9494 | 10:46:55 | 219.984674 | 359.156376 
 4152.2770 | 08740.9496 | 10:46:56 | 219.984473 | 359.160171 
 4152.2795 | 08740.9495 | 10:46:57 | 219.984538 | 359.163047 
 4152.2814 | 08740.9495 | 10:46:58 | 219.984521 | 359.165233 
 4152.2832 | 08740.9499 | 10:46:59 | 219.984161 | 359.167301 
 4152.2849 | 08740.9512 | 10:47:00 | 219.983029 | 359.169247 
 4152.2859 | 08740.9536 | 10:47:01 | 219.980957 | 359.170382 
 4152.2863 | 08740.9572 | 10:47:02 | 219.977858 | 359.170819 
 4152.2859 | 08740.9616 | 10:47:03 | 219.974079 | 359.170330 
 4152.2855 | 08740.9665 | 10:47:04 | 219.969870 | 359.169838 
 4152.2854 | 08740.9722 | 10:47:05 | 219.964970 | 359.169686 
 4152.2854 | 08740.9786 | 10:47:06 | 219.959468 | 359.169644 
 4152.2852 | 08740.9852 | 10:47:07 | 219.953795 | 359.169371 
 4152.2849 | 08740.9917 | 10:47:08 | 219.948210 | 359.168984 
 4152.2847 | 08740.9979 | 10:47:09 | 219.942881 | 359.168713 
 4152.2847 | 08741.0036 | 10:47:10 | 219.937981 | 359.168676 
 4152.2847 | 08741.0083 | 10:47:11 | 219.933940 | 359.168645 
 4152.2847 | 08741.0116 | 10:47:12 | 219.931103 | 359.168624 
 4152.2844 | 08741.0130 | 10:47:13 | 219.929902 | 359.168270 
 4152.2845 | 08741.0135 | 10:47:14 | 219.929471 | 359.168382 
 4152.2845 | 08741.0136 | 10:47:15 | 219.929385 | 359.168381 
 4152.2843 | 08741.0142 | 10:47:16 | 219.928871 | 359.168147 
 4152.2842 | 08741.0157 | 10:47:17 | 219.927582 | 359.168022 
 4152.2838 | 08741.0175 | 10:47:18 | 219.926038 | 359.167550 
 4152.2833 | 08741.0191 | 10:47:19 | 219.924667 | 359.166965 
 4152.2799 | 08741.0231 | 10:47:20 | 219.921258 | 359.163028 
 4152.2765 | 08741.0261 | 10:47:21 | 219.918708 | 359.159098 
 4152.2725 | 08741.0234 | 10:47:22 | 219.921064 | 359.154514 
 4152.2682 | 08741.0232 | 10:47:23 | 219.921274 | 359.149569 
 4152.2636 | 08741.0232 | 10:47:24 | 219.921314 | 359.144278 
 4152.2586 | 08741.0227 | 10:47:25 | 219.921787 | 359.138530 
 4152.2532 | 08741.0221 | 10:47:26 | 219.922350 | 359.132323 
 4152.2478 | 08741.0221 | 10:47:27 | 219.922397 | 359.126111 
 4152.2423 | 08741.0222 | 10:47:28 | 219.922359 | 359.119784 
 4152.2365 | 08741.0225 | 10:47:29 | 219.922151 | 359.113111 
 4152.2307 | 08741.0227 | 10:47:30 | 219.922030 | 359.106438 
 4152.2248 | 08741.0228 | 10:47:31 | 219.921995 | 359.099651 
 4152.2189 | 08741.0228 | 10:47:32 | 219.922047 | 359.092865 
 4152.2129 | 08741.0228 | 10:47:33 | 219.922099 | 359.085963 
 4152.2069 | 08741.0229 | 10:47:34 | 219.922065 | 359.079061 
 4152.2009 | 08741.0230 | 10:47:35 | 219.922032 | 359.072159 
 4152.1948 | 08741.0230 | 10:47:36 | 219.922085 | 359.065142 
 4152.1878 | 08741.0210 | 10:47:37 | 219.923865 | 359.057103 
 4152.1816 | 08741.0201 | 10:47:38 | 219.924693 | 359.049978 
 4152.1760 | 08741.0199 | 10:47:39 | 219.924914 | 359.043538 
 4152.1704 | 08741.0188 | 10:47:40 | 219.925908 | 359.037103 
 4152.1656 | 08741.0184 | 10:47:41 | 219.926294 | 359.031585 
 4152.1615 | 08741.0181 | 10:47:42 | 219.926587 | 359.026871 
 4152.1579 | 08741.0180 | 10:47:43 | 219.926705 | 359.022730 
 4152.1546 | 08741.0183 | 10:47:44 | 219.926475 | 359.018933 
 4152.1526 | 08741.0171 | 10:47:45 | 219.927525 | 359.016640 
 4152.1505 | 08741.0163 | 10:47:46 | 219.928231 | 359.014230 
 4152.1491 | 08741.0159 | 10:47:47 | 219.928587 | 359.012622 
 4152.1479 | 08741.0147 | 10:47:48 | 219.929629 | 359.011249 
 4152.1469 | 08741.0129 | 10:47:49 | 219.931185 | 359.010111 
 4152.1473 | 08741.0132 | 10:47:50 | 219.930924 | 359.010569 
 4152.1476 | 08741.0136 | 10:47:51 | 219.930577 | 359.010912 
 4152.1476 | 08741.0136 | 10:47:52 | 219.930577 | 359.010912 
 4152.1476 | 08741.0136 | 10:47:53 | 219.930577 | 359.010912 
 4152.1476 | 08741.0136 | 10:47:54 | 219.930577 | 359.010912 
 4152.1476 | 08741.0136 | 10:47:55 | 219.930577 | 359.010912 
 4152.1476 | 08741.0136 | 10:47:56 | 219.930577 | 359.010912 
 4152.1476 | 08741.0136 | 10:47:57 | 219.930577 | 359.010912 
 4152.1476 | 08741.0136 | 10:47:58 | 219.930577 | 359.010912 
 4152.1476 | 08741.0136 | 10:47:59 | 219.930577 | 359.010912 
 4152.1476 | 08741.0136 | 10:48:00 | 219.930577 | 359.010912 
 4152.1476 | 08741.0136 | 10:48:01 | 219.930577 | 359.010912 
 4152.1476 | 08741.0136 | 10:48:02 | 219.930577 | 359.010912 
 4152.1476 | 08741.0136 | 10:48:03 | 219.930577 | 359.010912 
 4152.1476 | 08741.0136 | 10:48:04 | 219.930577 | 359.010912 
 4152.1476 | 08741.0136 | 10:48:05 | 219.930577 | 359.010912 
 4152.1466 | 08741.0097 | 10:48:06 | 219.933939 | 359.009787 
 4152.1462 | 08741.0097 | 10:48:07 | 219.933942 | 359.009327 
 4152.1457 | 08741.0095 | 10:48:08 | 219.934119 | 359.008753 
 4152.1450 | 08741.0094 | 10:48:09 | 219.934211 | 359.007948 
 4152.1439 | 08741.0090 | 10:48:10 | 219.934564 | 359.006686 
 4152.1421 | 08741.0076 | 10:48:11 | 219.935784 | 359.004624 
 4152.1405 | 08741.0057 | 10:48:12 | 219.937431 | 359.002796 
 4152.1393 | 08741.0034 | 10:48:13 | 219.939419 | 359.001431 
 4152.1429 | 08740.9974 | 10:48:14 | 219.944546 | 359.005611 
 4152.1436 | 08740.9938 | 10:48:15 | 219.947635 | 359.006439 
 4152.1436 | 08740.9904 | 10:48:16 | 219.950559 | 359.006462 
 4152.1436 | 08740.9849 | 10:48:17 | 219.955287 | 359.006497 
 4152.1438 | 08740.9789 | 10:48:18 | 219.960444 | 359.006766 
 4152.1438 | 08740.9721 | 10:48:19 | 219.966290 | 359.006811 
 4152.1440 | 08740.9650 | 10:48:20 | 219.972393 | 359.007087 
 4152.1439 | 08740.9573 | 10:48:21 | 219.979014 | 359.007022 
 4152.1440 | 08740.9497 | 10:48:22 | 219.985547 | 359.007187 
 4152.1441 | 08740.9421 | 10:48:23 | 219.992081 | 359.007351 
 4152.1442 | 08740.9343 | 10:48:24 | 219.998786 | 359.007517 
 4152.1443 | 08740.9266 | 10:48:25 | 220.005405 | 359.007682 
 4152.1445 | 08740.9188 | 10:48:26 | 220.012110 | 359.007963 
 4152.1447 | 08740.9112 | 10:48:27 | 220.018642 | 359.008243 
 4152.1449 | 08740.9038 | 10:48:28 | 220.025002 | 359.008521 
 4152.1453 | 08740.8966 | 10:48:29 | 220.031189 | 359.009028 
 4152.1453 | 08740.8896 | 10:48:30 | 220.037208 | 359.009074 
 4152.1451 | 08740.8830 | 10:48:31 | 220.042884 | 359.008887 
 4152.1450 | 08740.8768 | 10:48:32 | 220.048215 | 359.008813 
 4152.1447 | 08740.8717 | 10:48:33 | 220.052603 | 359.008501 
 4152.1447 | 08740.8683 | 10:48:34 | 220.055526 | 359.008523 
 4152.1446 | 08740.8661 | 10:48:35 | 220.057418 | 359.008422 
 4152.1445 | 08740.8649 | 10:48:36 | 220.058451 | 359.008315 
 4152.1447 | 08740.8643 | 10:48:37 | 220.058965 | 359.008549 
 4152.1446 | 08740.8642 | 10:48:38 | 220.059052 | 359.008435 
 4152.1445 | 08740.8643 | 10:48:39 | 220.058967 | 359.008319 
 4152.1445 | 08740.8643 | 10:48:40 | 220.058967 | 359.008319 
 4152.1445 | 08740.8643 | 10:48:41 | 220.058967 | 359.008319 
 4152.1445 | 08740.8643 | 10:48:42 | 220.058967 | 359.008319 
 4152.1445 | 08740.8643 | 10:48:43 | 220.058967 | 359.008319 
 4152.1445 | 08740.8643 | 10:48:44 | 220.058967 | 359.008319 
 4152.1445 | 08740.8643 | 10:48:45 | 220.058967 | 359.008319 
 4152.1445 | 08740.8643 | 10:48:46 | 220.058967 | 359.008319 
 4152.1445 | 08740.8643 | 10:48:47 | 220.058967 | 359.008319 
 4152.1445 | 08740.8643 | 10:48:48 | 220.058967 | 359.008319 
 4152.1445 | 08740.8643 | 10:48:49 | 220.058967 | 359.008319 
 4152.1448 | 08740.8632 | 10:48:50 | 220.059910 | 359.008671 
 4152.1446 | 08740.8613 | 10:48:51 | 220.061545 | 359.008454 
 4152.1444 | 08740.8583 | 10:48:52 | 220.064126 | 359.008243 
 4152.1439 | 08740.8542 | 10:48:53 | 220.067655 | 359.007695 
 4152.1438 | 08740.8495 | 10:48:54 | 220.071697 | 359.007611 
 4152.1439 | 08740.8443 | 10:48:55 | 220.076167 | 359.007760 
 4152.1441 | 08740.8385 | 10:48:56 | 220.081152 | 359.008028 
 4152.1444 | 08740.8322 | 10:48:57 | 220.086566 | 359.008414 
 4152.1445 | 08740.8257 | 10:48:58 | 220.092153 | 359.008572 
 4152.1446 | 08740.8190 | 10:48:59 | 220.097913 | 359.008730 
 4152.1447 | 08740.8121 | 10:49:00 | 220.103844 | 359.008891 
 4152.1448 | 08740.8051 | 10:49:01 | 220.109862 | 359.009051 
 4152.1449 | 08740.7980 | 10:49:02 | 220.115965 | 359.009213 
 4152.1449 | 08740.7907 | 10:49:03 | 220.122241 | 359.009261 
 4152.1450 | 08740.7832 | 10:49:04 | 220.128689 | 359.009425 
 4152.1450 | 08740.7758 | 10:49:05 | 220.135051 | 359.009473 
 4152.1450 | 08740.7687 | 10:49:06 | 220.141155 | 359.009520 
 4152.1451 | 08740.7618 | 10:49:07 | 220.147087 | 359.009680 
 4152.1453 | 08740.7549 | 10:49:08 | 220.153017 | 359.009955 
 4152.1453 | 08740.7478 | 10:49:09 | 220.159122 | 359.010002 
 4152.1454 | 08740.7404 | 10:49:10 | 220.165483 | 359.010165 
 4152.1455 | 08740.7328 | 10:49:11 | 220.172016 | 359.010330 
 4152.1458 | 08740.7249 | 10:49:12 | 220.178806 | 359.010727 
 4152.1459 | 08740.7168 | 10:49:13 | 220.185769 | 359.010895 
 4152.1460 | 08740.7085 | 10:49:14 | 220.192904 | 359.011064 
 4152.1461 | 08740.7000 | 10:49:15 | 220.200211 | 359.011235 
 4152.1463 | 08740.6914 | 10:49:16 | 220.207603 | 359.011522 
 4152.1466 | 08740.6827 | 10:49:17 | 220.215081 | 359.011924 
 4152.1468 | 08740.6738 | 10:49:18 | 220.222731 | 359.012212 
 4152.1469 | 08740.6648 | 10:49:19 | 220.230468 | 359.012386 
 4152.1470 | 08740.6559 | 10:49:20 | 220.238119 | 359.012560 
 4152.1471 | 08740.6473 | 10:49:21 | 220.245512 | 359.012731 
 4152.1472 | 08740.6388 | 10:49:22 | 220.252819 | 359.012902 
 4152.1472 | 08740.6308 | 10:49:23 | 220.259697 | 359.012955 
 4152.1472 | 08740.6232 | 10:49:24 | 220.266231 | 359.013005 
 4152.1472 | 08740.6161 | 10:49:25 | 220.272336 | 359.013051 
 4152.1472 | 08740.6097 | 10:49:26 | 220.277838 | 359.013094 
 4152.1501 | 08740.6053 | 10:49:27 | 220.281595 | 359.016458 
 4152.1504 | 08740.6008 | 10:49:28 | 220.285462 | 359.016833 
 4152.1503 | 08740.5968 | 10:49:29 | 220.288902 | 359.016744 
 4152.1500 | 08740.5938 | 10:49:30 | 220.291484 | 359.016419 
 4152.1488 | 08740.5913 | 10:49:31 | 220.293644 | 359.015055 
 4152.1481 | 08740.5901 | 10:49:32 | 220.294681 | 359.014258 
 4152.1476 | 08740.5897 | 10:49:33 | 220.295030 | 359.013685 
 4152.1470 | 08740.5894 | 10:49:34 | 220.295293 | 359.012997 
 4152.1468 | 08740.5894 | 10:49:35 | 220.295295 | 359.012767 
 4152.1468 | 08740.5894 | 10:49:36 | 220.295295 | 359.012767 
 4152.1468 | 08740.5894 | 10:49:37 | 220.295295 | 359.012767 
 4152.1468 | 08740.5894 | 10:49:38 | 220.295295 | 359.012767 
 4152.1468 | 08740.5894 | 10:49:39 | 220.295295 | 359.012767 
 4152.1468 | 08740.5894 | 10:49:40 | 220.295295 | 359.012767 
 4152.1464 | 08740.5885 | 10:49:41 | 220.296072 | 359.012313 
 4152.1465 | 08740.5866 | 10:49:42 | 220.297705 | 359.012440 
 4152.1466 | 08740.5833 | 10:49:43 | 220.300541 | 359.012577 
 4152.1466 | 08740.5789 | 10:49:44 | 220.304324 | 359.012606 
 4152.1466 | 08740.5737 | 10:49:45 | 220.308795 | 359.012640 
 4152.1468 | 08740.5681 | 10:49:46 | 220.313608 | 359.012907 
 4152.1471 | 08740.5618 | 10:49:47 | 220.319021 | 359.013294 
 4152.1474 | 08740.5550 | 10:49:48 | 220.324865 | 359.013684 
 4152.1477 | 08740.5479 | 10:49:49 | 220.330967 | 359.014075 
 4152.1480 | 08740.5405 | 10:49:50 | 220.337326 | 359.014469 
 4152.1482 | 08740.5329 | 10:49:51 | 220.343859 | 359.014749 
 4152.1485 | 08740.5253 | 10:49:52 | 220.350390 | 359.015144 
 4152.1488 | 08740.5177 | 10:49:53 | 220.356922 | 359.015540 
 4152.1490 | 08740.5103 | 10:49:54 | 220.363282 | 359.015818 
 4152.1493 | 08740.5038 | 10:49:55 | 220.368868 | 359.016206 
 4152.1493 | 08740.4985 | 10:49:56 | 220.373425 | 359.016241 
 4152.1491 | 08740.4947 | 10:49:57 | 220.376694 | 359.016036 
 4152.1490 | 08740.4922 | 10:49:58 | 220.378844 | 359.015938 
 4152.1488 | 08740.4910 | 10:49:59 | 220.379877 | 359.015716 
 4152.1485 | 08740.4905 | 10:50:00 | 220.380310 | 359.015374 
 4152.1484 | 08740.4902 | 10:50:01 | 220.380569 | 359.015261 
 4152.1482 | 08740.4897 | 10:50:02 | 220.381000 | 359.015034 
 4152.1481 | 08740.4886 | 10:50:03 | 220.381947 | 359.014926 
 4152.1480 | 08740.4868 | 10:50:04 | 220.383496 | 359.014823 
 4152.1480 | 08740.4848 | 10:50:05 | 220.385215 | 359.014836 
 4152.1480 | 08740.4828 | 10:50:06 | 220.386935 | 359.014850 
 4152.1483 | 08740.4817 | 10:50:07 | 220.387878 | 359.015202 
 4152.1483 | 08740.4814 | 10:50:08 | 220.388136 | 359.015204 
 4152.1482 | 08740.4813 | 10:50:09 | 220.388222 | 359.015089 
 4152.1480 | 08740.4810 | 10:50:10 | 220.388482 | 359.014861 
 4152.1478 | 08740.4805 | 10:50:11 | 220.388914 | 359.014635 
 4152.1477 | 08740.4792 | 10:50:12 | 220.390032 | 359.014528 
 4152.1476 | 08740.4773 | 10:50:13 | 220.391667 | 359.014426 
 4152.1477 | 08740.4749 | 10:50:14 | 220.393729 | 359.014557 
 4152.1471 | 08740.4718 | 10:50:15 | 220.396400 | 359.013887 
 4152.1480 | 08740.4694 | 10:50:16 | 220.398455 | 359.014938 
 4152.1485 | 08740.4666 | 10:50:17 | 220.400858 | 359.015532 
 4152.1487 | 08740.4639 | 10:50:18 | 220.403178 | 359.015779 
 4152.1488 | 08740.4619 | 10:50:19 | 220.404896 | 359.015908 
 4152.1488 | 08740.4604 | 10:50:20 | 220.406186 | 359.015918 
 4152.1487 | 08740.4590 | 10:50:21 | 220.407391 | 359.015812 
 4152.1488 | 08740.4576 | 10:50:22 | 220.408593 | 359.015936 
 4152.1489 | 08740.4559 | 10:50:23 | 220.410054 | 359.016062 
 4152.1488 | 08740.4536 | 10:50:24 | 220.412032 | 359.015962 
 4152.1486 | 08740.4511 | 10:50:25 | 220.414184 | 359.015749 
 4152.1485 | 08740.4490 | 10:50:26 | 220.415990 | 359.015648 
 4152.1485 | 08740.4470 | 10:50:26 | 220.417710 | 359.015661 
 4152.1486 | 08740.4451 | 10:50:27 | 220.419342 | 359.015788 
 4152.1485 | 08740.4433 | 10:50:28 | 220.420891 | 359.015685 
 4152.1484 | 08740.4416 | 10:50:29 | 220.422353 | 359.015582 
 4152.1486 | 08740.4400 | 10:50:30 | 220.423727 | 359.015822 
 4152.1485 | 08740.4385 | 10:50:31 | 220.425018 | 359.015717 
 4152.1486 | 08740.4371 | 10:50:32 | 220.426220 | 359.015841 
 4152.1485 | 08740.4359 | 10:50:33 | 220.427253 | 359.015734 
 4152.1486 | 08740.4347 | 10:50:34 | 220.428284 | 359.015857 
 4152.1486 | 08740.4334 | 10:50:35 | 220.429401 | 359.015866 
 4152.1486 | 08740.4322 | 10:50:36 | 220.430433 | 359.015874 
 4152.1511 | 08740.4321 | 10:50:37 | 220.430497 | 359.018750 
 4152.1515 | 08740.4308 | 10:50:38 | 220.431611 | 359.019219 
 4152.1515 | 08740.4290 | 10:50:39 | 220.433159 | 359.019231 
 4152.1517 | 08740.4278 | 10:50:40 | 220.434189 | 359.019469 
 4152.1538 | 08740.4275 | 10:50:41 | 220.434428 | 359.021886 
 4152.1543 | 08740.4259 | 10:50:42 | 220.435799 | 359.022472 
 4152.1543 | 08740.4236 | 10:50:43 | 220.437777 | 359.022487 
 4152.1539 | 08740.4212 | 10:50:44 | 220.439844 | 359.022043 
 4152.1539 | 08740.4188 | 10:50:45 | 220.441907 | 359.022059 
 4152.1539 | 08740.4123 | 10:50:46 | 220.447496 | 359.022101 
 4152.1542 | 08740.4085 | 10:50:47 | 220.450760 | 359.022472 
 4152.1544 | 08740.4040 | 10:50:48 | 220.454627 | 359.022731 
 4152.1547 | 08740.3988 | 10:50:49 | 220.459095 | 359.023111 
 4152.1549 | 08740.3934 | 10:50:50 | 220.463736 | 359.023377 
 4152.1546 | 08740.3887 | 10:50:51 | 220.467780 | 359.023063 
 4152.1543 | 08740.3851 | 10:50:52 | 220.470877 | 359.022741 
 4152.1538 | 08740.3832 | 10:50:53 | 220.472515 | 359.022179 
 4152.1532 | 08740.3818 | 10:50:54 | 220.473724 | 359.021498 
 4152.1531 | 08740.3799 | 10:50:55 | 220.475359 | 359.021395 
 4152.1528 | 08740.3781 | 10:50:56 | 220.476909 | 359.021062 
 4152.1526 | 08740.3763 | 10:50:57 | 220.478458 | 359.020844 
 4152.1526 | 08740.3742 | 10:50:58 | 220.480264 | 359.020858 
 4152.1517 | 08740.3710 | 10:50:59 | 220.483023 | 359.019844 
 4152.1517 | 08740.3670 | 10:51:00 | 220.486462 | 359.019870 
 4152.1515 | 08740.3623 | 10:51:01 | 220.490505 | 359.019671 
 4152.1516 | 08740.3576 | 10:51:02 | 220.494545 | 359.019818 
 4152.1516 | 08740.3531 | 10:51:03 | 220.498414 | 359.019847 
 4152.1547 | 08740.3507 | 10:51:04 | 220.500450 | 359.023429 
 4152.1546 | 08740.3471 | 10:51:05 | 220.503546 | 359.023338 
 4152.1544 | 08740.3438 | 10:51:06 | 220.506385 | 359.023130 
 4152.1542 | 08740.3410 | 10:51:07 | 220.508794 | 359.022918 
 4152.1524 | 08740.3380 | 10:51:08 | 220.511389 | 359.020868 
 4152.1548 | 08740.3372 | 10:51:09 | 220.512055 | 359.023633 
 4152.1549 | 08740.3356 | 10:51:10 | 220.513430 | 359.023759 
 4152.1550 | 08740.3341 | 10:51:11 | 220.514719 | 359.023884 
 4152.1553 | 08740.3329 | 10:51:12 | 220.515748 | 359.024237 
 4152.1553 | 08740.3318 | 10:51:13 | 220.516694 | 359.024244 
 4152.1552 | 08740.3307 | 10:51:14 | 220.517640 | 359.024137 
 4152.1552 | 08740.3294 | 10:51:15 | 220.518758 | 359.024145 
 4152.1553 | 08740.3281 | 10:51:16 | 220.519875 | 359.024269 
 4152.1555 | 08740.3266 | 10:51:17 | 220.521163 | 359.024509 
 4152.1556 | 08740.3247 | 10:51:18 | 220.522795 | 359.024636 
 4152.1502 | 08740.3197 | 10:51:19 | 220.527142 | 359.018458 
 4152.1496 | 08740.3166 | 10:51:20 | 220.529813 | 359.017789 
 4152.1505 | 08740.3162 | 10:51:21 | 220.530148 | 359.018826 
 4152.1508 | 08740.3173 | 10:51:22 | 220.529200 | 359.019164 
 4152.1512 | 08740.3185 | 10:51:23 | 220.528165 | 359.019616 
 4152.1515 | 08740.3196 | 10:51:24 | 220.527216 | 359.019954 
 4152.1519 | 08740.3207 | 10:51:25 | 220.526267 | 359.020407 
 4152.1523 | 08740.3217 | 10:51:26 | 220.525404 | 359.020860 
 4152.1568 | 08740.3225 | 10:51:27 | 220.524676 | 359.026031 
 4152.1576 | 08740.3207 | 10:51:28 | 220.526217 | 359.026963 
 4152.1589 | 08740.3206 | 10:51:29 | 220.526291 | 359.028459 
 4152.1654 | 08740.3006 | 10:51:30 | 220.543429 | 359.036069 
 4152.1638 | 08740.2995 | 10:51:31 | 220.544389 | 359.034235 
 4152.1630 | 08740.2976 | 10:51:32 | 220.546029 | 359.033328 
 4152.1635 | 08740.2994 | 10:51:33 | 220.544477 | 359.033891 
 4152.1631 | 08740.2976 | 10:51:34 | 220.546028 | 359.033443 
 4152.1595 | 08740.2820 | 10:51:37 | 220.559472 | 359.029405 
 4152.1564 | 08740.2724 | 10:51:38 | 220.567754 | 359.025903 
 4152.1568 | 08740.2659 | 10:51:39 | 220.573339 | 359.026406 
 4152.1571 | 08740.2586 | 10:51:40 | 220.579612 | 359.026800 
 4152.1569 | 08740.2506 | 10:51:41 | 220.586492 | 359.026623 
 4152.1567 | 08740.2423 | 10:51:42 | 220.593630 | 359.026448 
 4152.1556 | 08740.2335 | 10:51:43 | 220.601205 | 359.025241 
 4152.1557 | 08740.2255 | 10:51:44 | 220.608083 | 359.025409 
 4152.1558 | 08740.2176 | 10:51:45 | 220.614874 | 359.025577 
 4152.1559 | 08740.2100 | 10:51:46 | 220.621407 | 359.025742 
 4152.1560 | 08740.2025 | 10:51:47 | 220.627854 | 359.025907 
 4152.1568 | 08740.1955 | 10:51:48 | 220.633866 | 359.026874 
 4152.1569 | 08740.1885 | 10:51:49 | 220.639883 | 359.027035 
 4152.1570 | 08740.1820 | 10:51:50 | 220.645470 | 359.027194 
 4152.1569 | 08740.1759 | 10:51:51 | 220.650716 | 359.027119 
 4152.1567 | 08740.1701 | 10:51:52 | 220.655704 | 359.026928 
 4152.1566 | 08740.1643 | 10:51:53 | 220.660692 | 359.026851 
 4152.1564 | 08740.1585 | 10:51:54 | 220.665680 | 359.026660 
 4152.1558 | 08740.1535 | 10:51:55 | 220.669984 | 359.026003 
 4152.1573 | 08740.1607 | 10:51:56 | 220.663781 | 359.027680 
 4152.1568 | 08740.1603 | 10:51:57 | 220.664129 | 359.027108 
 4152.1569 | 08740.1610 | 10:51:58 | 220.663526 | 359.027218 
 4152.1570 | 08740.1601 | 10:51:59 | 220.664299 | 359.027339 
 4152.1574 | 08740.1595 | 10:52:00 | 220.664811 | 359.027803 
 4152.1549 | 08740.1581 | 10:52:01 | 220.666037 | 359.024937 
 4152.1545 | 08740.1579 | 10:52:02 | 220.666213 | 359.024478 
 4152.1541 | 08740.1571 | 10:52:03 | 220.666904 | 359.024023 
 4152.1541 | 08740.1565 | 10:52:04 | 220.667420 | 359.024027 
 4152.1541 | 08740.1555 | 10:52:05 | 220.668280 | 359.024034 
 4152.1541 | 08740.1552 | 10:52:06 | 220.668538 | 359.024036 
 4152.1541 | 08740.1553 | 10:52:07 | 220.668452 | 359.024035 
 4152.1542 | 08740.1555 | 10:52:08 | 220.668279 | 359.024149 
 4152.1532 | 08740.1549 | 10:52:09 | 220.668804 | 359.023003 
 4152.1531 | 08740.1544 | 10:52:10 | 220.669235 | 359.022891 
 4152.1524 | 08740.1533 | 10:52:11 | 220.670186 | 359.022093 
 4152.1518 | 08740.1519 | 10:52:12 | 220.671395 | 359.021412 
 4152.1515 | 08740.1511 | 10:52:13 | 220.672086 | 359.021073 
 4152.1512 | 08740.1507 | 10:52:14 | 220.672433 | 359.020730 
 4152.1510 | 08740.1504 | 10:52:15 | 220.672692 | 359.020502 
 4152.1507 | 08740.1498 | 10:52:16 | 220.673211 | 359.020161 
 4152.1506 | 08740.1491 | 10:52:17 | 220.673814 | 359.020051 
 4152.1505 | 08740.1482 | 10:52:18 | 220.674588 | 359.019942 
 4152.1503 | 08740.1475 | 10:52:19 | 220.675192 | 359.019716 
 4152.1515 | 08740.1473 | 10:52:20 | 220.675353 | 359.021098 
 4152.1512 | 08740.1464 | 10:52:21 | 220.676130 | 359.020759 
 4152.1512 | 08740.1459 | 10:52:22 | 220.676559 | 359.020762 
 4152.1512 | 08740.1451 | 10:52:23 | 220.677247 | 359.020767 
 4152.1513 | 08740.1448 | 10:52:24 | 220.677504 | 359.020885 
 4152.1509 | 08740.1445 | 10:52:25 | 220.677766 | 359.020426 
 4152.1505 | 08740.1443 | 10:52:26 | 220.677941 | 359.019968 
 4152.1505 | 08740.1443 | 10:52:27 | 220.677941 | 359.019968 
 4152.1505 | 08740.1443 | 10:52:28 | 220.677941 | 359.019968 
 4152.1505 | 08740.1443 | 10:52:29 | 220.677941 | 359.019968 
 4152.1505 | 08740.1439 | 10:52:30 | 220.678285 | 359.019970 
 4152.1507 | 08740.1425 | 10:52:31 | 220.679487 | 359.020210 
 4152.1508 | 08740.1399 | 10:52:32 | 220.681722 | 359.020342 
 4152.1509 | 08740.1361 | 10:52:33 | 220.684988 | 359.020482 
 4152.1511 | 08740.1313 | 10:52:34 | 220.689113 | 359.020744 
 4152.1514 | 08740.1260 | 10:52:35 | 220.693667 | 359.021125 
 4152.1518 | 08740.1201 | 10:52:36 | 220.698736 | 359.021624 
 4152.1522 | 08740.1136 | 10:52:37 | 220.704321 | 359.022127 
 4152.1526 | 08740.1065 | 10:52:38 | 220.710421 | 359.022635 
 4152.1530 | 08740.0994 | 10:52:39 | 220.716522 | 359.023142 
 4152.1534 | 08740.0924 | 10:52:40 | 220.722537 | 359.023649 
 4152.1537 | 08740.0859 | 10:52:41 | 220.728123 | 359.024037 
 4152.1539 | 08740.0801 | 10:52:42 | 220.733108 | 359.024306 
 4152.1541 | 08740.0750 | 10:52:43 | 220.737491 | 359.024570 
 4152.1555 | 08740.0708 | 10:52:44 | 220.741089 | 359.026208 
 4152.1554 | 08740.0661 | 10:52:45 | 220.745131 | 359.026125 
 4152.1552 | 08740.0612 | 10:52:46 | 220.749345 | 359.025927 
 4152.1551 | 08740.0562 | 10:52:47 | 220.753645 | 359.025846 
 4152.1551 | 08740.0512 | 10:52:48 | 220.757944 | 359.025879 
 4152.1551 | 08740.0461 | 10:52:49 | 220.762329 | 359.025913 
 4152.1549 | 08740.0365 | 10:52:51 | 220.770584 | 359.025747 
 4152.1547 | 08740.0324 | 10:52:52 | 220.774111 | 359.025544 
 4152.1546 | 08740.0287 | 10:52:53 | 220.777293 | 359.025454 
 4152.1542 | 08740.0247 | 10:52:54 | 220.780736 | 359.025020 
 4152.1540 | 08740.0201 | 10:52:55 | 220.784692 | 359.024821 
 4152.1540 | 08740.0148 | 10:52:56 | 220.789249 | 359.024856 
 4152.1544 | 08740.0088 | 10:52:57 | 220.794404 | 359.025357 
 4152.1546 | 08740.0021 | 10:52:58 | 220.800162 | 359.025631 
 4152.1550 | 08739.9947 | 10:52:59 | 220.806521 | 359.026141 
 4152.1547 | 08739.9867 | 10:53:00 | 220.813402 | 359.025849 
 4152.1549 | 08739.9785 | 10:53:01 | 220.820450 | 359.026134 
 4152.1551 | 08739.9700 | 10:53:02 | 220.827756 | 359.026421 
 4152.1554 | 08739.9614 | 10:53:03 | 220.835148 | 359.026824 
 4152.1556 | 08739.9527 | 10:53:04 | 220.842626 | 359.027112 
 4152.1559 | 08739.9439 | 10:53:05 | 220.850189 | 359.027516 
 4152.1563 | 08739.9353 | 10:53:06 | 220.857579 | 359.028033 
 4152.1567 | 08739.9266 | 10:53:07 | 220.865056 | 359.028552 
 4152.1569 | 08739.9182 | 10:53:08 | 220.872276 | 359.028838 
 4152.1571 | 08739.9101 | 10:53:09 | 220.879238 | 359.029122 
 4152.1576 | 08739.9027 | 10:53:10 | 220.885596 | 359.029747 
 4152.1576 | 08739.8958 | 10:53:11 | 220.891528 | 359.029793 
 4152.1575 | 08739.8898 | 10:53:12 | 220.896687 | 359.029718 
 4152.1573 | 08739.8845 | 10:53:13 | 220.901246 | 359.029523 
 4152.1571 | 08739.8799 | 10:53:14 | 220.905203 | 359.029324 
 4152.1568 | 08739.8760 | 10:53:15 | 220.908558 | 359.029005 
 4152.1566 | 08739.8726 | 10:53:16 | 220.911483 | 359.028798 
 4152.1563 | 08739.8698 | 10:53:17 | 220.913893 | 359.028472 
 4152.1561 | 08739.8675 | 10:53:18 | 220.915873 | 359.028257 
 4152.1560 | 08739.8653 | 10:53:19 | 220.917765 | 359.028157 
 4152.1557 | 08739.8633 | 10:53:20 | 220.919487 | 359.027825 
 4152.1560 | 08739.8615 | 10:53:22 | 220.921032 | 359.028182 
 4152.1573 | 08739.8620 | 10:53:23 | 220.920591 | 359.029674 
 4152.1574 | 08739.8617 | 10:53:24 | 220.920848 | 359.029791 
 4152.1575 | 08739.8606 | 10:53:25 | 220.921792 | 359.029914 
 4152.1575 | 08739.8591 | 10:53:26 | 220.923082 | 359.029924 
 4152.1576 | 08739.8574 | 10:53:27 | 220.924543 | 359.030050 
 4152.1579 | 08739.8559 | 10:53:28 | 220.925830 | 359.030405 
 4152.1580 | 08739.8542 | 10:53:29 | 220.927290 | 359.030532 
 4152.1584 | 08739.8526 | 10:53:30 | 220.928662 | 359.031002 
 4152.1587 | 08739.8512 | 10:53:31 | 220.929863 | 359.031357 
 4152.1591 | 08739.8504 | 10:53:32 | 220.930548 | 359.031822 
 4152.1592 | 08739.8496 | 10:53:33 | 220.931235 | 359.031943 
 4152.1592 | 08739.8479 | 10:53:34 | 220.932696 | 359.031954 
 4152.1596 | 08739.8450 | 10:53:35 | 220.935186 | 359.032434 
 4152.1601 | 08739.8410 | 10:53:36 | 220.938620 | 359.033036 
 4152.1607 | 08739.8363 | 10:53:37 | 220.942656 | 359.033757 
 4152.1611 | 08739.8318 | 10:53:38 | 220.946521 | 359.034248 
 4152.1615 | 08739.8284 | 10:53:39 | 220.949441 | 359.034730 
 4152.1615 | 08739.8264 | 10:53:40 | 220.951160 | 359.034744 
 4152.1619 | 08739.8257 | 10:53:41 | 220.951759 | 359.035209 
 4152.1621 | 08739.8256 | 10:53:42 | 220.951843 | 359.035439 
 4152.1622 | 08739.8257 | 10:53:43 | 220.951756 | 359.035554 
 4152.1623 | 08739.8257 | 10:53:44 | 220.951755 | 359.035669 
 4152.1623 | 08739.8257 | 10:53:45 | 220.951755 | 359.035669 
 4152.1623 | 08739.8257 | 10:53:46 | 220.951755 | 359.035669 
 4152.1623 | 08739.8257 | 10:53:47 | 220.951755 | 359.035669 
 4152.1623 | 08739.8257 | 10:53:48 | 220.951755 | 359.035669 
 4152.1623 | 08739.8257 | 10:53:49 | 220.951755 | 359.035669 
 4152.1645 | 08739.8265 | 10:53:50 | 220.951047 | 359.038194 
 4152.1645 | 08739.8261 | 10:53:51 | 220.951391 | 359.038197 
 4152.1647 | 08739.8248 | 10:53:52 | 220.952507 | 359.038435 
 4152.1649 | 08739.8226 | 10:53:53 | 220.954397 | 359.038680 
 4152.1655 | 08739.8194 | 10:53:54 | 220.957143 | 359.039392 
 4152.1664 | 08739.8155 | 10:53:55 | 220.960488 | 359.040453 
 4152.1668 | 08739.8106 | 10:53:56 | 220.964697 | 359.040946 
 4152.1675 | 08739.8050 | 10:53:57 | 220.969505 | 359.041789 
 4152.1678 | 08739.7988 | 10:53:58 | 220.974833 | 359.042176 
 4152.1678 | 08739.7917 | 10:53:59 | 220.980937 | 359.042223 
 4152.1685 | 08739.7845 | 10:54:00 | 220.987121 | 359.043077 
 4152.1694 | 08739.7767 | 10:54:01 | 220.993819 | 359.044164 
 4152.1708 | 08739.7604 | 10:54:03 | 221.007821 | 359.045884 
 4152.1714 | 08739.7515 | 10:54:04 | 221.015467 | 359.046634 
 4152.1720 | 08739.7426 | 10:54:05 | 221.023114 | 359.047384 
 4152.1729 | 08739.7336 | 10:54:06 | 221.030843 | 359.048480 
 4152.1735 | 08739.7243 | 10:54:07 | 221.038834 | 359.049232 
 4152.1743 | 08739.7150 | 10:54:08 | 221.046822 | 359.050215 
 4152.1752 | 08739.7056 | 10:54:09 | 221.054896 | 359.051314 
 4152.1749 | 08739.6955 | 10:54:10 | 221.063582 | 359.051036 
 4152.1630 | 08739.6802 | 10:54:11 | 221.076843 | 359.037451 
 4152.1636 | 08739.6706 | 10:54:12 | 221.085092 | 359.038206 
 4152.1637 | 08739.6608 | 10:54:13 | 221.093516 | 359.038387 
 4152.1640 | 08739.6511 | 10:54:14 | 221.101853 | 359.038798 
 4152.1643 | 08739.6412 | 10:54:15 | 221.110362 | 359.039209 
 4152.1646 | 08739.6315 | 10:54:16 | 221.118699 | 359.039620 
 4152.1650 | 08739.6218 | 10:54:17 | 221.127035 | 359.040145 
 4152.1652 | 08739.6123 | 10:54:18 | 221.135201 | 359.040439 
 4152.1654 | 08739.5938 | 10:54:20 | 221.151105 | 359.040794 
 4152.1657 | 08739.5848 | 10:54:21 | 221.158840 | 359.041200 
 4152.1658 | 08739.5756 | 10:54:22 | 221.166749 | 359.041377 
 4152.1659 | 08739.5662 | 10:54:23 | 221.174829 | 359.041556 
 4152.1640 | 08739.5560 | 10:54:24 | 221.183616 | 359.039439 
 4152.1640 | 08739.5464 | 10:54:25 | 221.191870 | 359.039504 
 4152.1643 | 08739.5369 | 10:54:26 | 221.200035 | 359.039913 
 4152.1646 | 08739.5272 | 10:54:27 | 221.208372 | 359.040324 
 4152.1648 | 08739.5172 | 10:54:28 | 221.216968 | 359.040621 
 4152.1650 | 08739.5071 | 10:54:29 | 221.225649 | 359.040920 
 4152.1652 | 08739.4969 | 10:54:30 | 221.234417 | 359.041219 
 4152.1655 | 08739.4867 | 10:54:31 | 221.243184 | 359.041633 
 4152.1659 | 08739.4767 | 10:54:32 | 221.251778 | 359.042160 
 4152.1662 | 08739.4665 | 10:54:33 | 221.260545 | 359.042574 
 4152.1652 | 08739.4556 | 10:54:34 | 221.269925 | 359.041498 
 4152.1650 | 08739.4452 | 10:54:35 | 221.278868 | 359.041338 
 4152.1638 | 08739.4342 | 10:54:36 | 221.288336 | 359.040032 
 4152.1637 | 08739.4236 | 10:54:37 | 221.297451 | 359.039989 
 4152.1638 | 08739.4130 | 10:54:38 | 221.306563 | 359.040176 
 4152.1639 | 08739.4025 | 10:54:39 | 221.315590 | 359.040362 
 4152.1640 | 08739.3921 | 10:54:40 | 221.324530 | 359.040548 
 4152.1641 | 08739.3821 | 10:54:41 | 221.333127 | 359.040731 
 4152.1641 | 08739.3723 | 10:54:42 | 221.341553 | 359.040797 
 4152.1640 | 08739.3625 | 10:54:43 | 221.349979 | 359.040748 
 4152.1640 | 08739.3528 | 10:54:44 | 221.358319 | 359.040814 
 4152.1640 | 08739.3430 | 10:54:45 | 221.366744 | 359.040881 
 4152.1641 | 08739.3334 | 10:54:46 | 221.374997 | 359.041061 
 4152.1641 | 08739.3239 | 10:54:47 | 221.383165 | 359.041125 
 4152.1642 | 08739.3143 | 10:54:48 | 221.391418 | 359.041306 
 4152.1642 | 08739.3047 | 10:54:49 | 221.399671 | 359.041371 
 4152.1643 | 08739.2952 | 10:54:50 | 221.407838 | 359.041550 
 4152.1643 | 08739.2856 | 10:54:51 | 221.416092 | 359.041616 
 4152.1644 | 08739.2761 | 10:54:52 | 221.424259 | 359.041795 
 4152.1643 | 08739.2665 | 10:54:53 | 221.432513 | 359.041745 
 4152.1648 | 08739.2572 | 10:54:54 | 221.440504 | 359.042384 
 4152.1651 | 08739.2477 | 10:54:55 | 221.448669 | 359.042794 
 4152.1652 | 08739.2383 | 10:54:56 | 221.456750 | 359.042973 
 4152.1653 | 08739.2287 | 10:54:57 | 221.465003 | 359.043153 
 4152.1657 | 08739.2193 | 10:54:58 | 221.473081 | 359.043677 
 4152.1697 | 08739.2115 | 10:54:59 | 221.479751 | 359.048331 
 4152.1701 | 08739.2021 | 10:55:00 | 221.487829 | 359.048855 
 4152.1705 | 08739.1930 | 10:55:01 | 221.495649 | 359.049377 
 4152.1708 | 08739.1840 | 10:55:02 | 221.503384 | 359.049784 
 4152.1713 | 08739.1757 | 10:55:03 | 221.510515 | 359.050415 
 4152.1715 | 08739.1675 | 10:55:04 | 221.517563 | 359.050701 
 4152.1717 | 08739.1596 | 10:55:05 | 221.524354 | 359.050985 
 4152.1720 | 08739.1518 | 10:55:06 | 221.531057 | 359.051383 
 4152.1723 | 08739.1444 | 10:55:07 | 221.537417 | 359.051779 
 4152.1717 | 08739.1372 | 10:55:08 | 221.543612 | 359.051138 
 4152.1715 | 08739.1305 | 10:55:09 | 221.549374 | 359.050954 
 4152.1711 | 08739.1242 | 10:55:10 | 221.554795 | 359.050536 
 4152.1708 | 08739.1180 | 10:55:11 | 221.560128 | 359.050234 
 4152.1704 | 08739.1126 | 10:55:12 | 221.564774 | 359.049810 
 4152.1700 | 08739.1082 | 10:55:13 | 221.568561 | 359.049380 
 4152.1696 | 08739.1043 | 10:55:14 | 221.571917 | 359.048947 
 4152.1692 | 08739.1013 | 10:55:15 | 221.574500 | 359.048507 
 4152.1688 | 08739.0991 | 10:55:16 | 221.576395 | 359.048062 
 4152.1682 | 08739.0977 | 10:55:17 | 221.577605 | 359.047382 
 4152.1677 | 08739.0968 | 10:55:18 | 221.578383 | 359.046813 
 4152.1669 | 08739.0964 | 10:55:19 | 221.578734 | 359.045895 
 4152.1661 | 08739.0962 | 10:55:20 | 221.578913 | 359.044976 
 4152.1655 | 08739.0960 | 10:55:21 | 221.579091 | 359.044288 
 4152.1650 | 08739.0958 | 10:55:22 | 221.579267 | 359.043714 
 4152.1647 | 08739.0954 | 10:55:23 | 221.579614 | 359.043371 
 4152.1646 | 08739.0948 | 10:55:24 | 221.580131 | 359.043261 
 4152.1647 | 08739.0942 | 10:55:25 | 221.580646 | 359.043380 
 4152.1710 | 08739.0958 | 10:55:26 | 221.579213 | 359.050615 
 4152.1712 | 08739.0937 | 10:55:27 | 221.581016 | 359.050860 
 4152.1712 | 08739.0903 | 10:55:28 | 221.583939 | 359.050883 
 4152.1715 | 08739.0861 | 10:55:29 | 221.587548 | 359.051257 
 4152.1720 | 08739.0810 | 10:55:30 | 221.591928 | 359.051867 
 4152.1727 | 08739.0752 | 10:55:31 | 221.596908 | 359.052711 
 4152.1734 | 08739.0688 | 10:55:32 | 221.602404 | 359.053560 
 4152.1742 | 08739.0619 | 10:55:33 | 221.608329 | 359.054528 
 4152.1751 | 08739.0545 | 10:55:34 | 221.614683 | 359.055613 
 4152.1744 | 08739.0459 | 10:55:35 | 221.622083 | 359.054867 
 4152.1752 | 08739.0377 | 10:55:36 | 221.629126 | 359.055843 
 4152.1759 | 08739.0292 | 10:55:37 | 221.636427 | 359.056707 
 4152.1766 | 08739.0204 | 10:55:38 | 221.643987 | 359.057572 
 4152.1772 | 08739.0116 | 10:55:39 | 221.651547 | 359.058322 
 4152.1778 | 08739.0030 | 10:55:40 | 221.658936 | 359.059071 
 4152.1782 | 08738.9947 | 10:55:41 | 221.666068 | 359.059588 
 4152.1782 | 08738.9866 | 10:55:42 | 221.673032 | 359.059644 
 4152.1782 | 08738.9789 | 10:55:43 | 221.679652 | 359.059696 
 4152.1779 | 08738.9715 | 10:55:44 | 221.686017 | 359.059402 
 4152.1782 | 08738.9644 | 10:55:45 | 221.692118 | 359.059796 
 4152.1776 | 08738.9577 | 10:55:46 | 221.697884 | 359.059152 
 4152.1773 | 08738.9516 | 10:55:47 | 221.703132 | 359.058848 
 4152.1766 | 08738.9461 | 10:55:48 | 221.707867 | 359.058081 
 4152.1761 | 08738.9410 | 10:55:49 | 221.712256 | 359.057541 
 4152.1752 | 08738.9363 | 10:55:50 | 221.716305 | 359.056538 
 4152.1742 | 08738.9323 | 10:55:51 | 221.719753 | 359.055415 
 4152.1735 | 08738.9294 | 10:55:52 | 221.722253 | 359.054629 
 4152.1723 | 08738.9273 | 10:55:53 | 221.724069 | 359.053264 
 4152.1709 | 08738.9257 | 10:55:54 | 221.725458 | 359.051664 
 4152.1699 | 08738.9245 | 10:55:55 | 221.726499 | 359.050522 
 4152.1691 | 08738.9238 | 10:55:56 | 221.727108 | 359.049607 
 4152.1703 | 08738.9242 | 10:55:57 | 221.726753 | 359.050984 
 4152.1697 | 08738.9240 | 10:55:58 | 221.726930 | 359.050296 
 4152.1689 | 08738.9236 | 10:55:59 | 221.727282 | 359.049378 
 4152.1680 | 08738.9231 | 10:56:00 | 221.727720 | 359.048346 
 4152.1674 | 08738.9233 | 10:56:01 | 221.727553 | 359.047655 
 4152.1664 | 08738.9231 | 10:56:02 | 221.727735 | 359.046506 
 4152.1656 | 08738.9228 | 10:56:03 | 221.728000 | 359.045588 
 4152.1652 | 08738.9230 | 10:56:04 | 221.727832 | 359.045126 
 4152.1644 | 08738.9233 | 10:56:05 | 221.727581 | 359.044204 
 4152.1638 | 08738.9233 | 10:56:06 | 221.727586 | 359.043514 
 4152.1632 | 08738.9235 | 10:56:07 | 221.727420 | 359.042822 
 4152.1624 | 08738.9235 | 10:56:08 | 221.727427 | 359.041902 
 4152.1614 | 08738.9239 | 10:56:09 | 221.727093 | 359.040749 
 4152.1617 | 08738.9237 | 10:56:10 | 221.727262 | 359.041096 
 4152.1674 | 08738.9234 | 10:56:11 | 221.727467 | 359.047654 
 4152.1677 | 08738.9229 | 10:56:12 | 221.727895 | 359.048003 
 4152.1678 | 08738.9221 | 10:56:13 | 221.728581 | 359.048123 
 4152.1677 | 08738.9222 | 10:56:14 | 221.728496 | 359.048007 
 4152.1677 | 08738.9219 | 10:56:15 | 221.728754 | 359.048009 
 4152.1677 | 08738.9215 | 10:56:16 | 221.729098 | 359.048012 
 4152.1677 | 08738.9215 | 10:56:17 | 221.729098 | 359.048012 
 4152.1677 | 08738.9215 | 10:56:18 | 221.729098 | 359.048012 
