 4152.3303 | 08738.7789 | 17:04:01 | 221.850203 | 359.236023 
 4152.3155 | 08738.7827 | 17:04:11 | 221.847072 | 359.218973 
 4152.3163 | 08738.7815 | 17:04:12 | 221.848096 | 359.219901 
 4152.3165 | 08738.7806 | 17:04:13 | 221.848868 | 359.220138 
 4152.3163 | 08738.7805 | 17:04:14 | 221.848956 | 359.219908 
 4152.3183 | 08738.7825 | 17:04:15 | 221.847218 | 359.222195 
 4152.3175 | 08738.7828 | 17:04:16 | 221.846968 | 359.221273 
 4152.3197 | 08738.7838 | 17:04:17 | 221.846088 | 359.223796 
 4152.3235 | 08738.7813 | 17:04:18 | 221.848202 | 359.228185 
 4152.3230 | 08738.7829 | 17:04:19 | 221.846831 | 359.227598 
 4152.3224 | 08738.7816 | 17:04:20 | 221.847954 | 359.226917 
 4152.3216 | 08738.7816 | 17:04:21 | 221.847961 | 359.225997 
 4152.3194 | 08738.7829 | 17:04:22 | 221.846864 | 359.223457 
 4152.3185 | 08738.7821 | 17:04:23 | 221.847560 | 359.222428 
 4152.3194 | 08738.7798 | 17:04:24 | 221.849529 | 359.223479 
 4152.3183 | 08738.7787 | 17:04:27 | 221.850485 | 359.222221 
 4152.3204 | 08738.7785 | 17:04:28 | 221.850638 | 359.224638 
 4152.3262 | 08738.7838 | 17:04:31 | 221.846028 | 359.231273 
 4152.3273 | 08738.7892 | 17:04:33 | 221.841375 | 359.232501 
 4152.3167 | 08738.7913 | 17:04:36 | 221.839667 | 359.220294 
 4152.3193 | 08738.7904 | 17:04:37 | 221.840417 | 359.223291 
 4152.3210 | 08738.7890 | 17:04:38 | 221.841605 | 359.225256 
 4152.3176 | 08738.7865 | 17:04:39 | 221.843786 | 359.221362 
 4152.3168 | 08738.7860 | 17:04:40 | 221.844223 | 359.220445 
 4152.3188 | 08738.7854 | 17:04:41 | 221.844720 | 359.222750 
 4152.3206 | 08738.7852 | 17:04:42 | 221.844876 | 359.224822 
 4152.3197 | 08738.7851 | 17:04:43 | 221.844970 | 359.223787 
 4152.3175 | 08738.7837 | 17:04:44 | 221.846194 | 359.221266 
 4152.3165 | 08738.7821 | 17:04:45 | 221.847579 | 359.220127 
 4152.3151 | 08738.7836 | 17:04:46 | 221.846302 | 359.218507 
 4152.3170 | 08738.7810 | 17:04:47 | 221.848520 | 359.220710 
 4152.3167 | 08738.7811 | 17:04:48 | 221.848436 | 359.220364 
 4152.3214 | 08738.7808 | 17:04:49 | 221.848651 | 359.225772 
 4152.3254 | 08738.7788 | 17:04:50 | 221.850334 | 359.230387 
 4152.3235 | 08738.7782 | 17:04:51 | 221.850867 | 359.228206 
 4152.3201 | 08738.7770 | 17:04:52 | 221.851930 | 359.224303 
 4152.3227 | 08738.7790 | 17:04:53 | 221.850187 | 359.227280 
 4152.3222 | 08738.7804 | 17:04:54 | 221.848988 | 359.226695 
 4152.3231 | 08738.7832 | 17:04:55 | 221.846572 | 359.227711 
 4152.3213 | 08738.7796 | 17:04:56 | 221.849684 | 359.225666 
 4152.3220 | 08738.7812 | 17:04:57 | 221.848302 | 359.226460 
 4152.3217 | 08738.7829 | 17:04:58 | 221.846843 | 359.226103 
 4152.3219 | 08738.7817 | 17:04:59 | 221.847873 | 359.226341 
 4152.3223 | 08738.7798 | 17:05:00 | 221.849502 | 359.226815 
 4152.3244 | 08738.7825 | 17:05:01 | 221.847162 | 359.229211 
 4152.3251 | 08738.7822 | 17:05:02 | 221.847413 | 359.230019 
 4152.3231 | 08738.7804 | 17:05:03 | 221.848979 | 359.227731 
 4152.3204 | 08738.7814 | 17:05:04 | 221.848144 | 359.224618 
 4152.3168 | 08738.7842 | 17:05:05 | 221.845770 | 359.220458 
 4152.3166 | 08738.7834 | 17:05:06 | 221.846460 | 359.220233 
 4152.3157 | 08738.7821 | 17:05:07 | 221.847586 | 359.219207 
 4152.3198 | 08738.7791 | 17:05:08 | 221.850127 | 359.223944 
 4152.3191 | 08738.7785 | 17:05:09 | 221.850650 | 359.223143 
 4152.3153 | 08738.7799 | 17:05:10 | 221.849481 | 359.218762 
 4152.3166 | 08738.7812 | 17:05:11 | 221.848351 | 359.220248 
 4152.3191 | 08738.7855 | 17:05:12 | 221.844632 | 359.223095 
 4152.3190 | 08738.7872 | 17:05:13 | 221.843171 | 359.222968 
 4152.3253 | 08738.7867 | 17:05:14 | 221.843543 | 359.230218 
 4152.3275 | 08738.7816 | 17:05:15 | 221.847907 | 359.232783 
 4152.3215 | 08738.7815 | 17:05:17 | 221.848048 | 359.225883 
 4152.3212 | 08738.7786 | 17:05:18 | 221.850544 | 359.225558 
 4152.3094 | 08738.7761 | 17:05:23 | 221.852802 | 359.212002 
 4152.3132 | 08738.7783 | 17:05:24 | 221.850876 | 359.216358 
 4152.3198 | 08738.7803 | 17:05:25 | 221.849096 | 359.223935 
 4152.3240 | 08738.7851 | 17:05:26 | 221.844930 | 359.228734 
 4152.3219 | 08738.7853 | 17:05:27 | 221.844778 | 359.226317 
 4152.3216 | 08738.7819 | 17:05:28 | 221.847704 | 359.225995 
 4152.3175 | 08738.7808 | 17:05:29 | 221.848687 | 359.221286 
 4152.3175 | 08738.7783 | 17:05:30 | 221.850836 | 359.221304 
 4152.3175 | 08738.7771 | 17:05:31 | 221.851868 | 359.221312 
 4152.3188 | 08738.7771 | 17:05:32 | 221.851856 | 359.222807 
 4152.3183 | 08738.7770 | 17:05:33 | 221.851947 | 359.222233 
 4152.3169 | 08738.7783 | 17:05:34 | 221.850842 | 359.220613 
 4152.3172 | 08738.7831 | 17:05:35 | 221.846712 | 359.220926 
 4152.3160 | 08738.7823 | 17:05:36 | 221.847411 | 359.219551 
 4152.3112 | 08738.7803 | 17:05:37 | 221.849175 | 359.214043 
 4152.3088 | 08738.7773 | 17:05:38 | 221.851776 | 359.211303 
 4152.3140 | 08738.7819 | 17:05:39 | 221.847773 | 359.217253 
 4152.3163 | 08738.7823 | 17:05:40 | 221.847408 | 359.219896 
 4152.3161 | 08738.7830 | 17:05:41 | 221.846808 | 359.219661 
 4152.3149 | 08738.7812 | 17:05:42 | 221.848367 | 359.218293 
 4152.3148 | 08738.7801 | 17:05:43 | 221.849314 | 359.218186 
 4152.3190 | 08738.7828 | 17:05:44 | 221.846954 | 359.222998 
 4152.3234 | 08738.7822 | 17:05:45 | 221.847429 | 359.228063 
 4152.3173 | 08738.7845 | 17:05:46 | 221.845508 | 359.221031 
 4152.3173 | 08738.7852 | 17:05:49 | 221.844906 | 359.221026 
 4152.3164 | 08738.7825 | 17:05:50 | 221.847236 | 359.220009 
 4152.3232 | 08738.7844 | 17:05:51 | 221.845539 | 359.227818 
 4152.3220 | 08738.7834 | 17:05:52 | 221.846410 | 359.226445 
 4152.3182 | 08738.7808 | 17:05:53 | 221.848681 | 359.222092 
 4152.3200 | 08738.7799 | 17:05:54 | 221.849438 | 359.224168 
 4152.3162 | 08738.7821 | 17:05:55 | 221.847581 | 359.219782 
 4152.3157 | 08738.7824 | 17:05:56 | 221.847328 | 359.219205 
 4152.3149 | 08738.7829 | 17:05:57 | 221.846905 | 359.218281 
 4152.3120 | 08738.7820 | 17:05:58 | 221.847706 | 359.214952 
 4152.3194 | 08738.7841 | 17:06:00 | 221.845832 | 359.223449 
 4152.3210 | 08738.7819 | 17:06:01 | 221.847709 | 359.225305 
 4152.3205 | 08738.7835 | 17:06:02 | 221.846338 | 359.224719 
 4152.3234 | 08738.7818 | 17:06:03 | 221.847773 | 359.228066 
 4152.3214 | 08738.7834 | 17:06:04 | 221.846416 | 359.225755 
 4152.3225 | 08738.7835 | 17:06:05 | 221.846320 | 359.227019 
 4152.3145 | 08738.7820 | 17:06:06 | 221.847683 | 359.217827 
 4152.3135 | 08738.7832 | 17:06:07 | 221.846660 | 359.216669 
 4152.3131 | 08738.7859 | 17:06:08 | 221.844343 | 359.216190 
 4152.3085 | 08738.7857 | 17:06:09 | 221.844557 | 359.210900 
 4152.3099 | 08738.7887 | 17:06:10 | 221.841965 | 359.212490 
 4152.3117 | 08738.7883 | 17:06:11 | 221.842292 | 359.214563 
 4152.3118 | 08738.7910 | 17:06:12 | 221.839970 | 359.214660 
 4152.3142 | 08738.7904 | 17:06:13 | 221.840464 | 359.217425 
 4152.3142 | 08738.7898 | 17:06:14 | 221.840980 | 359.217429 
 4152.3116 | 08738.7847 | 17:06:15 | 221.845388 | 359.214473 
 4152.3109 | 08738.7837 | 17:06:16 | 221.846255 | 359.213675 
 4152.3098 | 08738.7822 | 17:06:17 | 221.847554 | 359.212420 
 4152.3110 | 08738.7852 | 17:06:18 | 221.844964 | 359.213780 
 4152.3145 | 08738.7830 | 17:06:19 | 221.846823 | 359.217821 
 4152.3152 | 08738.7810 | 17:06:20 | 221.848536 | 359.218639 
 4152.3143 | 08738.7810 | 17:06:21 | 221.848544 | 359.217604 
 4152.3158 | 08738.7826 | 17:06:22 | 221.847155 | 359.219319 
 4152.3044 | 08738.7798 | 17:06:23 | 221.849667 | 359.206225 
 4152.3061 | 08738.7817 | 17:06:24 | 221.848018 | 359.208167 
 4152.3099 | 08738.7814 | 17:06:25 | 221.848241 | 359.212540 
 4152.3086 | 08738.7832 | 17:06:26 | 221.846706 | 359.211033 
 4152.3115 | 08738.7859 | 17:06:27 | 221.844358 | 359.214350 
 4152.3079 | 08738.7863 | 17:06:28 | 221.844047 | 359.210206 
 4152.3066 | 08738.7870 | 17:06:29 | 221.843457 | 359.208706 
 4152.3094 | 08738.7866 | 17:06:30 | 221.843775 | 359.211929 
 4152.3107 | 08738.7886 | 17:06:31 | 221.842044 | 359.213411 
 4152.3116 | 08738.7925 | 17:06:32 | 221.838683 | 359.214419 
 4152.3090 | 08738.7924 | 17:06:33 | 221.838792 | 359.211429 
 4152.3108 | 08738.7883 | 17:06:34 | 221.842301 | 359.213528 
 4152.3106 | 08738.7869 | 17:06:35 | 221.843506 | 359.213308 
 4152.3150 | 08738.7821 | 17:06:36 | 221.847592 | 359.218402 
 4152.3175 | 08738.7841 | 17:06:37 | 221.845850 | 359.221264 
 4152.3175 | 08738.7844 | 17:06:38 | 221.845592 | 359.221262 
 4152.3166 | 08738.7840 | 17:06:39 | 221.845944 | 359.220229 
 4152.3179 | 08738.7856 | 17:06:40 | 221.844557 | 359.221714 
 4152.3202 | 08738.7871 | 17:06:43 | 221.843246 | 359.224349 
 4152.3179 | 08738.7850 | 17:06:45 | 221.845072 | 359.221718 
 4152.3142 | 08738.7845 | 17:06:46 | 221.845536 | 359.217465 
 4152.3151 | 08738.7824 | 17:06:48 | 221.847333 | 359.218515 
 4152.3146 | 08738.7808 | 17:06:49 | 221.848714 | 359.217951 
 4152.3155 | 08738.7795 | 17:06:50 | 221.849823 | 359.218995 
 4152.3221 | 08738.7794 | 17:06:51 | 221.849848 | 359.226587 
 4152.3238 | 08738.7792 | 17:06:52 | 221.850005 | 359.228544 
 4152.3178 | 08738.7732 | 17:06:53 | 221.855218 | 359.221684 
 4152.3260 | 08738.7797 | 17:06:54 | 221.849554 | 359.231071 
 4152.3259 | 08738.7812 | 17:06:55 | 221.848266 | 359.230946 
 4152.3178 | 08738.7809 | 17:06:56 | 221.848598 | 359.221631 
 4152.3205 | 08738.7860 | 17:06:58 | 221.844189 | 359.224701 
 4152.3211 | 08738.7853 | 17:06:59 | 221.844785 | 359.225396 
 4152.3220 | 08738.7843 | 17:07:00 | 221.845637 | 359.226439 
 4152.3193 | 08738.7836 | 17:07:01 | 221.846263 | 359.223338 
 4152.3193 | 08738.7816 | 17:07:02 | 221.847983 | 359.223351 
 4152.3210 | 08738.7814 | 17:07:03 | 221.848139 | 359.225308 
 4152.3191 | 08738.7814 | 17:07:04 | 221.848156 | 359.223123 
 4152.3198 | 08738.7835 | 17:07:05 | 221.846345 | 359.223913 
 4152.3192 | 08738.7840 | 17:07:06 | 221.845920 | 359.223220 
 4152.3158 | 08738.7843 | 17:07:07 | 221.845694 | 359.219307 
 4152.3223 | 08738.7850 | 17:07:08 | 221.845032 | 359.226779 
 4152.3246 | 08738.7861 | 17:07:09 | 221.844065 | 359.229417 
 4152.3222 | 08738.7838 | 17:07:10 | 221.846065 | 359.226672 
 4152.3179 | 08738.7818 | 17:07:11 | 221.847824 | 359.221740 
 4152.3172 | 08738.7828 | 17:07:12 | 221.846970 | 359.220928 
 4152.3248 | 08738.7836 | 17:07:13 | 221.846213 | 359.229664 
 4152.3276 | 08738.7831 | 17:07:14 | 221.846617 | 359.232888 
 4152.3250 | 08738.7836 | 17:07:15 | 221.846211 | 359.229894 
 4152.3252 | 08738.7851 | 17:07:16 | 221.844919 | 359.230114 
 4152.3271 | 08738.7875 | 17:07:17 | 221.842838 | 359.232283 
 4152.3285 | 08738.7874 | 17:07:18 | 221.842912 | 359.233894 
 4152.3272 | 08738.7876 | 17:07:19 | 221.842752 | 359.232397 
 4152.3238 | 08738.7875 | 17:07:20 | 221.842869 | 359.228487 
 4152.3269 | 08738.7895 | 17:07:21 | 221.841121 | 359.232039 
 4152.3259 | 08738.7869 | 17:07:22 | 221.843365 | 359.230907 
 4152.3201 | 08738.7842 | 17:07:23 | 221.845740 | 359.224254 
 4152.3176 | 08738.7819 | 17:07:24 | 221.847740 | 359.221394 
 4152.3272 | 08738.7842 | 17:07:28 | 221.845675 | 359.232421 
 4152.3260 | 08738.7813 | 17:07:29 | 221.848179 | 359.231060 
 4152.3311 | 08738.7831 | 17:07:30 | 221.846584 | 359.236914 
 4152.3244 | 08738.7822 | 17:07:31 | 221.847420 | 359.229214 
 4152.3204 | 08738.7799 | 17:07:32 | 221.849434 | 359.224628 
 4152.3165 | 08738.7800 | 17:07:33 | 221.849384 | 359.220142 
 4152.3166 | 08738.7822 | 17:07:34 | 221.847492 | 359.220242 
 4152.3188 | 08738.7815 | 17:07:35 | 221.848073 | 359.222777 
 4152.3171 | 08738.7818 | 17:07:36 | 221.847831 | 359.220819 
 4152.3165 | 08738.7821 | 17:07:37 | 221.847579 | 359.220127 
 4152.3201 | 08738.7809 | 17:07:38 | 221.848577 | 359.224276 
 4152.3175 | 08738.7845 | 17:07:39 | 221.845506 | 359.221261 
 4152.3177 | 08738.7834 | 17:07:40 | 221.846450 | 359.221499 
 4152.3138 | 08738.7824 | 17:07:41 | 221.847345 | 359.217020 
 4152.3180 | 08738.7834 | 17:07:42 | 221.846447 | 359.221844 
 4152.3184 | 08738.7822 | 17:07:43 | 221.847475 | 359.222312 
 4152.3196 | 08738.7832 | 17:07:44 | 221.846604 | 359.223685 
 4152.3218 | 08738.7834 | 17:07:45 | 221.846412 | 359.226215 
 4152.3223 | 08738.7831 | 17:07:46 | 221.846665 | 359.226792 
 4152.3198 | 08738.7827 | 17:07:48 | 221.847032 | 359.223919 
 4152.3196 | 08738.7820 | 17:07:49 | 221.847636 | 359.223694 
 4152.3207 | 08738.7824 | 17:07:51 | 221.847282 | 359.224956 
 4152.3216 | 08738.7851 | 17:07:52 | 221.844952 | 359.225973 
 4152.3140 | 08738.7813 | 17:07:53 | 221.848289 | 359.217257 
 4152.3210 | 08738.7818 | 17:07:54 | 221.847795 | 359.225305 
 4152.3185 | 08738.7857 | 17:07:56 | 221.844465 | 359.222403 
 4152.3187 | 08738.7874 | 17:07:57 | 221.843002 | 359.222621 
 4152.3163 | 08738.7882 | 17:07:58 | 221.842336 | 359.219855 
 4152.3204 | 08738.7861 | 17:07:59 | 221.844104 | 359.224586 
 4152.3148 | 08738.7831 | 17:08:00 | 221.846734 | 359.218165 
 4152.3169 | 08738.7852 | 17:08:01 | 221.844910 | 359.220566 
 4152.3224 | 08738.7853 | 17:08:02 | 221.844773 | 359.226892 
 4152.3235 | 08738.7844 | 17:08:03 | 221.845537 | 359.228163 
 4152.3185 | 08738.7843 | 17:08:04 | 221.845669 | 359.222413 
 4152.3184 | 08738.7838 | 17:08:05 | 221.846100 | 359.222301 
 4152.3144 | 08738.7852 | 17:08:06 | 221.844933 | 359.217690 
 4152.3181 | 08738.7843 | 17:08:07 | 221.845672 | 359.221953 
 4152.3232 | 08738.7834 | 17:08:08 | 221.846399 | 359.227825 
 4152.3221 | 08738.7853 | 17:08:09 | 221.844776 | 359.226547 
 4152.3252 | 08738.7855 | 17:08:10 | 221.844575 | 359.230111 
 4152.3260 | 08738.7882 | 17:08:11 | 221.842247 | 359.231013 
 4152.3236 | 08738.7879 | 17:08:12 | 221.842527 | 359.228254 
 4152.3218 | 08738.7884 | 17:08:13 | 221.842113 | 359.226180 
 4152.3178 | 08738.7880 | 17:08:14 | 221.842494 | 359.221582 
 4152.3157 | 08738.7890 | 17:08:15 | 221.841654 | 359.219160 
 4152.3213 | 08738.8048 | 17:08:35 | 221.828019 | 359.225492 
 4152.4299 | 08738.8123 | 17:08:59 | 221.820572 | 359.350358 
 4152.4325 | 08738.8137 | 17:09:01 | 221.819344 | 359.353339 
 4152.4390 | 08738.8088 | 17:09:05 | 221.823497 | 359.360850 
 4152.4209 | 08738.8106 | 17:09:10 | 221.822116 | 359.340018 
 4152.4156 | 08738.8130 | 17:09:11 | 221.820101 | 359.333905 
 4152.4127 | 08738.8090 | 17:09:14 | 221.823567 | 359.330597 
 4152.4258 | 08738.9096 | 17:09:28 | 221.736961 | 359.344974 
 4152.4267 | 08738.9424 | 17:09:31 | 221.708754 | 359.345784 
 4152.4231 | 08739.0325 | 17:09:41 | 221.631328 | 359.341027 
 4152.4237 | 08739.0668 | 17:09:47 | 221.601835 | 359.341482 
 4152.4353 | 08739.0610 | 17:09:49 | 221.606715 | 359.354865 
 4152.4336 | 08739.0606 | 17:09:50 | 221.607075 | 359.352912 
 4152.4287 | 08739.0571 | 17:09:53 | 221.610129 | 359.347300 
 4152.4110 | 08739.9685 | 17:12:13 | 220.826758 | 359.320781 
 4152.4211 | 08739.9511 | 17:12:14 | 220.841627 | 359.332514 
 4152.4184 | 08739.9529 | 17:12:15 | 220.840103 | 359.329397 
 4152.4170 | 08739.9560 | 17:12:16 | 220.837451 | 359.327766 
 4152.4135 | 08739.9551 | 17:12:17 | 220.838256 | 359.323746 
 4152.4065 | 08739.9572 | 17:12:18 | 220.836513 | 359.315680 
 4152.4086 | 08739.9574 | 17:12:19 | 220.836322 | 359.318094 
 4152.4078 | 08739.9558 | 17:12:21 | 220.837705 | 359.317185 
 4152.4059 | 08739.9541 | 17:12:22 | 220.839183 | 359.315010 
 4152.4071 | 08739.9539 | 17:12:25 | 220.839345 | 359.316392 
 4152.4398 | 08739.9796 | 17:12:30 | 220.816958 | 359.353834 
 4152.4396 | 08739.9798 | 17:12:31 | 220.816788 | 359.353602 
 4152.4393 | 08739.9786 | 17:12:32 | 220.817822 | 359.353265 
 4152.4394 | 08739.9789 | 17:12:33 | 220.817563 | 359.353378 
 4152.4396 | 08739.9776 | 17:12:34 | 220.818679 | 359.353617 
 4152.4404 | 08739.9765 | 17:12:35 | 220.819618 | 359.354545 
 4152.4400 | 08739.9767 | 17:12:36 | 220.819449 | 359.354083 
 4152.4397 | 08739.9766 | 17:12:37 | 220.819538 | 359.353739 
 4152.4399 | 08739.9770 | 17:12:38 | 220.819192 | 359.353966 
 4152.4396 | 08739.9795 | 17:12:39 | 220.817046 | 359.353604 
 4152.4388 | 08739.9802 | 17:12:40 | 220.816451 | 359.352679 
 4152.4394 | 08739.9801 | 17:12:41 | 220.816532 | 359.353370 
 4152.4394 | 08739.9800 | 17:12:42 | 220.816618 | 359.353371 
 4152.4394 | 08739.9800 | 17:12:43 | 220.816618 | 359.353371 
 4152.4396 | 08739.9799 | 17:12:44 | 220.816702 | 359.353602 
 4152.4402 | 08739.9799 | 17:12:45 | 220.816696 | 359.354292 
 4152.4413 | 08739.9798 | 17:12:46 | 220.816773 | 359.355558 
 4152.4419 | 08739.9802 | 17:12:47 | 220.816423 | 359.356245 
 4152.4429 | 08739.9805 | 17:12:48 | 220.816156 | 359.357393 
 4152.4457 | 08739.9833 | 17:12:50 | 220.813724 | 359.360595 
 4152.4485 | 08739.9868 | 17:12:54 | 220.810690 | 359.363793 
 4152.4489 | 08739.9911 | 17:12:55 | 220.806990 | 359.364224 
 4152.4512 | 08739.9865 | 17:13:01 | 220.810924 | 359.366900 
 4152.4566 | 08740.0033 | 17:13:08 | 220.796433 | 359.373000 
 4152.4604 | 08740.0213 | 17:13:18 | 220.780925 | 359.377250 
 4152.4450 | 08740.0121 | 17:13:19 | 220.788971 | 359.359598 
 4152.4432 | 08740.0151 | 17:13:21 | 220.786408 | 359.357507 
 4152.4254 | 08740.0069 | 17:13:22 | 220.793617 | 359.337088 
 4152.4049 | 08739.9792 | 17:13:23 | 220.817614 | 359.313693 
 4152.3774 | 08739.9674 | 17:13:25 | 220.828004 | 359.282139 
 4152.3623 | 08739.9724 | 17:13:26 | 220.823841 | 359.264737 
 4152.3516 | 08739.9765 | 17:13:27 | 220.820411 | 359.252402 
 4152.3428 | 08739.9813 | 17:13:28 | 220.816363 | 359.242248 
 4152.3077 | 08739.9954 | 17:13:36 | 220.804555 | 359.201780 
 4152.3049 | 08739.9965 | 17:13:37 | 220.803634 | 359.198552 
 4152.3022 | 08739.9978 | 17:13:38 | 220.802541 | 359.195437 
 4152.2994 | 08739.9988 | 17:13:39 | 220.801706 | 359.192210 
 4152.2915 | 08740.0012 | 17:13:42 | 220.799713 | 359.183107 
 4152.2870 | 08740.0027 | 17:13:44 | 220.798464 | 359.177921 
 4152.2810 | 08740.0046 | 17:13:47 | 220.796884 | 359.171007 
 4152.2794 | 08740.0049 | 17:13:48 | 220.796640 | 359.169164 
 4152.2781 | 08740.0018 | 17:13:49 | 220.799317 | 359.167690 
 4152.2768 | 08740.0018 | 17:13:50 | 220.799329 | 359.166194 
 4152.2746 | 08740.0021 | 17:13:51 | 220.799091 | 359.163662 
 4152.2699 | 08740.0029 | 17:13:53 | 220.798445 | 359.158250 
 4152.2675 | 08740.0042 | 17:13:54 | 220.797349 | 359.155481 
 4152.2651 | 08740.0048 | 17:13:55 | 220.796854 | 359.152716 
 4152.2627 | 08740.0055 | 17:13:56 | 220.796274 | 359.149951 
 4152.2607 | 08740.0059 | 17:13:57 | 220.795948 | 359.147648 
 4152.2520 | 08740.0082 | 17:14:01 | 220.794048 | 359.137625 
 4152.2792 | 08739.9976 | 17:14:04 | 220.802918 | 359.168983 
 4152.2778 | 08740.0008 | 17:14:08 | 220.800180 | 359.167351 
 4152.2802 | 08740.0059 | 17:14:09 | 220.795774 | 359.170078 
 4152.2960 | 08740.0475 | 17:14:17 | 220.759868 | 359.187974 
 4152.2956 | 08740.0509 | 17:14:18 | 220.756948 | 359.187491 
 4152.2958 | 08740.0576 | 17:14:20 | 220.751186 | 359.187677 
 4152.2953 | 08740.0662 | 17:14:22 | 220.743797 | 359.187044 
 4152.2951 | 08740.0744 | 17:14:24 | 220.736749 | 359.186760 
 4152.2947 | 08740.0838 | 17:14:26 | 220.728671 | 359.186237 
 4152.2946 | 08740.0895 | 17:14:27 | 220.723772 | 359.186084 
 4152.2946 | 08740.0951 | 17:14:28 | 220.718957 | 359.186046 
 4152.2956 | 08740.1065 | 17:14:31 | 220.709147 | 359.187121 
 4152.2827 | 08740.1456 | 17:14:38 | 220.675647 | 359.172022 
 4152.2825 | 08740.1518 | 17:14:40 | 220.670318 | 359.171751 
 4152.2819 | 08740.1549 | 17:14:41 | 220.667658 | 359.171040 
 4152.2658 | 08740.1771 | 17:14:51 | 220.648716 | 359.152374 
 4152.2668 | 08740.1558 | 17:14:52 | 220.667019 | 359.153665 
 4152.2647 | 08740.1348 | 17:14:53 | 220.685092 | 359.151390 
 4152.2600 | 08740.1352 | 17:14:54 | 220.684790 | 359.145981 
 4152.2541 | 08740.1378 | 17:14:55 | 220.682607 | 359.139177 
 4152.2487 | 08740.1391 | 17:14:56 | 220.681538 | 359.132957 
 4152.2372 | 08740.1379 | 17:14:58 | 220.682672 | 359.119737 
 4152.2313 | 08740.1381 | 17:14:59 | 220.682552 | 359.112949 
 4152.2259 | 08740.1378 | 17:15:00 | 220.682858 | 359.106740 
 4152.2199 | 08740.1374 | 17:15:01 | 220.683256 | 359.099841 
 4152.2150 | 08740.1381 | 17:15:02 | 220.682698 | 359.094200 
 4152.2085 | 08740.1381 | 17:15:03 | 220.682755 | 359.086724 
 4152.2043 | 08740.1393 | 17:15:04 | 220.681761 | 359.081884 
 4152.1972 | 08740.1397 | 17:15:05 | 220.681480 | 359.073715 
 4152.1742 | 08740.1356 | 17:15:09 | 220.685210 | 359.047286 
 4152.1693 | 08740.1343 | 17:15:10 | 220.686371 | 359.041659 
 4152.1560 | 08740.1360 | 17:15:13 | 220.685028 | 359.026349 
 4152.1463 | 08740.1357 | 17:15:15 | 220.685373 | 359.015194 
 4152.1407 | 08740.1355 | 17:15:16 | 220.685594 | 359.008754 
 4152.1353 | 08740.1355 | 17:15:17 | 220.685642 | 359.002542 
 4152.1303 | 08740.1354 | 17:15:18 | 220.685773 | 358.996792 
 4152.1247 | 08740.1351 | 17:15:19 | 220.686081 | 358.990352 
 4152.1189 | 08740.1349 | 17:15:20 | 220.686304 | 358.983682 
 4152.1136 | 08740.1337 | 17:15:21 | 220.687383 | 358.977594 
 4152.1005 | 08740.1332 | 17:15:23 | 220.687930 | 358.962529 
 4152.0863 | 08740.1323 | 17:15:25 | 220.688830 | 358.946201 
 4152.0743 | 08740.1322 | 17:15:27 | 220.689023 | 358.932399 
 4152.0675 | 08740.1305 | 17:15:28 | 220.690545 | 358.924589 
 4152.0612 | 08740.1303 | 17:15:29 | 220.690773 | 358.917343 
 4152.0549 | 08740.1271 | 17:15:30 | 220.693580 | 358.910118 
 4152.0490 | 08740.1269 | 17:15:31 | 220.693805 | 358.903333 
 4152.0429 | 08740.1270 | 17:15:32 | 220.693773 | 358.896316 
 4152.0376 | 08740.1268 | 17:15:33 | 220.693992 | 358.890221 
 4152.0324 | 08740.1265 | 17:15:34 | 220.694297 | 358.884241 
 4152.0277 | 08740.1264 | 17:15:35 | 220.694424 | 358.878836 
 4152.0233 | 08740.1264 | 17:15:36 | 220.694464 | 358.873775 
 4152.0191 | 08740.1266 | 17:15:37 | 220.694329 | 358.868942 
 4151.9803 | 08740.1288 | 17:15:45 | 220.692783 | 358.824298 
 4151.9764 | 08740.1318 | 17:15:46 | 220.690238 | 358.819792 
 4151.9679 | 08740.1350 | 17:15:48 | 220.687563 | 358.809994 
 4151.9596 | 08740.1390 | 17:15:50 | 220.684197 | 358.800420 
 4151.9572 | 08740.1406 | 17:15:51 | 220.682843 | 358.797649 
 4151.9524 | 08740.1448 | 17:15:53 | 220.679275 | 358.792100 
 4151.9508 | 08740.1457 | 17:15:54 | 220.678515 | 358.790253 
 4151.9490 | 08740.1501 | 17:15:55 | 220.674748 | 358.788153 
 4151.9346 | 08740.1551 | 17:15:59 | 220.670577 | 358.771557 
 4151.9367 | 08740.1568 | 17:16:00 | 220.669097 | 358.773961 
 4151.9343 | 08740.1566 | 17:16:02 | 220.669290 | 358.771201 
 4151.9310 | 08740.1571 | 17:16:03 | 220.668889 | 358.767402 
 4151.9285 | 08740.1584 | 17:16:04 | 220.667794 | 358.764518 
 4151.9815 | 08740.1372 | 17:16:06 | 220.685550 | 358.825622 
 4151.9970 | 08740.1309 | 17:16:08 | 220.690829 | 358.843493 
 4151.9977 | 08740.1342 | 17:16:09 | 220.687985 | 358.844276 
 4151.9985 | 08740.1371 | 17:16:10 | 220.685485 | 358.845177 
 4151.9995 | 08740.1409 | 17:16:11 | 220.682209 | 358.846302 
 4151.9998 | 08740.1440 | 17:16:12 | 220.679541 | 358.846627 
 4151.9997 | 08740.1471 | 17:16:13 | 220.676876 | 358.846491 
 4151.9988 | 08740.1518 | 17:16:15 | 220.672843 | 358.845425 
 4151.9953 | 08740.1608 | 17:16:18 | 220.665136 | 358.841339 
 4152.0055 | 08740.2248 | 17:16:22 | 220.610019 | 358.852646 
 4152.0071 | 08740.2257 | 17:16:23 | 220.609231 | 358.854481 
 4152.0082 | 08740.2274 | 17:16:24 | 220.607759 | 358.855735 
 4152.0101 | 08740.2288 | 17:16:25 | 220.606539 | 358.857911 
 4152.0099 | 08740.2311 | 17:16:26 | 220.604563 | 358.857665 
 4152.0097 | 08740.2341 | 17:16:27 | 220.601985 | 358.857415 
 4152.0145 | 08740.2350 | 17:16:28 | 220.601169 | 358.862931 
 4152.0182 | 08740.2363 | 17:16:29 | 220.600018 | 358.867178 
 4152.0201 | 08740.2430 | 17:16:32 | 220.594241 | 358.869319 
 4152.0615 | 08740.2423 | 17:16:38 | 220.594475 | 358.916944 
 4152.1288 | 08740.2498 | 17:16:49 | 220.587429 | 358.994306 
 4152.1394 | 08740.2539 | 17:16:52 | 220.583810 | 359.006472 
 4152.1435 | 08740.2536 | 17:16:53 | 220.584032 | 359.011190 
 4152.1459 | 08740.2535 | 17:16:54 | 220.584096 | 359.013951 
 4152.1470 | 08740.2540 | 17:16:55 | 220.583657 | 359.015213 
 4152.1415 | 08740.2559 | 17:16:56 | 220.582072 | 359.008874 
 4152.1449 | 08740.2560 | 17:16:57 | 220.581956 | 359.012784 
 4152.1546 | 08740.2569 | 17:17:00 | 220.581096 | 359.023936 
 4152.1620 | 08740.2618 | 17:17:03 | 220.576817 | 359.032415 
 4152.1567 | 08740.2679 | 17:17:04 | 220.571620 | 359.026278 
 4152.1572 | 08740.2697 | 17:17:05 | 220.570068 | 359.026841 
 4152.1521 | 08740.2728 | 17:17:06 | 220.567448 | 359.020955 
 4152.1521 | 08740.2748 | 17:17:07 | 220.565728 | 359.020941 
 4152.1510 | 08740.2903 | 17:17:14 | 220.552412 | 359.019573 
 4152.1509 | 08740.2891 | 17:17:15 | 220.553444 | 359.019466 
 4152.1527 | 08740.2974 | 17:17:19 | 220.546292 | 359.021482 
 4152.1510 | 08740.3013 | 17:17:21 | 220.542954 | 359.019500 
 4152.1499 | 08740.3045 | 17:17:24 | 220.540213 | 359.018214 
 4152.1483 | 08740.3072 | 17:17:27 | 220.537906 | 359.016356 
 4152.1472 | 08740.3087 | 17:17:28 | 220.536626 | 359.015080 
 4152.1467 | 08740.3114 | 17:17:29 | 220.534309 | 359.014487 
 4152.1463 | 08740.3168 | 17:17:31 | 220.529670 | 359.013991 
 4152.1454 | 08740.3222 | 17:17:32 | 220.525035 | 359.012920 
 4152.1446 | 08740.3307 | 17:17:34 | 220.517734 | 359.011944 
 4152.1435 | 08740.3364 | 17:17:35 | 220.512843 | 359.010641 
 4152.1419 | 08740.3471 | 17:17:38 | 220.503658 | 359.008730 
 4152.1430 | 08740.4182 | 17:17:52 | 220.442519 | 359.009525 
 4152.1427 | 08740.4236 | 17:17:53 | 220.437879 | 359.009144 
 4152.1421 | 08740.4338 | 17:17:56 | 220.429115 | 359.008386 
 4152.1409 | 08740.4449 | 17:18:00 | 220.419582 | 359.006933 
 4152.1409 | 08740.4497 | 17:18:02 | 220.415455 | 359.006901 
 4152.1395 | 08740.4552 | 17:18:04 | 220.410739 | 359.005255 
 4152.1389 | 08740.4616 | 17:18:06 | 220.405242 | 359.004522 
 4152.1392 | 08740.4709 | 17:18:08 | 220.397243 | 359.004806 
 4152.1351 | 08740.4877 | 17:18:12 | 220.382836 | 358.999979 
 4152.1333 | 08740.4966 | 17:18:14 | 220.375200 | 358.997850 
 4152.1323 | 08740.5025 | 17:18:15 | 220.370136 | 358.996661 
 4152.1317 | 08740.5065 | 17:18:16 | 220.366702 | 358.995944 
 4152.1355 | 08740.5292 | 17:18:19 | 220.347152 | 359.000165 
 4152.1373 | 08740.5369 | 17:18:20 | 220.340516 | 359.002185 
 4152.1377 | 08740.5508 | 17:18:23 | 220.328562 | 359.002554 
 4152.1372 | 08740.5545 | 17:18:24 | 220.325385 | 359.001954 
 4152.1374 | 08740.5574 | 17:18:25 | 220.322890 | 359.002165 
 4152.1375 | 08740.5600 | 17:18:26 | 220.320654 | 359.002263 
 4152.1371 | 08740.5616 | 17:18:27 | 220.319281 | 359.001792 
 4152.1364 | 08740.5680 | 17:18:30 | 220.313785 | 359.000945 
 4152.1364 | 08740.5681 | 17:18:31 | 220.313699 | 359.000945 
 4152.1359 | 08740.5800 | 17:18:35 | 220.303472 | 359.000291 
 4152.1338 | 08740.5978 | 17:18:39 | 220.288187 | 358.997758 
 4152.1326 | 08740.6024 | 17:18:40 | 220.284243 | 358.996348 
 4152.1327 | 08740.6077 | 17:18:41 | 220.279685 | 358.996428 
 4152.1317 | 08740.6260 | 17:18:44 | 220.263960 | 358.995158 
 4152.1317 | 08740.6314 | 17:18:45 | 220.259317 | 358.995122 
 4152.1315 | 08740.6386 | 17:18:46 | 220.253129 | 358.994845 
 4152.1310 | 08740.6428 | 17:18:47 | 220.249522 | 358.994242 
 4152.1303 | 08740.6578 | 17:18:50 | 220.236632 | 358.993338 
 4152.1296 | 08740.6812 | 17:18:53 | 220.216520 | 358.992379 
 4152.1303 | 08740.6959 | 17:18:54 | 220.203875 | 358.993088 
 4152.1342 | 08740.7333 | 17:18:58 | 220.171686 | 358.997329 
 4152.1363 | 08740.7513 | 17:19:00 | 220.156191 | 358.999626 
 4152.1361 | 08740.7601 | 17:19:01 | 220.148627 | 358.999339 
 4152.1281 | 08740.8057 | 17:19:05 | 220.109492 | 358.989838 
 4152.1296 | 08740.8273 | 17:19:07 | 220.090908 | 358.991422 
 4152.1299 | 08740.8370 | 17:19:08 | 220.082566 | 358.991704 
 4152.1300 | 08740.8478 | 17:19:09 | 220.073279 | 358.991748 
 4152.1303 | 08740.8574 | 17:19:10 | 220.065023 | 358.992031 
 4152.1303 | 08740.8838 | 17:19:13 | 220.042325 | 358.991858 
 4152.1311 | 08740.8917 | 17:19:14 | 220.035526 | 358.992727 
 4152.1314 | 08740.8995 | 17:19:15 | 220.028817 | 358.993021 
 4152.1315 | 08740.9071 | 17:19:16 | 220.022282 | 358.993086 
 4152.1321 | 08740.9387 | 17:19:20 | 219.995108 | 358.993571 
 4152.1305 | 08740.9731 | 17:19:26 | 219.965547 | 358.991506 
 4152.1322 | 08740.9737 | 17:19:27 | 219.965016 | 358.993457 
 4152.1331 | 08740.9772 | 17:19:28 | 219.961999 | 358.994470 
 4152.1340 | 08740.9886 | 17:19:30 | 219.952190 | 358.995431 
 4152.1343 | 08740.9959 | 17:19:31 | 219.945911 | 358.995728 
 4152.1353 | 08741.0003 | 17:19:32 | 219.942119 | 358.996850 
 4152.1375 | 08741.0078 | 17:19:35 | 219.935652 | 358.999332 
 4152.1392 | 08741.0058 | 17:19:36 | 219.937357 | 359.001300 
 4152.1394 | 08741.0050 | 17:19:39 | 219.938043 | 359.001535 
 4152.1338 | 08741.0168 | 17:19:44 | 219.927946 | 358.995017 
 4152.1338 | 08741.0262 | 17:19:47 | 219.919864 | 358.994956 
 4152.1344 | 08741.0262 | 17:19:48 | 219.919859 | 358.995646 
 4152.1352 | 08741.0266 | 17:19:49 | 219.919508 | 358.996564 
 4152.1358 | 08741.0266 | 17:19:50 | 219.919503 | 358.997254 
 4152.1354 | 08741.0273 | 17:19:51 | 219.918905 | 358.996789 
 4152.1351 | 08741.0274 | 17:19:52 | 219.918821 | 358.996444 
 4152.1347 | 08741.0269 | 17:19:53 | 219.919255 | 358.995987 
 4152.1347 | 08741.0293 | 17:19:54 | 219.917191 | 358.995971 
 4152.1344 | 08741.0138 | 17:19:55 | 219.930520 | 358.995727 
 4152.1345 | 08741.0147 | 17:19:56 | 219.929746 | 358.995836 
 4152.1349 | 08741.0151 | 17:19:57 | 219.929398 | 358.996294 
 4152.1351 | 08741.0159 | 17:19:58 | 219.928709 | 358.996518 
 4152.1352 | 08741.0168 | 17:19:59 | 219.927934 | 358.996628 
 4152.1354 | 08741.0181 | 17:20:01 | 219.926815 | 358.996849 
 4152.1358 | 08741.0189 | 17:20:03 | 219.926123 | 358.997304 
 4152.1364 | 08741.0189 | 17:20:04 | 219.926118 | 358.997994 
 4152.1462 | 08740.9996 | 17:20:10 | 219.942626 | 359.009392 
 4152.1461 | 08740.9989 | 17:20:11 | 219.943229 | 359.009282 
 4152.1464 | 08740.9975 | 17:20:12 | 219.944430 | 359.009636 
 4152.1468 | 08740.9965 | 17:20:13 | 219.945286 | 359.010103 
 4152.1460 | 08740.9931 | 17:20:15 | 219.948216 | 359.009205 
 4152.1475 | 08740.9944 | 17:20:16 | 219.947086 | 359.010921 
 4152.1472 | 08740.9935 | 17:20:17 | 219.947862 | 359.010582 
 4152.1473 | 08740.9926 | 17:20:18 | 219.948635 | 359.010703 
 4152.1474 | 08740.9917 | 17:20:19 | 219.949408 | 359.010824 
 4152.1477 | 08740.9908 | 17:20:20 | 219.950179 | 359.011175 
 4152.1478 | 08740.9901 | 17:20:21 | 219.950780 | 359.011295 
 4152.1431 | 08740.9883 | 17:20:22 | 219.952368 | 359.005900 
 4152.1430 | 08740.9876 | 17:20:23 | 219.952971 | 359.005790 
 4152.1429 | 08740.9868 | 17:20:24 | 219.953660 | 359.005680 
 4152.1428 | 08740.9860 | 17:20:25 | 219.954348 | 359.005570 
 4152.1427 | 08740.9852 | 17:20:26 | 219.955037 | 359.005460 
 4152.1426 | 08740.9845 | 17:20:27 | 219.955640 | 359.005350 
 4152.1425 | 08740.9837 | 17:20:28 | 219.956329 | 359.005240 
 4152.1423 | 08740.9821 | 17:20:30 | 219.957706 | 359.005020 
 4152.1422 | 08740.9803 | 17:20:32 | 219.959254 | 359.004917 
 4152.1421 | 08740.9796 | 17:20:33 | 219.959857 | 359.004806 
 4152.1426 | 08740.9780 | 17:20:34 | 219.961228 | 359.005392 
 4152.1423 | 08740.9775 | 17:20:35 | 219.961661 | 359.005050 
 4152.1427 | 08740.9759 | 17:20:37 | 219.963033 | 359.005521 
 4152.1433 | 08740.9750 | 17:20:38 | 219.963801 | 359.006217 
 4152.1436 | 08740.9741 | 17:20:39 | 219.964573 | 359.006568 
 4152.1439 | 08740.9734 | 17:20:40 | 219.965172 | 359.006917 
 4152.1442 | 08740.9727 | 17:20:41 | 219.965771 | 359.007267 
 4152.1447 | 08740.9719 | 17:20:42 | 219.966455 | 359.007847 
 4152.1453 | 08740.9716 | 17:20:43 | 219.966707 | 359.008539 
 4152.1457 | 08740.9708 | 17:20:44 | 219.967392 | 359.009005 
 4152.1464 | 08740.9701 | 17:20:45 | 219.967987 | 359.009814 
 4152.1469 | 08740.9694 | 17:20:46 | 219.968585 | 359.010394 
 4152.1478 | 08740.9680 | 17:20:47 | 219.969781 | 359.011438 
 4152.1480 | 08740.9674 | 17:20:48 | 219.970295 | 359.011672 
 4152.1483 | 08740.9666 | 17:20:49 | 219.970980 | 359.012023 
 4152.1481 | 08740.9656 | 17:20:50 | 219.971841 | 359.011799 
 4152.1475 | 08740.9645 | 17:20:51 | 219.972792 | 359.011116 
 4152.1449 | 08740.9625 | 17:20:53 | 219.974535 | 359.008139 
 4152.1448 | 08740.9600 | 17:20:54 | 219.976685 | 359.008040 
 4152.1448 | 08740.9591 | 17:20:55 | 219.977459 | 359.008046 
 4152.1446 | 08740.9587 | 17:20:56 | 219.977804 | 359.007818 
 4152.1445 | 08740.9581 | 17:20:57 | 219.978321 | 359.007707 
 4152.1463 | 08740.9580 | 17:20:58 | 219.978391 | 359.009778 
 4152.1470 | 08740.9566 | 17:20:59 | 219.979589 | 359.010593 
 4152.1473 | 08740.9557 | 17:21:00 | 219.980360 | 359.010944 
 4152.1473 | 08740.9550 | 17:21:01 | 219.980962 | 359.010948 
 4152.1472 | 08740.9545 | 17:21:02 | 219.981393 | 359.010836 
 4152.1478 | 08740.9501 | 17:21:07 | 219.985170 | 359.011555 
 4152.1485 | 08740.9497 | 17:21:08 | 219.985508 | 359.012363 
 4152.1477 | 08740.9509 | 17:21:10 | 219.984483 | 359.011435 
 4152.1482 | 08740.9509 | 17:21:11 | 219.984479 | 359.012010 
 4152.1493 | 08740.9512 | 17:21:14 | 219.984211 | 359.013273 
 4152.1507 | 08740.9509 | 17:21: