 4151.7051 | 08738.9978 | 17:56:28 | 221.667735 | 358.515383 
 4151.7042 | 08738.9987 | 17:56:38 | 221.666969 | 358.514342 
 4151.7040 | 08738.9987 | 17:56:39 | 221.666971 | 358.514112 
 4151.7039 | 08738.9985 | 17:56:40 | 221.667144 | 358.513998 
 4151.7037 | 08738.9982 | 17:56:41 | 221.667403 | 358.513770 
 4151.7037 | 08738.9981 | 17:56:42 | 221.667489 | 358.513771 
 4151.7036 | 08738.9981 | 17:56:43 | 221.667490 | 358.513656 
 4151.7035 | 08738.9980 | 17:56:44 | 221.667577 | 358.513541 
 4151.7035 | 08738.9980 | 17:56:45 | 221.667577 | 358.513541 
 4151.7036 | 08738.9981 | 17:56:46 | 221.667490 | 358.513656 
 4151.7037 | 08738.9981 | 17:56:47 | 221.667489 | 358.513771 
 4151.7036 | 08738.9983 | 17:56:48 | 221.667318 | 358.513654 
 4151.7035 | 08738.9985 | 17:56:49 | 221.667147 | 358.513538 
 4151.7036 | 08738.9986 | 17:56:50 | 221.667060 | 358.513652 
 4151.7036 | 08738.9987 | 17:56:51 | 221.666974 | 358.513652 
 4151.7036 | 08738.9987 | 17:56:52 | 221.666974 | 358.513652 
 4151.7037 | 08738.9988 | 17:56:53 | 221.666888 | 358.513766 
 4151.7036 | 08738.9989 | 17:56:54 | 221.666802 | 358.513650 
 4151.7036 | 08738.9991 | 17:56:55 | 221.666630 | 358.513649 
 4151.7036 | 08738.9992 | 17:56:56 | 221.666544 | 358.513648 
 4151.7035 | 08738.9991 | 17:56:57 | 221.666631 | 358.513534 
 4151.7035 | 08738.9991 | 17:56:58 | 221.666631 | 358.513534 
 4151.7034 | 08738.9991 | 17:56:59 | 221.666632 | 358.513419 
 4151.7035 | 08738.9991 | 17:57:00 | 221.666631 | 358.513534 
 4151.7035 | 08738.9991 | 17:57:01 | 221.666631 | 358.513534 
 4151.7034 | 08738.9991 | 17:57:02 | 221.666632 | 358.513419 
 4151.7031 | 08738.9991 | 17:57:03 | 221.666635 | 358.513074 
 4151.7025 | 08738.9986 | 17:57:04 | 221.667070 | 358.512387 
 4151.7017 | 08738.9979 | 17:57:05 | 221.667680 | 358.511472 
 4151.6993 | 08738.9965 | 17:57:06 | 221.668905 | 358.508721 
 4151.6968 | 08738.9965 | 17:57:07 | 221.668928 | 358.505845 
 4151.6938 | 08738.9966 | 17:57:08 | 221.668870 | 358.502393 
 4151.6902 | 08738.9965 | 17:57:09 | 221.668989 | 358.498253 
 4151.6865 | 08738.9966 | 17:57:10 | 221.668937 | 358.493997 
 4151.6829 | 08738.9967 | 17:57:11 | 221.668884 | 358.489855 
 4151.6792 | 08738.9968 | 17:57:12 | 221.668832 | 358.485598 
 4151.6758 | 08738.9969 | 17:57:13 | 221.668777 | 358.481687 
 4151.6728 | 08738.9974 | 17:57:14 | 221.668374 | 358.478233 
 4151.6702 | 08738.9985 | 17:57:15 | 221.667452 | 358.475235 
 4151.6676 | 08738.9996 | 17:57:16 | 221.666530 | 358.472236 
 4151.6652 | 08739.0002 | 17:57:17 | 221.666036 | 358.469472 
 4151.6629 | 08739.0002 | 17:57:18 | 221.666057 | 358.466826 
 4151.6608 | 08739.0004 | 17:57:19 | 221.665904 | 358.464409 
 4151.6577 | 08738.9967 | 17:57:20 | 221.669114 | 358.460869 
 4151.6560 | 08738.9962 | 17:57:21 | 221.669560 | 358.458917 
 4151.6544 | 08738.9957 | 17:57:22 | 221.670004 | 358.457080 
 4151.6528 | 08738.9952 | 17:57:23 | 221.670449 | 358.455243 
 4151.6515 | 08738.9946 | 17:57:24 | 221.670977 | 358.453752 
 4151.6501 | 08738.9940 | 17:57:25 | 221.671506 | 358.452145 
 4151.6492 | 08738.9932 | 17:57:26 | 221.672202 | 358.451116 
 4151.6787 | 08738.9899 | 17:57:27 | 221.674769 | 358.485071 
 4151.6839 | 08738.9900 | 17:57:28 | 221.674636 | 358.491051 
 4151.6881 | 08738.9906 | 17:57:29 | 221.674081 | 358.495878 
 4151.6931 | 08738.9903 | 17:57:30 | 221.674293 | 358.501631 
 4151.6974 | 08738.9906 | 17:57:31 | 221.673996 | 358.506575 
 4151.7017 | 08738.9909 | 17:57:32 | 221.673699 | 358.511519 
 4151.7060 | 08738.9913 | 17:57:33 | 221.673315 | 358.516463 
 4151.7102 | 08738.9916 | 17:57:34 | 221.673019 | 358.521292 
 4151.7130 | 08738.9892 | 17:57:35 | 221.675057 | 358.524529 
 4151.7165 | 08738.9885 | 17:57:36 | 221.675627 | 358.528560 
 4151.7199 | 08738.9877 | 17:57:37 | 221.676284 | 358.532476 
 4151.7239 | 08738.9869 | 17:57:38 | 221.676935 | 358.537082 
 4151.7275 | 08738.9862 | 17:57:39 | 221.677504 | 358.541228 
 4151.7312 | 08738.9853 | 17:57:40 | 221.678244 | 358.545490 
 4151.7346 | 08738.9847 | 17:57:41 | 221.678729 | 358.549405 
 4151.7311 | 08738.9889 | 17:57:42 | 221.675149 | 358.545350 
 4151.7328 | 08738.9891 | 17:57:43 | 221.674962 | 358.547305 
 4151.7342 | 08738.9891 | 17:57:44 | 221.674949 | 358.548915 
 4151.7350 | 08738.9892 | 17:57:45 | 221.674856 | 358.549834 
 4151.7353 | 08738.9895 | 17:57:46 | 221.674595 | 358.550177 
 4151.7353 | 08738.9897 | 17:57:47 | 221.674423 | 358.550176 
 4151.7355 | 08738.9899 | 17:57:48 | 221.674249 | 358.550405 
 4151.7355 | 08738.9901 | 17:57:49 | 221.674077 | 358.550403 
 4151.7357 | 08738.9903 | 17:57:50 | 221.673903 | 358.550632 
 4151.7357 | 08738.9904 | 17:57:51 | 221.673817 | 358.550631 
 4151.7356 | 08738.9903 | 17:57:52 | 221.673904 | 358.550517 
 4151.7357 | 08738.9904 | 17:57:53 | 221.673817 | 358.550631 
 4151.7360 | 08738.9904 | 17:57:54 | 221.673815 | 358.550976 
 4151.7373 | 08738.9915 | 17:57:55 | 221.672857 | 358.552464 
 4151.7379 | 08738.9925 | 17:57:56 | 221.671991 | 358.553148 
 4151.7383 | 08738.9937 | 17:57:57 | 221.670956 | 358.553599 
 4151.7391 | 08738.9972 | 17:57:58 | 221.667939 | 358.554496 
 4151.7396 | 08739.0006 | 17:57:59 | 221.665011 | 358.555048 
 4151.7398 | 08739.0040 | 17:58:00 | 221.662086 | 358.555254 
 4151.7401 | 08739.0076 | 17:58:01 | 221.658988 | 358.555575 
 4151.7406 | 08739.0110 | 17:58:02 | 221.656059 | 358.556127 
 4151.7405 | 08739.0142 | 17:58:03 | 221.653309 | 358.555990 
 4151.7410 | 08739.0182 | 17:58:04 | 221.649865 | 358.556537 
 4151.7411 | 08739.0222 | 17:58:05 | 221.646425 | 358.556625 
 4151.7395 | 08739.0244 | 17:58:06 | 221.644548 | 358.554770 
 4151.7393 | 08739.0284 | 17:58:07 | 221.641110 | 358.554512 
 4151.7390 | 08739.0327 | 17:58:08 | 221.637415 | 358.554138 
 4151.7388 | 08739.0370 | 17:58:09 | 221.633720 | 358.553878 
 4151.7386 | 08739.0409 | 17:58:10 | 221.630368 | 358.553622 
 4151.7386 | 08739.0441 | 17:58:11 | 221.627617 | 358.553600 
 4151.7385 | 08739.0463 | 17:58:12 | 221.625726 | 358.553470 
 4151.7384 | 08739.0480 | 17:58:13 | 221.624265 | 358.553343 
 4151.7388 | 08739.0500 | 17:58:14 | 221.622542 | 358.553789 
 4151.7402 | 08739.0516 | 17:58:15 | 221.621153 | 358.555389 
 4151.7419 | 08739.0534 | 17:58:16 | 221.619590 | 358.557332 
 4151.7450 | 08739.0527 | 17:58:17 | 221.620163 | 358.560903 
 4151.7482 | 08739.0527 | 17:58:18 | 221.620134 | 358.564583 
 4151.7515 | 08739.0525 | 17:58:19 | 221.620276 | 358.568381 
 4151.7550 | 08739.0524 | 17:58:20 | 221.620330 | 358.572407 
 4151.7585 | 08739.0525 | 17:58:21 | 221.620212 | 358.576432 
 4151.7619 | 08739.0525 | 17:58:22 | 221.620181 | 358.580343 
 4151.7650 | 08739.0526 | 17:58:23 | 221.620067 | 358.583908 
 4151.7679 | 08739.0527 | 17:58:24 | 221.619954 | 358.587243 
 4151.7709 | 08739.0528 | 17:58:25 | 221.619841 | 358.590693 
 4151.7739 | 08739.0530 | 17:58:26 | 221.619641 | 358.594143 
 4151.7769 | 08739.0533 | 17:58:27 | 221.619356 | 358.597591 
 4151.7799 | 08739.0534 | 17:58:28 | 221.619242 | 358.601042 
 4151.7830 | 08739.0536 | 17:58:29 | 221.619042 | 358.604606 
 4151.7861 | 08739.0536 | 17:58:30 | 221.619014 | 358.608172 
 4151.7890 | 08739.0534 | 17:58:31 | 221.619159 | 358.611509 
 4151.7917 | 08739.0532 | 17:58:32 | 221.619306 | 358.614616 
 4151.7944 | 08739.0526 | 17:58:33 | 221.619798 | 358.617726 
 4151.7969 | 08739.0520 | 17:58:34 | 221.620291 | 358.620605 
 4151.7959 | 08739.0538 | 17:58:35 | 221.618752 | 358.619443 
 4151.7978 | 08739.0534 | 17:58:36 | 221.619079 | 358.621631 
 4151.7980 | 08739.0541 | 17:58:37 | 221.618475 | 358.621856 
 4151.7981 | 08739.0545 | 17:58:38 | 221.618130 | 358.621969 
 4151.7984 | 08739.0544 | 17:58:39 | 221.618213 | 358.622314 
 4151.7986 | 08739.0541 | 17:58:40 | 221.618470 | 358.622546 
 4151.7981 | 08739.0542 | 17:58:41 | 221.618388 | 358.621971 
 4151.7984 | 08739.0543 | 17:58:42 | 221.618299 | 358.622315 
 4151.7996 | 08739.0541 | 17:58:43 | 221.618460 | 358.623697 
 4151.8005 | 08739.0540 | 17:58:44 | 221.618538 | 358.624733 
 4151.8013 | 08739.0537 | 17:58:45 | 221.618789 | 358.625655 
 4151.8015 | 08739.0521 | 17:58:46 | 221.620163 | 358.625896 
 4151.8024 | 08739.0522 | 17:58:47 | 221.620068 | 358.626930 
 4151.8041 | 08739.0523 | 17:58:48 | 221.619967 | 358.628885 
 4151.8065 | 08739.0523 | 17:58:49 | 221.619945 | 358.631646 
 4151.8094 | 08739.0525 | 17:58:50 | 221.619747 | 358.634980 
 4151.8124 | 08739.0530 | 17:58:51 | 221.619289 | 358.638427 
 4151.8156 | 08739.0537 | 17:58:52 | 221.618658 | 358.642103 
 4151.8212 | 08739.0529 | 17:58:53 | 221.619295 | 358.648550 
 4151.8257 | 08739.0531 | 17:58:54 | 221.619082 | 358.653725 
 4151.8301 | 08739.0535 | 17:58:55 | 221.618697 | 358.658783 
 4151.8346 | 08739.0540 | 17:58:56 | 221.618226 | 358.663956 
 4151.8392 | 08739.0545 | 17:58:57 | 221.617754 | 358.669244 
 4151.8452 | 08739.0540 | 17:58:58 | 221.618129 | 358.676149 
 4151.8507 | 08739.0538 | 17:58:59 | 221.618251 | 358.682477 
 4151.8554 | 08739.0538 | 17:59:00 | 221.618208 | 358.687883 
 4151.8598 | 08739.0538 | 17:59:01 | 221.618168 | 358.692944 
 4151.8634 | 08739.0534 | 17:59:02 | 221.618479 | 358.697088 
 4151.8674 | 08739.0535 | 17:59:03 | 221.618356 | 358.701688 
 4151.8714 | 08739.0536 | 17:59:04 | 221.618234 | 358.706288 
 4151.8753 | 08739.0536 | 17:59:05 | 221.618198 | 358.710774 
 4151.8792 | 08739.0537 | 17:59:06 | 221.618077 | 358.715259 
 4151.8796 | 08739.0583 | 17:59:07 | 221.614118 | 358.715688 
 4151.8823 | 08739.0598 | 17:59:08 | 221.612803 | 358.718784 
 4151.8855 | 08739.0604 | 17:59:09 | 221.612258 | 358.722460 
 4151.8853 | 08739.0559 | 17:59:10 | 221.616129 | 358.722261 
 4151.8878 | 08739.0556 | 17:59:11 | 221.616364 | 358.725139 
 4151.8926 | 08739.0552 | 17:59:12 | 221.616664 | 358.730663 
 4151.8967 | 08739.0552 | 17:59:13 | 221.616627 | 358.735379 
 4151.9011 | 08739.0555 | 17:59:14 | 221.616329 | 358.740438 
 4151.9055 | 08739.0559 | 17:59:15 | 221.615944 | 358.745496 
 4151.9099 | 08739.0565 | 17:59:16 | 221.615388 | 358.750553 
 4151.9173 | 08739.0554 | 17:59:17 | 221.616266 | 358.759072 
 4151.9231 | 08739.0555 | 17:59:18 | 221.616127 | 358.765743 
 4151.9289 | 08739.0557 | 17:59:19 | 221.615902 | 358.772413 
 4151.9350 | 08739.0559 | 17:59:20 | 221.615675 | 358.779428 
 4151.9409 | 08739.0560 | 17:59:21 | 221.615535 | 358.786214 
 4151.9467 | 08739.0561 | 17:59:22 | 221.615396 | 358.792885 
 4151.9525 | 08739.0562 | 17:59:23 | 221.615257 | 358.799556 
 4151.9584 | 08739.0563 | 17:59:24 | 221.615117 | 358.806342 
 4151.9643 | 08739.0564 | 17:59:25 | 221.614977 | 358.813127 
 4151.9702 | 08739.0565 | 17:59:26 | 221.614837 | 358.819913 
 4151.9760 | 08739.0566 | 17:59:27 | 221.614698 | 358.826584 
 4151.9817 | 08739.0565 | 17:59:28 | 221.614732 | 358.833141 
 4151.9874 | 08739.0563 | 17:59:29 | 221.614852 | 358.839699 
 4151.9928 | 08739.0559 | 17:59:30 | 221.615146 | 358.845913 
 4151.9984 | 08739.0552 | 17:59:31 | 221.615697 | 358.852359 
 4152.0036 | 08739.0543 | 17:59:32 | 221.616423 | 358.858347 
 4152.0087 | 08739.0533 | 17:59:33 | 221.617236 | 358.864220 
 4152.0136 | 08739.0521 | 17:59:34 | 221.618223 | 358.869864 
 4152.0181 | 08739.0507 | 17:59:35 | 221.619386 | 358.875050 
 4152.0225 | 08739.0491 | 17:59:36 | 221.620721 | 358.880122 
 4152.0263 | 08739.0472 | 17:59:37 | 221.622320 | 358.884506 
 4152.0137 | 08739.0565 | 17:59:38 | 221.614439 | 358.869949 
 4152.0108 | 08739.0583 | 17:59:39 | 221.612918 | 358.866601 
 4152.0110 | 08739.0579 | 17:59:40 | 221.613260 | 358.866834 
 4152.0110 | 08739.0578 | 17:59:41 | 221.613346 | 358.866835 
 4152.0110 | 08739.0578 | 17:59:42 | 221.613346 | 358.866835 
 4152.0110 | 08739.0578 | 17:59:43 | 221.613346 | 358.866835 
 4152.0110 | 08739.0578 | 17:59:44 | 221.613346 | 358.866835 
 4152.0110 | 08739.0578 | 17:59:45 | 221.613346 | 358.866835 
 4152.0110 | 08739.0578 | 17:59:46 | 221.613346 | 358.866835 
 4152.0110 | 08739.0578 | 17:59:47 | 221.613346 | 358.866835 
 4152.0110 | 08739.0578 | 17:59:48 | 221.613346 | 358.866835 
 4152.0110 | 08739.0578 | 17:59:49 | 221.613346 | 358.866835 
 4152.0110 | 08739.0578 | 17:59:50 | 221.613346 | 358.866835 
 4152.0110 | 08739.0578 | 17:59:51 | 221.613346 | 358.866835 
 4152.0110 | 08739.0578 | 17:59:52 | 221.613346 | 358.866835 
 4152.0110 | 08739.0578 | 17:59:53 | 221.613346 | 358.866835 
 4152.0110 | 08739.0578 | 17:59:54 | 221.613346 | 358.866835 
 4152.0110 | 08739.0578 | 17:59:55 | 221.613346 | 358.866835 
 4152.0110 | 08739.0578 | 17:59:56 | 221.613346 | 358.866835 
 4152.0110 | 08739.0578 | 17:59:57 | 221.613346 | 358.866835 
 4152.0137 | 08739.0573 | 17:59:58 | 221.613751 | 358.869944 
 4152.0139 | 08739.0573 | 17:59:59 | 221.613750 | 358.870174 
 4152.0140 | 08739.0574 | 18:00:00 | 221.613663 | 358.870288 
 4152.0141 | 08739.0576 | 18:00:01 | 221.613490 | 358.870402 
 4152.0141 | 08739.0576 | 18:00:02 | 221.613490 | 358.870402 
 4152.0141 | 08739.0576 | 18:00:03 | 221.613490 | 358.870402 
 4152.0141 | 08739.0576 | 18:00:04 | 221.613490 | 358.870402 
 4152.0141 | 08739.0576 | 18:00:05 | 221.613490 | 358.870402 
 4152.0141 | 08739.0576 | 18:00:06 | 221.613490 | 358.870402 
 4152.0141 | 08739.0576 | 18:00:07 | 221.613490 | 358.870402 
 4152.0141 | 08739.0576 | 18:00:08 | 221.613490 | 358.870402 
 4152.0141 | 08739.0576 | 18:00:09 | 221.613490 | 358.870402 
 4152.0141 | 08739.0576 | 18:00:10 | 221.613490 | 358.870402 
 4152.0141 | 08739.0576 | 18:00:11 | 221.613490 | 358.870402 
 4152.0096 | 08739.0513 | 18:00:12 | 221.618948 | 358.865269 
 4152.0107 | 08739.0502 | 18:00:13 | 221.619883 | 358.866541 
 4152.0123 | 08739.0485 | 18:00:14 | 221.621330 | 358.868393 
 4152.0141 | 08739.0464 | 18:00:15 | 221.623119 | 358.870478 
 4152.0264 | 08739.0534 | 18:00:17 | 221.616988 | 358.884579 
 4152.0305 | 08739.0541 | 18:00:18 | 221.616349 | 358.889290 
 4152.0346 | 08739.0545 | 18:00:19 | 221.615968 | 358.894003 
 4152.0386 | 08739.0549 | 18:00:20 | 221.615587 | 358.898601 
 4152.0426 | 08739.0552 | 18:00:21 | 221.615293 | 358.903200 
 4152.0513 | 08739.0514 | 18:00:22 | 221.618480 | 358.913233 
 4152.0573 | 08739.0504 | 18:00:23 | 221.619285 | 358.920142 
 4152.0694 | 08739.0571 | 18:00:24 | 221.613414 | 358.934014 
 4152.0764 | 08739.0586 | 18:00:25 | 221.612060 | 358.942056 
 4152.0822 | 08739.0589 | 18:00:26 | 221.611749 | 358.948725 
 4152.0875 | 08739.0589 | 18:00:27 | 221.611701 | 358.954821 
 4152.0928 | 08739.0588 | 18:00:28 | 221.611738 | 358.960918 
 4152.0980 | 08739.0583 | 18:00:29 | 221.612121 | 358.966903 
 4152.1030 | 08739.0582 | 18:00:30 | 221.612161 | 358.972655 
 4152.1083 | 08739.0581 | 18:00:31 | 221.612199 | 358.978752 
 4152.1135 | 08739.0580 | 18:00:32 | 221.612237 | 358.984734 
 4152.1187 | 08739.0579 | 18:00:33 | 221.612275 | 358.990716 
 4152.1240 | 08739.0578 | 18:00:34 | 221.612313 | 358.996813 
 4152.1364 | 08739.0566 | 18:00:36 | 221.613231 | 359.011084 
 4152.1502 | 08739.0622 | 18:00:38 | 221.608290 | 359.026920 
 4152.1555 | 08739.0647 | 18:00:39 | 221.606093 | 359.032999 
 4152.1618 | 08739.0653 | 18:00:41 | 221.605519 | 359.040241 
 4152.1644 | 08739.0648 | 18:00:42 | 221.605925 | 359.043235 
 4152.1644 | 08739.0656 | 18:00:44 | 221.605237 | 359.043230 
 4152.1644 | 08739.0658 | 18:00:45 | 221.605066 | 359.043229 
 4152.1644 | 08739.0661 | 18:00:46 | 221.604808 | 359.043227 
 4152.1644 | 08739.0661 | 18:00:47 | 221.604808 | 359.043227 
 4152.1644 | 08739.0661 | 18:00:48 | 221.604808 | 359.043227 
 4152.1644 | 08739.0661 | 18:00:49 | 221.604808 | 359.043227 
 4152.1644 | 08739.0661 | 18:00:50 | 221.604808 | 359.043227 
 4152.1644 | 08739.0661 | 18:00:51 | 221.604808 | 359.043227 
 4152.1644 | 08739.0661 | 18:00:52 | 221.604808 | 359.043227 
 4152.1644 | 08739.0661 | 18:00:53 | 221.604808 | 359.043227 
 4152.1644 | 08739.0661 | 18:00:54 | 221.604808 | 359.043227 
 4152.1644 | 08739.0661 | 18:00:55 | 221.604808 | 359.043227 
 4152.1644 | 08739.0661 | 18:00:56 | 221.604808 | 359.043227 
 4152.1644 | 08739.0661 | 18:00:57 | 221.604808 | 359.043227 
 4152.1644 | 08739.0661 | 18:00:58 | 221.604808 | 359.043227 
 4152.1644 | 08739.0661 | 18:00:59 | 221.604808 | 359.043227 
 4152.1644 | 08739.0661 | 18:01:00 | 221.604808 | 359.043227 
 4152.1644 | 08739.0661 | 18:01:01 | 221.604808 | 359.043227 
 4152.1644 | 08739.0661 | 18:01:02 | 221.604808 | 359.043227 
 4152.1644 | 08739.0661 | 18:01:03 | 221.604808 | 359.043227 
 4152.1644 | 08739.0661 | 18:01:04 | 221.604808 | 359.043227 
 4152.1644 | 08739.0661 | 18:01:05 | 221.604808 | 359.043227 
 4152.1644 | 08739.0661 | 18:01:06 | 221.604808 | 359.043227 
 4152.1644 | 08739.0661 | 18:01:07 | 221.604808 | 359.043227 
 4152.1644 | 08739.0661 | 18:01:08 | 221.604808 | 359.043227 
 4152.1644 | 08739.0661 | 18:01:09 | 221.604808 | 359.043227 
 4152.1644 | 08739.0661 | 18:01:10 | 221.604808 | 359.043227 
 4152.1606 | 08739.0636 | 18:01:11 | 221.606992 | 359.038873 
 4152.1611 | 08739.0638 | 18:01:12 | 221.606815 | 359.039446 
 4152.1622 | 08739.0638 | 18:01:13 | 221.606805 | 359.040712 
 4152.1634 | 08739.0641 | 18:01:14 | 221.606536 | 359.042090 
 4152.1658 | 08739.0646 | 18:01:15 | 221.606084 | 359.044847 
 4152.1679 | 08739.0664 | 18:01:16 | 221.604518 | 359.047250 
 4152.1693 | 08739.0690 | 18:01:17 | 221.602270 | 359.048843 
 4152.1704 | 08739.0728 | 18:01:18 | 221.598992 | 359.050082 
 4152.1702 | 08739.0778 | 18:01:19 | 221.594695 | 359.049818 
 4152.1698 | 08739.0833 | 18:01:20 | 221.589970 | 359.049320 
 4152.1716 | 08739.0924 | 18:01:21 | 221.582130 | 359.051329 
 4152.1719 | 08739.1002 | 18:01:22 | 221.575421 | 359.051620 
 4152.1720 | 08739.1076 | 18:01:23 | 221.569058 | 359.051685 
 4152.1720 | 08739.1151 | 18:01:24 | 221.562610 | 359.051634 
 4152.1718 | 08739.1225 | 18:01:25 | 221.556250 | 359.051353 
 4152.1716 | 08739.1302 | 18:01:26 | 221.549631 | 359.051071 
 4152.1713 | 08739.1380 | 18:01:27 | 221.542928 | 359.050672 
 4152.1710 | 08739.1457 | 18:01:28 | 221.536311 | 359.050275 
 4152.1706 | 08739.1533 | 18:01:29 | 221.529780 | 359.049763 
 4152.1702 | 08739.1607 | 18:01:30 | 221.523422 | 359.049252 
 4152.1698 | 08739.1681 | 18:01:31 | 221.517063 | 359.048742 
 4152.1694 | 08739.1755 | 18:01:32 | 221.510705 | 359.048231 
 4152.1691 | 08739.1829 | 18:01:33 | 221.504345 | 359.047836 
 4152.1687 | 08739.1902 | 18:01:34 | 221.498073 | 359.047326 
 4152.1686 | 08739.1977 | 18:01:35 | 221.491625 | 359.047160 
 4152.1682 | 08739.2051 | 18:01:36 | 221.485267 | 359.046649 
 4152.1680 | 08739.2128 | 18:01:37 | 221.478648 | 359.046367 
 4152.1672 | 08739.2365 | 18:01:40 | 221.458279 | 359.045285 
 4152.1671 | 08739.2444 | 18:01:41 | 221.451488 | 359.045117 
 4152.1671 | 08739.2605 | 18:01:43 | 221.437646 | 359.045007 
 4152.1682 | 08739.2697 | 18:01:44 | 221.429726 | 359.046210 
 4152.1681 | 08739.2778 | 18:01:45 | 221.422763 | 359.046040 
 4152.1683 | 08739.2861 | 18:01:46 | 221.415626 | 359.046213 
 4152.1681 | 08739.2942 | 18:01:47 | 221.408663 | 359.045928 
 4152.1680 | 08739.3023 | 18:01:48 | 221.401700 | 359.045758 
 4152.1678 | 08739.3105 | 18:01:49 | 221.394652 | 359.045472 
 4152.1678 | 08739.3187 | 18:01:50 | 221.387602 | 359.045417 
 4152.1682 | 08739.3273 | 18:01:51 | 221.380205 | 359.045818 
 4152.1685 | 08739.3356 | 18:01:52 | 221.373066 | 359.046107 
 4152.1686 | 08739.3433 | 18:01:53 | 221.366445 | 359.046170 
 4152.1685 | 08739.3506 | 18:01:54 | 221.360169 | 359.046005 
 4152.1684 | 08739.3574 | 18:01:55 | 221.354324 | 359.045844 
 4152.1684 | 08739.3694 | 18:01:57 | 221.344007 | 359.045763 
 4152.1680 | 08739.3741 | 18:01:58 | 221.339970 | 359.045271 
 4152.1681 | 08739.3785 | 18:01:59 | 221.336186 | 359.045356 
 4152.1684 | 08739.3824 | 18:02:00 | 221.332830 | 359.045675 
 4152.1683 | 08739.3848 | 18:02:01 | 221.330768 | 359.045543 
 4152.1687 | 08739.3864 | 18:02:02 | 221.329388 | 359.045993 
 4152.1689 | 08739.3872 | 18:02:03 | 221.328699 | 359.046217 
 4152.1664 | 08739.3838 | 18:02:04 | 221.331645 | 359.043365 
 4152.1657 | 08739.3825 | 18:02:05 | 221.332769 | 359.042568 
 4152.1657 | 08739.3825 | 18:02:06 | 221.332769 | 359.042568 
 4152.1657 | 08739.3825 | 18:02:07 | 221.332769 | 359.042568 
 4152.1657 | 08739.3825 | 18:02:08 | 221.332769 | 359.042568 
 4152.1657 | 08739.3825 | 18:02:09 | 221.332769 | 359.042568 
 4152.1657 | 08739.3825 | 18:02:10 | 221.332769 | 359.042568 
 4152.1657 | 08739.3825 | 18:02:11 | 221.332769 | 359.042568 
 4152.1673 | 08739.3835 | 18:02:12 | 221.331894 | 359.044402 
 4152.1675 | 08739.3847 | 18:02:13 | 221.330861 | 359.044624 
 4152.1675 | 08739.3869 | 18:02:14 | 221.328969 | 359.044609 
 4152.1677 | 08739.3902 | 18:02:15 | 221.326130 | 359.044817 
 4152.1670 | 08739.3930 | 18:02:16 | 221.323729 | 359.043992 
 4152.1668 | 08739.3971 | 18:02:17 | 221.320206 | 359.043735 
 4152.1669 | 08739.4017 | 18:02:18 | 221.316250 | 359.043818 
 4152.1669 | 08739.4067 | 18:02:19 | 221.311952 | 359.043784 
 4152.1666 | 08739.4119 | 18:02:20 | 221.307484 | 359.043404 
 4152.1664 | 08739.4176 | 18:02:21 | 221.302585 | 359.043136 
 4152.1662 | 08739.4237 | 18:02:22 | 221.297342 | 359.042864 
 4152.1659 | 08739.4304 | 18:02:23 | 221.291584 | 359.042474 
 4152.1656 | 08739.4375 | 18:02:24 | 221.285483 | 359.042081 
 4152.1654 | 08739.4452 | 18:02:25 | 221.278865 | 359.041798 
 4152.1653 | 08739.4534 | 18:02:26 | 221.271815 | 359.041628 
 4152.1651 | 08739.4620 | 18:02:27 | 221.264423 | 359.041340 
 4152.1650 | 08739.4707 | 18:02:28 | 221.256944 | 359.041166 
 4152.1651 | 08739.4796 | 18:02:29 | 221.249292 | 359.041220 
 4152.1650 | 08739.4885 | 18:02:30 | 221.241641 | 359.041045 
 4152.1649 | 08739.4971 | 18:02:31 | 221.234248 | 359.040872 
 4152.1649 | 08739.5056 | 18:02:32 | 221.226940 | 359.040815 
 4152.1648 | 08739.5138 | 18:02:33 | 221.219891 | 359.040644 
 4152.1648 | 08739.5221 | 18:02:34 | 221.212755 | 359.040588 
 4152.1647 | 08739.5300 | 18:02:35 | 221.205964 | 359.040420 
 4152.1646 | 08739.5376 | 18:02:36 | 221.199430 | 359.040253 
 4152.1644 | 08739.5449 | 18:02:37 | 221.193156 | 359.039974 
 4152.1643 | 08739.5519 | 18:02:38 | 221.187138 | 359.039812 
 4152.1642 | 08739.5587 | 18:02:39 | 221.181293 | 359.039651 
 4152.1641 | 08739.5655 | 18:02:40 | 221.175448 | 359.039490 
 4152.1639 | 08739.5721 | 18:02:41 | 221.169775 | 359.039215 
 4152.1638 | 08739.5787 | 18:02:42 | 221.164101 | 359.039056 
 4152.1636 | 08739.5853 | 18:02:43 | 221.158429 | 359.038781 
 4152.1635 | 08739.5922 | 18:02:44 | 221.152497 | 359.038620 
 4152.1635 | 08739.5994 | 18:02:45 | 221.146307 | 359.038571 
 4152.1635 | 08739.6069 | 18:02:46 | 221.139859 | 359.038520 
 4152.1635 | 08739.6145 | 18:02:47 | 221.133325 | 359.038469 
 4152.1633 | 08739.6220 | 18:02:48 | 221.126879 | 359.038189 
 4152.1631 | 08739.6293 | 18:02:49 | 221.120604 | 359.037909 
 4152.1629 | 08739.6365 | 18:02:50 | 221.114416 | 359.037631 
 4152.1627 | 08739.6435 | 18:02:51 | 221.108399 | 359.037353 
 4152.1626 | 08739.6503 | 18:02:52 | 221.102554 | 359.037193 
 4152.1625 | 08739.6568 | 18:02:53 | 221.096966 | 359.037034 
 4152.1624 | 08739.6630 | 18:02:54 | 221.091637 | 359.036877 
 4152.1625 | 08739.6687 | 18:02:55 | 221.086735 | 359.036954 
 4152.1629 | 08739.6820 | 18:02:58 | 221.075297 | 359.037324 
 4152.1629 | 08739.6847 | 18:02:59 | 221.072975 | 359.037306 
 4152.1628 | 08739.6862 | 18:03:00 | 221.071687 | 359.037181 
 4152.1628 | 08739.6867 | 18:03:01 | 221.071257 | 359.037178 
 4152.1626 | 08739.6864 | 18:03:02 | 221.071516 | 359.036950 
 4152.1626 | 08739.6863 | 18:03:03 | 221.071602 | 359.036950 
 4152.1626 | 08739.6863 | 18:03:04 | 221.071602 | 359.036950 
 4152.1626 | 08739.6863 | 18:03:05 | 221.071602 | 359.036950 
 4152.1626 | 08739.6863 | 18:03:06 | 221.071602 | 359.036950 
 4152.1626 | 08739.6863 | 18:03:07 | 221.071602 | 359.036950 
 4152.1626 | 08739.6863 | 18:03:08 | 221.071602 | 359.036950 
 4152.1626 | 08739.6863 | 18:03:09 | 221.071602 | 359.036950 
 4152.1626 | 08739.6863 | 18:03:10 | 221.071602 | 359.036950 
 4152.1626 | 08739.6863 | 18:03:11 | 221.071602 | 359.036950 
 4152.1626 | 08739.6863 | 18:03:12 | 221.071602 | 359.036950 
 4152.1626 | 08739.6863 | 18:03:13 | 221.071602 | 359.036950 
 4152.1626 | 08739.6863 | 18:03:14 | 221.071602 | 359.036950 
 4152.1626 | 08739.6863 | 18:03:15 | 221.071602 | 359.036950 
 4152.1626 | 08739.6863 | 18:03:16 | 221.071602 | 359.036950 
 4152.1626 | 08739.6863 | 18:03:17 | 221.071602 | 359.036950 
 4152.1626 | 08739.6863 | 18:03:18 | 221.071602 | 359.036950 
 4152.1626 | 08739.6863 | 18:03:19 | 221.071602 | 359.036950 
 4152.1626 | 08739.6863 | 18:03:20 | 221.071602 | 359.036950 
 4152.1626 | 08739.6863 | 18:03:21 | 221.071602 | 359.036950 
 4152.1626 | 08739.6863 | 18:03:22 | 221.071602 | 359.036950 
 4152.1626 | 08739.6863 | 18:03:23 | 221.071602 | 359.036950 
 4152.1626 | 08739.6863 | 18:03:24 | 221.071602 | 359.036950 
 4152.1636 | 08739.6864 | 18:03:25 | 221.071507 | 359.038100 
 4152.1634 | 08739.6887 | 18:03:26 | 221.069532 | 359.037854 
 4152.1634 | 08739.6921 | 18:03:27 | 221.066609 | 359.037831 
 4152.1633 | 08739.6962 | 18:03:28 | 221.063085 | 359.037689 
 4152.1631 | 08739.7009 | 18:03:29 | 221.059045 | 359.037427 
 4152.1630 | 08739.7061 | 18:03:30 | 221.054576 | 359.037277 
 4152.1629 | 08739.7117 | 18:03:31 | 221.049762 | 359.037124 
 4152.1627 | 08739.7176 | 18:03:32 | 221.044691 | 359.036855 
 4152.1625 | 08739.7239 | 18:03:33 | 221.039276 | 359.036582 
 4152.1621 | 08739.7305 | 18:03:34 | 221.033606 | 359.036078 
 4152.1616 | 08739.7447 | 18:03:36 | 221.021402 | 359.035407 
 4152.1613 | 08739.7522 | 18:03:37 | 221.014956 | 359.035012 
 4152.1611 | 08739.7598 | 18:03:38 | 221.008424 | 359.034731 
 4152.1609 | 08739.7674 | 18:03:39 | 221.001891 | 359.034450 
 4152.1607 | 08739.7750 | 18:03:40 | 220.995359 | 359.034169 
 4152.1605 | 08739.7825 | 18:03:41 | 220.988913 | 359.033888 
 4152.1603 | 08739.7898 | 18:03:42 | 220.982638 | 359.033609 
 4152.1601 | 08739.7970 | 18:03:43 | 220.976450 | 359.033331 
 4152.1600 | 08739.8042 | 18:03:44 | 220.970260 | 359.033167 
 4152.1599 | 08739.8111 | 18:03:45 | 220.964329 | 359.033006 
 4152.1598 | 08739.8176 | 18:03:46 | 220.958741 | 359.032847 
 4152.1597 | 08739.8231 | 18:03:47 | 220.954014 | 359.032696 
 4152.1596 | 08739.8276 | 18:03:48 | 220.950146 | 359.032550 
 4152.1593 | 08739.8304 | 18:03:49 | 220.947741 | 359.032186 
 4152.1596 | 08739.8333 | 18:03:53 | 220.945245 | 359.032512 
 4152.1599 | 08739.8345 | 18:03:55 | 220.944211 | 359.032849 
 4152.1601 | 08739.8371 | 18:03:58 | 220.941973 | 359.033062 
 4152.1603 | 08739.8374 | 18:04:02 | 220.941714 | 359.033290 
 4152.1603 | 08739.8374 | 18:04:03 | 220.941714 | 359.033290 
 4152.1608 | 08739.8409 | 18:04:06 | 220.938700 | 359.033841 
 4152.1607 | 08739.8438 | 18:04:07 | 220.936208 | 359.033707 
 4152.1607 | 08739.8478 | 18:04:08 | 220.932769 | 359.033680 
 4152.1606 | 08739.8525 | 18:04:09 | 220.928729 | 359.033534 
 4152.1608 | 08739.8581 | 18:04:10 | 220.923912 | 359.033726 
 4152.1607 | 08739.8641 | 18:04:11 | 220.918755 | 359.033571 
 4152.1607 | 08739.8704 | 18:04:12 | 220.913338 | 359.033529 
 4152.1605 | 08739.8767 | 18:04:13 | 220.907923 | 359.033256 
 4152.1604 | 08739.8833 | 18:04:14 | 220.902250 | 359.033097 
 4152.1603 | 08739.8899 | 18:04:15 | 220.896576 | 359.032938 
 4152.1602 | 08739.8964 | 18:04:16 | 220.890989 | 359.032780 
 4152.1602 | 08739.9025 | 18:04:17 | 220.885744 | 359.032739 
 4152.1601 | 08739.9082 | 18:04:18 | 220.880845 | 359.032585 
 4152.1600 | 08739.9140 | 18:04:19 | 220.875859 | 359.032432 
 4152.1592 | 08739.9190 | 18:04:20 | 220.871567 | 359.031478 
 4152.1592 | 08739.9255 | 18:04:21 | 220.865979 | 359.031435 
 4152.1591 | 08739.9321 | 18:04:22 | 220.860305 | 359.031275 
 4152.1591 | 08739.9390 | 18:04:23 | 220.854373 | 359.031229 
 4152.1591 | 08739.9459 | 18:04:24 | 220.848441 | 359.031183 
 4152.1592 | 08739.9530 | 18:04:25 | 220.842336 | 359.031251 
 4152.1587 | 08739.9590 | 18:04:26 | 220.837181 | 359.030635 
 4152.1588 | 08739.9652 | 18:04:27 | 220.831850 | 359.030709 
 4152.1589 | 08739.9704 | 18:04:28 | 220.827378 | 359.030789 
 4152.1590 | 08739.9743 | 18:04:29 | 220.824024 | 359.030878 
 4152.1587 | 08739.9760 | 18:04:30 | 220.822566 | 359.030522 
 4152.1587 | 08739.9768 | 18:04:31 | 220.821878 | 359.030516 
 4152.1588 | 08739.9769 | 18:04:32 | 220.821791 | 359.030631 
 4152.1589 | 08739.9770 | 18:04:33 | 220.821704 | 359.030745 
 4152.1589 | 08739.9770 | 18:04:34 | 220.821704 | 359.030745 
 4152.1589 | 08739.9770 | 18:04:35 | 220.821704 | 359.030745 
 4152.1589 | 08739.9770 | 18:04:36 | 220.821704 | 359.030745 
 4152.1589 | 08739.9770 | 18:04:37 | 220.821704 | 359.030745 
 4152.1589 | 08739.9770 | 18:04:38 | 220.821704 | 359.030745 
 4152.1589 | 08739.9770 | 18:04:39 | 220.821704 | 359.030745 
 4152.1589 | 08739.9770 | 18:04:40 | 220.821704 | 359.030745 
 4152.1589 | 08739.9770 | 18:04:41 | 220.821704 | 359.030745 
 4152.1589 | 08739.9770 | 18:04:42 | 220.821704 | 359.030745 
 4152.1589 | 08739.9770 | 18:04:43 | 220.821704 | 359.030745 
 4152.1589 | 08739.9770 | 18:04:44 | 220.821704 | 359.030745 
 4152.1589 | 08739.9770 | 18:04:45 | 220.821704 | 359.030745 
 4152.1589 | 08739.9770 | 18:04:46 | 220.821704 | 359.030745 
 4152.1589 | 08739.9770 | 18:04:47 | 220.821704 | 359.030745 
 4152.1589 | 08739.9770 | 18:04:48 | 220.821704 | 359.030745 
 4152.1589 | 08739.9770 | 18:04:49 | 220.821704 | 359.030745 
 4152.1589 | 08739.9770 | 18:04:50 | 220.821704 | 359.030745 
 4152.1589 | 08739.9770 | 18:04:51 | 220.821704 | 359.030745 
 4152.1589 | 08739.9770 | 18:04:52 | 220.821704 | 359.030745 
 4152.1589 | 08739.9770 | 18:04:53 | 220.821704 | 359.030745 
 4152.1589 | 08739.9770 | 18:04:54 | 220.821704 | 359.030745 
 4152.1589 | 08739.9770 | 18:04:55 | 220.821704 | 359.030745 
 4152.1589 | 08739.9770 | 18:04:56 | 220.821704 | 359.030745 
 4152.1589 | 08739.9770 | 18:04:57 | 220.821704 | 359.030745 
 4152.1589 | 08739.9770 | 18:04:58 | 220.821704 | 359.030745 
 4152.1589 | 08739.9770 | 18:04:59 | 220.821704 | 359.030745 
 4152.1589 | 08739.9770 | 18:05:00 | 220.821704 | 359.030745 
 4152.1589 | 08739.9770 | 18:05:01 | 220.821704 | 359.030745 
 4152.1589 | 08739.9770 | 18:05:02 | 220.821704 | 359.030745 
 4152.1589 | 08739.9770 | 18:05:03 | 220.821704 | 359.030745 
 4152.1589 | 08739.9770 | 18:05:04 | 220.821704 | 359.030745 
 4152.1589 | 08739.9770 | 18:05:05 | 220.821704 | 359.030745 
 4152.1589 | 08739.9770 | 18:05:06 | 220.821704 | 359.030745 
 4152.1589 | 08739.9770 | 18:05:07 | 220.821704 | 359.030745 
 4152.1589 | 08739.9770 | 18:05:08 | 220.821704 | 359.030745 
 4152.1589 | 08739.9770 | 18:05:09 | 220.821704 | 359.030745 
 4152.1589 | 08739.9770 | 18:05:10 | 220.821704 | 359.030745 
 4152.1589 | 08739.9770 | 18:05:11 | 220.821704 | 359.030745 
 4152.1589 | 08739.9770 | 18:05:12 | 220.821704 | 359.030745 
 4152.1589 | 08739.9770 | 18:05:13 | 220.821704 | 359.030745 
 4152.1589 | 08739.9770 | 18:05:14 | 220.821704 | 359.030745 
 4152.1589 | 08739.9770 | 18:05:15 | 220.821704 | 359.030745 
 4152.1589 | 08739.9770 | 18:05:16 | 220.821704 | 359.030745 
 4152.1589 | 08739.9770 | 18:05:17 | 220.821704 | 359.030745 
 4152.1589 | 08739.9770 | 18:05:18 | 220.821704 | 359.030745 
 4152.1589 | 08739.9770 | 18:05:19 | 220.821704 | 359.030745 
 4152.1589 | 08739.9770 | 18:05:20 | 220.821704 | 359.030745 
 4152.1589 | 08739.9770 | 18:05:21 | 220.821704 | 359.030745 
 4152.1589 | 08739.9770 | 18:05:22 | 220.821704 | 359.030745 
 4152.1589 | 08739.9770 | 18:05:23 | 220.821704 | 359.030745 
 4152.1589 | 08739.9770 | 18:05:24 | 220.821704 | 359.030745 
 4152.1589 | 08739.9770 | 18:05:25 | 220.821704 | 359.030745 
 4152.1589 | 08739.9770 | 18:05:26 | 220.821704 | 359.030745 
 4152.1589 | 08739.9770 | 18:05:27 | 220.821704 | 359.030745 
 4152.1589 | 08739.9770 | 18:05:28 | 220.821704 | 359.030745 
 4152.1582 | 08739.9736 | 18:05:29 | 220.824633 | 359.029963 
 4152.1581 | 08739.9749 | 18:05:30 | 220.823517 | 359.029839 
 4152.1580 | 08739.9774 | 18:05:31 | 220.821368 | 359.029707 
 4152.1579 | 08739.9811 | 18:05:32 | 220.818188 | 359.029568 
 4152.1578 | 08739.9858 | 18:05:33 | 220.814148 | 359.029421 
 4152.1577 | 08739.9910 | 18:05:34 | 220.809678 | 359.029271 
 4152.1576 | 08739.9968 | 18:05:35 | 220.804692 | 359.029118 
 4152.1573 | 08740.0029 | 18:05:36 | 220.799451 | 359.028732 
 4152.1567 | 08740.0162 | 18:05:38 | 220.788021 | 359.027953 
 4152.1565 | 08740.0234 | 18:05:39 | 220.781833 | 359.027675 
 4152.1562 | 08740.0308 | 18:05:40 | 220.775473 | 359.027280 
 4152.1562 | 08740.0386 | 18:05:41 | 220.768767 | 359.027228 
 4152.1561 | 08740.0463 | 18:05:42 | 220.762148 | 359.027062 
 4152.1560 | 08740.0541 | 18:05:43 | 220.755443 | 359.026895 
 4152.1559 | 08740.0621 | 18:05:44 | 220.748565 | 359.026726 
 4152.1557 | 08740.0699 | 18:05:45 | 220.741861 | 359.026444 
 4152.1556 | 08740.0774 | 18:05:46 | 220.735414 | 359.026279 
 4152.1555 | 08740.0848 | 18:05:47 | 220.729052 | 359.026115 
 4152.1556 | 08740.0921 | 18:05:48 | 220.722775 | 359.026181 
 4152.1556 | 08740.0992 | 18:05:49 | 220.716671 | 359.026134 
 4152.1557 | 08740.1062 | 18:05:50 | 220.710652 | 359.026203 
 4152.1559 | 08740.1128 | 18:05:51 | 220.704976 | 359.026389 
 4152.1561 | 08740.1186 | 18:05:52 | 220.699987 | 359.026580 
 4152.1562 | 08740.1234 | 18:05:53 | 220.695859 | 359.026663 
 4152.1564 | 08740.1270 | 18:05:54 | 220.692763 | 359.026869 
 4152.1564 | 08740.1288 | 18:05:55 | 220.691215 | 359.026857 
 4152.1564 | 08740.1298 | 18:05:56 | 220.690355 | 359.026851 
 4152.1567 | 08740.1313 | 18:05:57 | 220.689063 | 359.027186 
 4152.1570 | 08740.1331 | 18:05:58 | 220.687513 | 359.027519 
 4152.1574 | 08740.1349 | 18:05:59 | 220.685962 | 359.027967 
 4152.1584 | 08740.1359 | 18:06:00 | 220.685093 | 359.029111 
 4152.1591 | 08740.1371 | 18:06:01 | 220.684055 | 359.029908 
 4152.1630 | 08740.1396 | 18:06:02 | 220.681871 | 359.034377 
 4152.1646 | 08740.1412 | 18:06:03 | 220.680481 | 359.036207 
 4152.1663 | 08740.1427 | 18:06:04 | 220.679176 | 359.038152 
 4152.1681 | 08740.1437 | 18:06:05 | 220.678300 | 359.040216 
 4152.1701 | 08740.1442 | 18:06:06 | 220.677853 | 359.042513 
 4152.1718 | 08740.1316 | 18:06:07 | 220.688671 | 359.044553 
 4152.1741 | 08740.1311 | 18:06:08 | 220.689080 | 359.047201 
 4152.1769 | 08740.1313 | 18:06:09 | 220.688883 | 359.050421 
 4152.2005 | 08740.1327 | 18:06:10 | 220.687469 | 359.077557 
 4152.2105 | 08740.1327 | 18:06:11 | 220.687380 | 359.089060 
 4152.2164 | 08740.1328 | 18:06:12 | 220.687242 | 359.095846 
 4152.2241 | 08740.1329 | 18:06:13 | 220.687087 | 359.104702 
 4152.2330 | 08740.1330 | 18:06:14 | 220.686922 | 359.114939 
 4152.2392 | 08740.1332 | 18:06:15 | 220.686695 | 359.122069 
 4152.2460 | 08740.1335 | 18:06:16 | 220.686376 | 359.129889 
 4152.2514 | 08740.1339 | 18:06:17 | 220.685984 | 359.136097 
 4152.2582 | 08740.1360 | 18:06:18 | 220.684118 | 359.143905 
 4152.2640 | 08740.1360 | 18:06:19 | 220.684067 | 359.150576 
 4152.2698 | 08740.1362 | 18:06:20 | 220.683843 | 359.157247 
 4152.2723 | 08740.1363 | 18:06:21 | 220.683735 | 359.160122 
 4152.2764 | 08740.1365 | 18:06:22 | 220.683526 | 359.164836 
 4152.2803 | 08740.1367 | 18:06:23 | 220.683320 | 359.169321 
 4152.2831 | 08740.1381 | 18:06:24 | 220.682091 | 359.172532 
 4152.2843 | 08740.1375 | 18:06:25 | 220.682596 | 359.173917 
 4152.2863 | 08740.1375 | 18:06:26 | 220.682579 | 359.176217 
 4152.2851 | 08740.1365 | 18:06:27 | 220.683449 | 359.174843 
 4152.2857 | 08740.1367 | 18:06:28 | 220.683272 | 359.175532 
 4152.2854 | 08740.1365 | 18:06:29 | 220.683446 | 359.175189 
 4152.2861 | 08740.1371 | 18:06:30 | 220.682924 | 359.175990 
 4152.2870 | 08740.1378 | 18:06:31 | 220.682314 | 359.177020 
 4152.2899 | 08740.1390 | 18:06:32 | 220.681257 | 359.180348 
 4152.2923 | 08740.1418 | 18:06:33 | 220.678828 | 359.183090 
 4152.2934 | 08740.1454 | 18:06:34 | 220.675724 | 359.184331 
 4152.2938 | 08740.1498 | 18:06:35 | 220.671937 | 359.184762 
 4152.2929 | 08740.1656 | 18:06:38 | 220.658362 | 359.183622 
 4152.2929 | 08740.1710 | 18:06:39 | 220.653719 | 359.183586 
 4152.2930 | 08740.1766 | 18:06:40 | 220.648904 | 359.183664 
 4152.2927 | 08740.1883 | 18:06:42 | 220.638847 | 359.183241 
 4152.2935 | 08740.1973 | 18:06:43 | 220.631103 | 359.184101 
 4152.2942 | 08740.2039 | 18:06:44 | 220.625422 | 359.184863 
 4152.2940 | 08740.2100 | 18:06:45 | 220.620180 | 359.184592 
 4152.2938 | 08740.2164 | 18:06:46 | 220.614679 | 359.184319 
 4152.2938 | 08740.2228 | 18:06:47 | 220.609177 | 359.184277 
 4152.2939 | 08740.2293 | 18:06:48 | 220.603588 | 359.184349 
 4152.2938 | 08740.2357 | 18:06:49 | 220.598087 | 359.184191 
 4152.2938 | 08740.2422 | 18:06:50 | 220.592498 | 359.184148 
 4152.2937 | 08740.2485 | 18:06:51 | 220.587083 | 359.183991 
 4152.2932 | 08740.2544 | 18:06:52 | 220.582015 | 359.183377 
 4152.2934 | 08740.2600 | 18:06:53 | 220.577199 | 359.183570 
 4152.2931 | 08740.2651 | 18:06:54 | 220.572817 | 359.183191 
 4152.2932 | 08740.2694 | 18:06:55 | 220.569119 | 359.183278 
 4152.2937 | 08740.2728 | 18:06:56 | 220.566192 | 359.183830 
 4152.2940 | 08740.2753 | 18:06:57 | 220.564040 | 359.184159 
 4152.2944 | 08740.2768 | 18:06:58 | 220.562746 | 359.184609 
 4152.2942 | 08740.2774 | 18:06:59 | 220.562232 | 359.184375 
 4152.2944 | 08740.2783 | 18:07:00 | 220.561457 | 359.184599 
 4152.2940 | 08740.2785 | 18:07:01 | 220.561288 | 359.184137 
 4152.2941 | 08740.2788 | 18:07:02 | 220.561030 | 359.184250 
 4152.2940 | 08740.2786 | 18:07:03 | 220.561202 | 359.184137 
 4152.2939 | 08740.2788 | 18:07:04 | 220.561031 | 359.184020 
 4152.2939 | 08740.2788 | 18:07:05 | 220.561031 | 359.184020 
 4152.2939 | 08740.2788 | 18:07:06 | 220.561031 | 359.184020 
 4152.2939 | 08740.2788 | 18:07:07 | 220.561031 | 359.184020 
 4152.2939 | 08740.2788 | 18:07:08 | 220.561031 | 359.184020 
 4152.2937 | 08740.2798 | 18:07:09 | 220.560173 | 359.183784 
 4152.2937 | 08740.2813 | 18:07:10 | 220.558884 | 359.183774 
 4152.2935 | 08740.2829 | 18:07:11 | 220.557510 | 359.183533 
 4152.2934 | 08740.2844 | 18:07:12 | 220.556221 | 359.183408 
 4152.2933 | 08740.2855 | 18:07:13 | 220.555277 | 359.183286 
 4152.2932 | 08740.2863 | 18:07:14 | 220.554590 | 359.183166 
 4152.2930 | 08740.2873 | 18:07:15 | 220.553732 | 359.182929 
 4152.2924 | 08740.2887 | 18:07:16 | 220.552533 | 359.182229 
 4152.2916 | 08740.2906 | 18:07:17 | 220.550907 | 359.181297 
 4152.2908 | 08740.2928 | 18:07:18 | 220.549023 | 359.180362 
 4152.2897 | 08740.2950 | 18:07:19 | 220.547141 | 359.179082 
 4152.2887 | 08740.2973 | 18:07:20 | 220.545173 | 359.177916 
 4152.2876 | 08740.2988 | 18:07:21 | 220.543893 | 359.176641 
 4152.2866 | 08740.3005 | 18:07:22 | 220.542440 | 359.175480 
 4152.2856 | 08740.3025 | 18:07:23 | 220.540729 | 359.174316 
 4152.2844 | 08740.3043 | 18:07:24 | 220.539193 | 359.172924 
 4152.2608 | 08740.2965 | 18:07:26 | 220.546108 | 359.145830 
 4152.2567 | 08740.2962 | 18:07:27 | 220.546402 | 359.141116 
 4152.2524 | 08740.2959 | 18:07:28 | 220.546698 | 359.136172 
 4152.2479 | 08740.2953 | 18:07:29 | 220.547254 | 359.130999 
 4152.2436 | 08740.2951 | 18:07:30 | 220.547464 | 359.126055 
 4152.2395 | 08740.2952 | 18:07:31 | 220.547414 | 359.121338 
 4152.2355 | 08740.2953 | 18:07:32 | 220.547364 | 359.116736 
 4152.2315 | 08740.2955 | 18:07:33 | 220.547227 | 359.112134 
 4152.2274 | 08740.2956 | 18:07:34 | 220.547178 | 359.107417 
 4152.2232 | 08740.2959 | 18:07:35 | 220.546957 | 359.102584 
 4152.2191 | 08740.2961 | 18:07:36 | 220.546821 | 359.097867 
 4152.2149 | 08740.2963 | 18:07:37 | 220.546687 | 359.093035 
 4152.2106 | 08740.2968 | 18:07:38 | 220.546295 | 359.088085 
 4152.2064 | 08740.2970 | 18:07:39 | 220.546160 | 359.083253 
 4152.2021 | 08740.2976 | 18:07:40 | 220.545683 | 359.078303 
 4152.1978 | 08740.2980 | 18:07:41 | 220.545377 | 359.073354 
 4152.1934 | 08740.2986 | 18:07:42 | 220.544900 | 359.068289 
 4152.1893 | 08740.2986 | 18:07:43 | 220.544936 | 359.063573 
 4152.1849 | 08740.2988 | 18:07:44 | 220.544803 | 359.058510 
 4152.1799 | 08740.2990 | 18:07:45 | 220.544676 | 359.052758 
 4152.1754 | 08740.2978 | 18:07:46 | 220.545747 | 359.047590 
 4152.1699 | 08740.2986 | 18:07:47 | 220.545108 | 359.041258 
 4152.1654 | 08740.2988 | 18:07:48 | 220.544976 | 359.036080 
 4152.1596 | 08740.2977 | 18:07:49 | 220.545973 | 359.029416 
 4152.1522 | 08740.3092 | 18:07:52 | 220.536152 | 359.020828 
 4152.1516 | 08740.3104 | 18:07:53 | 220.535125 | 359.020130 
 4152.1506 | 08740.3094 | 18:07:54 | 220.535994 | 359.018987 
 4152.1514 | 08740.3080 | 18:07:55 | 220.537191 | 359.019916 
 4152.1678 | 08740.2993 | 18:07:56 | 220.544525 | 359.038838 
 4152.1667 | 08740.2991 | 18:07:57 | 220.544707 | 359.037574 
 4152.1662 | 08740.2987 | 18:07:58 | 220.545055 | 359.037001 
 4152.1660 | 08740.2982 | 18:07:59 | 220.545487 | 359.036775 
 4152.1656 | 08740.2968 | 18:08:00 | 220.546694 | 359.036324 
 4152.1653 | 08740.2965 | 18:08:01 | 220.546955 | 359.035981 
 4152.1647 | 08740.2942 | 18:08:02 | 220.548937 | 359.035306 
 4152.1643 | 08740.2860 | 18:08:04 | 220.555991 | 359.034900 
 4152.1633 | 08740.2791 | 18:08:05 | 220.561932 | 359.033796 
 4152.1629 | 08740.2723 | 18:08:06 | 220.567782 | 359.033381 
 4152.1637 | 08740.2660 | 18:08:07 | 220.573191 | 359.034343 
 4152.1644 | 08740.2596 | 18:08:08 | 220.578688 | 359.035190 
 4152.1641 | 08740.2522 | 18:08:09 | 220.585052 | 359.034894 
 4152.1645 | 08740.2456 | 18:08:10 | 220.590723 | 359.035398 
 4152.1629 | 08740.2371 | 18:08:11 | 220.598045 | 359.033614 
 4152.1623 | 08740.2297 | 18:08:12 | 220.604413 | 359.032973 
 4152.1625 | 08740.2235 | 18:08:13 | 220.609742 | 359.033244 
 4152.1628 | 08740.2175 | 18:08:14 | 220.614898 | 359.033629 
 4152.1630 | 08740.2117 | 18:08:15 | 220.619882 | 359.033898 
 4152.1633 | 08740.2060 | 18:08:16 | 220.624780 | 359.034281 
 4152.1636 | 08740.2001 | 18:08:17 | 220.629850 | 359.034665 
 4152.1637 | 08740.1941 | 18:08:18 | 220.635008 | 359.034820 
 4152.1637 | 08740.1879 | 18:08:19 | 220.640338 | 359.034861 
 4152.1638 | 08740.1818 | 18:08:20 | 220.645582 | 359.035017 
 4152.1636 | 08740.1763 | 18:08:21 | 220.650312 | 359.034823 
 4152.1637 | 08740.1712 | 18:08:22 | 220.654696 | 359.034972 
 4152.1635 | 08740.1665 | 18:08:23 | 220.658739 | 359.034773 
 4152.1607 | 08740.1603 | 18:08:24 | 220.664094 | 359.031594 
 4152.1595 | 08740.1569 | 18:08:25 | 220.667028 | 359.030236 
 4152.1590 | 08740.1551 | 18:08:26 | 220.668580 | 359.029673 
 4152.1592 | 08740.1539 | 18:08:27 | 220.669610 | 359.029911 
 4152.1555 | 08740.1461 | 18:08:28 | 220.676349 | 359.025707 
 4152.1548 | 08740.1429 | 18:08:29 | 220.679107 | 359.024923 
 4152.1546 | 08740.1402 | 18:08:30 | 220.681430 | 359.024711 
 4152.1544 | 08740.1374 | 18:08:31 | 220.683839 | 359.024500 
 4152.1543 | 08740.1346 | 18:08:32 | 220.686247 | 359.024403 
 4152.1542 | 08740.1316 | 18:08:33 | 220.688827 | 359.024308 
 4152.1540 | 08740.1286 | 18:08:34 | 220.691408 | 359.024098 
 4152.1539 | 08740.1258 | 18:08:35 | 220.693817 | 359.024002 
 4152.1539 | 08740.1237 | 18:08:36 | 220.695622 | 359.024016 
 4152.1538 | 08740.1221 | 18:08:37 | 220.696999 | 359.023911 
 4152.1537 | 08740.1209 | 18:08:38 | 220.698031 | 359.023804 
 4152.1536 | 08740.1201 | 18:08:39 | 220.698720 | 359.023694 
 4152.1535 | 08740.1195 | 18:08:40 | 220.699237 | 359.023583 
 4152.1534 | 08740.1191 | 18:08:41 | 220.699581 | 359.023471 
 4152.1534 | 08740.1191 | 18:08:42 | 220.699581 | 359.023471 
 4152.1533 | 08740.1190 | 18:08:43 | 220.699668 | 359.023357 
 4152.1533 | 08740.1190 | 18:08:44 | 220.699668 | 359.023357 
 4152.1533 | 08740.1190 | 18:08:45 | 220.699668 | 359.023357 
 4152.1533 | 08740.1190 | 18:08:46 | 220.699668 | 359.023357 
 4152.1533 | 08740.1190 | 18:08:47 | 220.699668 | 359.023357 
 4152.1533 | 08740.1190 | 18:08:48 | 220.699668 | 359.023357 
 4152.1533 | 08740.1190 | 18:08:49 | 220.699668 | 359.023357 
 4152.1533 | 08740.1190 | 18:08:50 | 220.699668 | 359.023357 
 4152.1533 | 08740.1190 | 18:08:51 | 220.699668 | 359.023357 
 4152.1533 | 08740.1190 | 18:08:52 | 220.699668 | 359.023357 
 4152.1533 | 08740.1190 | 18:08:53 | 220.699668 | 359.023357 
 4152.1533 | 08740.1190 | 18:08:54 | 220.699668 | 359.023357 
 4152.1518 | 08740.1187 | 18:08:55 | 220.699940 | 359.021633 
 4152.1516 | 08740.1183 | 18:08:56 | 220.700285 | 359.021406 
 4152.1516 | 08740.1181 | 18:08:57 | 220.700457 | 359.021407 
 4152.1517 | 08740.1180 | 18:08:58 | 220.700542 | 359.021523 
 4152.1516 | 08740.1180 | 18:08:59 | 220.700543 | 359.021408 
 4152.1516 | 08740.1180 | 18:09:00 | 220.700543 | 359.021408 
 4152.1514 | 08740.1172 | 18:09:01 | 220.701233 | 359.021183 
 4152.1512 | 08740.1165 | 18:09:02 | 220.701836 | 359.020958 
 4152.1510 | 08740.1158 | 18:09:03 | 220.702440 | 359.020732 
 4152.1509 | 08740.1152 | 18:09:04 | 220.702957 | 359.020621 
 4152.1507 | 08740.1153 | 18:09:05 | 220.702872 | 359.020391 
 4152.1506 | 08740.1152 | 18:09:06 | 220.702959 | 359.020276 
 4152.1506 | 08740.1151 | 18:09:07 | 220.703045 | 359.020277 
 4152.1504 | 08740.1148 | 18:09:08 | 220.703305 | 359.020049 
 4152.1503 | 08740.1144 | 18:09:09 | 220.703650 | 359.019937 
 4152.1502 | 08740.1140 | 18:09:10 | 220.703995 | 359.019824 
 4152.1511 | 08740.1138 | 18:09:11 | 220.704159 | 359.020861 
 4152.1514 | 08740.1135 | 18:09:12 | 220.704414 | 359.021208 
 4152.1510 | 08740.1140 | 18:09:13 | 220.703988 | 359.020744 
 4152.1510 | 08740.1140 | 18:09:14 | 220.703988 | 359.020744 
 4152.1510 | 08740.1140 | 18:09:15 | 220.703988 | 359.020744 
 4152.1510 | 08740.1140 | 18:09:16 | 220.703988 | 359.020744 
 4152.1510 | 08740.1140 | 18:09:17 | 220.703988 | 359.020744 
 4152.1510 | 08740.1140 | 18:09:18 | 220.703988 | 359.020744 
 4152.1510 | 08740.1140 | 18:09:19 | 220.703988 | 359.020744 
 4152.1510 | 08740.1140 | 18:09:20 | 220.703988 | 359.020744 
 4152.1510 | 08740.1140 | 18:09:21 | 220.703988 | 359.020744 
 4152.1510 | 08740.1140 | 18:09:22 | 220.703988 | 359.020744 
 4152.1510 | 08740.1140 | 18:09:23 | 220.703988 | 359.020744 
 4152.1510 | 08740.1140 | 18:09:24 | 220.703988 | 359.020744 
 4152.1510 | 08740.1140 | 18:09:25 | 220.703988 | 359.020744 
 4152.1510 | 08740.1140 | 18:09:26 | 220.703988 | 359.020744 
 4152.1510 | 08740.1140 | 18:09:27 | 220.703988 | 359.020744 
 4152.1510 | 08740.1140 | 18:09:28 | 220.703988 | 359.020744 
 4152.1510 | 08740.1140 | 18:09:29 | 220.703988 | 359.020744 
 4152.1510 | 08740.1140 | 18:09:30 | 220.703988 | 359.020744 
 4152.1510 | 08740.1140 | 18:09:31 | 220.703988 | 359.020744 
 4152.1510 | 08740.1140 | 18:09:32 | 220.703988 | 359.020744 
 4152.1510 | 08740.1140 | 18:09:33 | 220.703988 | 359.020744 
 4152.1510 | 08740.1140 | 18:09:34 | 220.703988 | 359.020744 
 4152.1510 | 08740.1140 | 18:09:35 | 220.703988 | 359.020744 
 4152.1510 | 08740.1140 | 18:09:36 | 220.703988 | 359.020744 
 4152.1510 | 08740.1140 | 18:09:37 | 220.703988 | 359.020744 
 4152.1510 | 08740.1140 | 18:09:38 | 220.703988 | 359.020744 
 4152.1510 | 08740.1140 | 18:09:39 | 220.703988 | 359.020744 
 4152.1510 | 08740.1140 | 18:09:40 | 220.703988 | 359.020744 
 4152.1510 | 08740.1140 | 18:09:41 | 220.703988 | 359.020744 
 4152.1510 | 08740.1140 | 18:09:42 | 220.703988 | 359.020744 
 4152.1510 | 08740.1140 | 18:09:43 | 220.703988 | 359.020744 
 4152.1510 | 08740.1140 | 18:09:44 | 220.703988 | 359.020744 
 4152.1510 | 08740.1140 | 18:09:45 | 220.703988 | 359.020744 
 4152.1510 | 08740.1140 | 18:09:46 | 220.703988 | 359.020744 
 4152.1510 | 08740.1140 | 18:09:47 | 220.703988 | 359.020744 
 4152.1510 | 08740.1140 | 18:09:48 | 220.703988 | 359.020744 
 4152.1510 | 08740.1140 | 18:09:49 | 220.703988 | 359.020744 
 4152.1510 | 08740.1140 | 18:09:50 | 220.703988 | 359.020744 
 4152.1510 | 08740.1140 | 18:09:51 | 220.703988 | 359.020744 
 4152.1510 | 08740.1140 | 18:09:52 | 220.703988 | 359.020744 
 4152.1510 | 08740.1140 | 18:09:53 | 220.703988 | 359.020744 
 4152.1510 | 08740.1140 | 18:09:54 | 220.703988 | 359.020744 
 4152.1515 | 08740.1130 | 18:09:55 | 220.704843 | 359.021326 
 4152.1519 | 08740.1130 | 18:09:56 | 220.704839 | 359.021786 
 4152.1524 | 08740.1129 | 18:09:57 | 220.704921 | 359.022362 
 4152.1515 | 08740.1128 | 18:09:59 | 220.705015 | 359.021328 
 4152.1512 | 08740.1125 | 18:10:00 | 220.705275 | 359.020984 
 4152.1512 | 08740.1125 | 18:10:01 | 220.705275 | 359.020984 
