 4147.9393 | 08804.4625 | 11:07:32 | 199.784803 | 354.063659 
 4147.9393 | 08804.4625 | 11:07:43 | 199.784803 | 354.063659 
 4147.9393 | 08804.4625 | 11:07:45 | 199.784803 | 354.063659 
 4147.9386 | 08804.4705 | 11:07:47 | 199.777920 | 354.062833 
 4147.9379 | 08804.4712 | 11:07:50 | 199.777320 | 354.062026 
 4147.9380 | 08804.4711 | 11:07:51 | 199.777406 | 354.062141 
 4147.9380 | 08804.4715 | 11:07:52 | 199.777061 | 354.062140 
 4147.9381 | 08804.4716 | 11:07:53 | 199.776975 | 354.062255 
 4147.9381 | 08804.4716 | 11:07:54 | 199.776975 | 354.062255 
 4147.9381 | 08804.4716 | 11:07:55 | 199.776975 | 354.062255 
 4147.9381 | 08804.4716 | 11:07:56 | 199.776975 | 354.062255 
 4147.9381 | 08804.4716 | 11:07:57 | 199.776975 | 354.062255 
 4147.9381 | 08804.4716 | 11:07:58 | 199.776975 | 354.062255 
 4147.9381 | 08804.4716 | 11:07:59 | 199.776975 | 354.062255 
 4147.9390 | 08804.4736 | 11:08:00 | 199.775251 | 354.063285 
 4147.9394 | 08804.4739 | 11:08:01 | 199.774991 | 354.063744 
 4147.9397 | 08804.4744 | 11:08:02 | 199.774560 | 354.064088 
 4147.9386 | 08804.4775 | 11:08:03 | 199.771895 | 354.062815 
 4147.9359 | 08804.4785 | 11:08:04 | 199.771044 | 354.059707 
 4147.9341 | 08804.4798 | 11:08:05 | 199.769931 | 354.057633 
 4147.9324 | 08804.4811 | 11:08:06 | 199.768818 | 354.055674 
 4147.9282 | 08804.4797 | 11:08:07 | 199.770038 | 354.050847 
 4147.9245 | 08804.4800 | 11:08:08 | 199.769792 | 354.046590 
 4147.9209 | 08804.4795 | 11:08:09 | 199.770235 | 354.042451 
 4147.9181 | 08804.4795 | 11:08:10 | 199.770245 | 354.039230 
 4147.9157 | 08804.4784 | 11:08:11 | 199.771200 | 354.036472 
 4147.9138 | 08804.4778 | 11:08:12 | 199.771723 | 354.034288 
 4147.9127 | 08804.4775 | 11:08:13 | 199.771985 | 354.033024 
 4147.9121 | 08804.4773 | 11:08:14 | 199.772159 | 354.032334 
 4147.9114 | 08804.4771 | 11:08:15 | 199.772334 | 354.031530 
 4147.9101 | 08804.4769 | 11:08:16 | 199.772510 | 354.030035 
 4147.9083 | 08804.4768 | 11:08:17 | 199.772603 | 354.027965 
 4147.9063 | 08804.4765 | 11:08:18 | 199.772868 | 354.025665 
 4147.9046 | 08804.4762 | 11:08:19 | 199.773132 | 354.023710 
 4147.9032 | 08804.4758 | 11:08:20 | 199.773481 | 354.022101 
 4147.9019 | 08804.4752 | 11:08:21 | 199.774002 | 354.020607 
 4147.9024 | 08804.4736 | 11:08:22 | 199.775377 | 354.021187 
 4147.9023 | 08804.4722 | 11:08:23 | 199.776583 | 354.021075 
 4147.9003 | 08804.4641 | 11:08:24 | 199.783561 | 354.018796 
 4147.9026 | 08804.4589 | 11:08:25 | 199.788029 | 354.021455 
 4147.9040 | 08804.4527 | 11:08:26 | 199.793360 | 354.023081 
 4147.9062 | 08804.4468 | 11:08:27 | 199.798431 | 354.025627 
 4147.9081 | 08804.4405 | 11:08:28 | 199.803847 | 354.027829 
 4147.9098 | 08804.4342 | 11:08:29 | 199.809263 | 354.029800 
 4147.9114 | 08804.4281 | 11:08:30 | 199.814508 | 354.031657 
 4147.9127 | 08804.4223 | 11:08:31 | 199.819496 | 354.033167 
 4147.9138 | 08804.4174 | 11:08:32 | 199.823709 | 354.034445 
 4147.9146 | 08804.4133 | 11:08:33 | 199.827235 | 354.035376 
 4147.9151 | 08804.4103 | 11:08:34 | 199.829816 | 354.035959 
 4147.9155 | 08804.4083 | 11:08:35 | 199.831536 | 354.036424 
 4147.9161 | 08804.4056 | 11:08:36 | 199.833857 | 354.037121 
 4147.9169 | 08804.4019 | 11:08:37 | 199.837039 | 354.038051 
 4147.9178 | 08804.3973 | 11:08:38 | 199.840995 | 354.039098 
 4147.9189 | 08804.3917 | 11:08:39 | 199.845811 | 354.040378 
 4147.9201 | 08804.3856 | 11:08:40 | 199.851057 | 354.041774 
 4147.9212 | 08804.3790 | 11:08:41 | 199.856734 | 354.043057 
 4147.9224 | 08804.3723 | 11:08:42 | 199.862497 | 354.044454 
 4147.9234 | 08804.3650 | 11:08:43 | 199.868776 | 354.045624 
 4147.9245 | 08804.3580 | 11:08:44 | 199.874797 | 354.046907 
 4147.9256 | 08804.3515 | 11:08:45 | 199.880388 | 354.048190 
 4147.9269 | 08804.3454 | 11:08:46 | 199.885634 | 354.049701 
 4147.9278 | 08804.3401 | 11:08:47 | 199.890192 | 354.050750 
 4147.9286 | 08804.3361 | 11:08:48 | 199.893632 | 354.051680 
 4147.9290 | 08804.3336 | 11:08:49 | 199.895783 | 354.052147 
 4147.9297 | 08804.3319 | 11:08:50 | 199.897243 | 354.052957 
 4147.9303 | 08804.3301 | 11:08:51 | 199.898791 | 354.053652 
 4147.9310 | 08804.3277 | 11:08:52 | 199.900854 | 354.054463 
 4147.9315 | 08804.3250 | 11:08:53 | 199.903176 | 354.055045 
 4147.9319 | 08804.3226 | 11:08:54 | 199.905240 | 354.055512 
 4147.9322 | 08804.3209 | 11:08:55 | 199.906702 | 354.055861 
 4147.9324 | 08804.3198 | 11:08:56 | 199.907648 | 354.056094 
 4147.9327 | 08804.3189 | 11:08:57 | 199.908422 | 354.056441 
 4147.9334 | 08804.3179 | 11:08:58 | 199.909280 | 354.057249 
 4147.9351 | 08804.3180 | 11:08:59 | 199.909188 | 354.059204 
 4147.9366 | 08804.3188 | 11:09:00 | 199.908494 | 354.060928 
 4147.9378 | 08804.3203 | 11:09:01 | 199.907199 | 354.062304 
 4147.9390 | 08804.3218 | 11:09:02 | 199.905904 | 354.063680 
 4147.9404 | 08804.3244 | 11:09:03 | 199.903661 | 354.065284 
 4147.9417 | 08804.3273 | 11:09:04 | 199.901161 | 354.066771 
 4147.9429 | 08804.3305 | 11:09:05 | 199.898402 | 354.068143 
 4147.9436 | 08804.3336 | 11:09:06 | 199.895732 | 354.068940 
 4147.9439 | 08804.3365 | 11:09:07 | 199.893235 | 354.069278 
 4147.9438 | 08804.3395 | 11:09:08 | 199.890653 | 354.069155 
 4147.9435 | 08804.3421 | 11:09:09 | 199.888416 | 354.068803 
 4147.9434 | 08804.3446 | 11:09:10 | 199.886265 | 354.068682 
 4147.9434 | 08804.3472 | 11:09:11 | 199.884027 | 354.068675 
 4147.9430 | 08804.3503 | 11:09:12 | 199.881360 | 354.068207 
 4147.9429 | 08804.3537 | 11:09:13 | 199.878434 | 354.068083 
 4147.9426 | 08804.3578 | 11:09:14 | 199.874906 | 354.067727 
 4147.9426 | 08804.3626 | 11:09:15 | 199.870775 | 354.067714 
 4147.9425 | 08804.3678 | 11:09:16 | 199.866300 | 354.067586 
 4147.9424 | 08804.3733 | 11:09:17 | 199.861566 | 354.067456 
 4147.9424 | 08804.3788 | 11:09:18 | 199.856833 | 354.067442 
 4147.9423 | 08804.3842 | 11:09:19 | 199.852185 | 354.067313 
 4147.9421 | 08804.3893 | 11:09:20 | 199.847796 | 354.067070 
 4147.9421 | 08804.3936 | 11:09:21 | 199.844095 | 354.067059 
 4147.9418 | 08804.3973 | 11:09:22 | 199.840912 | 354.066704 
 4147.9419 | 08804.4002 | 11:09:23 | 199.838415 | 354.066811 
 4147.9433 | 08804.4026 | 11:09:24 | 199.836345 | 354.068415 
 4147.9449 | 08804.4049 | 11:09:25 | 199.834360 | 354.070250 
 4147.9464 | 08804.4032 | 11:09:26 | 199.835818 | 354.071980 
 4147.9479 | 08804.4026 | 11:09:27 | 199.836329 | 354.073706 
 4147.9489 | 08804.4017 | 11:09:28 | 199.837100 | 354.074859 
 4147.9495 | 08804.4012 | 11:09:29 | 199.837528 | 354.075550 
 4147.9504 | 08804.4011 | 11:09:30 | 199.837611 | 354.076586 
 4147.9515 | 08804.4012 | 11:09:31 | 199.837521 | 354.077851 
 4147.9519 | 08804.4024 | 11:09:32 | 199.836487 | 354.078308 
 4147.9522 | 08804.4035 | 11:09:33 | 199.835539 | 354.078650 
 4147.9516 | 08804.4049 | 11:09:34 | 199.834336 | 354.077956 
 4147.9501 | 08804.4055 | 11:09:35 | 199.833825 | 354.076229 
 4147.9483 | 08804.4060 | 11:09:36 | 199.833401 | 354.074158 
 4147.9467 | 08804.4059 | 11:09:37 | 199.833493 | 354.072318 
 4147.9452 | 08804.4060 | 11:09:38 | 199.833412 | 354.070592 
 4147.9406 | 08804.4043 | 11:09:39 | 199.834891 | 354.065305 
 4147.9374 | 08804.4040 | 11:09:40 | 199.835160 | 354.061625 
 4147.9341 | 08804.4037 | 11:09:41 | 199.835430 | 354.057830 
 4147.9298 | 08804.4021 | 11:09:42 | 199.836822 | 354.052889 
 4147.9273 | 08804.4023 | 11:09:43 | 199.836659 | 354.050012 
 4147.9258 | 08804.4022 | 11:09:44 | 199.836750 | 354.048287 
 4147.9251 | 08804.4021 | 11:09:45 | 199.836839 | 354.047482 
 4147.9248 | 08804.4019 | 11:09:46 | 199.837012 | 354.047138 
 4147.9245 | 08804.4019 | 11:09:47 | 199.837013 | 354.046793 
 4147.9238 | 08804.4018 | 11:09:48 | 199.837101 | 354.045988 
 4147.9227 | 08804.4016 | 11:09:49 | 199.837277 | 354.044723 
 4147.9204 | 08804.3997 | 11:09:50 | 199.838921 | 354.042083 
 4147.9201 | 08804.3952 | 11:09:51 | 199.842795 | 354.041749 
 4147.9201 | 08804.3909 | 11:09:52 | 199.846496 | 354.041760 
 4147.9204 | 08804.3870 | 11:09:53 | 199.849851 | 354.042116 
 4147.9210 | 08804.3826 | 11:09:54 | 199.853636 | 354.042817 
 4147.9217 | 08804.3779 | 11:09:55 | 199.857679 | 354.043635 
 4147.9225 | 08804.3729 | 11:09:56 | 199.861980 | 354.044568 
 4147.9234 | 08804.3678 | 11:09:57 | 199.866366 | 354.045616 
 4147.9248 | 08804.3626 | 11:09:58 | 199.870837 | 354.047240 
 4147.9261 | 08804.3577 | 11:09:59 | 199.875050 | 354.048748 
 4147.9271 | 08804.3533 | 11:10:00 | 199.878834 | 354.049910 
 4147.9278 | 08804.3493 | 11:10:01 | 199.882274 | 354.050726 
 4147.9284 | 08804.3455 | 11:10:02 | 199.885543 | 354.051426 
 4147.9293 | 08804.3419 | 11:10:03 | 199.888638 | 354.052470 
 4147.9299 | 08804.3380 | 11:10:04 | 199.891992 | 354.053171 
 4147.9306 | 08804.3351 | 11:10:05 | 199.894486 | 354.053984 
 4147.9312 | 08804.3329 | 11:10:06 | 199.896378 | 354.054679 
 4147.9318 | 08804.3308 | 11:10:07 | 199.898183 | 354.055375 
 4147.9321 | 08804.3280 | 11:10:08 | 199.900592 | 354.055727 
 4147.9327 | 08804.3251 | 11:10:09 | 199.903086 | 354.056425 
 4147.9333 | 08804.3220 | 11:10:10 | 199.905752 | 354.057123 
 4147.9341 | 08804.3186 | 11:10:11 | 199.908675 | 354.058052 
 4147.9348 | 08804.3149 | 11:10:12 | 199.911857 | 354.058867 
 4147.9352 | 08804.3111 | 11:10:13 | 199.915127 | 354.059337 
 4147.9352 | 08804.3073 | 11:10:14 | 199.918397 | 354.059347 
 4147.9350 | 08804.3036 | 11:10:15 | 199.921583 | 354.059127 
 4147.9328 | 08804.3007 | 11:10:16 | 199.924086 | 354.056604 
 4147.9302 | 08804.2983 | 11:10:17 | 199.926161 | 354.053620 
 4147.9272 | 08804.2959 | 11:10:18 | 199.928237 | 354.050175 
 4147.9242 | 08804.2960 | 11:10:19 | 199.928162 | 354.046724 
 4147.9212 | 08804.2968 | 11:10:20 | 199.927484 | 354.043272 
 4147.9177 | 08804.2970 | 11:10:21 | 199.927324 | 354.039245 
 4147.9152 | 08804.2966 | 11:10:22 | 199.927677 | 354.036371 
 4147.9126 | 08804.2955 | 11:10:23 | 199.928633 | 354.033383 
 4147.9124 | 08804.2927 | 11:10:24 | 199.931043 | 354.033160 
 4147.9123 | 08804.2905 | 11:10:25 | 199.932937 | 354.033051 
 4147.9124 | 08804.2877 | 11:10:26 | 199.935347 | 354.033173 
 4147.9125 | 08804.2849 | 11:10:27 | 199.937756 | 354.033296 
 4147.9131 | 08804.2841 | 11:10:28 | 199.938443 | 354.033988 
 4147.9132 | 08804.2828 | 11:10:29 | 199.939561 | 354.034106 
 4147.9133 | 08804.2817 | 11:10:30 | 199.940508 | 354.034224 
 4147.9135 | 08804.2805 | 11:10:31 | 199.941540 | 354.034458 
 4147.9138 | 08804.2788 | 11:10:32 | 199.943002 | 354.034807 
 4147.9141 | 08804.2764 | 11:10:33 | 199.945067 | 354.035158 
 4147.9144 | 08804.2738 | 11:10:34 | 199.947304 | 354.035510 
 4147.9148 | 08804.2712 | 11:10:35 | 199.949540 | 354.035977 
 4147.9150 | 08804.2690 | 11:10:36 | 199.951433 | 354.036213 
 4147.9150 | 08804.2676 | 11:10:37 | 199.952638 | 354.036217 
 4147.9150 | 08804.2669 | 11:10:38 | 199.953240 | 354.036219 
 4147.9149 | 08804.2667 | 11:10:39 | 199.953413 | 354.036104 
 4147.9153 | 08804.2667 | 11:10:40 | 199.953411 | 354.036564 
 4147.9155 | 08804.2663 | 11:10:41 | 199.953755 | 354.036795 
 4147.9157 | 08804.2654 | 11:10:42 | 199.954529 | 354.037028 
 4147.9163 | 08804.2643 | 11:10:43 | 199.955474 | 354.037721 
 4147.9175 | 08804.2653 | 11:10:44 | 199.954609 | 354.039098 
 4147.9177 | 08804.2653 | 11:10:45 | 199.954608 | 354.039328 
 4147.9178 | 08804.2657 | 11:10:46 | 199.954263 | 354.039442 
 4147.9172 | 08804.2655 | 11:10:47 | 199.954438 | 354.038753 
 4147.9171 | 08804.2662 | 11:10:48 | 199.953835 | 354.038636 
 4147.9169 | 08804.2666 | 11:10:49 | 199.953492 | 354.038405 
 4147.9167 | 08804.2670 | 11:10:50 | 199.953148 | 354.038174 
 4147.9181 | 08804.2671 | 11:10:51 | 199.953057 | 354.039784 
 4147.9191 | 08804.2675 | 11:10:52 | 199.952709 | 354.040933 
 4147.9199 | 08804.2676 | 11:10:53 | 199.952621 | 354.041853 
 4147.9200 | 08804.2678 | 11:10:54 | 199.952448 | 354.041967 
 4147.9197 | 08804.2682 | 11:10:55 | 199.952105 | 354.041621 
 4147.9196 | 08804.2682 | 11:10:56 | 199.952105 | 354.041506 
 4147.9196 | 08804.2682 | 11:10:57 | 199.952105 | 354.041506 
 4147.9196 | 08804.2682 | 11:10:58 | 199.952105 | 354.041506 
 4147.9196 | 08804.2682 | 11:10:59 | 199.952105 | 354.041506 
 4147.9196 | 08804.2682 | 11:11:00 | 199.952105 | 354.041506 
 4147.9196 | 08804.2682 | 11:11:01 | 199.952105 | 354.041506 
 4147.9196 | 08804.2682 | 11:11:02 | 199.952105 | 354.041506 
 4147.9196 | 08804.2682 | 11:11:03 | 199.952105 | 354.041506 
 4147.9196 |