 4146.7456 | 08808.9096 | 12:01:56 | 195.960162 | 352.680752 
 4146.7428 | 08808.9078 | 12:02:08 | 195.961719 | 352.677534 
 4146.7408 | 08808.9095 | 12:02:09 | 195.960260 | 352.675231 
 4146.7395 | 08808.9097 | 12:02:10 | 195.960091 | 352.673735 
 4146.7380 | 08808.9096 | 12:02:11 | 195.960181 | 352.672010 
 4146.7365 | 08808.9096 | 12:02:12 | 195.960185 | 352.670285 
 4146.7348 | 08808.9097 | 12:02:13 | 195.960103 | 352.668329 
 4146.7332 | 08808.9096 | 12:02:14 | 195.960193 | 352.666489 
 4146.7316 | 08808.9095 | 12:02:15 | 195.960283 | 352.664649 
 4146.7298 | 08808.9095 | 12:02:16 | 195.960287 | 352.662578 
 4146.7282 | 08808.9097 | 12:02:17 | 195.960119 | 352.660737 
 4146.7267 | 08808.9099 | 12:02:18 | 195.959951 | 352.659012 
 4146.7253 | 08808.9103 | 12:02:19 | 195.959610 | 352.657401 
 4146.7238 | 08808.9105 | 12:02:20 | 195.959441 | 352.655675 
 4146.7223 | 08808.9107 | 12:02:21 | 195.959273 | 352.653949 
 4146.7208 | 08808.9110 | 12:02:22 | 195.959018 | 352.652223 
 4146.7193 | 08808.9113 | 12:02:23 | 195.958764 | 352.650498 
 4146.7184 | 08808.9100 | 12:02:24 | 195.959885 | 352.649465 
 4146.7164 | 08808.9071 | 12:02:26 | 195.962387 | 352.647170 
 4146.7151 | 08808.9069 | 12:02:27 | 195.962562 | 352.645675 
 4146.7157 | 08808.8898 | 12:02:28 | 195.977283 | 352.646397 
 4146.7209 | 08808.8842 | 12:02:29 | 195.982092 | 352.652388 
 4146.7213 | 08808.8797 | 12:02:30 | 195.985965 | 352.652857 
 4146.7216 | 08808.8754 | 12:02:31 | 195.989667 | 352.653210 
 4146.7219 | 08808.8719 | 12:02:32 | 195.992679 | 352.653561 
 4146.7222 | 08808.8688 | 12:02:33 | 195.995347 | 352.653912 
 4146.7221 | 08808.8658 | 12:02:34 | 195.997931 | 352.653803 
 4146.7220 | 08808.8637 | 12:02:35 | 195.999739 | 352.653691 
 4146.7221 | 08808.8617 | 12:02:36 | 196.001461 | 352.653810 
 4146.7203 | 08808.8615 | 12:02:37 | 196.001637 | 352.651740 
 4146.7194 | 08808.8609 | 12:02:38 | 196.002156 | 352.650706 
 4146.7187 | 08808.8601 | 12:02:39 | 196.002846 | 352.649902 
 4146.7180 | 08808.8592 | 12:02:40 | 196.003623 | 352.649099 
 4146.7175 | 08808.8583 | 12:02:41 | 196.004399 | 352.648525 
 4146.7174 | 08808.8578 | 12:02:42 | 196.004830 | 352.648411 
 4146.7169 | 08808.8569 | 12:02:43 | 196.005606 | 352.647838 
 4146.7167 | 08808.8563 | 12:02:44 | 196.006123 | 352.647609 
 4146.7163 | 08808.8555 | 12:02:45 | 196.006813 | 352.647150 
 4146.7160 | 08808.8540 | 12:02:46 | 196.008105 | 352.646808 
 4146.7155 | 08808.8528 | 12:02:47 | 196.009139 | 352.646235 
 4146.7149 | 08808.8520 | 12:02:48 | 196.009830 | 352.645547 
 4146.7145 | 08808.8513 | 12:02:49 | 196.010433 | 352.645088 
 4146.7140 | 08808.8506 | 12:02:50 | 196.011037 | 352.644514 
 4146.7137 | 08808.8499 | 12:02:51 | 196.011641 | 352.644170 
 4146.7133 | 08808.8493 | 12:02:52 | 196.012158 | 352.643711 
 4146.7130 | 08808.8487 | 12:02:53 | 196.012676 | 352.643367 
 4146.7128 | 08808.8481 | 12:02:54 | 196.013193 | 352.643138 
 4146.7133 | 08808.8477 | 12:02:55 | 196.013536 | 352.643714 
 4146.7144 | 08808.8476 | 12:02:56 | 196.013619 | 352.644980 
 4146.7148 | 08808.8472 | 12:02:57 | 196.013963 | 352.645440 
 4146.7148 | 08808.8469 | 12:02:58 | 196.014221 | 352.645441 
 4146.7161 | 08808.8471 | 12:02:59 | 196.014046 | 352.646936 
 4146.7166 | 08808.8470 | 12:03:00 | 196.014130 | 352.647511 
 4146.7170 | 08808.8472 | 12:03:01 | 196.013957 | 352.647971 
 4146.7176 | 08808.8474 | 12:03:02 | 196.013783 | 352.648661 
 4146.7184 | 08808.8478 | 12:03:03 | 196.013437 | 352.649580 
 4146.7193 | 08808.8483 | 12:03:04 | 196.013004 | 352.650614 
 4146.7201 | 08808.8489 | 12:03:05 | 196.012486 | 352.651533 
 4146.7226 | 08808.8511 | 12:03:06 | 196.010585 | 352.654405 
 4146.7257 | 08808.8542 | 12:03:07 | 196.007909 | 352.657965 
 4146.7262 | 08808.8542 | 12:03:08 | 196.007908 | 352.658540 
 4146.7244 | 08808.8519 | 12:03:09 | 196.009892 | 352.656474 
 4146.7244 | 08808.8521 | 12:03:10 | 196.009720 | 352.656474 
 4146.7230 | 08808.8505 | 12:03:11 | 196.011101 | 352.654866 
 4146.7223 | 08808.8492 | 12:03:12 | 196.012222 | 352.654063 
 4146.7223 | 08808.8492 | 12:03:13 | 196.012222 | 352.654063 
 4146.7223 | 08808.8492 | 12:03:14 | 196.012222 | 352.654063 
 4146.7223 | 08808.8492 | 12:03:15 | 196.012222 | 352.654063 
 4146.7223 | 08808.8492 | 12:03:16 | 196.012222 | 352.654063 
 4146.7223 | 08808.8492 | 12:03:17 | 196.012222 | 352.654063 
 4146.7223 | 08808.8492 | 12:03:18 | 196.012222 | 352.654063 
 4146.7243 | 08808.8513 | 12:03:19 | 196.010409 | 352.656360 
 4146.7237 | 08808.8495 | 12:03:20 | 196.011960 | 352.655673 
 4146.7227 | 08808.8561 | 12:03:21 | 196.006280 | 352.654511 
 4146.7225 | 08808.8576 | 12:03:22 | 196.004989 | 352.654278 
 4146.7227 | 08808.8564 | 12:03:23 | 196.006022 | 352.654510 
 4146.7230 | 08808.8550 | 12:03:24 | 196.007227 | 352.654858 
 4146.7232 | 08808.8532 | 12:03:25 | 196.008776 | 352.655091 
 4146.7252 | 08808.8500 | 12:03:26 | 196.011526 | 352.657398 
 4146.7270 | 08808.8468 | 12:03:27 | 196.014277 | 352.659474 
 4146.7343 | 08808.8500 | 12:03:28 | 196.011503 | 352.667865 
 4146.7394 | 08808.8503 | 12:03:29 | 196.011233 | 352.673730 
 4146.7448 | 08808.8500 | 12:03:30 | 196.011477 | 352.679942 
 4146.7505 | 08808.8502 | 12:03:31 | 196.011291 | 352.686498 
 4146.7567 | 08808.8503 | 12:03:32 | 196.011190 | 352.693629 
 4146.7634 | 08808.8504 | 12:03:33 | 196.011087 | 352.701335 
 4146.7706 | 08808.8505 | 12:03:34 | 196.010983 | 352.709617 
 4146.7780 | 08808.8504 | 12:03:35 | 196.011050 | 352.718129 
 4146.8001 | 08808.8499 | 12:03:38 | 196.011426 | 352.743550 
 4146.8065 | 08808.8481 | 12:03:39 | 196.012960 | 352.750914 
 4146.8130 | 08808.8455 | 12:03:40 | 196.015182 | 352.758396 
 4146.8190 | 08808.8463 | 12:03:41 | 196.014478 | 352.765296 
 4146.8238 | 08808.8460 | 12:03:42 | 196.014725 | 352.770817 
 4146.8284 | 08808.8444 | 12:03:43 | 196.016091 | 352.776111 
 4146.8320 | 08808.8443 | 12:03:44 | 196.016168 | 352.780252 
 4146.8349 | 08808.8442 | 12:03:45 | 196.016247 | 352.783588 
 4146.8369 | 08808.8440 | 12:03:46 | 196.016414 | 352.785889 
 4146.8383 | 08808.8438 | 12:03:47 | 196.016583 | 352.787500 
 4146.8389 | 08808.8441 | 12:03:48 | 196.016323 | 352.788189 
 4146.8393 | 08808.8444 | 12:03:49 | 196.016064 | 352.788649 
 4146.8397 | 08808.8446 | 12:03:50 | 196.015891 | 352.789109 
 4146.8408 | 08808.8445 | 12:03:51 | 196.015974 | 352.790374 
 4146.8429 | 08808.8447 | 12:03:52 | 196.015797 | 352.792789 
 4146.8452 | 08808.8450 | 12:03:53 | 196.015533 | 352.795434 
 4146.8476 | 08808.8449 | 12:03:54 | 196.015613 | 352.798195 
 4146.8502 | 08808.8448 | 12:03:55 | 196.015692 | 352.801186 
 4146.8532 | 08808.8448 | 12:03:56 | 196.015685 | 352.804636 
 4146.8565 | 08808.8449 | 12:03:57 | 196.015590 | 352.808432 
 4146.8599 | 08808.8449 | 12:03:58 | 196.015582 | 352.812343 
 4146.8630 | 08808.8444 | 12:03:59 | 196.016005 | 352.815909 
 4146.8658 | 08808.8435 | 12:04:00 | 196.016773 | 352.819131 
 4146.8674 | 08808.8434 | 12:04:01 | 196.016855 | 352.820972 
 4146.8692 | 08808.8428 | 12:04:02 | 196.017367 | 352.823044 
 4146.8708 | 08808.8345 | 12:04:03 | 196.024509 | 352.824899 
 4146.8684 | 08808.8259 | 12:04:04 | 196.031919 | 352.822155 
 4146.8680 | 08808.8190 | 12:04:05 | 196.037860 | 352.821708 
 4146.8676 | 08808.8121 | 12:04:06 | 196.043801 | 352.821260 
 4146.8673 | 08808.8051 | 12:04:07 | 196.049829 | 352.820928 
 4146.8670 | 08808.7980 | 12:04:08 | 196.055942 | 352.820597 
 4146.8664 | 08808.7904 | 12:04:09 | 196.062487 | 352.819921 
 4146.8659 | 08808.7828 | 12:04:10 | 196.069031 | 352.819360 
 4146.8654 | 08808.7750 | 12:04:11 | 196.075748 | 352.818799 
 4146.8649 | 08808.7669 | 12:04:12 | 196.082722 | 352.818239 
 4146.8645 | 08808.7586 | 12:04:13 | 196.089869 | 352.817795 
 4146.8640 | 08808.7499 | 12:04:14 | 196.097361 | 352.817236 
 4146.8636 | 08808.7411 | 12:04:15 | 196.104938 | 352.816792 
 4146.8633 | 08808.7323 | 12:04:16 | 196.112515 | 352.816464 
 4146.8629 | 08808.7237 | 12:04:17 | 196.119920 | 352.816020 
 4146.8624 | 08808.7151 | 12:04:18 | 196.127325 | 352.815461 
 4146.8619 | 08808.7065 | 12:04:19 | 196.134730 | 352.814902 
 4146.8614 | 08808.6980 | 12:04:20 | 196.142050 | 352.814343 
 4146.8609 | 08808.6892 | 12:04:21 | 196.149627 | 352.813785 
 4146.8604 | 08808.6806 | 12:04:22 | 196.157032 | 352.813226 
 4146.8599 | 08808.6720 | 12:04:23 | 196.164438 | 352.812667 
 4146.8594 | 08808.6635 | 12:04:24 | 196.171757 | 352.812108 
 4146.8589 | 08808.6549 | 12:04:25 | 196.179162 | 352.811549 
 4146.8585 | 08808.6460 | 12:04:26 | 196.186825 | 352.811106 
 4146.8580 | 08808.6366 | 12:04:27 | 196.194920 | 352.810548 
 4146.8574 | 08808.6269 | 12:04:28 | 196.203272 | 352.809877 
 4146.8569 | 08808.6168 | 12:04:29 | 196.211969 | 352.809321 
 4146.8565 | 08808.6070 | 12:04:30 | 196.220407 | 352.808879 
 4146.8560 | 08808.5973 | 12:04:31 | 196.228759 | 352.808323 
 4146.8556 | 08808.5881 | 12:04:32 | 196.236681 | 352.807880 
 4146.8552 | 08808.5790 | 12:04:33 | 196.244517 | 352.807437 
 4146.8549 | 08808.5701 | 12:04:34 | 196.252180 | 352.807109 
 4146.8545 | 08808.5615 | 12:04:35 | 196.259585 | 352.806665 
 4146.8541 | 08808.5531 | 12:04:36 | 196.266818 | 352.806221 
 4146.8538 | 08808.5452 | 12:04:37 | 196.273620 | 352.805891 
 4146.8534 | 08808.5381 | 12:04:38 | 196.279733 | 352.805445 
 4146.8531 | 08808.5322 | 12:04:39 | 196.284814 | 352.805111 
 4146.8531 | 08808.5272 | 12:04:40 | 196.289118 | 352.805121 
 4146.8535 | 08808.5225 | 12:04:41 | 196.293164 | 352.805590 
 4146.8542 | 08808.5182 | 12:04:42 | 196.296864 | 352.806403 
 4146.8548 | 08808.5137 | 12:04:43 | 196.300737 | 352.807102 
 4146.8554 | 08808.5091 | 12:04:44 | 196.304695 | 352.807801 
 4146.8559 | 08808.5044 | 12:04:45 | 196.308741 | 352.808385 
 4146.8510 | 08808.5066 | 12:04:46 | 196.306859 | 352.802745 
 4146.8502 | 08808.5028 | 12:04:47 | 196.310133 | 352.801832 
 4146.8493 | 08808.4994 | 12:04:48 | 196.313062 | 352.800803 
 4146.8472 | 08808.4899 | 12:04:49 | 196.321246 | 352.798406 
 4146.8457 | 08808.4836 | 12:04:50 | 196.326674 | 352.796693 
 4146.8437 | 08808.4770 | 12:04:51 | 196.332361 | 352.794405 
 4146.8417 | 08808.4701 | 12:04:52 | 196.338307 | 352.792118 
 4146.8397 | 08808.4634 | 12:04:53 | 196.344081 | 352.789830 
 4146.8378 | 08808.4570 | 12:04:54 | 196.349595 | 352.787657 
 4146.8358 | 08808.4501 | 12:04:55 | 196.355541 | 352.785370 
 4146.8381 | 08808.4368 | 12:04:56 | 196.366986 | 352.788041 
 4146.8383 | 08808.4269 | 12:04:57 | 196.375508 | 352.788290 
 4146.8393 | 08808.4191 | 12:04:58 | 196.382221 | 352.789456 
 4146.8386 | 08808.4089 | 12:04:59 | 196.391005 | 352.788670 
 4146.8372 | 08808.3988 | 12:05:00 | 196.399704 | 352.787079 
 4146.8372 | 08808.3887 | 12:05:01 | 196.408399 | 352.787099 
 4146.8373 | 08808.3785 | 12:05:02 | 196.417180 | 352.787234 
 4146.8381 | 08808.3694 | 12:05:03 | 196.425013 | 352.788172 
 4146.8379 | 08808.3595 | 12:05:04 | 196.433537 | 352.787961 
 4146.8376 | 08808.3497 | 12:05:05 | 196.441975 | 352.787635 
 4146.8371 | 08808.3399 | 12:05:06 | 196.450413 | 352.787079 
 4146.8368 | 08808.3302 | 12:05:07 | 196.458765 | 352.786752 
 4146.8365 | 08808.3205 | 12:05:08 | 196.467117 | 352.786426 
 4146.8363 | 08808.3109 | 12:05:09 | 196.475383 | 352.786215 
 4146.8360 | 08808.3014 | 12:05:10 | 196.483562 | 352.785888 
 4146.8357 | 08808.2920 | 12:05:11 | 196.491656 | 352.785562 
 4146.8350 | 08808.2825 | 12:05:12 | 196.499837 | 352.784775 
 4146.8351 | 08808.2747 | 12:05:13 | 196.506552 | 352.784905 
 4146.8345 | 08808.2671 | 12:05:14 | 196.513096 | 352.784230 
 4146.8341 | 08808.2606 | 12:05:15 | 196.518694 | 352.783783 
 4146.8338 | 08808.2554 | 12:05:16 | 196.523171 | 352.783448 
 4146.8338 | 08808.2518 | 12:05:17 | 196.526271 | 352.783455 
 4146.8337 | 08808.2496 | 12:05:18 | 196.528165 | 352.783344 
 4146.8324 | 08808.2483 | 12:05:19 | 196.529288 | 352.781851 
 4146.8318 | 08808.2461 | 12:05:20 | 196.531183 | 352.781166 
 4146.8314 | 08808.2429 | 12:05:21 | 196.533939 | 352.780712 
 4146.8310 | 08808.2394 | 12:05:22 | 196.536954 | 352.780259 
 4146.8314 | 08808.2355 | 12:05:23 | 196.540310 | 352.780726 
 4146.8306 | 08808.2287 | 12:05:24 | 196.546167 | 352.779820 
 4146.8303 | 08808.2226 | 12:05:25 | 196.551419 | 352.779486 
 4146.8305 | 08808.2161 | 12:05:26 | 196.557015 | 352.779729 
 4146.8303 | 08808.2087 | 12:05:27 | 196.563386 | 352.779514 
 4146.8299 | 08808.2006 | 12:05:28 | 196.570361 | 352.779070 
 4146.8293 | 08808.1920 | 12:05:29 | 196.577767 | 352.778396 
 4146.8286 | 08808.1829 | 12:05:30 | 196.585603 | 352.777609 
 4146.8279 | 08808.1737 | 12:05:31 | 196.593526 | 352.776822 
 4146.8272 | 08808.1643 | 12:05:32 | 196.601620 | 352.776036 
 4146.8267 | 08808.1548 | 12:05:33 | 196.609801 | 352.775479 
 4146.8267 | 08808.1452 | 12:05:34 | 196.618066 | 352.775498 
 4146.8268 | 08808.1353 | 12:05:35 | 196.626589 | 352.775633 
 4146.8269 | 08808.1256 | 12:05:36 | 196.634940 | 352.775767 
 4146.8270 | 08808.1158 | 12:05:37 | 196.643377 | 352.775902 
 4146.8277 | 08808.1062 | 12:05:38 | 196.651640 | 352.776726 
 4146.8288 | 08808.0967 | 12:05:39 | 196.659816 | 352.778010 
 4146.8297 | 08808.0872 | 12:05:40 | 196.667992 | 352.779064 
 4146.8308 | 08808.0780 | 12:05:41 | 196.675910 | 352.780347 
 4146.8318 | 08808.0689 | 12:05:42 | 196.683742 | 352.781516 
 4146.8359 | 08808.0591 | 12:05:43 | 196.692168 | 352.786251 
 4146.8406 | 08808.0480 | 12:05:44 | 196.701712 | 352.791679 
 4146.8448 | 08808.0375 | 12:05:45 | 196.710741 | 352.796531 
 4146.8509 | 08808.0297 | 12:05:46 | 196.717440 | 352.803563 
 4146.8551 | 08808.0204 | 12:05:47 | 196.725435 | 352.808413 
 4146.8593 | 08808.0111 | 12:05:48 | 196.733431 | 352.813262 
 4146.8633 | 08808.0021 | 12:05:49 | 196.741169 | 352.817881 
 4146.8664 | 08807.9943 | 12:05:50 | 196.747876 | 352.821463 
 4146.8730 | 08807.9767 | 12:05:52 | 196.763010 | 352.829089 
 4146.8764 | 08807.9675 | 12:05:53 | 196.770922 | 352.833019 
 4146.8805 | 08807.9594 | 12:05:54 | 196.777884 | 352.837751 
 4146.8845 | 08807.9510 | 12:05:55 | 196.785105 | 352.842369 
 4146.8882 | 08807.9424 | 12:05:56 | 196.792499 | 352.846642 
 4146.8916 | 08807.9337 | 12:05:57 | 196.799980 | 352.850570 
 4146.8953 | 08807.9250 | 12:05:58 | 196.807461 | 352.854843 
 4146.8988 | 08807.9163 | 12:05:59 | 196.814941 | 352.858887 
 4146.9058 | 08807.9103 | 12:06:00 | 196.820088 | 352.866950 
 4146.9098 | 08807.9020 | 12:06:01 | 196.827223 | 352.871568 
 4146.9138 | 08807.8937 | 12:06:02 | 196.834358 | 352.876186 
 4146.9178 | 08807.8856 | 12:06:03 | 196.841320 | 352.880803 
 4146.9217 | 08807.8788 | 12:06:04 | 196.847164 | 352.885303 
 4146.9258 | 08807.8707 | 12:06:05 | 196.854126 | 352.890035 
 4146.9302 | 08807.8618 | 12:06:06 | 196.861777 | 352.895114 
 4146.9343 | 08807.8535 | 12:06:07 | 196.868911 | 352.899847 
 4146.9390 | 08807.8445 | 12:06:08 | 196.876647 | 352.905271 
 4146.9445 | 08807.8361 | 12:06:09 | 196.883863 | 352.911614 
 4146.9638 | 08807.8335 | 12:06:10 | 196.886050 | 352.933819 
 4146.9711 | 08807.8261 | 12:06:11 | 196.892400 | 352.942231 
 4146.9776 | 08807.8182 | 12:06:12 | 196.899184 | 352.949723 
 4146.9836 | 08807.8103 | 12:06:13 | 196.905969 | 352.956641 
 4146.9897 | 08807.8024 | 12:06:14 | 196.912753 | 352.963673 
 4146.9957 | 08807.7945 | 12:06:15 | 196.919538 | 352.970590 
 4147.0022 | 08807.7856 | 12:06:16 | 196.927183 | 352.978085 
 4147.0081 | 08807.7780 | 12:06:17 | 196.933709 | 352.984887 
 4147.0141 | 08807.7701 | 12:06:18 | 196.940494 | 352.991804 
 4147.0187 | 08807.7644 | 12:06:19 | 196.945389 | 352.997107 
 4147.0251 | 08807.7564 | 12:06:20 | 196.952258 | 353.004485 
 4147.0317 | 08807.7485 | 12:06:21 | 196.959042 | 353.012093 
 4147.0384 | 08807.7412 | 12:06:22 | 196.965308 | 353.019814 
 4147.0451 | 08807.7337 | 12:06:23 | 196.971746 | 353.027536 
 4147.0518 | 08807.7259 | 12:06:24 | 196.978443 | 353.035258 
 4147.0585 | 08807.7185 | 12:06:25 | 196.984795 | 353.042980 
 4147.0649 | 08807.7124 | 12:06:26 | 196.990029 | 353.050354 
 4147.0698 | 08807.7030 | 12:06:27 | 196.998108 | 353.056009 
 4147.0760 | 08807.6956 | 12:06:28 | 197.004461 | 353.063156 
 4147.0819 | 08807.6877 | 12:06:29 | 197.011246 | 353.069959 
 4147.0878 | 08807.6799 | 12:06:30 | 197.017945 | 353.076761 
 4147.0938 | 08807.6721 | 12:06:31 | 197.024643 | 353.083678 
 4147.0997 | 08807.6643 | 12:06:32 | 197.031342 | 353.090481 
 4147.1057 | 08807.6564 | 12:06:33 | 197.038126 | 353.097398 
 4147.1110 | 08807.6500 | 12:06:34 | 197.043621 | 353.103508 
 4147.1155 | 08807.6446 | 12:06:35 | 197.048258 | 353.108695 
 4147.1210 | 08807.6375 | 12:06:36 | 197.054355 | 353.115036 
 4147.1259 | 08807.6292 | 12:06:37 | 197.061487 | 353.120689 
 4147.1316 | 08807.6217 | 12:06:38 | 197.067927 | 353.127261 
 4147.1374 | 08807.6140 | 12:06:39 | 197.074540 | 353.133948 
 4147.1448 | 08807.6045 | 12:06:40 | 197.082698 | 353.142479 
 4147.1503 | 08807.5973 | 12:06:41 | 197.088881 | 353.148820 
 4147.1566 | 08807.5906 | 12:06:42 | 197.094632 | 353.156081 
 4147.1618 | 08807.5826 | 12:06:43 | 197.101504 | 353.162079 
 4147.1669 | 08807.5750 | 12:06:44 | 197.108033 | 353.167960 
 4147.1719 | 08807.5675 | 12:06:45 | 197.114475 | 353.173727 
 4147.1768 | 08807.5601 | 12:06:46 | 197.120832 | 353.179379 
 4147.1817 | 08807.5527 | 12:06:47 | 197.127189 | 353.185030 
 4147.1871 | 08807.5457 | 12:06:48 | 197.133200 | 353.191256 
 4147.1914 | 08807.5380 | 12:06:49 | 197.139817 | 353.196218 
 4147.1961 | 08807.5305 | 12:06:50 | 197.146260 | 353.201640 
 4147.2008 | 08807.5231 | 12:06:51 | 197.152617 | 353.207061 
 4147.2051 | 08807.5155 | 12:06:52 | 197.159148 | 353.212023 
 4147.2095 | 08807.5081 | 12:06:53 | 197.165506 | 353.217099 
 4147.2145 | 08807.4993 | 12:06:54 | 197.173067 | 353.222869 
 4147.2195 | 08807.4912 | 12:06:55 | 197.180026 | 353.228637 
 4147.2245 | 08807.4833 | 12:06:56 | 197.186813 | 353.234404 
 4147.2296 | 08807.4756 | 12:06:57 | 197.193428 | 353.240287 
 4147.2355 | 08807.4659 | 12:06:58 | 197.201761 | 353.247093 
 4147.2410 | 08807.4573 | 12:06:59 | 197.209149 | 353.253437 
 4147.2464 | 08807.4486 | 12:07:00 | 197.216624 | 353.259667 
 4147.2518 | 08807.4400 | 12:07:01 | 197.224012 | 353.265896 
 4147.2573 | 08807.4314 | 12:07:02 | 197.231400 | 353.272240 
 4147.2627 | 08807.4228 | 12:07:03 | 197.238788 | 353.278470 
 4147.2682 | 08807.4141 | 12:07:04 | 197.246262 | 353.284814 
 4147.2737 | 08807.4054 | 12:07:05 | 197.253736 | 353.291159 
 4147.2792 | 08807.3968 | 12:07:06 | 197.261123 | 353.297503 
 4147.2848 | 08807.3881 | 12:07:07 | 197.268597 | 353.303963 
 4147.2905 | 08807.3794 | 12:07:08 | 197.276070 | 353.310537 
 4147.2971 | 08807.3697 | 12:07:09 | 197.284402 | 353.318149 
 4147.3027 | 08807.3608 | 12:07:10 | 197.292047 | 353.324609 
 4147.3085 | 08807.3519 | 12:07:11 | 197.299692 | 353.331299 
 4147.3170 | 08807.3411 | 12:07:12 | 197.308965 | 353.341099 
 4147.3259 | 08807.3313 | 12:07:13 | 197.317377 | 353.351357 
 4147.3356 | 08807.3277 | 12:07:14 | 197.320448 | 353.362522 
 4147.3412 | 08807.3194 | 12:07:15 | 197.327577 | 353.368981 
 4147.3472 | 08807.3100 | 12:07:16 | 197.335652 | 353.375902 
 4147.3539 | 08807.3019 | 12:07:17 | 197.342606 | 353.383625 
 4147.3599 | 08807.2946 | 12:07:18 | 197.348873 | 353.390542 
 4147.3653 | 08807.2872 | 12:07:19 | 197.355227 | 353.396769 
 4147.3723 | 08807.2806 | 12:07:20 | 197.360889 | 353.404835 
 4147.3780 | 08807.2734 | 12:07:21 | 197.367071 | 353.411406 
 4147.3836 | 08807.2661 | 12:07:22 | 197.373339 | 353.417863 
 4147.3893 | 08807.2589 | 12:07:23 | 197.379521 | 353.424435 
 4147.3949 | 08807.2517 | 12:07:24 | 197.385703 | 353.430891 
 4147.4006 | 08807.2445 | 12:07:25 | 197.391884 | 353.437463 
 4147.4063 | 08807.2377 | 12:07:26 | 197.397721 | 353.444034 
 4147.4119 | 08807.2297 | 12:07:27 | 197.404592 | 353.450492 
 4147.4174 | 08807.2220 | 12:07:28 | 197.411205 | 353.456835 
 4147.4219 | 08807.2139 | 12:07:29 | 197.418164 | 353.462028 
 4147.4285 | 08807.2062 | 12:07:30 | 197.424774 | 353.469636 
 4147.4341 | 08807.1987 | 12:07:31 | 197.431214 | 353.476093 
 4147.4395 | 08807.1913 | 12:07:32 | 197.437568 | 353.482320 
 4147.4451 | 08807.1837 | 12:07:33 | 197.444095 | 353.488778 
 4147.4507 | 08807.1761 | 12:07:34 | 197.450621 | 353.495235 
 4147.4563 | 08807.1684 | 12:07:35 | 197.457233 | 353.501693 
 4147.4618 | 08807.1609 | 12:07:36 | 197.463673 | 353.508035 
 4147.4687 | 08807.1511 | 12:07:37 | 197.472089 | 353.515993 
 4147.4747 | 08807.1428 | 12:07:38 | 197.479217 | 353.522912 
 4147.4806 | 08807.1348 | 12:07:39 | 197.486086 | 353.529716 
 4147.4866 | 08807.1269 | 12:07:40 | 197.492869 | 353.536634 
 4147.4926 | 08807.1192 | 12:07:41 | 197.499480 | 353.543552 
 4147.4978 | 08807.1102 | 12:07:42 | 197.507212 | 353.549553 
 4147.5040 | 08807.1027 | 12:07:43 | 197.513650 | 353.556700 
 4147.5100 | 08807.0951 | 12:07:44 | 197.520175 | 353.563618 
 4147.5161 | 08807.0892 | 12:07:45 | 197.525236 | 353.570647 
 4147.5217 | 08807.0821 | 12:07:46 | 197.531332 | 353.577104 
 4147.5271 | 08807.0747 | 12:07:47 | 197.537686 | 353.583331 
 4147.5322 | 08807.0681 | 12:07:48 | 197.543352 | 353.589211 
 4147.5371 | 08807.0612 | 12:07:49 | 197.549278 | 353.594862 
 4147.5416 | 08807.0549 | 12:07:50 | 197.554688 | 353.600052 
 4147.5461 | 08807.0498 | 12:07:51 | 197.559065 | 353.605239 
 4147.5496 | 08807.0445 | 12:07:52 | 197.563617 | 353.609276 
 4147.5532 | 08807.0395 | 12:07:53 | 197.567910 | 353.613428 
 4147.5561 | 08807.0349 | 12:07:54 | 197.571861 | 353.616773 
 4147.5582 | 08807.0314 | 12:07:55 | 197.574868 | 353.619196 
 4147.5595 | 08807.0291 | 12:07:56 | 197.576844 | 353.620697 
 4147.5608 | 08807.0269 | 12:07:57 | 197.578734 | 353.622197 
 4147.5617 | 08807.0252 | 12:07:58 | 197.580195 | 353.623236 
 4147.5623 | 08807.0238 | 12:07:59 | 197.581398 | 353.623929 
 4147.5623 | 08807.0233 | 12:08:00 | 197.581828 | 353.623930 
 4147.5622 | 08807.0231 | 12:08:01 | 197.582001 | 353.623815 
 4147.5615 | 08807.0238 | 12:08:02 | 197.581400 | 353.623009 
 4147.5604 | 08807.0249 | 12:08:03 | 197.580457 | 353.621741 
 4147.5587 | 08807.0269 | 12:08:04 | 197.578740 | 353.619781 
 4147.5573 | 08807.0283 | 12:08:05 | 197.577539 | 353.618168 
 4147.5555 | 08807.0304 | 12:08:06 | 197.575737 | 353.616093 
 4147.5541 | 08807.0320 | 12:08:07 | 197.574363 | 353.614479 
 4147.5521 | 08807.0344 | 12:08:08 | 197.572303 | 353.612173 
 4147.5502 | 08807.0367 | 12:08:09 | 197.570329 | 353.609983 
 4147.5483 | 08807.0390 | 12:08:10 | 197.568355 | 353.607793 
 4147.5466 | 08807.0411 | 12:08:11 | 197.566552 | 353.605833 
 4147.5451 | 08807.0432 | 12:08:12 | 197.564749 | 353.604103 
 4147.5436 | 08807.0450 | 12:08:13 | 197.563204 | 353.602374 
 4147.5420 | 08807.0470 | 12:08:14 | 197.561487 | 353.600529 
 4147.5405 | 08807.0489 | 12:08:15 | 197.559855 | 353.598799 
 4147.5384 | 08807.0510 | 12:08:16 | 197.558054 | 353.596379 
 4147.5362 | 08807.0534 | 12:08:17 | 197.555994 | 353.593844 
 4147.5341 | 08807.0555 | 12:08:18 | 197.554193 | 353.591424 
 4147.5315 | 08807.0579 | 12:08:19 | 197.552134 | 353.588428 
 4147.5195 | 08807.0500 | 12:08:20 | 197.558969 | 353.574642 
 4147.5174 | 08807.0521 | 12:08:21 | 197.557168 | 353.572222 
 4147.5156 | 08807.0537 | 12:08:22 | 197.555796 | 353.570148 
 4147.5140 | 08807.0552 | 12:08:23 | 197.554509 | 353.568305 
 4147.5125 | 08807.0566 | 12:08:24 | 197.553308 | 353.566576 
 4147.5109 | 08807.0581 | 12:08:25 | 197.552022 | 353.564733 
 4147.5095 | 08807.0595 | 12:08:26 | 197.550821 | 353.563119 
 4147.5085 | 08807.0610 | 12:08:27 | 197.549532 | 353.561966 
 4147.5075 | 08807.0623 | 12:08:28 | 197.548416 | 353.560813 
 4147.5066 | 08807.0637 | 12:08:29 | 197.547214 | 353.559775 
 4147.5059 | 08807.0652 | 12:08:30 | 197.545924 | 353.558966 
 4147.5054 | 08807.0667 | 12:08:31 | 197.544635 | 353.558388 
 4147.5050 | 08807.0683 | 12:08:32 | 197.543259 | 353.557924 
 4147.5048 | 08807.0700 | 12:08:33 | 197.541796 | 353.557691 
 4147.5051 | 08807.0716 | 12:08:34 | 197.540418 | 353.558032 
 4147.5053 | 08807.0731 | 12:08:35 | 197.539126 | 353.558259 
 4147.5058 | 08807.0745 | 12:08:36 | 197.537919 | 353.558831 
 4147.5070 | 08807.0762 | 12:08:37 | 197.536453 | 353.560208 
 4147.5075 | 08807.0774 | 12:08:38 | 197.535418 | 353.560780 
 4147.5080 | 08807.0785 | 12:08:39 | 197.534470 | 353.561353 
 4147.5083 | 08807.0794 | 12:08:40 | 197.533694 | 353.561696 
 4147.5087 | 08807.0803 | 12:08:41 | 197.532918 | 353.562154 
 4147.5090 | 08807.0810 | 12:08:42 | 197.532315 | 353.562498 
 4147.5092 | 08807.0815 | 12:08:43 | 197.531884 | 353.562727 
 4147.5093 | 08807.0820 | 12:08:44 | 197.531453 | 353.562841 
 4147.5097 | 08807.0824 | 12:08:45 | 197.531108 | 353.563300 
 4147.5100 | 08807.0827 | 12:08:46 | 197.530849 | 353.563645 
 4147.5105 | 08807.0831 | 12:08:47 | 197.530503 | 353.564219 
 4147.5109 | 08807.0835 | 12:08:48 | 197.530158 | 353.564678 
 4147.5108 | 08807.0853 | 12:08:49 | 197.528608 | 353.564559 
 4147.5107 | 08807.0870 | 12:08:50 | 197.527145 | 353.564440 
 4147.5108 | 08807.0886 | 12:08:51 | 197.525768 | 353.564552 
 4147.5111 | 08807.0889 | 12:08:52 | 197.525509 | 353.564896 
 4147.5115 | 08807.0892 | 12:08:53 | 197.525249 | 353.565356 
 4147.5120 | 08807.0897 | 12:08:54 | 197.524818 | 353.565930 
 4147.5124 | 08807.0903 | 12:08:55 | 197.524300 | 353.566389 
 4147.5122 | 08807.0907 | 12:08:56 | 197.523956 | 353.566158 
 4147.5124 | 08807.0911 | 12:08:57 | 197.523611 | 353.566387 
 4147.5125 | 08807.0913 | 12:08:58 | 197.523439 | 353.566502 
 4147.5124 | 08807.0912 | 12:08:59 | 197.523525 | 353.566387 
 4147.5127 | 08807.0911 | 12:09:00 | 197.523610 | 353.566732 
 4147.5129 | 08807.0909 | 12:09:01 | 197.523782 | 353.566963 
 4147.5130 | 08807.0907 | 12:09:02 | 197.523954 | 353.567078 
 4147.5132 | 08807.0906 | 12:09:03 | 197.524039 | 353.567308 
 4147.5134 | 08807.0907 | 12:09:04 | 197.523953 | 353.567538 
 4147.5134 | 08807.0908 | 12:09:05 | 197.523867 | 353.567538 
 4147.5134 | 08807.0906 | 12:09:06 | 197.524039 | 353.567538 
 4147.5135 | 08807.0904 | 12:09:07 | 197.524211 | 353.567654 
 4147.5137 | 08807.0903 | 12:09:08 | 197.524296 | 353.567884 
 4147.5138 | 08807.0902 | 12:09:09 | 197.524382 | 353.567999 
 4147.5141 | 08807.0906 | 12:09:10 | 197.524037 | 353.568343 
 4147.5141 | 08807.0908 | 12:09:11 | 197.523865 | 353.568343 
 4147.5142 | 08807.0907 | 12:09:12 | 197.523950 | 353.568458 
 4147.5143 | 08807.0906 | 12:09:13 | 197.524036 | 353.568574 
 4147.5143 | 08807.0906 | 12:09:14 | 197.524036 | 353.568574 
 4147.5143 | 08807.0906 | 12:09:15 | 197.524036 | 353.568574 
 4147.5143 | 08807.0906 | 12:09:16 | 197.524036 | 353.568574 
 4147.5143 | 08807.0906 | 12:09:17 | 197.524036 | 353.568574 
 4147.5143 | 08807.0906 | 12:09:18 | 197.524036 | 353.568574 
 4147.5143 | 08807.0906 | 12:09:19 | 197.524036 | 353.568574 
 4147.5143 | 08807.0906 | 12:09:20 | 197.524036 | 353.568574 
 4147.5143 | 08807.0906 | 12:09:21 | 197.524036 | 353.568574 
 4147.5143 | 08807.0906 | 12:09:22 | 197.524036 | 353.568574 
 4147.5143 | 08807.0906 | 12:09:23 | 197.524036 | 353.568574 
 4147.5143 | 08807.0906 | 12:09:24 | 197.524036 | 353.568574 
 4147.5143 | 08807.0906 | 12:09:25 | 197.524036 | 353.568574 
 4147.5143 | 08807.0906 | 12:09:26 | 197.524036 | 353.568574 
 4147.5143 | 08807.0906 | 12:09:27 | 197.524036 | 353.568574 
 4147.5143 | 08807.0906 | 12:09:28 | 197.524036 | 353.568574 
 4147.5143 | 08807.0906 | 12:09:29 | 197.524036 | 353.568574 
 4147.5143 | 08807.0906 | 12:09:30 | 197.524036 | 353.568574 
 4147.5143 | 08807.0906 | 12:09:31 | 197.524036 | 353.568574 
 4147.5143 | 08807.0906 | 12:09:33 | 197.524036 | 353.568574 
 4147.5143 | 08807.0906 | 12:09:34 | 197.524036 | 353.568574 
 4147.5143 | 08807.0906 | 12:09:35 | 197.524036 | 353.568574 
 4147.5143 | 08807.0906 | 12:09:36 | 197.524036 | 353.568574 
 4147.5143 | 08807.0906 | 12:09:37 | 197.524036 | 353.568574 
 4147.5190 | 08807.0858 | 12:09:38 | 197.528154 | 353.573990 
 4147.5208 | 08807.0846 | 12:09:39 | 197.529182 | 353.576063 
 4147.5228 | 08807.0828 | 12:09:40 | 197.530726 | 353.578367 
 4147.5254 | 08807.0803 | 12:09:41 | 197.532870 | 353.581363 
 4147.5297 | 08807.0754 | 12:09:42 | 197.537076 | 353.586320 
 4147.5340 | 08807.0697 | 12:09:43 | 197.541970 | 353.591278 
 4147.5388 | 08807.0631 | 12:09:44 | 197.547637 | 353.596813 
 4147.5441 | 08807.0562 | 12:09:45 | 197.553561 | 353.602925 
 4147.5496 | 08807.0486 | 12:09:46 | 197.560087 | 353.609267 
 4147.5552 | 08807.0408 | 12:09:47 | 197.566785 | 353.615725 
 4147.5610 | 08807.0330 | 12:09:48 | 197.573483 | 353.622414 
 4147.5664 | 08807.0257 | 12:09:49 | 197.579751 | 353.628641 
 4147.5726 | 08807.0173 | 12:09:50 | 197.586963 | 353.635790 
 4147.6016 | 08806.9728 | 12:09:51 | 197.625184 | 353.669243 
 4147.6084 | 08806.9659 | 12:09:52 | 197.631103 | 353.677080 
 4147.6136 | 08806.9602 | 12:09:53 | 197.635994 | 353.683074 
 4147.6178 | 08806.9540 | 12:09:54 | 197.641319 | 353.687918 
 4147.6224 | 08806.9473 | 12:09:55 | 197.647073 | 353.693224 
 4147.6274 | 08806.9406 | 12:09:56 | 197.652825 | 353.698989 
 4147.6324 | 08806.9338 | 12:09:57 | 197.658664 | 353.704755 
 4147.6371 | 08806.9276 | 12:09:58 | 197.663987 | 353.710175 
 4147.6407 | 08806.9239 | 12:09:59 | 197.667161 | 353.714324 
 4147.6448 | 08806.9184 | 12:10:00 | 197.671883 | 353.719052 
 4147.6489 | 08806.9128 | 12:10:01 | 197.676692 | 353.723780 
 4147.6502 | 08806.9131 | 12:10:02 | 197.676430 | 353.725275 
 4147.6528 | 08806.9097 | 12:10:03 | 197.679349 | 353.728273 
 4147.6553 | 08806.9061 | 12:10:04 | 197.682440 | 353.731156 
 4147.6568 | 08806.9029 | 12:10:05 | 197.685190 | 353.732888 
 4147.6585 | 08806.9013 | 12:10:06 | 197.686562 | 353.734847 
 4147.6536 | 08806.9007 | 12:10:07 | 197.687093 | 353.729212 
 4147.6512 | 08806.8985 | 12:10:08 | 197.688994 | 353.726457 
 4147.6495 | 08806.8957 | 12:10:09 | 197.691409 | 353.724507 
 4147.6427 | 08806.8907 | 12:10:10 | 197.695733 | 353.716697 
 4147.6402 | 08806.8883 | 12:10:11 | 197.697806 | 353.713827 
 4147.6371 | 08806.8851 | 12:10:12 | 197.700569 | 353.710268 
 4147.6342 | 08806.8822 | 12:10:13 | 197.703074 | 353.706939 
 4147.6261 | 08806.8845 | 12:10:14 | 197.701118 | 353.697617 
 4147.6215 | 08806.8829 | 12:10:15 | 197.702508 | 353.692329 
 4147.6172 | 08806.8814 | 12:10:16 | 197.703812 | 353.687386 
 4147.6127 | 08806.8797 | 12:10:17 | 197.705289 | 353.682214 
 4147.6078 | 08806.8781 | 12:10:18 | 197.706680 | 353.676581 
 4147.5944 | 08806.8915 | 12:10:19 | 197.695185 | 353.661139 
 4147.5880 | 08806.8918 | 12:10:20 | 197.694946 | 353.653777 
 4147.5816 | 08806.8922 | 12:10:21 | 197.694620 | 353.646415 
 4147.5760 | 08806.8917 | 12:10:22 | 197.695067 | 353.639974 
 4147.5703 | 08806.8912 | 12:10:23 | 197.695514 | 353.633419 
 4147.5652 | 08806.8916 | 12:10:24 | 197.695184 | 353.627552 
 4147.5599 | 08806.8914 | 12:10:25 | 197.695372 | 353.621456 
 4147.5559 | 08806.8894 | 12:10:26 | 197.697105 | 353.616860 
 4147.5519 | 08806.8887 | 12:10:27 | 197.697720 | 353.612260 
 4147.5485 | 08806.8884 | 12:10:28 | 197.697988 | 353.608350 
 4147.5454 | 08806.8878 | 12:10:29 | 197.698513 | 353.604786 
 4147.5450 | 08806.8875 | 12:10:30 | 197.698773 | 353.604326 
 4147.5437 | 08806.8869 | 12:10:31 | 197.699293 | 353.602833 
 4147.5426 | 08806.8868 | 12:10:32 | 197.699382 | 353.601567 
 4147.5420 | 08806.8869 | 12:10:33 | 197.699298 | 353.600877 
 4147.5418 | 08806.8870 | 12:10:34 | 197.699212 | 353.600647 
 4147.5416 | 08806.8872 | 12:10:35 | 197.699041 | 353.600416 
 4147.5411 | 08806.8870 | 12:10:36 | 197.699214 | 353.599842 
 4147.5404 | 08806.8867 | 12:10:37 | 197.699475 | 353.599037 
 4147.5397 | 08806.8864 | 12:10:38 | 197.699735 | 353.598233 
 4147.5390 | 08806.8861 | 12:10:39 | 197.699995 | 353.597428 
 4147.5379 | 08806.8845 | 12:10:40 | 197.701376 | 353.596166 
 4147.5344 | 08806.8808 | 12:10:41 | 197.704571 | 353.592149 
 4147.5384 | 08806.8691 | 12:10:42 | 197.714630 | 353.596775 
 4147.5391 | 08806.8644 | 12:10:43 | 197.718674 | 353.597591 
 4147.5390 | 08806.8601 | 12:10:44 | 197.722376 | 353.597485 
 4147.5390 | 08806.8558 | 12:10:45 | 197.726077 | 353.597495 
 4147.5393 | 08806.8511 | 12:10:46 | 197.730122 | 353.597850 
 4147.5398 | 08806.8462 | 12:10:47 | 197.734338 | 353.598436 
 4147.5403 | 08806.8412 | 12:10:48 | 197.738641 | 353.599022 
 4147.5394 | 08806.8298 | 12:10:49 | 197.748456 | 353.598012 
 4147.5397 | 08806.8226 | 12:10:50 | 197.754653 | 353.598373 
 4147.5399 | 08806.8161 | 12:10:51 | 197.760247 | 353.598617 
 4147.5399 | 08806.8091 | 12:10:52 | 197.766273 | 353.598632 
 4147.5400 | 08806.8024 | 12:10:53 | 197.772040 | 353.598762 
 4147.5402 | 08806.7959 | 12:10:54 | 197.777634 | 353.599007 
 4147.5404 | 08806.7892 | 12:10:55 | 197.783401 | 353.599251 
 4147.5407 | 08806.7826 | 12:10:56 | 197.789081 | 353.599611 
 4147.5409 | 08806.7761 | 12:10:57 | 197.794676 | 353.599855 
 4147.5412 | 08806.7695 | 12:10:58 | 197.800356 | 353.600215 
 4147.5420 | 08806.7614 | 12:10:59 | 197.807326 | 353.601153 
 4147.5423 | 08806.7543 | 12:11:00 | 197.813437 | 353.601514 
 4147.5427 | 08806.7473 | 12:11:01 | 197.819461 | 353.601989 
 4147.5431 | 08806.7410 | 12:11:02 | 197.824883 | 353.602463 
 4147.5433 | 08806.7346 | 12:11:03 | 197.830391 | 353.602708 
 4147.5433 | 08806.7282 | 12:11:04 | 197.835900 | 353.602722 
 4147.5435 | 08806.7205 | 12:11:05 | 197.842528 | 353.602969 
 4147.5436 | 08806.7136 | 12:11:06 | 197.848467 | 353.603099 
 4147.5437 | 08806.7068 | 12:11:07 | 197.854320 | 353.603229 
 4147.5438 | 08806.7001 | 12:11:08 | 197.860087 | 353.603359 
 4147.5440 | 08806.6933 | 12:11:09 | 197.865939 | 353.603604 
 4147.5443 | 08806.6871 | 12:11:10 | 197.871275 | 353.603963 
 4147.5454 | 08806.6833 | 12:11:11 | 197.874543 | 353.605237 
 4147.5464 | 08806.6770 | 12:11:12 | 197.879963 | 353.606401 
 4147.5475 | 08806.6715 | 12:11:13 | 197.884694 | 353.607679 
 4147.5488 | 08806.6663 | 12:11:14 | 197.889166 | 353.609185 
 4147.5457 | 08806.6705 | 12:11:15 | 197.885560 | 353.605610 
 4147.5459 | 08806.6689 | 12:11:16 | 197.886937 | 353.605844 
 4147.5463 | 08806.6667 | 12:11:17 | 197.888829 | 353.606309 
 4147.5462 | 08806.6659 | 12:11:18 | 197.889518 | 353.606196 
 4147.5457 | 08806.6636 | 12:11:19 | 197.891500 | 353.605626 
 4147.5458 | 08806.6629 | 12:11:20 | 197.892102 | 353.605742 
 4147.5458 | 08806.6623 | 12:11:21 | 197.892618 | 353.605744 
 4147.5459 | 08806.6618 | 12:11:22 | 197.893048 | 353.605860 
 4147.5461 | 08806.6612 | 12:11:23 | 197.893564 | 353.606091 
 4147.5463 | 08806.6606 | 12:11:24 | 197.894080 | 353.606323 
 4147.5400 | 08806.6624 | 12:11:25 | 197.892550 | 353.599072 
 4147.5293 | 08806.6623 | 12:11:28 | 197.892667 | 353.586765 
 4147.5293 | 08806.6623 | 12:11:29 | 197.892667 | 353.586765 
 4147.5293 | 08806.6623 | 12:11:32 | 197.892667 | 353.586765 
 4147.5293 | 08806.6623 | 12:11:33 | 197.892667 | 353.586765 
 4147.5293 | 08806.6623 | 12:11:34 | 197.892667 | 353.586765 
 4147.5293 | 08806.6623 | 12:11:35 | 197.892667 | 353.586765 
 4147.5293 | 08806.6623 | 12:11:36 | 197.892667 | 353.586765 
 4147.5293 | 08806.6623 | 12:11:37 | 197.892667 | 353.586765 
 4147.5293 | 08806.6623 | 12:11:38 | 197.892667 | 353.586765 
 4147.5293 | 08806.6623 | 12:11:39 | 197.892667 | 353.586765 
 4147.5293 | 08806.6623 | 12:11:40 | 197.892667 | 353.586765 
 4147.5293 | 08806.6623 | 12:11:41 | 197.892667 | 353.586765 
 4147.5293 | 08806.6623 | 12:11:42 | 197.892667 | 353.586765 
 4147.5293 | 08806.6623 | 12:11:43 | 197.892667 | 353.586765 
 4147.5293 | 08806.6623 | 12:11:44 | 197.892667 | 353.586765 
 4147.5293 | 08806.6623 | 12:11:45 | 197.892667 | 353.586765 
 4147.5293 | 08806.6623 | 12:11:46 | 197.892667 | 353.586765 
 4147.5293 | 08806.6623 | 12:11:47 | 197.892667 | 353.586765 
 4147.5293 | 08806.6623 | 12:11:48 | 197.892667 | 353.586765 
 4147.5293 | 08806.6623 | 12:11:49 | 197.892667 | 353.586765 
 4147.5293 | 08806.6623 | 12:11:50 | 197.892667 | 353.586765 
 4147.5293 | 08806.6623 | 12:11:51 | 197.892667 | 353.586765 
 4147.5293 | 08806.6623 | 12:11:52 | 197.892667 | 353.586765 
 4147.5293 | 08806.6623 | 12:11:53 | 197.892667 | 353.586765 
 4147.5293 | 08806.6623 | 12:11:54 | 197.892667 | 353.586765 
 4147.5293 | 08806.6623 | 12:11:55 | 197.892667 | 353.586765 
 4147.5293 | 08806.6623 | 12:11:56 | 197.892667 | 353.586765 
 4147.5293 | 08806.6623 | 12:11:57 | 197.892667 | 353.586765 
 4147.5293 | 08806.6623 | 12:11:58 | 197.892667 | 353.586765 
 4147.5293 | 08806.6623 | 12:11:59 | 197.892667 | 353.586765 
 4147.5293 | 08806.6623 | 12:12:00 | 197.892667 | 353.586765 
 4147.5293 | 08806.6623 | 12:12:01 | 197.892667 | 353.586765 
 4147.5293 | 08806.6623 | 12:12:02 | 197.892667 | 353.586765 
 4147.5293 | 08806.6623 | 12:12:03 | 197.892667 | 353.586765 
 4147.5293 | 08806.6623 | 12:12:04 | 197.892667 | 353.586765 
 4147.5293 | 08806.6623 | 12:12:05 | 197.892667 | 353.586765 
 4147.5293 | 08806.6623 | 12:12:06 | 197.892667 | 353.586765 
 4147.5293 | 08806.6623 | 12:12:07 | 197.892667 | 353.586765 
 4147.5293 | 08806.6623 | 12:12:08 | 197.892667 | 353.586765 
 4147.5293 | 08806.6623 | 12:12:09 | 197.892667 | 353.586765 
 4147.5293 | 08806.6623 | 12:12:10 | 197.892667 | 353.586765 
 4147.5293 | 08806.6623 | 12:12:11 | 197.892667 | 353.586765 
 4147.5293 | 08806.6623 | 12:12:12 | 197.892667 | 353.586765 
 4147.5293 | 08806.6623 | 12:12:13 | 197.892667 | 353.586765 
 4147.5293 | 08806.6623 | 12:12:14 | 197.892667 | 353.586765 
 4147.5293 | 08806.6623 | 12:12:15 | 197.892667 | 353.586765 
 4147.5293 | 08806.6623 | 12:12:16 | 197.892667 | 353.586765 
 4147.5293 | 08806.6623 | 12:12:17 | 197.892667 | 353.586765 
 4147.5293 | 08806.6623 | 12:12:18 | 197.892667 | 353.586765 
 4147.5293 | 08806.6623 | 12:12:19 | 197.892667 | 353.586765 
 4147.5293 | 08806.6623 | 12:12:20 | 197.892667 | 353.586765 
 4147.5293 | 08806.6623 | 12:12:21 | 197.892667 | 353.586765 
 4147.5293 | 08806.6623 | 12:12:22 | 197.892667 | 353.586765 
 4147.5293 | 08806.6623 | 12:12:23 | 197.892667 | 353.586765 
 4147.5293 | 08806.6623 | 12:12:24 | 197.892667 | 353.586765 
 4147.5293 | 08806.6623 | 12:12:25 | 197.892667 | 353.586765 
 4147.5293 | 08806.6623 | 12:12:26 | 197.892667 | 353.586765 
 4147.5293 | 08806.6623 | 12:12:27 | 197.892667 | 353.586765 
 4147.5293 | 08806.6623 | 12:12:28 | 197.892667 | 353.586765 
 4147.5293 | 08806.6623 | 12:12:29 | 197.892667 | 353.586765 
 4147.5293 | 08806.6623 | 12:12:30 | 197.892667 | 353.586765 
 4147.5293 | 08806.6623 | 12:12:31 | 197.892667 | 353.586765 
 4147.5293 | 08806.6623 | 12:12:32 | 197.892667 | 353.586765 
 4147.5293 | 08806.6623 | 12:12:33 | 197.892667 | 353.586765 
 4147.5293 | 08806.6623 | 12:12:34 | 197.892667 | 353.586765 
 4147.5293 | 08806.6623 | 12:12:35 | 197.892667 | 353.586765 
 4147.5293 | 08806.6623 | 12:12:36 | 197.892667 | 353.586765 
 4147.5293 | 08806.6623 | 12:12:37 | 197.892667 | 353.586765 
 4147.5293 | 08806.6623 | 12:12:38 | 197.892667 | 353.586765 
 4147.5293 | 08806.6623 | 12:12:39 | 197.892667 | 353.586765 
 4147.5293 | 08806.6623 | 12:12:40 | 197.892667 | 353.586765 
 4147.5293 | 08806.6623 | 12:12:41 | 197.892667 | 353.586765 
 4147.5293 | 08806.6623 | 12:12:42 | 197.892667 | 353.586765 
 4147.5293 | 08806.6623 | 12:12:43 | 197.892667 | 353.586765 
 4147.5293 | 08806.6623 | 12:12:44 | 197.892667 | 353.586765 
 4147.5293 | 08806.6623 | 12:12:45 | 197.892667 | 353.586765 
 4147.5293 | 08806.6623 | 12:12:46 | 197.892667 | 353.586765 
 4147.5293 | 08806.6623 | 12:12:47 | 197.892667 | 353.586765 
 4147.5293 | 08806.6623 | 12:12:48 | 197.892667 | 353.586765 
 4147.5293 | 08806.6623 | 12:12:49 | 197.892667 | 353.586765 
 4147.5293 | 08806.6623 | 12:12:50 | 197.892667 | 353.586765 
 4147.5293 | 08806.6623 | 12:12:51 | 197.892667 | 353.586765 
 4147.5293 | 08806.6623 | 12:12:52 | 197.892667 | 353.586765 
 4147.5293 | 08806.6623 | 12:12:53 | 197.892667 | 353.586765 
 4147.5293 | 08806.6623 | 12:12:54 | 197.892667 | 353.586765 
 4147.5293 | 08806.6623 | 12:12:55 | 197.892667 | 353.586765 
 4147.5293 | 08806.6623 | 12:12:56 | 197.892667 | 353.586765 
 4147.5293 | 08806.6623 | 12:12:57 | 197.892667 | 353.586765 
 4147.5293 | 08806.6623 | 12:12:58 | 197.892667 | 353.586765 
 4147.5293 | 08806.6623 | 12:12:59 | 197.892667 | 353.586765 
 4147.5293 | 08806.6623 | 12:13:00 | 197.892667 | 353.586765 
 4147.5293 | 08806.6623 | 12:13:01 | 197.892667 | 353.586765 
 4147.5293 | 08806.6623 | 12:13:02 | 197.892667 | 353.586765 
 4147.5293 | 08806.6623 | 12:13:03 | 197.892667 | 353.586765 
 4147.5293 | 08806.6623 | 12:13:04 | 197.892667 | 353.586765 
 4147.5293 | 08806.6623 | 12:13:05 | 197.892667 | 353.586765 
 4147.5293 | 08806.6623 | 12:13:06 | 197.892667 | 353.586765 
 4147.5293 | 08806.6623 | 12:13:07 | 197.892667 | 353.586765 
 4147.5293 | 08806.6623 | 12:13:08 | 197.892667 | 353.586765 
 4147.5293 | 08806.6623 | 12:13:09 | 197.892667 | 353.586765 
 4147.5293 | 08806.6623 | 12:13:10 | 197.892667 | 353.586765 
 4147.5293 | 08806.6623 | 12:13:11 | 197.892667 | 353.586765 
 4147.5293 | 08806.6623 | 12:13:12 | 197.892667 | 353.586765 
 4147.5293 | 08806.6623 | 12:13:13 | 197.892667 | 353.586765 
 4147.5293 | 08806.6623 | 12:13:14 | 197.892667 | 353.586765 
 4147.5293 | 08806.6623 | 12:13:15 | 197.892667 | 353.586765 
 4147.5293 | 08806.6623 | 12:13:16 | 197.892667 | 353.586765 
 4147.5293 | 08806.6623 | 12:13:17 | 197.892667 | 353.586765 
 4147.5293 | 08806.6623 | 12:13:18 | 197.892667 | 353.586765 
 4147.5293 | 08806.6623 | 12:13:19 | 197.892667 | 353.586765 
 4147.5293 | 08806.6623 | 12:13:20 | 197.892667 | 353.586765 
 4147.5293 | 08806.6623 | 12:13:21 | 197.892667 | 353.586765 
 4147.5293 | 08806.6623 | 12:13:22 | 197.892667 | 353.586765 
 4147.5293 | 08806.6623 | 12:13:23 | 197.892667 | 353.586765 
 4147.5293 | 08806.6623 | 12:13:24 | 197.892667 | 353.586765 
 4147.5293 | 08806.6623 | 12:13:25 | 197.892667 | 353.586765 
 4147.5293 | 08806.6623 | 12:13:26 | 197.892667 | 353.586765 
 4147.5293 | 08806.6623 | 12:13:27 | 197.892667 | 353.586765 
 4147.5293 | 08806.6623 | 12:13:28 | 197.892667 | 353.586765 
 4147.5293 | 08806.6623 | 12:13:29 | 197.892667 | 353.586765 
 4147.5293 | 08806.6623 | 12:13:30 | 197.892667 | 353.586765 
 4147.5293 | 08806.6623 | 12:13:31 | 197.892667 | 353.586765 
 4147.5293 | 08806.6623 | 12:13:32 | 197.892667 | 353.586765 
 4147.5293 | 08806.6623 | 12:13:33 | 197.892667 | 353.586765 
 4147.5293 | 08806.6623 | 12:13:34 | 197.892667 | 353.586765 
 4147.5293 | 08806.6623 | 12:13:35 | 197.892667 | 353.586765 
 4147.5293 | 08806.6623 | 12:13:36 | 197.892667 | 353.586765 
 4147.5293 | 08806.6623 | 12:13:37 | 197.892667 | 353.586765 
 4147.5293 | 08806.6623 | 12:13:38 | 197.892667 | 353.586765 
 4147.5293 | 08806.6623 | 12:13:39 | 197.892667 | 353.586765 
 4147.5293 | 08806.6623 | 12:13:40 | 197.892667 | 353.586765 
 4147.5293 | 08806.6623 | 12:13:41 | 197.892667 | 353.586765 
 4147.5293 | 08806.6623 | 12:13:42 | 197.892667 | 353.586765 
 4147.5293 | 08806.6623 | 12:13:43 | 197.892667 | 353.586765 
 4147.5293 | 08806.6623 | 12:13:44 | 197.892667 | 353.586765 
 4147.5293 | 08806.6623 | 12:13:45 | 197.892667 | 353.586765 
 4147.5293 | 08806.6623 | 12:13:46 | 197.892667 | 353.586765 
 4147.5293 | 08806.6623 | 12:13:47 | 197.892667 | 353.586765 
 4147.5293 | 08806.6623 | 12:13:48 | 197.892667 | 353.586765 
 4147.5293 | 08806.6623 | 12:13:49 | 197.892667 | 353.586765 
 4147.5293 | 08806.6623 | 12:13:50 | 197.892667 | 353.586765 
 4147.5293 | 08806.6623 | 12:13:51 | 197.892667 | 353.586765 
 4147.5293 | 08806.6623 | 12:13:52 | 197.892667 | 353.586765 
 4147.5293 | 08806.6623 | 12:13:53 | 197.892667 | 353.586765 
 4147.5293 | 08806.6623 | 12:13:54 | 197.892667 | 353.586765 
 4147.5293 | 08806.6623 | 12:13:55 | 197.892667 | 353.586765 
 4147.5293 | 08806.6623 | 12:13:56 | 197.892667 | 353.586765 
 4147.5293 | 08806.6623 | 12:13:57 | 197.892667 | 353.586765 
 4147.5293 | 08806.6623 | 12:13:58 | 197.892667 | 353.586765 
 4147.5293 | 08806.6623 | 12:13:59 | 197.892667 | 353.586765 
 4147.5293 | 08806.6623 | 12:14:00 | 197.892667 | 353.586765 
 4147.5293 | 08806.6623 | 12:14:01 | 197.892667 | 353.586765 
 4147.5293 | 08806.6623 | 12:14:02 | 197.892667 | 353.586765 
 4147.5293 | 08806.6623 | 12:14:03 | 197.892667 | 353.586765 
 4147.5293 | 08806.6623 | 12:14:04 | 197.892667 | 353.586765 
 4147.5293 | 08806.6623 | 12:14:05 | 197.892667 | 353.586765 
 4147.5293 | 08806.6623 | 12:14:06 | 197.892667 | 353.586765 
 4147.5293 | 08806.6623 | 12:14:07 | 197.892667 | 353.586765 
 4147.5293 | 08806.6623 | 12:14:08 | 197.892667 | 353.586765 
 4147.5293 | 08806.6623 | 12:14:09 | 197.892667 | 353.586765 
 4147.5293 | 08806.6623 | 12:14:10 | 197.892667 | 353.586765 
 4147.5293 | 08806.6623 | 12:14:11 | 197.892667 | 353.586765 
 4147.5293 | 08806.6623 | 12:14:12 | 197.892667 | 353.586765 
 4147.5293 | 08806.6623 | 12:14:13 | 197.892667 | 353.586765 
 4147.5293 | 08806.6623 | 12:14:14 | 197.892667 | 353.586765 
 4147.5293 | 08806.6623 | 12:14:15 | 197.892667 | 353.586765 
 4147.5293 | 08806.6623 | 12:14:16 | 197.892667 | 353.586765 
 4147.5293 | 08806.6623 | 12:14:17 | 197.892667 | 353.586765 
 4147.5293 | 08806.6623 | 12:14:18 | 197.892667 | 353.586765 
 4147.5293 | 08806.6623 | 12:14:19 | 197.892667 | 353.586765 
 4147.5293 | 08806.6623 | 12:14:20 | 197.892667 | 353.586765 
 4147.5293 | 08806.6623 | 12:14:21 | 197.892667 | 353.586765 
 4147.5293 | 08806.6623 | 12:14:22 | 197.892