 4150.0508 | 08737.6715 | 15:57:41 | 222.823799 | 356.621751 
 4150.0548 | 08737.6728 | 15:57:50 | 222.822643 | 356.626343 
 4150.0553 | 08737.6730 | 15:57:51 | 222.822466 | 356.626917 
 4150.0559 | 08737.6732 | 15:57:52 | 222.822288 | 356.627605 
 4150.0561 | 08737.6732 | 15:57:53 | 222.822287 | 356.627835 
 4150.0566 | 08737.6734 | 15:57:54 | 222.822110 | 356.628409 
 4150.0570 | 08737.6736 | 15:57:55 | 222.821934 | 356.628868 
 4150.0570 | 08737.6735 | 15:57:56 | 222.822020 | 356.628868 
 4150.0574 | 08737.6737 | 15:57:57 | 222.821844 | 356.629327 
 4150.0570 | 08737.6762 | 15:57:58 | 222.819697 | 356.628849 
 4150.0573 | 08737.6767 | 15:57:59 | 222.819264 | 356.629191 
 4150.0576 | 08737.6772 | 15:58:00 | 222.818831 | 356.629532 
 4150.0578 | 08737.6777 | 15:58:01 | 222.818399 | 356.629759 
 4150.0580 | 08737.6782 | 15:58:02 | 222.817967 | 356.629986 
 4150.0581 | 08737.6788 | 15:58:03 | 222.817450 | 356.630096 
 4150.0583 | 08737.6794 | 15:58:04 | 222.816932 | 356.630322 
 4150.0571 | 08737.6840 | 15:58:05 | 222.812987 | 356.628909 
 4150.0572 | 08737.6847 | 15:58:06 | 222.812384 | 356.629019 
 4150.0573 | 08737.6855 | 15:58:07 | 222.811694 | 356.629129 
 4150.0574 | 08737.6864 | 15:58:08 | 222.810919 | 356.629237 
 4150.0575 | 08737.6872 | 15:58:09 | 222.810230 | 356.629347 
 4150.0576 | 08737.6880 | 15:58:10 | 222.809541 | 356.629456 
 4150.0581 | 08737.6921 | 15:58:15 | 222.806009 | 356.630002 
 4150.0580 | 08737.6936 | 15:58:17 | 222.804720 | 356.629877 
 4150.0581 | 08737.6974 | 15:58:22 | 222.801450 | 356.629965 
 4150.0571 | 08737.6984 | 15:58:23 | 222.800599 | 356.628808 
 4150.0567 | 08737.6990 | 15:58:24 | 222.800087 | 356.628343 
 4150.0563 | 08737.6998 | 15:58:25 | 222.799403 | 356.627878 
 4150.0560 | 08737.7006 | 15:58:26 | 222.798717 | 356.627527 
 4150.0601 | 08737.7042 | 15:58:27 | 222.795582 | 356.632217 
 4150.0603 | 08737.7052 | 15:58:28 | 222.794720 | 356.632440 
 4150.0601 | 08737.7060 | 15:58:29 | 222.794033 | 356.632205 
 4150.0602 | 08737.7068 | 15:58:30 | 222.793344 | 356.632314 
 4150.0603 | 08737.7077 | 15:58:31 | 222.792569 | 356.632423 
 4150.0604 | 08737.7087 | 15:58:32 | 222.791708 | 356.632531 
 4150.0605 | 08737.7096 | 15:58:33 | 222.790933 | 356.632639 
 4150.0574 | 08737.7114 | 15:58:34 | 222.789414 | 356.629061 
 4150.0575 | 08737.7117 | 15:58:35 | 222.789155 | 356.629174 
 4150.0572 | 08737.7122 | 15:58:36 | 222.788727 | 356.628825 
 4150.0571 | 08737.7128 | 15:58:37 | 222.788212 | 356.628706 
 4150.0569 | 08737.7136 | 15:58:38 | 222.787526 | 356.628470 
 4150.0568 | 08737.7142 | 15:58:39 | 222.787011 | 356.628351 
 4150.0567 | 08737.7149 | 15:58:40 | 222.786409 | 356.628231 
 4150.0567 | 08737.7160 | 15:58:41 | 222.785463 | 356.628223 
 4150.0566 | 08737.7170 | 15:58:42 | 222.784604 | 356.628101 
 4150.0565 | 08737.7178 | 15:58:43 | 222.783917 | 356.627981 
 4150.0563 | 08737.7183 | 15:58:44 | 222.783488 | 356.627747 
 4150.0561 | 08737.7189 | 15:58:45 | 222.782974 | 356.627513 
 4150.0558 | 08737.7187 | 15:58:46 | 222.783149 | 356.627169 
 4150.0557 | 08737.7192 | 15:58:47 | 222.782720 | 356.627050 
 4150.0557 | 08737.7195 | 15:58:48 | 222.782462 | 356.627048 
 4150.0556 | 08737.7204 | 15:58:50 | 222.781688 | 356.626927 
 4150.0555 | 08737.7209 | 15:58:51 | 222.781259 | 356.626808 
 4150.0554 | 08737.7218 | 15:58:52 | 222.780486 | 356.626687 
 4150.0555 | 08737.7230 | 15:58:53 | 222.779453 | 356.626794 
 4150.0591 | 08737.7321 | 15:58:54 | 222.771591 | 356.630870 
 4150.0595 | 08737.7335 | 15:58:55 | 222.770383 | 356.631321 
 4150.0597 | 08737.7346 | 15:58:56 | 222.769435 | 356.631543 
 4150.0601 | 08737.7357 | 15:58:57 | 222.768485 | 356.631995 
 4150.0574 | 08737.7201 | 15:58:58 | 222.781930 | 356.629000 
 4150.0639 | 08737.7249 | 15:58:59 | 222.777739 | 356.636442 
 4150.0716 | 08737.7297 | 15:59:00 | 222.773537 | 356.645265 
 4150.0720 | 08737.7319 | 15:59:01 | 222.771641 | 356.645710 
 4150.0736 | 08737.7334 | 15:59:02 | 222.770336 | 356.647540 
 4150.0734 | 08737.7369 | 15:59:03 | 222.767327 | 356.647285 
 4150.0741 | 08737.7387 | 15:59:04 | 222.765772 | 356.648077 
 4150.0752 | 08737.7420 | 15:59:05 | 222.762923 | 356.649319 
 4150.0757 | 08737.7438 | 15:59:06 | 222.761370 | 356.649882 
 4150.0744 | 08737.7536 | 15:59:10 | 222.752952 | 356.648317 
 4150.0763 | 08737.7587 | 15:59:11 | 222.748547 | 356.650467 
 4150.0759 | 08737.7469 | 15:59:36 | 222.758701 | 356.650090 
 4150.0759 | 08737.7490 | 15:59:37 | 222.756895 | 356.650075 
 4150.0754 | 08737.7481 | 15:59:38 | 222.757673 | 356.649506 
 4150.0751 | 08737.7352 | 15:59:39 | 222.768773 | 356.649252 
 4150.0772 | 08737.7325 | 15:59:40 | 222.771076 | 356.651687 
 4150.0805 | 08737.7281 | 15:59:41 | 222.774830 | 356.655514 
 4150.0885 | 08737.7286 | 15:59:43 | 222.774324 | 356.664712 
 4150.0925 | 08737.7260 | 15:59:47 | 222.776523 | 356.669332 
 4150.0925 | 08737.7243 | 15:59:48 | 222.777985 | 356.669344 
 4150.0981 | 08737.8175 | 16:00:03 | 222.697760 | 356.675128 
 4150.0744 | 08737.7888 | 16:00:14 | 222.722672 | 356.648069 
 4150.0760 | 08737.7913 | 16:00:15 | 222.720506 | 356.649892 
 4150.0705 | 08737.7788 | 16:00:16 | 222.731311 | 356.643654 
 4150.0701 | 08737.7800 | 16:00:17 | 222.730282 | 356.643185 
 4150.0704 | 08737.7797 | 16:00:18 | 222.730537 | 356.643532 
 4150.0706 | 08737.7815 | 16:00:19 | 222.728987 | 356.643750 
 4150.0706 | 08737.7818 | 16:00:20 | 222.728729 | 356.643748 
 4150.0719 | 08737.7844 | 16:00:21 | 222.726480 | 356.645225 
 4150.0731 | 08737.7803 | 16:00:22 | 222.729996 | 356.646634 
 4150.0729 | 08737.7845 | 16:00:23 | 222.726385 | 356.646374 
 4150.0756 | 08737.7879 | 16:00:24 | 222.723435 | 356.649456 
 4150.0751 | 08737.7820 | 16:00:25 | 222.728515 | 356.648922 
 4150.0714 | 08737.7877 | 16:00:27 | 222.723646 | 356.644626 
 4150.0713 | 08737.7916 | 16:00:28 | 222.720292 | 356.644484 
 4150.0737 | 08737.7853 | 16:00:32 | 222.725689 | 356.647289 
 4150.0783 | 08737.7859 | 16:00:33 | 222.725130 | 356.652576 
 4150.0793 | 08737.7925 | 16:00:34 | 222.719443 | 356.653679 
 4150.0796 | 08737.7959 | 16:00:36 | 222.716515 | 356.654001 
 4150.0773 | 08737.7983 | 16:00:37 | 222.714472 | 356.651338 
 4150.0769 | 08737.8005 | 16:00:38 | 222.712584 | 356.650863 
 4150.0774 | 08737.8008 | 16:00:39 | 222.712321 | 356.651436 
 4150.0743 | 08737.7989 | 16:00:41 | 222.713984 | 356.647883 
 4150.0766 | 08737.8152 | 16:00:49 | 222.699941 | 356.650414 
 4150.0903 | 08737.8517 | 16:01:17 | 222.668414 | 356.665915 
 4150.0827 | 08737.8428 | 16:01:22 | 222.676142 | 356.657236 
 4150.0785 | 08737.8391 | 16:01:23 | 222.679364 | 356.652431 
 4150.0716 | 08737.8403 | 16:01:34 | 222.678397 | 356.644486 
 4150.0695 | 08737.8394 | 16:01:36 | 222.679190 | 356.642077 
 4150.0709 | 08737.8326 | 16:01:39 | 222.685027 | 356.643735 
 4150.0715 | 08737.8383 | 16:01:40 | 222.680118 | 356.644385 
 4150.0787 | 08737.8594 | 16:01:49 | 222.661899 | 356.652518 
 4150.0786 | 08737.8593 | 16:01:50 | 222.661986 | 356.652404 
 4150.0785 | 08737.8592 | 16:01:51 | 222.662073 | 356.652290 
 4150.0786 | 08737.8591 | 16:02:09 | 222.662158 | 356.652405 
 4150.0786 | 08737.8601 | 16:02:10 | 222.661298 | 356.652398 
 4150.0784 | 08737.8612 | 16:02:11 | 222.660354 | 356.652161 
 4150.0782 | 08737.8623 | 16:02:12 | 222.659409 | 356.651923 
 4150.0779 | 08737.8634 | 16:02:13 | 222.658466 | 356.651570 
 4150.0778 | 08737.8652 | 16:02:15 | 222.656919 | 356.651442 
 4150.0776 | 08737.8663 | 16:02:16 | 222.655974 | 356.651205 
 4150.0773 | 08737.8675 | 16:02:17 | 222.654945 | 356.650851 
 4150.0777 | 08737.8688 | 16:02:18 | 222.653823 | 356.651302 
 4150.0779 | 08737.8711 | 16:02:19 | 222.651842 | 356.651516 
 4150.0740 | 08737.8705 | 16:02:20 | 222.652395 | 356.647034 
 4150.0740 | 08737.8718 | 16:02:21 | 222.651277 | 356.647025 
 4150.0737 | 08737.8735 | 16:02:22 | 222.649817 | 356.646668 
 4150.0737 | 08737.8754 | 16:02:23 | 222.648183 | 356.646655 
 4150.0735 | 08737.8764 | 16:02:24 | 222.647325 | 356.646418 
 4150.0731 | 08737.8781 | 16:02:28 | 222.645866 | 356.645946 
 4150.0731 | 08737.8791 | 16:02:29 | 222.645006 | 356.645938 
 4150.0727 | 08737.8814 | 16:02:30 | 222.643031 | 356.645462 
 4150.0725 | 08737.8823 | 16:02:31 | 222.642259 | 356.645226 
 4150.0723 | 08737.8828 | 16:02:32 | 222.641830 | 356.644992 
 4150.0722 | 08737.8838 | 16:02:33 | 222.640971 | 356.644870 
 4150.0716 | 08737.8861 | 16:02:34 | 222.638998 | 356.644164 
 4150.0714 | 08737.8878 | 16:02:35 | 222.637538 | 356.643922 
 4150.0701 | 08737.8918 | 16:02:43 | 222.634109 | 356.642398 
 4150.0702 | 08737.8940 | 16:02:44 | 222.632216 | 356.642498 
 4150.0696 | 08737.8959 | 16:02:45 | 222.630587 | 356.641795 
 4150.0696 | 08737.8974 | 16:02:46 | 222.629296 | 356.641784 
 4150.0691 | 08737.8987 | 16:02:48 | 222.628183 | 356.641200 
 4150.0621 | 08737.8853 | 16:03:23 | 222.639776 | 356.633242 
 4150.0581 | 08737.8976 | 16:03:24 | 222.629232 | 356.628555 
 4150.0529 | 08737.8974 | 16:03:25 | 222.629453 | 356.622575 
 4150.0467 | 08737.9015 | 16:03:26 | 222.625985 | 356.615415 
 4150.0441 | 08737.9038 | 16:03:27 | 222.624031 | 356.612408 
 4150.0412 | 08737.9094 | 16:03:28 | 222.619241 | 356.609033 
 4150.0430 | 08737.9086 | 16:03:29 | 222.619912 | 356.611109 
 4150.0434 | 08737.9087 | 16:03:30 | 222.619822 | 356.611568 
 4150.0442 | 08737.9094 | 16:03:31 | 222.619212 | 356.612483 
 4150.0447 | 08737.9101 | 16:03:32 | 222.618605 | 356.613054 
 4150.0442 | 08737.9097 | 16:03:33 | 222.618954 | 356.612481 
 4150.0447 | 08737.9102 | 16:03:34 | 222.618519 | 356.613053 
 4150.0455 | 08737.9107 | 16:03:35 | 222.618082 | 356.613970 
 4150.0460 | 08737.9111 | 16:03:36 | 222.617733 | 356.614542 
 4150.0466 | 08737.9115 | 16:03:37 | 222.617383 | 356.615229 
 4150.0472 | 08737.9119 | 16:03:38 | 222.617034 | 356.615917 
 4150.0468 | 08737.9123 | 16:03:39 | 222.616693 | 356.615454 
 4150.0472 | 08737.9128 | 16:03:40 | 222.616259 | 356.615910 
 4150.0474 | 08737.9132 | 16:03:41 | 222.615913 | 356.616138 
 4150.0479 | 08737.9137 | 16:03:42 | 222.615479 | 356.616709 
 4150.0482 | 08737.9140 | 16:03:43 | 222.615218 | 356.617052 
 4150.0490 | 08737.9143 | 16:03:44 | 222.614952 | 356.617970 
 4150.0495 | 08737.9147 | 16:03:45 | 222.614603 | 356.618543 
 4150.0501 | 08737.9150 | 16:03:46 | 222.614340 | 356.619231 
 4150.0504 | 08737.9153 | 16:03:47 | 222.614079 | 356.619574 
 4150.0509 | 08737.9156 | 16:03:48 | 222.613816 | 356.620147 
 4150.0514 | 08737.9159 | 16:03:49 | 222.613553 | 356.620720 
 4150.0519 | 08737.9161 | 16:03:50 | 222.613376 | 356.621293 
 4150.0525 | 08737.9164 | 16:03:51 | 222.613113 | 356.621981 
 4150.0530 | 08737.9167 | 16:03:52 | 222.612850 | 356.622554 
 4150.0536 | 08737.9171 | 16:03:53 | 222.612500 | 356.623242 
 4150.0538 | 08737.9175 | 16:03:54 | 222.612154 | 356.623469 
 4150.0544 | 08737.9178 | 16:03:55 | 222.611891 | 356.624157 
 4150.0550 | 08737.9182 | 16:03:56 | 222.611541 | 356.624844 
 4150.0568 | 08737.9173 | 16:03:57 | 222.612298 | 356.626921 
 4150.0576 | 08737.9170 | 16:03:58 | 222.612549 | 356.627843 
 4150.0575 | 08737.9173 | 16:03:59 | 222.612292 | 356.627726 
 4150.0574 | 08737.9176 | 16:04:00 | 222.612034 | 356.627609 
 4150.0577 | 08737.9183 | 16:04:01 | 222.611430 | 356.627949 
 4150.0580 | 08737.9188 | 16:04:02 | 222.610997 | 356.628291 
 4150.0579 | 08737.9190 | 16:04:03 | 222.610825 | 356.628174 
 4150.0578 | 08737.9192 | 16:04:04 | 222.610654 | 356.628058 
 4150.0586 | 08737.9201 | 16:04:05 | 222.609873 | 356.628972 
 4150.0590 | 08737.9204 | 16:04:06 | 222.609611 | 356.629430 
 4150.0592 | 08737.9206 | 16:04:07 | 222.609437 | 356.629658 
 4150.0599 | 08737.9208 | 16:04:08 | 222.609258 | 356.630462 
 4150.0604 | 08737.9208 | 16:04:09 | 222.609254 | 356.631037 
 4150.0611 | 08737.9209 | 16:04:10 | 222.609161 | 356.631842 
 4150.0620 | 08737.9201 | 16:04:11 | 222.609841 | 356.632883 
 4150.0626 | 08737.9197 | 16:04:12 | 222.610179 | 356.633576 
 4150.0633 | 08737.9194 | 16:04:13 | 222.610431 | 356.634383 
 4150.0644 | 08737.9188 | 16:04:14 | 222.610936 | 356.635652 
 4150.0654 | 08737.9184 | 16:04:15 | 222.611271 | 356.636805 
 4150.0644 | 08737.9163 | 16:04:16 | 222.613087 | 356.635670 
 4150.0647 | 08737.9157 | 16:04:17 | 222.613600 | 356.636019 
 4150.0647 | 08737.9151 | 16:04:18 | 222.614116 | 356.636023 
 4150.0649 | 08737.9151 | 16:04:19 | 222.614115 | 356.636253 
 4150.0651 | 08737.9154 | 16:04:20 | 222.613855 | 356.636481 
 4150.0650 | 08737.9157 | 16:04:21 | 222.613598 | 356.636364 
 4150.0653 | 08737.9158 | 16:04:22 | 222.613509 | 356.636709 
 4150.0657 | 08737.9161 | 16:04:23 | 222.613247 | 356.637167 
 4150.0657 | 08737.9158 | 16:04:24 | 222.613505 | 356.637169 
 4150.0636 | 08737.9156 | 16:04:25 | 222.613697 | 356.634755 
 4150.0622 | 08737.9151 | 16:04:26 | 222.614140 | 356.633148 
 4150.0611 | 08737.9148 | 16:04:27 | 222.614408 | 356.631885 
 4150.0611 | 08737.9148 | 16:04:28 | 222.614408 | 356.631885 
 4150.0611 | 08737.9148 | 16:04:29 | 222.614408 | 356.631885 
 4150.0611 | 08737.9148 | 16:04:30 | 222.614408 | 356.631885 
 4150.0611 | 08737.9148 | 16:04:31 | 222.614408 | 356.631885 
 4150.0611 | 08737.9148 | 16:04:32 | 222.614408 | 356.631885 
 4150.0611 | 08737.9148 | 16:04:33 | 222.614408 | 356.631885 
 4150.0611 | 08737.9148 | 16:04:34 | 222.614408 | 356.631885 
 4150.0611 | 08737.9148 | 16:04:35 | 222.614408 | 356.631885 
 4150.0611 | 08737.9148 | 16:04:36 | 222.614408 | 356.631885 
 4150.0611 | 08737.9148 | 16:04:37 | 222.614408 | 356.631885 
 4150.0611 | 08737.9148 | 16:04:38 | 222.614408 | 356.631885 
 4150.0611 | 08737.9148 | 16:04:39 | 222.614408 | 356.631885 
 4150.0611 | 08737.9148 | 16:04:40 | 222.614408 | 356.631885 
 4150.0611 | 08737.9148 | 16:04:41 | 222.614408 | 356.631885 
 4150.0611 | 08737.9148 | 16:04:42 | 222.614408 | 356.631885 
 4150.0611 | 08737.9148 | 16:04:43 | 222.614408 | 356.631885 
 4150.0611 | 08737.9148 | 16:04:44 | 222.614408 | 356.631885 
 4150.0612 | 08737.9176 | 16:04:45 | 222.611999 | 356.631980 
 4150.0613 | 08737.9179 | 16:04:46 | 222.611740 | 356.632093 
 4150.0613 | 08737.9182 | 16:04:47 | 222.611482 | 356.632091 
 4150.0614 | 08737.9188 | 16:04:48 | 222.610965 | 356.632202 
 4150.0608 | 08737.9188 | 16:04:49 | 222.610970 | 356.631511 
 4150.0607 | 08737.9192 | 16:04:50 | 222.610627 | 356.631394 
 4150.0606 | 08737.9196 | 16:04:51 | 222.610284 | 356.631276 
 4150.0606 | 08737.9199 | 16:04:52 | 222.610026 | 356.631274 
 4150.0620 | 08737.9169 | 16:04:53 | 222.612593 | 356.632905 
 4150.0621 | 08737.9169 | 16:04:54 | 222.612593 | 356.633020 
 4150.0612 | 08737.9165 | 16:04:55 | 222.612945 | 356.631988 
 4150.0612 | 08737.9165 | 16:04:56 | 222.612945 | 356.631988 
 4150.0612 | 08737.9165 | 16:04:57 | 222.612945 | 356.631988 
 4150.0612 | 08737.9165 | 16:04:58 | 222.612945 | 356.631988 
 4150.0612 | 08737.9165 | 16:04:59 | 222.612945 | 356.631988 
 4150.0612 | 08737.9165 | 16:05:00 | 222.612945 | 356.631988 
 4150.0612 | 08737.9165 | 16:05:01 | 222.612945 | 356.631988 
 4150.0630 | 08737.9152 | 16:05:02 | 222.614046 | 356.634067 
 4150.0637 | 08737.9160 | 16:05:03 | 222.613352 | 356.634867 
 4150.0643 | 08737.9174 | 16:05:04 | 222.612142 | 356.635547 
 4150.0646 | 08737.9193 | 16:05:05 | 222.610504 | 356.635879 
 4150.0642 | 08737.9217 | 16:05:06 | 222.608444 | 356.635402 
 4150.0636 | 08737.9240 | 16:05:07 | 222.606471 | 356.634696 
 4150.0632 | 08737.9265 | 16:05:08 | 222.604324 | 356.634218 
 4150.0625 | 08737.9293 | 16:05:09 | 222.601922 | 356.633393 
 4150.0614 | 08737.9321 | 16:05:10 | 222.599524 | 356.632108 
 4150.0600 | 08737.9349 | 16:05:11 | 222.597128 | 356.630478 
 4150.0580 | 08737.9376 | 16:05:12 | 222.594824 | 356.628159 
 4150.0556 | 08737.9400 | 16:05:13 | 222.592782 | 356.625381 
 4150.0528 | 08737.9421 | 16:05:14 | 222.591002 | 356.622146 
 4150.0496 | 08737.9443 | 16:05:15 | 222.589140 | 356.618450 
 4150.0461 | 08737.9460 | 16:05:16 | 222.587710 | 356.614412 
 4150.0425 | 08737.9475 | 16:05:17 | 222.586454 | 356.610260 
 4150.0386 | 08737.9486 | 16:05:18 | 222.585544 | 356.605767 
 4150.0345 | 08737.9494 | 16:05:19 | 222.584894 | 356.601045 
 4150.0303 | 08737.9498 | 16:05:20 | 222.584589 | 356.596211 
 4150.0260 | 08737.9497 | 16:05:21 | 222.584716 | 356.591266 
 4150.0216 | 08737.9496 | 16:05:22 | 222.584843 | 356.586206 
 4150.0171 | 08737.9497 | 16:05:23 | 222.584799 | 356.581029 
 4150.0122 | 08737.9495 | 16:05:24 | 222.585017 | 356.575394 
 4150.0075 | 08737.9496 | 16:05:25 | 222.584975 | 356.569987 
 4150.0028 | 08737.9496 | 16:05:26 | 222.585020 | 356.564581 
 4149.9982 | 08737.9496 | 16:05:27 | 222.585063 | 356.559290 
 4149.9934 | 08737.9494 | 16:05:28 | 222.585280 | 356.553770 
 4149.9885 | 08737.9492 | 16:05:29 | 222.585498 | 356.548135 
 4149.9837 | 08737.9491 | 16:05:30 | 222.585629 | 356.542615 
 4149.9792 | 08737.9492 | 16:05:31 | 222.585585 | 356.537438 
 4149.9751 | 08737.9493 | 16:05:32 | 222.585538 | 356.532721 
 4149.9715 | 08737.9496 | 16:05:33 | 222.585313 | 356.528578 
 4149.9679 | 08737.9501 | 16:05:34 | 222.584917 | 356.524434 
 4149.9651 | 08737.9515 | 16:05:35 | 222.583739 | 356.521203 
 4149.9660 | 08737.9545 | 16:05:36 | 222.581150 | 356.522218 
 4149.9660 | 08737.9577 | 16:05:37 | 222.578397 | 356.522195 
 4149.9668 | 08737.9608 | 16:05:38 | 222.575723 | 356.523094 
 4149.9687 | 08737.9634 | 16:05:39 | 222.573468 | 356.525261 
 4149.9711 | 08737.9648 | 16:05:40 | 222.572241 | 356.528012 
 4149.9739 | 08737.9651 | 16:05:41 | 222.571957 | 356.531230 
 4149.9771 | 08737.9651 | 16:05:42 | 222.571927 | 356.534911 
 4149.9812 | 08737.9653 | 16:05:43 | 222.571716 | 356.539626 
 4149.9855 | 08737.9655 | 16:05:44 | 222.571504 | 356.544570 
 4149.9900 | 08737.9656 | 16:05:45 | 222.571376 | 356.549746 
 4149.9957 | 08737.9656 | 16:05:46 | 222.571322 | 356.556302 
 4150.0012 | 08737.9656 | 16:05:47 | 222.571271 | 356.562628 
 4150.0069 | 08737.9657 | 16:05:48 | 222.571131 | 356.569184 
 4150.0128 | 08737.9656 | 16:05:49 | 222.571162 | 356.575971 
 4150.0188 | 08737.9656 | 16:05:50 | 222.571106 | 356.582873 
 4150.0247 | 08737.9658 | 16:05:51 | 222.570878 | 356.589658 
 4150.0309 | 08737.9658 | 16:05:52 | 222.570820 | 356.596789 
 4150.0370 | 08737.9659 | 16:05:53 | 222.570677 | 356.603805 
 4150.0429 | 08737.9662 | 16:05:54 | 222.570363 | 356.610589 
 4150.0489 | 08737.9661 | 16:05:55 | 222.570393 | 356.617492 
 4150.0543 | 08737.9663 | 16:05:56 | 222.570170 | 356.623701 
 4150.0592 | 08737.9666 | 16:05:57 | 222.569866 | 356.629336 
 4150.0639 | 08737.9663 | 16:05:58 | 222.570080 | 356.634744 
 4150.0677 | 08737.9662 | 16:05:59 | 222.570131 | 356.639115 
 4150.0705 | 08737.9662 | 16:06:00 | 222.570105 | 356.642336 
 4150.0727 | 08737.9660 | 16:06:01 | 222.570256 | 356.644868 
 4150.0750 | 08737.9660 | 16:06:02 | 222.570234 | 356.647514 
 4150.0774 | 08737.9661 | 16:06:03 | 222.570126 | 356.650274 
 4150.0801 | 08737.9666 | 16:06:04 | 222.569670 | 356.653376 
 4150.0831 | 08737.9677 | 16:06:05 | 222.568696 | 356.656819 
 4150.0877 | 08737.9672 | 16:06:06 | 222.569083 | 356.662113 
 4150.0924 | 08737.9670 | 16:06:07 | 222.569211 | 356.667521 
 4150.0970 | 08737.9670 | 16:06:08 | 222.569168 | 356.672812 
 4150.1018 | 08737.9669 | 16:06:09 | 222.569209 | 356.678334 
 4150.1075 | 08737.9675 | 16:06:10 | 222.568639 | 356.684886 
 4150.1141 | 08737.9669 | 16:06:11 | 222.569093 | 356.692482 
 4150.1212 | 08737.9666 | 16:06:12 | 222.569285 | 356.700651 
 4150.1280 | 08737.9664 | 16:06:13 | 222.569393 | 356.708474 
 4150.1345 | 08737.9662 | 16:06:14 | 222.569504 | 356.715952 
 4150.1409 | 08737.9661 | 16:06:15 | 222.569530 | 356.723314 
 4150.1472 | 08737.9663 | 16:06:16 | 222.569299 | 356.730559 
 4150.1533 | 08737.9665 | 16:06:17 | 222.569070 | 356.737574 
 4150.1588 | 08737.9669 | 16:06:18 | 222.568674 | 356.743898 
 4150.1641 | 08737.9674 | 16:06:19 | 222.568194 | 356.749991 
 4150.1691 | 08737.9684 | 16:06:20 | 222.567287 | 356.755735 
 4150.1738 | 08737.9682 | 16:06:21 | 222.567415 | 356.761143 
 4150.1776 | 08737.9680 | 16:06:22 | 222.567551 | 356.765515 
 4150.1804 | 08737.9678 | 16:06:23 | 222.567697 | 356.768737 
 4150.1831 | 08737.9675 | 16:06:24 | 222.567930 | 356.771845 
 4150.1860 | 08737.9674 | 16:06:25 | 222.567989 | 356.775181 
 4150.1895 | 08737.9675 | 16:06:26 | 222.567870 | 356.779206 
 4150.1934 | 08737.9678 | 16:06:27 | 222.567575 | 356.783690 
 4150.1980 | 08737.9675 | 16:06:28 | 222.567790 | 356.788983 
 4150.2028 | 08737.9678 | 16:06:29 | 222.567487 | 356.794502 
 4150.2079 | 08737.9683 | 16:06:30 | 222.567009 | 356.800365 
 4150.2132 | 08737.9689 | 16:06:31 | 222.566443 | 356.806457 
 4150.2192 | 08737.9686 | 16:06:32 | 222.566645 | 356.813361 
 4150.2252 | 08737.9686 | 16:06:33 | 222.566589 | 356.820262 
 4150.2313 | 08737.9686 | 16:06:34 | 222.566532 | 356.827279 
 4150.2375 | 08737.9691 | 16:06:35 | 222.566043 | 356.834407 
 4150.2438 | 08737.9694 | 16:06:36 | 222.565726 | 356.841651 
 4150.2502 | 08737.9696 | 16:06:37 | 222.565494 | 356.849012 
 4150.2564 | 08737.9698 | 16:06:38 | 222.565264 | 356.856142 
 4150.2626 | 08737.9693 | 16:06:39 | 222.565636 | 356.863277 
 4150.2687 | 08737.9689 | 16:06:40 | 222.565923 | 356.870296 
 4150.2747 | 08737.9687 | 16:06:41 | 222.566038 | 356.877199 
 4150.2803 | 08737.9686 | 16:06:42 | 222.566072 | 356.883641 
 4150.2850 | 08737.9697 | 16:06:43 | 222.565082 | 356.889039 
 4150.2887 | 08737.9699 | 16:06:44 | 222.564875 | 356.893294 
 4150.2914 | 08737.9701 | 16:06:45 | 222.564677 | 356.896398 
 4150.2934 | 08737.9705 | 16:06:46 | 222.564315 | 356.898696 
 4150.2956 | 08737.9719 | 16:06:47 | 222.563090 | 356.901217 
 4150.2978 | 08737.9745 | 16:06:48 | 222.560833 | 356.903729 
 4150.2990 | 08737.9786 | 16:06:49 | 222.557295 | 356.905080 
 4150.2988 | 08737.9838 | 16:06:50 | 222.552824 | 356.904814 
 4150.2983 | 08737.9892 | 16:06:51 | 222.548183 | 356.904201 
 4150.2980 | 08737.9951 | 16:06:52 | 222.543111 | 356.903814 
 4150.2976 | 08738.0015 | 16:06:53 | 222.537610 | 356.903310 
 4150.2972 | 08738.0079 | 16:06:54 | 222.532108 | 356.902805 
 4150.2969 | 08738.0143 | 16:06:55 | 222.526606 | 356.902415 
 4150.2968 | 08738.0201 | 16:06:56 | 222.521618 | 356.902259 
 4150.2965 | 08738.0254 | 16:06:57 | 222.517062 | 356.901877 
 4150.2964 | 08738.0299 | 16:06:58 | 222.513192 | 356.901730 
 4150.2961 | 08738.0336 | 16:06:59 | 222.510012 | 356.901359 
 4150.2959 | 08738.0363 | 16:07:00 | 222.507692 | 356.901110 
 4150.2955 | 08738.0376 | 16:07:01 | 222.506577 | 356.900641 
 4150.2954 | 08738.0380 | 16:07:02 | 222.506234 | 356.900523 
 4150.2954 | 08738.0381 | 16:07:03 | 222.506148 | 356.900523 
 4150.2954 | 08738.0382 | 16:07:04 | 222.506062 | 356.900522 
 4150.2954 | 08738.0382 | 16:07:05 | 222.506062 | 356.900522 
 4150.2954 | 08738.0382 | 16:07:06 | 222.506062 | 356.900522 
 4150.2954 | 08738.0382 | 16:07:07 | 222.506062 | 356.900522 
 4150.2954 | 08738.0382 | 16:07:08 | 222.506062 | 356.900522 
 4150.2954 | 08738.0382 | 16:07:09 | 222.506062 | 356.900522 
 4150.2954 | 08738.0382 | 16:07:10 | 222.506062 | 356.900522 
 4150.2954 | 08738.0382 | 16:07:11 | 222.506062 | 356.900522 
 4150.2954 | 08738.0382 | 16:07:12 | 222.506062 | 356.900522 
 4150.2950 | 08738.0387 | 16:07:13 | 222.505636 | 356.900058 
 4150.2949 | 08738.0401 | 16:07:14 | 222.504432 | 356.899933 
 4150.2948 | 08738.0426 | 16:07:15 | 222.502283 | 356.899801 
 4150.2947 | 08738.0462 | 16:07:16 | 222.499187 | 356.899661 
 4150.2947 | 08738.0505 | 16:07:17 | 222.495488 | 356.899631 
 4150.2946 | 08738.0556 | 16:07:18 | 222.491102 | 356.899480 
 4150.2946 | 08738.0612 | 16:07:19 | 222.486286 | 356.899441 
 4150.2945 | 08738.0674 | 16:07:20 | 222.480953 | 356.899282 
 4150.2944 | 08738.0743 | 16:07:21 | 222.475019 | 356.899119 
 4150.2943 | 08738.0818 | 16:07:22 | 222.468569 | 356.898951 
 4150.2941 | 08738.0895 | 16:07:23 | 222.461947 | 356.898667 
 4150.2938 | 08738.0974 | 16:07:24 | 222.455155 | 356.898267 
 4150.2936 | 08738.1054 | 16:07:25 | 222.448275 | 356.897981 
 4150.2935 | 08738.1136 | 16:07:26 | 222.441223 | 356.897809 
 4150.2934 | 08738.1217 | 16:07:27 | 222.434256 | 356.897637 
 4150.2931 | 08738.1296 | 16:07:28 | 222.427464 | 356.897237 
 4150.2929 | 08738.1374 | 16:07:29 | 222.420756 | 356.896952 
 4150.2927 | 08738.1452 | 16:07:30 | 222.414049 | 356.896668 
 4150.2925 | 08738.1528 | 16:07:31 | 222.407513 | 356.896385 
 4150.2924 | 08738.1604 | 16:07:32 | 222.400977 | 356.896216 
 4150.2923 | 08738.1680 | 16:07:33 | 222.394440 | 356.896048 
 4150.2924 | 08738.1755 | 16:07:34 | 222.387988 | 356.896111 
 4150.2924 | 08738.1830 | 16:07:35 | 222.381537 | 356.896059 
 4150.2916 | 08738.2214 | 16:07:40 | 222.348513 | 356.894871 
 4150.2909 | 08738.2302 | 16:07:41 | 222.340950 | 356.894004 
 4150.2920 | 08738.2405 | 16:07:42 | 222.332080 | 356.895198 
 4150.2921 | 08738.2485 | 16:07:43 | 222.325198 | 356.895257 
 4150.2919 | 08738.2568 | 16:07:44 | 222.318060 | 356.894969 
 4150.2917 | 08738.2656 | 16:07:45 | 222.310493 | 356.894678 
 4150.2915 | 08738.2741 | 16:07:46 | 222.303183 | 356.894388 
 4150.2913 | 08738.2828 | 16:07:47 | 222.295701 | 356.894098 
 4150.2911 | 08738.2916 | 16:07:48 | 222.288134 | 356.893806 
 4150.2910 | 08738.3005 | 16:07:49 | 222.280479 | 356.893629 
 4150.2909 | 08738.3095 | 16:07:50 | 222.272738 | 356.893452 
 4150.2907 | 08738.3185 | 16:07:51 | 222.264999 | 356.893159 
 4150.2904 | 08738.3275 | 16:07:52 | 222.257260 | 356.892751 
 4150.2902 | 08738.3367 | 16:07:53 | 222.249348 | 356.892457 
 4150.2900 | 08738.3459 | 16:07:54 | 222.241436 | 356.892163 
 4150.2900 | 08738.3552 | 16:07:55 | 222.233437 | 356.892099 
 4150.2897 | 08738.3643 | 16:07:56 | 222.225612 | 356.891690 
 4150.2896 | 08738.3734 | 16:07:57 | 222.217785 | 356.891512 
 4150.2893 | 08738.3816 | 16:07:58 | 222.210735 | 356.891110 
 4150.2892 | 08738.3886 | 16:07:59 | 222.204714 | 356.890946 
 4150.2890 | 08738.3944 | 16:08:00 | 222.199727 | 356.890676 
 4150.2888 | 08738.3994 | 16:08:01 | 222.195428 | 356.890411 
 4150.2888 | 08738.4036 | 16:08:02 | 222.191815 | 356.890382 
 4150.2888 | 08738.4068 | 16:08:03 | 222.189063 | 356.890360 
 4150.2888 | 08738.4096 | 16:08:04 | 222.186654 | 356.890340 
 4150.2887 | 08738.4129 | 16:08:05 | 222.183817 | 356.890203 
 4150.2886 | 08738.4172 | 16:08:06 | 222.180119 | 356.890058 
 4150.2886 | 08738.4222 | 16:08:07 | 222.175818 | 356.890023 
 4150.2885 | 08738.4280 | 16:08:08 | 222.170830 | 356.889868 
 4150.2883 | 08738.4344 | 16:08:09 | 222.165327 | 356.889593 
 4150.2882 | 08738.4414 | 16:08:10 | 222.159306 | 356.889430 
 4150.2881 | 08738.4491 | 16:08:11 | 222.152684 | 356.889261 
 4150.2879 | 08738.4572 | 16:08:12 | 222.145718 | 356.888975 
 4150.2877 | 08738.4657 | 16:08:13 | 222.138409 | 356.888686 
 4150.2876 | 08738.4741 | 16:08:14 | 222.131184 | 356.888513 
 4150.2875 | 08738.4824 | 16:08:15 | 222.124046 | 356.888340 
 4150.2872 | 08738.4905 | 16:08:16 | 222.117081 | 356.887939 
 4150.2872 | 08738.4986 | 16:08:17 | 222.110113 | 356.887883 
 4150.2871 | 08738.5069 | 16:08:18 | 222.102975 | 356.887710 
 4150.2870 | 08738.5154 | 16:08:19 | 222.095664 | 356.887537 
 4150.2869 | 08738.5240 | 16:08:20 | 222.088268 | 356.887362 
 4150.2868 | 08738.5328 | 16:08:21 | 222.080699 | 356.887186 
 4150.2866 | 08738.5417 | 16:08:22 | 222.073045 | 356.886894 
 4150.2864 | 08738.5506 | 16:08:23 | 222.065392 | 356.886603 
 4150.2862 | 08738.5592 | 16:08:24 | 222.057996 | 356.886313 
 4150.2861 | 08738.5675 | 16:08:25 | 222.050858 | 356.886141 
 4150.2860 | 08738.5755 | 16:08:26 | 222.043977 | 356.885970 
 4150.2860 | 08738.5833 | 16:08:27 | 222.037268 | 356.885917 
 4150.2858 | 08738.5908 | 16:08:28 | 222.030818 | 356.885635 
 4150.2857 | 08738.5977 | 16:08:29 | 222.024884 | 356.885472 
 4150.2856 | 08738.6036 | 16:08:30 | 222.019810 | 356.885316 
 4150.2855 | 08738.6085 | 16:08:31 | 222.015596 | 356.885167 
 4150.2854 | 08738.6125 | 16:08:32 | 222.012156 | 356.885025 
 4150.2853 | 08738.6158 | 16:08:33 | 222.009318 | 356.884887 
 4150.2852 | 08738.6184 | 16:08:34 | 222.007083 | 356.884754 
 4150.2851 | 08738.6204 | 16:08:35 | 222.005363 | 356.884625 
 4150.2851 | 08738.6215 | 16:08:36 | 222.004417 | 356.884617 
 4150.2852 | 08738.6218 | 16:08:37 | 222.004158 | 356.884730 
 4150.2851 | 08738.6217 | 16:08:38 | 222.004245 | 356.884616 
 4150.2851 | 08738.6215 | 16:08:39 | 222.004417 | 356.884617 
 4150.2851 | 08738.6215 | 16:08:40 | 222.004417 | 356.884617 
 4150.2851 | 08738.6215 | 16:08:41 | 222.004417 | 356.884617 
 4150.2851 | 08738.6215 | 16:08:42 | 222.004417 | 356.884617 
 4150.2851 | 08738.6215 | 16:08:43 | 222.004417 | 356.884617 
 4150.2851 | 08738.6215 | 16:08:44 | 222.004417 | 356.884617 
 4150.2851 | 08738.6215 | 16:08:45 | 222.004417 | 356.884617 
 4150.2851 | 08738.6215 | 16:08:46 | 222.004417 | 356.884617 
 4150.2851 | 08738.6215 | 16:08:47 | 222.004417 | 356.884617 
 4150.2857 | 08738.6202 | 16:08:48 | 222.005530 | 356.885316 
 4150.2858 | 08738.6229 | 16:08:49 | 222.003206 | 356.885413 
 4150.2859 | 08738.6264 | 16:08:50 | 222.000195 | 356.885504 
 4150.2861 | 08738.6305 | 16:08:51 | 221.996666 | 356.885705 
 4150.2862 | 08738.6352 | 16:08:52 | 221.992623 | 356.885788 
 4150.2863 | 08738.6403 | 16:08:53 | 221.988235 | 356.885868 
 4150.2862 | 08738.6462 | 16:08:54 | 221.983161 | 356.885712 
 4150.2860 | 08738.6523 | 16:08:55 | 221.977915 | 356.885440 
 4150.2857 | 08738.6584 | 16:08:56 | 221.972671 | 356.885053 
 4150.2855 | 08738.6645 | 16:08:57 | 221.967426 | 356.884781 
 4150.2853 | 08738.6704 | 16:08:58 | 221.962353 | 356.884510 
 4150.2852 | 08738.6758 | 16:08:59 | 221.957709 | 356.884358 
 4150.2851 | 08738.6798 | 16:09:00 | 221.954269 | 356.884215 
 4150.2851 | 08738.6828 | 16:09:01 | 221.951688 | 356.884194 
 4150.2851 | 08738.6854 | 16:09:02 | 221.949452 | 356.884176 
 4150.2850 | 08738.6881 | 16:09:03 | 221.947130 | 356.884043 
 4150.2849 | 08738.6907 | 16:09:04 | 221.944895 | 356.883910 
 4150.2846 | 08738.6929 | 16:09:05 | 221.943005 | 356.883550 
 4150.2853 | 08738.7386 | 16:09:13 | 221.903689 | 356.884040 
 4150.2856 | 08738.7455 | 16:09:14 | 221.897751 | 356.884337 
 4150.2859 | 08738.7521 | 16:09:15 | 221.892071 | 356.884637 
 4150.2861 | 08738.7583 | 16:09:16 | 221.886736 | 356.884824 
 4150.2860 | 08738.7637 | 16:09:17 | 221.882092 | 356.884672 
 4150.2860 | 08738.7684 | 16:09:18 | 221.878049 | 356.884640 
 4150.2863 | 08738.7721 | 16:09:19 | 221.874863 | 356.884959 
 4150.2876 | 08738.7746 | 16:09:20 | 221.872701 | 356.886438 
 4150.2897 | 08738.7758 | 16:09:21 | 221.871650 | 356.888845 
 4150.2924 | 08738.7764 | 16:09:22 | 221.871109 | 356.891946 
 4150.2958 | 08738.7768 | 16:09:23 | 221.870733 | 356.895854 
 4150.2998 | 08738.7772 | 16:09:24 | 221.870352 | 356.900453 
 4150.3041 | 08738.7776 | 16:09:25 | 221.869969 | 356.905396 
 4150.3086 | 08738.7779 | 16:09:26 | 221.869669 | 356.910570 
 4150.3129 | 08738.7781 | 16:09:27 | 221.869458 | 356.915515 
 4150.3170 | 08738.7783 | 16:09:28 | 221.869248 | 356.920229 
 4150.3207 | 08738.7785 | 16:09:29 | 221.869042 | 356.924484 
 4150.3240 | 08738.7787 | 16:09:30 | 221.868839 | 356.928278 
 4150.3270 | 08738.7792 | 16:09:31 | 221.868382 | 356.931726 
 4150.3294 | 08738.7802 | 16:09:32 | 221.867500 | 356.934479 
 4150.3310 | 08738.7815 | 16:09:33 | 221.866367 | 356.936311 
 4150.3320 | 08738.7827 | 16:09:34 | 221.865325 | 356.937453 
 4150.3326 | 08738.7837 | 16:09:35 | 221.864460 | 356.938136 
 4150.3327 | 08738.7845 | 16:09:36 | 221.863770 | 356.938246 
 4150.3328 | 08738.7849 | 16:09:37 | 221.863425 | 356.938358 
 4150.3328 | 08738.7853 | 16:09:38 | 221.863081 | 356.938355 
 4150.3328 | 08738.7857 | 16:09:39 | 221.862737 | 356.938352 
 4150.3327 | 08738.7858 | 16:09:40 | 221.862652 | 356.938237 
 4150.3328 | 08738.7858 | 16:09:41 | 221.862651 | 356.938352 
 4150.3328 | 08738.7858 | 16:09:42 | 221.862651 | 356.938352 
 4150.3328 | 08738.7858 | 16:09:43 | 221.862651 | 356.938352 
 4150.3328 | 08738.7858 | 16:09:44 | 221.862651 | 356.938352 
 4150.3328 | 08738.7858 | 16:09:45 | 221.862651 | 356.938352 
 4150.3328 | 08738.7858 | 16:09:46 | 221.862651 | 356.938352 
 4150.3328 | 08738.7858 | 16:09:47 | 221.862651 | 356.938352 
 4150.3328 | 08738.7858 | 16:09:48 | 221.862651 | 356.938352 
 4150.3328 | 08738.7858 | 16:09:49 | 221.862651 | 356.938352 
 4150.3328 | 08738.7858 | 16:09:50 | 221.862651 | 356.938352 
 4150.3328 | 08738.7858 | 16:09:51 | 221.862651 | 356.938352 
 4150.3328 | 08738.7858 | 16:09:52 | 221.862651 | 356.938352 
 4150.3328 | 08738.7858 | 16:09:53 | 221.862651 | 356.938352 
 4150.3328 | 08738.7858 | 16:09:54 | 221.862651 | 356.938352 
 4150.3328 | 08738.7858 | 16:09:55 | 221.862651 | 356.938352 
 4150.3328 | 08738.7858 | 16:09:56 | 221.862651 | 356.938352 
 4150.3328 | 08738.7858 | 16:09:57 | 221.862651 | 356.938352 
 4150.3328 | 08738.7858 | 16:09:58 | 221.862651 | 356.938352 
 4150.3328 | 08738.7858 | 16:09:59 | 221.862651 | 356.938352 
 4150.3328 | 08738.7858 | 16:10:00 | 221.862651 | 356.938352 
 4150.3328 | 08738.7858 | 16:10:01 | 221.862651 | 356.938352 
 4150.3328 | 08738.7858 | 16:10:02 | 221.862651 | 356.938352 
 4150.3328 | 08738.7858 | 16:10:03 | 221.862651 | 356.938352 
 4150.3328 | 08738.7858 | 16:10:04 | 221.862651 | 356.938352 
 4150.3328 | 08738.7858 | 16:10:05 | 221.862651 | 356.938352 
 4150.3328 | 08738.7858 | 16:10:06 | 221.862651 | 356.938352 
 4150.3329 | 08738.7884 | 16:10:07 | 221.860414 | 356.938449 
 4150.3331 | 08738.7892 | 16:10:08 | 221.859724 | 356.938673 
 4150.3335 | 08738.7900 | 16:10:09 | 221.859032 | 356.939128 
 4150.3339 | 08738.7907 | 16:10:10 | 221.858426 | 356.939583 
 4150.3343 | 08738.7914 | 16:10:11 | 221.857821 | 356.940038 
 4150.3348 | 08738.7920 | 16:10:12 | 221.857300 | 356.940609 
 4150.3353 | 08738.7925 | 16:10:13 | 221.856865 | 356.941181 
 4150.3360 | 08738.7930 | 16:10:14 | 221.856429 | 356.941983 
 4150.3372 | 08738.7934 | 16:10:15 | 221.856074 | 356.943360 
 4150.3391 | 08738.7939 | 16:10:16 | 221.855626 | 356.945542 
 4150.3414 | 08738.7941 | 16:10:17 | 221.855433 | 356.948187 
 4150.3439 | 08738.7943 | 16:10:18 | 221.855238 | 356.951061 
 4150.3463 | 08738.7945 | 16:10:19 | 221.855044 | 356.953820 
 4150.3487 | 08738.7947 | 16:10:20 | 221.854850 | 356.956579 
 4150.3510 | 08738.7946 | 16:10:21 | 221.854914 | 356.959226 
 4150.3531 | 08738.7943 | 16:10:22 | 221.855153 | 356.961643 
 4150.3549 | 08738.7938 | 16:10:23 | 221.855567 | 356.963717 
 4150.3568 | 08738.7935 | 16:10:24 | 221.855807 | 356.965905 
 4150.3587 | 08738.7933 | 16:10:25 | 221.855962 | 356.968091 
 4150.3606 | 08738.7934 | 16:10:26 | 221.855858 | 356.970276 
 4150.3627 | 08738.7935 | 16:10:27 | 221.855753 | 356.972691 
 4150.3648 | 08738.7937 | 16:10:28 | 221.855562 | 356.975105 
 4150.3668 | 08738.7938 | 16:10:29 | 221.855457 | 356.977405 
 4150.3687 | 08738.7938 | 16:10:30 | 221.855440 | 356.979590 
 4150.3704 | 08738.7938 | 16:10:31 | 221.855424 | 356.981546 
 4150.3721 | 08738.7938 | 16:10:32 | 221.855409 | 356.983501 
 4150.3737 | 08738.7937 | 16:10:33 | 221.855480 | 356.985342 
 4150.3746 | 08738.7938 | 16:10:34 | 221.855386 | 356.986377 
 4150.3756 | 08738.7939 | 16:10:35 | 221.855290 | 356.987526 
 4150.3764 | 08738.7942 | 16:10:36 | 221.855025 | 356.988445 
 4150.3771 | 08738.7947 | 16:10:37 | 221.854588 | 356.989246 
 4150.3777 | 08738.7955 | 16:10:38 | 221.853895 | 356.989931 
 4150.3780 | 08738.7964 | 16:10:39 | 221.853118 | 356.990270 
 4150.3782 | 08738.7972 | 16:10:40 | 221.852428 | 356.990494 
 4150.3784 | 08738.7978 | 16:10:41 | 221.851910 | 356.990720 
 4150.3785 | 08738.7982 | 16:10:42 | 221.851565 | 356.990833 
 4150.3785 | 08738.7985 | 16:10:43 | 221.851307 | 356.990831 
 4150.3785 | 08738.7986 | 16:10:44 | 221.851221 | 356.990830 
 4150.3784 | 08738.7987 | 16:10:45 | 221.851136 | 356.990714 
 4150.3784 | 08738.7987 | 16:10:46 | 221.851136 | 356.990714 
 4150.3784 | 08738.7987 | 16:10:47 | 221.851136 | 356.990714 
 4150.3784 | 08738.7987 | 16:10:48 | 221.851136 | 356.990714 
 4150.3784 | 08738.7987 | 16:10:49 | 221.851136 | 356.990714 
 4150.3784 | 08738.7987 | 16:10:50 | 221.851136 | 356.990714 
 4150.3784 | 08738.7987 | 16:10:51 | 221.851136 | 356.990714 
 4150.3784 | 08738.7987 | 16:10:52 | 221.851136 | 356.990714 
 4150.3784 | 08738.7987 | 16:10:53 | 221.851136 | 356.990714 
 4150.3784 | 08738.7987 | 16:10:54 | 221.851136 | 356.990714 
 4150.3784 | 08738.7987 | 16:10:55 | 221.851136 | 356.990714 
 4150.3774 | 08738.7992 | 16:10:56 | 221.850715 | 356.989560 
 4150.3772 | 08738.7996 | 16:10:57 | 221.850373 | 356.989328 
 4150.3773 | 08738.8000 | 16:10:58 | 221.850028 | 356.989440 
 4150.3772 | 08738.7991 | 16:10:59 | 221.850803 | 356.989331 
 4150.3775 | 08738.7988 | 16:11:00 | 221.851058 | 356.989678 
 4150.3775 | 08738.7988 | 16:11:01 | 221.851058 | 356.989678 
 4150.3775 | 08738.7988 | 16:11:02 | 221.851058 | 356.989678 
 4150.3775 | 08738.7988 | 16:11:03 | 221.851058 | 356.989678 
 4150.3775 | 08738.7988 | 16:11:04 | 221.851058 | 356.989678 
 4150.3775 | 08738.7988 | 16:11:05 | 221.851058 | 356.989678 
 4150.3775 | 08738.7988 | 16:11:06 | 221.851058 | 356.989678 
 4150.3775 | 08738.7988 | 16:11:07 |