 4150.3467 | 08738.7962 | 16:46:23 | 221.853578 | 356.954269 
 4150.3425 | 08738.7979 | 16:46:33 | 221.852154 | 356.949426 
 4150.3424 | 08738.7978 | 16:46:34 | 221.852241 | 356.949311 
 4150.3424 | 08738.7977 | 16:46:35 | 221.852327 | 356.949312 
 4150.3422 | 08738.7977 | 16:46:36 | 221.852329 | 356.949082 
 4150.3422 | 08738.7975 | 16:46:37 | 221.852501 | 356.949083 
 4150.3420 | 08738.7972 | 16:46:38 | 221.852761 | 356.948855 
 4150.3415 | 08738.7970 | 16:46:39 | 221.852937 | 356.948282 
 4150.3406 | 08738.7965 | 16:46:40 | 221.853376 | 356.947250 
 4150.3399 | 08738.7960 | 16:46:41 | 221.853812 | 356.946448 
 4150.3397 | 08738.7957 | 16:46:42 | 221.854072 | 356.946220 
 4150.3396 | 08738.7957 | 16:46:43 | 221.854073 | 356.946105 
 4150.3393 | 08738.7955 | 16:46:44 | 221.854248 | 356.945762 
 4150.3388 | 08738.7950 | 16:46:45 | 221.854683 | 356.945190 
 4150.3383 | 08738.7944 | 16:46:46 | 221.855203 | 356.944619 
 4150.3375 | 08738.7937 | 16:46:47 | 221.855813 | 356.943703 
 4150.3363 | 08738.7927 | 16:46:48 | 221.856684 | 356.942330 
 4150.3347 | 08738.7913 | 16:46:49 | 221.857903 | 356.940499 
 4150.3331 | 08738.7899 | 16:46:50 | 221.859122 | 356.938668 
 4150.3317 | 08738.7884 | 16:46:51 | 221.860425 | 356.937068 
 4150.3307 | 08738.7867 | 16:46:52 | 221.861896 | 356.935930 
 4150.3301 | 08738.7850 | 16:46:53 | 221.863364 | 356.935251 
 4150.3305 | 08738.7834 | 16:46:54 | 221.864737 | 356.935723 
 4150.3304 | 08738.7823 | 16:46:55 | 221.865684 | 356.935615 
 4150.3303 | 08738.7817 | 16:46:56 | 221.866201 | 356.935504 
 4150.3303 | 08738.7814 | 16:46:57 | 221.866459 | 356.935506 
 4150.3303 | 08738.7811 | 16:46:58 | 221.866717 | 356.935508 
 4150.3303 | 08738.7811 | 16:46:59 | 221.866717 | 356.935508 
 4150.3303 | 08738.7811 | 16:47:00 | 221.866717 | 356.935508 
 4150.3303 | 08738.7811 | 16:47:01 | 221.866717 | 356.935508 
 4150.3303 | 08738.7811 | 16:47:02 | 221.866717 | 356.935508 
 4150.3303 | 08738.7811 | 16:47:03 | 221.866717 | 356.935508 
 4150.3303 | 08738.7811 | 16:47:04 | 221.866717 | 356.935508 
 4150.3306 | 08738.7793 | 16:47:05 | 221.868263 | 356.935866 
 4150.3312 | 08738.7780 | 16:47:06 | 221.869375 | 356.936565 
 4150.3325 | 08738.7761 | 16:47:07 | 221.870998 | 356.938073 
 4150.3347 | 08738.7744 | 16:47:08 | 221.872440 | 356.940616 
 4150.3375 | 08738.7733 | 16:47:09 | 221.873360 | 356.943844 
 4150.3411 | 08738.7729 | 16:47:10 | 221.873671 | 356.947987 
 4150.3448 | 08738.7729 | 16:47:11 | 221.873637 | 356.952243 
 4150.3483 | 08738.7731 | 16:47:12 | 221.873433 | 356.956268 
 4150.3521 | 08738.7733 | 16:47:13 | 221.873226 | 356.960637 
 4150.3559 | 08738.7735 | 16:47:14 | 221.873019 | 356.965007 
 4150.3598 | 08738.7737 | 16:47:15 | 221.872811 | 356.969492 
 4150.3639 | 08738.7738 | 16:47:16 | 221.872687 | 356.974207 
 4150.3682 | 08738.7739 | 16:47:17 | 221.872562 | 356.979152 
 4150.3726 | 08738.7741 | 16:47:18 | 221.872349 | 356.984212 
 4150.3769 | 08738.7742 | 16:47:19 | 221.872223 | 356.989157 
 4150.3811 | 08738.7744 | 16:47:20 | 221.872013 | 356.993987 
 4150.3853 | 08738.7747 | 16:47:21 | 221.871716 | 356.998816 
 4150.3899 | 08738.7748 | 16:47:22 | 221.871588 | 357.004106 
 4150.3951 | 08738.7750 | 16:47:23 | 221.871368 | 357.010086 
 4150.4010 | 08738.7752 | 16:47:24 | 221.871142 | 357.016871 
 4150.4077 | 08738.7755 | 16:47:25 | 221.870822 | 357.024576 
 4150.4148 | 08738.7760 | 16:47:26 | 221.870326 | 357.032739 
 4150.4220 | 08738.7764 | 16:47:27 | 221.869916 | 357.041018 
 4150.4289 | 08738.7767 | 16:47:28 | 221.869595 | 357.048953 
 4150.4356 | 08738.7772 | 16:47:29 | 221.869103 | 357.056656 
 4150.4422 | 08738.7775 | 16:47:30 | 221.868784 | 357.064246 
 4150.4486 | 08738.7776 | 16:47:31 | 221.868639 | 357.071607 
 4150.4544 | 08738.7778 | 16:47:32 | 221.868414 | 357.078277 
 4150.4601 | 08738.7779 | 16:47:33 | 221.868275 | 357.084832 
 4150.4655 | 08738.7780 | 16:47:34 | 221.868140 | 357.091043 
 4150.4708 | 08738.7781 | 16:47:35 | 221.868005 | 357.097139 
 4150.4757 | 08738.7783 | 16:47:36 | 221.867788 | 357.102773 
 4150.4804 | 08738.7784 | 16:47:37 | 221.867659 | 357.108179 
 4150.4850 | 08738.7785 | 16:47:38 | 221.867530 | 357.113469 
 4150.4887 | 08738.7786 | 16:47:39 | 221.867410 | 357.117725 
 4150.4922 | 08738.7787 | 16:47:40 | 221.867292 | 357.121750 
 4150.4956 | 08738.7786 | 16:47:41 | 221.867347 | 357.125661 
 4150.4989 | 08738.7783 | 16:47:42 | 221.867574 | 357.129459 
 4150.4978 | 08738.7789 | 16:47:43 | 221.867068 | 357.128190 
 4150.4978 | 08738.7790 | 16:47:44 | 221.866982 | 357.128189 
 4150.4978 | 08738.7790 | 16:47:45 | 221.866982 | 357.128189 
 4150.4972 | 08738.7789 | 16:47:46 | 221.867074 | 357.127500 
 4150.4972 | 08738.7789 | 16:47:47 | 221.867074 | 357.127500 
 4150.4972 | 08738.7789 | 16:47:48 | 221.867074 | 357.127500 
 4150.4972 | 08738.7789 | 16:47:49 | 221.867074 | 357.127500 
 4150.4972 | 08738.7789 | 16:47:50 | 221.867074 | 357.127500 
 4150.4972 | 08738.7789 | 16:47:51 | 221.867074 | 357.127500 
 4150.4972 | 08738.7789 | 16:47:52 | 221.867074 | 357.127500 
 4150.4972 | 08738.7789 | 16:47:53 | 221.867074 | 357.127500 
 4150.4981 | 08738.7781 | 16:47:54 | 221.867754 | 357.128540 
 4150.5001 | 08738.7783 | 16:47:55 | 221.867563 | 357.130839 
 4150.5032 | 08738.7784 | 16:47:56 | 221.867449 | 357.134405 
 4150.5071 | 08738.7785 | 16:47:57 | 221.867327 | 357.138890 
 4150.5115 | 08738.7786 | 16:47:58 | 221.867200 | 357.143950 
 4150.5165 | 08738.7788 | 16:47:59 | 221.866982 | 357.149700 
 4150.5223 | 08738.7789 | 16:48:00 | 221.866843 | 357.156371 
 4150.5283 | 08738.7790 | 16:48:01 | 221.866702 | 357.163272 
 4150.5353 | 08738.7793 | 16:48:02 | 221.866379 | 357.171321 
 4150.5424 | 08738.7796 | 16:48:03 | 221.866056 | 357.179486 
 4150.5505 | 08738.7797 | 16:48:04 | 221.865895 | 357.188802 
 4150.5588 | 08738.7799 | 16:48:05 | 221.865647 | 357.198348 
 4150.5673 | 08738.7801 | 16:48:06 | 221.865397 | 357.208124 
 4150.5761 | 08738.7803 | 16:48:07 | 221.865144 | 357.218244 
 4150.5853 | 08738.7804 | 16:48:08 | 221.864973 | 357.228826 
 4150.5944 | 08738.7805 | 16:48:09 | 221.864803 | 357.239293 
 4150.6034 | 08738.7808 | 16:48:10 | 221.864463 | 357.249643 
 4150.6124 | 08738.7812 | 16:48:11 | 221.864036 | 357.259992 
 4150.6213 | 08738.7815 | 16:48:12 | 221.863696 | 357.270227 
 4150.6301 | 08738.7817 | 16:48:13 | 221.863443 | 357.280348 
 4150.6386 | 08738.7821 | 16:48:14 | 221.863021 | 357.290123 
 4150.6467 | 08738.7823 | 16:48:15 | 221.862774 | 357.299438 
 4150.6547 | 08738.7825 | 16:48:16 | 221.862528 | 357.308639 
 4150.6626 | 08738.7826 | 16:48:17 | 221.862370 | 357.317725 
 4150.6703 | 08738.7825 | 16:48:18 | 221.862385 | 357.326583 
 4150.6777 | 08738.7821 | 16:48:19 | 221.862661 | 357.335097 
 4150.6850 | 08738.7816 | 16:48:20 | 221.863024 | 357.343497 
 4150.6900 | 08738.7837 | 16:48:21 | 221.861171 | 357.349234 
 4150.6959 | 08738.7842 | 16:48:22 | 221.860687 | 357.356017 
 4150.7017 | 08738.7843 | 16:48:23 | 221.860548 | 357.362688 
 4150.7070 | 08738.7841 | 16:48:24 | 221.860671 | 357.368786 
 4150.7119 | 08738.7840 | 16:48:25 | 221.860712 | 357.374423 
 4150.7169 | 08738.7839 | 16:48:26 | 221.860752 | 357.380175 
 4150.7218 | 08738.7839 | 16:48:27 | 221.860707 | 357.385811 
 4150.7265 | 08738.7840 | 16:48:28 | 221.860578 | 357.391216 
 4150.7321 | 08738.7842 | 16:48:29 | 221.860354 | 357.397656 
 4150.7378 | 08738.7842 | 16:48:30 | 221.860302 | 357.404213 
 4150.7547 | 08738.7837 | 16:48:33 | 221.860576 | 357.423655 
 4150.7603 | 08738.7835 | 16:48:34 | 221.860697 | 357.430098 
 4150.7716 | 08738.7831 | 16:48:36 | 221.860937 | 357.443099 
 4150.7772 | 08738.7829 | 16:48:37 | 221.861057 | 357.449541 
 4150.7829 | 08738.7827 | 16:48:38 | 221.861177 | 357.456099 
 4150.7838 | 08738.7792 | 16:48:39 | 221.864179 | 357.457158 
 4150.7873 | 08738.7857 | 16:48:40 | 221.858556 | 357.461140 
 4150.7981 | 08738.7832 | 16:48:41 | 221.860607 | 357.473579 
 4150.8019 | 08738.7830 | 16:48:42 | 221.860744 | 357.477952 
 4150.8054 | 08738.7830 | 16:48:43 | 221.860712 | 357.481978 
 4150.8082 | 08738.7828 | 16:48:44 | 221.860858 | 357.485200 
 4150.8110 | 08738.7827 | 16:48:45 | 221.860918 | 357.488421 
 4150.8128 | 08738.7834 | 16:48:46 | 221.860300 | 357.490487 
 4150.8144 | 08738.7834 | 16:48:47 | 221.860285 | 357.492327 
 4150.8155 | 08738.7834 | 16:48:48 | 221.860275 | 357.493592 
 4150.8164 | 08738.7831 | 16:48:49 | 221.860525 | 357.494630 
 4150.8159 | 08738.7826 | 16:48:50 | 221.860959 | 357.494058 
 4150.8159 | 08738.7825 | 16:48:51 | 221.861045 | 357.494059 
 4150.8163 | 08738.7825 | 16:48:52 | 221.861041 | 357.494519 
 4150.8169 | 08738.7828 | 16:48:53 | 221.860778 | 357.495207 
 4150.8177 | 08738.7834 | 16:48:54 | 221.860255 | 357.496123 
 4150.8184 | 08738.7840 | 16:48:55 | 221.859732 | 357.496924 
 4150.8193 | 08738.7844 | 16:48:56 | 221.859380 | 357.497956 
 4150.8199 | 08738.7846 | 16:48:57 | 221.859202 | 357.498645 
 4150.8203 | 08738.7846 | 16:48:58 | 221.859199 | 357.499105 
 4150.8204 | 08738.7845 | 16:48:59 | 221.859284 | 357.499221 
 4150.8206 | 08738.7844 | 16:49:00 | 221.859368 | 357.499452 
 4150.8206 | 08738.7844 | 16:49:01 | 221.859368 | 357.499452 
 4150.8206 | 08738.7844 | 16:49:02 | 221.859368 | 357.499452 
 4150.8206 | 08738.7844 | 16:49:03 | 221.859368 | 357.499452 
 4150.8206 | 08738.7844 | 16:49:04 | 221.859368 | 357.499452 
 4150.8206 | 08738.7844 | 16:49:05 | 221.859368 | 357.499452 
 4150.8206 | 08738.7844 | 16:49:06 | 221.859368 | 357.499452 
 4150.8206 | 08738.7844 | 16:49:07 | 221.859368 | 357.499452 
 4150.8206 | 08738.7844 | 16:49:08 | 221.859368 | 357.499452 
 4150.8206 | 08738.7844 | 16:49:09 | 221.859368 | 357.499452 
 4150.8206 | 08738.7844 | 16:49:10 | 221.859368 | 357.499452 
 4150.8224 | 08738.7843 | 16:49:11 | 221.859437 | 357.501523 
 4150.8236 | 08738.7846 | 16:49:12 | 221.859168 | 357.502901 
 4150.8258 | 08738.7850 | 16:49:13 | 221.858804 | 357.505429 
 4150.8285 | 08738.7854 | 16:49:14 | 221.858435 | 357.508532 
 4150.8319 | 08738.7857 | 16:49:15 | 221.858146 | 357.512441 
 4150.8358 | 08738.7859 | 16:49:16 | 221.857938 | 357.516925 
 4150.8402 | 08738.7860 | 16:49:17 | 221.857811 | 357.521986 
 4150.8451 | 08738.7864 | 16:49:18 | 221.857422 | 357.527619 
 4150.8505 | 08738.7869 | 16:49:19 | 221.856943 | 357.533827 
 4150.8564 | 08738.7874 | 16:49:20 | 221.856458 | 357.540610 
 4150.8626 | 08738.7878 | 16:49:21 | 221.856057 | 357.547739 
 4150.8689 | 08738.7883 | 16:49:22 | 221.855569 | 357.554982 
 4150.8753 | 08738.7888 | 16:49:23 | 221.855080 | 357.562340 
 4150.8886 | 08738.7899 | 16:49:25 | 221.854012 | 357.577631 
 4150.8972 | 08738.7889 | 16:49:26 | 221.854793 | 357.587530 
 4150.9070 | 08738.7878 | 16:49:27 | 221.855649 | 357.598810 
 4150.9151 | 08738.7874 | 16:49:28 | 221.855918 | 357.608130 
 4150.9219 | 08738.7869 | 16:49:29 | 221.856286 | 357.615955 
 4150.9287 | 08738.7861 | 16:49:30 | 221.856911 | 357.623782 
 4150.9360 | 08738.7856 | 16:49:31 | 221.857274 | 357.632182 
 4150.9435 | 08738.7854 | 16:49:32 | 221.857377 | 357.640810 
 4150.9501 | 08738.7855 | 16:49:33 | 221.857230 | 357.648401 
 4150.9570 | 08738.7859 | 16:49:34 | 221.856823 | 357.656335 
 4150.9638 | 08738.7858 | 16:49:35 | 221.856846 | 357.664158 
 4150.9703 | 08738.7859 | 16:49:36 | 221.856700 | 357.671634 
 4150.9767 | 08738.7860 | 16:49:37 | 221.856556 | 357.678995 
 4150.9834 | 08738.7861 | 16:49:38 | 221.856408 | 357.686701 
 4150.9902 | 08738.7861 | 16:49:39 | 221.856345 | 357.694522 
 4150.9975 | 08738.7860 | 16:49:40 | 221.856364 | 357.702920 
 4151.0052 | 08738.7856 | 16:49:41 | 221.856637 | 357.711779 
 4151.0132 | 08738.7851 | 16:49:42 | 221.856994 | 357.720985 
 4151.0220 | 08738.7841 | 16:49:43 | 221.857773 | 357.731114 
 4151.0305 | 08738.7839 | 16:49:44 | 221.857867 | 357.740892 
 4151.0392 | 08738.7837 | 16:49:45 | 221.857958 | 357.750901 
 4151.0475 | 08738.7840 | 16:49:46 | 221.857624 | 357.760446 
 4151.0556 | 08738.7845 | 16:49:47 | 221.857120 | 357.769759 
 4151.0638 | 08738.7848 | 16:49:48 | 221.856786 | 357.779189 
 4151.0718 | 08738.7850 | 16:49:49 | 221.856541 | 357.788390 
 4151.0798 | 08738.7852 | 16:49:50 | 221.856295 | 357.797591 
 4151.0878 | 08738.7853 | 16:49:51 | 221.856135 | 357.806792 
 4151.0949 | 08738.7864 | 16:49:52 | 221.855124 | 357.814951 
 4151.1109 | 08738.7870 | 16:49:54 | 221.854461 | 357.833351 
 4151.1272 | 08738.7875 | 16:49:57 | 221.853881 | 357.852097 
 4151.1331 | 08738.7872 | 16:49:58 | 221.854085 | 357.858885 
 4151.1376 | 08738.7871 | 16:49:59 | 221.854129 | 357.864062 
 4151.1413 | 08738.7874 | 16:50:00 | 221.853837 | 357.868316 
 4151.1442 | 08738.7874 | 16:50:01 | 221.853810 | 357.871652 
 4151.1462 | 08738.7878 | 16:50:02 | 221.853448 | 357.873949 
 4151.1476 | 08738.7882 | 16:50:04 | 221.853091 | 357.875557 
 4151.1478 | 08738.7882 | 16:50:05 | 221.853089 | 357.875787 
 4151.1481 | 08738.7884 | 16:50:06 | 221.852915 | 357.876131 
 4151.1517 | 08738.7888 | 16:50:09 | 221.852537 | 357.880269 
 4151.1541 | 08738.7894 | 16:50:10 | 221.851999 | 357.883025 
 4151.1565 | 08738.7896 | 16:50:11 | 221.851805 | 357.885785 
 4151.1588 | 08738.7898 | 16:50:12 | 221.851612 | 357.888429 
 4151.1611 | 08738.7902 | 16:50:13 | 221.851247 | 357.891072 
 4151.1641 | 08738.7896 | 16:50:14 | 221.851735 | 357.894526 
 4151.1729 | 08738.7888 | 16:50:15 | 221.852342 | 357.904654 
 4151.1780 | 08738.7890 | 16:50:16 | 221.852123 | 357.910519 
 4151.1835 | 08738.7892 | 16:50:17 | 221.851901 | 357.916844 
 4151.1892 | 08738.7896 | 16:50:18 | 221.851504 | 357.923398 
 4151.1945 | 08738.7891 | 16:50:19 | 221.851886 | 357.929497 
 4151.2006 | 08738.7890 | 16:50:20 | 221.851915 | 357.936515 
 4151.2070 | 08738.7890 | 16:50:21 | 221.851857 | 357.943876 
 4151.2133 | 08738.7891 | 16:50:22 | 221.851713 | 357.951122 
 4151.2190 | 08738.7900 | 16:50:23 | 221.850886 | 357.957672 
 4151.2247 | 08738.7907 | 16:50:24 | 221.850232 | 357.964224 
 4151.2308 | 08738.7911 | 16:50:25 | 221.849832 | 357.971238 
 4151.2386 | 08738.7910 | 16:50:26 | 221.849846 | 357.980210 
 4151.2469 | 08738.7907 | 16:50:27 | 221.850028 | 357.989759 
 4151.2531 | 08738.7907 | 16:50:28 | 221.849970 | 357.996891 
 4151.2595 | 08738.7908 | 16:50:29 | 221.849826 | 358.004252 
 4151.2665 | 08738.7906 | 16:50:30 | 221.849933 | 358.012305 
 4151.2730 | 08738.7905 | 16:50:31 | 221.849959 | 358.019782 
 4151.2800 | 08738.7906 | 16:50:32 | 221.849809 | 358.027833 
 4151.2873 | 08738.7907 | 16:50:33 | 221.849656 | 358.036230 
 4151.2953 | 08738.7902 | 16:50:34 | 221.850012 | 358.045435 
 4151.3029 | 08738.7902 | 16:50:35 | 221.849942 | 358.054177 
 4151.3104 | 08738.7905 | 16:50:36 | 221.849615 | 358.062802 
 4151.3179 | 08738.7911 | 16:50:37 | 221.849030 | 358.071424 
 4151.3253 | 08738.7916 | 16:50:38 | 221.848532 | 358.079933 
 4151.3329 | 08738.7920 | 16:50:39 | 221.848118 | 358.088672 
 4151.3402 | 08738.7922 | 16:50:40 | 221.847879 | 358.097067 
 4151.3472 | 08738.7925 | 16:50:41 | 221.847557 | 358.105117 
 4151.3541 | 08738.7928 | 16:50:42 | 221.847235 | 358.113052 
 4151.3675 | 08738.7924 | 16:50:44 | 221.847456 | 358.128468 
 4151.3740 | 08738.7920 | 16:50:45 | 221.847740 | 358.135947 
 4151.3798 | 08738.7922 | 16:50:46 | 221.847515 | 358.142617 
 4151.3861 | 08738.7920 | 16:50:47 | 221.847629 | 358.149865 
 4151.3925 | 08738.7918 | 16:50:48 | 221.847742 | 358.157228 
 4151.3988 | 08738.7915 | 16:50:49 | 221.847942 | 358.164477 
 4151.4049 | 08738.7912 | 16:50:50 | 221.848144 | 358.171495 
 4151.3942 | 08738.7934 | 16:50:51 | 221.846350 | 358.159173 
 4151.3908 | 08738.7946 | 16:50:52 | 221.845350 | 358.155254 
 4151.3930 | 08738.7951 | 16:50:53 | 221.844900 | 358.157781 
 4151.3953 | 08738.7954 | 16:50:54 | 221.844620 | 358.160424 
 4151.3976 | 08738.7954 | 16:50:55 | 221.844599 | 358.163070 
 4151.3961 | 08738.7959 | 16:50:56 | 221.844183 | 358.161341 
 4151.3966 | 08738.7962 | 16:50:57 | 221.843921 | 358.161914 
 4151.3970 | 08738.7964 | 16:50:58 | 221.843745 | 358.162373 
 4151.3972 | 08738.7966 | 16:50:59 | 221.843571 | 358.162601 
 4151.3977 | 08738.7966 | 16:51:00 | 221.843566 | 358.163177 
 4151.3983 | 08738.7965 | 16:51:01 | 221.843647 | 358.163867 
 4151.3988 | 08738.7966 | 16:51:02 | 221.843556 | 358.164442 
 4151.3956 | 08738.7971 | 16:51:03 | 221.843156 | 358.160758 
 4151.3960 | 08738.7971 | 16:51:04 | 221.843152 | 358.161218 
 4151.3970 | 08738.7971 | 16:51:05 | 221.843143 | 358.162368 
 4151.3979 | 08738.7970 | 16:51:06 | 221.843221 | 358.163404 
 4151.3990 | 08738.7970 | 16:51:07 | 221.843211 | 358.164669 
 4151.4002 | 08738.7971 | 16:51:08 | 221.843114 | 358.166049 
 4151.4020 | 08738.7972 | 16:51:09 | 221.843011 | 358.168118 
 4151.4040 | 08738.7972 | 16:51:10 | 221.842993 | 358.170419 
 4151.4061 | 08738.7972 | 16:51:11 | 221.842973 | 358.172835 
 4151.4085 | 08738.7972 | 16:51:12 | 221.842951 | 358.175595 
 4151.4115 | 08738.7966 | 16:51:13 | 221.843440 | 358.179050 
 4151.4146 | 08738.7964 | 16:51:14 | 221.843583 | 358.182617 
 4151.4176 | 08738.7965 | 16:51:15 | 221.843469 | 358.186067 
 4151.4207 | 08738.7966 | 16:51:16 | 221.843355 | 358.189632 
 4151.4243 | 08738.7963 | 16:51:17 | 221.843580 | 358.193775 
 4151.4279 | 08738.7963 | 16:51:18 | 221.843547 | 358.197916 
 4151.4317 | 08738.7962 | 16:51:19 | 221.843598 | 358.202288 
 4151.4354 | 08738.7959 | 16:51:20 | 221.843822 | 358.206546 
 4151.4390 | 08738.7955 | 16:51:21 | 221.844132 | 358.210689 
 4151.4422 | 08738.7956 | 16:51:22 | 221.844017 | 358.214370 
 4151.4452 | 08738.7953 | 16:51:23 | 221.844247 | 358.217822 
 4151.4481 | 08738.7947 | 16:51:24 | 221.844737 | 358.221162 
 4151.4506 | 08738.7945 | 16:51:25 | 221.844886 | 358.224039 
 4151.4533 | 08738.7943 | 16:51:26 | 221.845033 | 358.227146 
 4151.4560 | 08738.7940 | 16:51:27 | 221.845266 | 358.230254 
 4151.4534 | 08738.7953 | 16:51:28 | 221.844172 | 358.227254 
 4151.4537 | 08738.7959 | 16:51:29 | 221.843653 | 358.227595 
 4151.4537 | 08738.7966 | 16:51:30 | 221.843051 | 358.227591 
 4151.4538 | 08738.7971 | 16:51:31 | 221.842620 | 358.227702 
 4151.4544 | 08738.7974 | 16:51:32 | 221.842357 | 358.228390 
 4151.4495 | 08738.7983 | 16:51:33 | 221.841628 | 358.222748 
 4151.4482 | 08738.7990 | 16:51:34 | 221.841038 | 358.221248 
 4151.4474 | 08738.7994 | 16:51:35 | 221.840701 | 358.220325 
 4151.4462 | 08738.8001 | 16:51:36 | 221.840111 | 358.218940 
 4151.4463 | 08738.8003 | 16:51:37 | 221.839938 | 358.219053 
 4151.4458 | 08738.8006 | 16:51:38 | 221.839684 | 358.218476 
 4151.4455 | 08738.8007 | 16:51:39 | 221.839601 | 358.218130 
 4151.4519 | 08738.8001 | 16:51:40 | 221.840058 | 358.225496 
 4151.4522 | 08738.8003 | 16:51:41 | 221.839883 | 358.225840 
 4151.4519 | 08738.8006 | 16:51:42 | 221.839628 | 358.225493 
 4151.4517 | 08738.8010 | 16:51:43 | 221.839286 | 358.225260 
 4151.4518 | 08738.8010 | 16:51:44 | 221.839285 | 358.225375 
 4151.4518 | 08738.8010 | 16:51:45 | 221.839285 | 358.225375 
 4151.4518 | 08738.8010 | 16:51:46 | 221.839285 | 358.225375 
 4151.4518 | 08738.8010 | 16:51:47 | 221.839285 | 358.225375 
 4151.4518 | 08738.8010 | 16:51:48 | 221.839285 | 358.225375 
 4151.4518 | 08738.8010 | 16:51:49 | 221.839285 | 358.225375 
 4151.4518 | 08738.8010 | 16:51:50 | 221.839285 | 358.225375 
 4151.4518 | 08738.8010 | 16:51:51 | 221.839285 | 358.225375 
 4151.4518 | 08738.8010 | 16:51:52 | 221.839285 | 358.225375 
 4151.4518 | 08738.8010 | 16:51:53 | 221.839285 | 358.225375 
 4151.4518 | 08738.8010 | 16:51:54 | 221.839285 | 358.225375 
 4151.4518 | 08738.8010 | 16:51:55 | 221.839285 | 358.225375 
 4151.4518 | 08738.8010 | 16:51:56 | 221.839285 | 358.225375 
 4151.4518 | 08738.8010 | 16:51:57 | 221.839285 | 358.225375 
 4151.4422 | 08738.8047 | 16:51:58 | 221.836192 | 358.214307 
 4151.4419 | 08738.8048 | 16:51:59 | 221.836109 | 358.213961 
 4151.4410 | 08738.8050 | 16:52:00 | 221.835945 | 358.212925 
 4151.4407 | 08738.8052 | 16:52:01 | 221.835776 | 358.212578 
 4151.4406 | 08738.8043 | 16:52:02 | 221.836550 | 358.212469 
 4151.4403 | 08738.8044 | 16:52:03 | 221.836467 | 358.212124 
 4151.4393 | 08738.8046 | 16:52:04 | 221.836304 | 358.210972 
 4151.4399 | 08738.8032 | 16:52:05 | 221.837503 | 358.211672 
 4151.4478 | 08738.8015 | 16:52:06 | 221.838892 | 358.220770 
 4151.4483 | 08738.8011 | 16:52:07 | 221.839231 | 358.221348 
 4151.4506 | 08738.8006 | 16:52:08 | 221.839640 | 358.223997 
 4151.4514 | 08738.8004 | 16:52:09 | 221.839805 | 358.224919 
 4151.4525 | 08738.8001 | 16:52:10 | 221.840053 | 358.226186 
 4151.4525 | 08738.8001 | 16:52:11 | 221.840053 | 358.226186 
 4151.4531 | 08738.8000 | 16:52:12 | 221.840133 | 358.226877 
 4151.4539 | 08738.7998 | 16:52:13 | 221.840298 | 358.227799 
 4151.4547 | 08738.7996 | 16:52:14 | 221.840462 | 358.228720 
 4151.4561 | 08738.7996 | 16:52:15 | 221.840449 | 358.230331 
 4151.4574 | 08738.7997 | 16:52:16 | 221.840352 | 358.231825 
 4151.4587 | 08738.7999 | 16:52:17 | 221.840168 | 358.233319 
 4151.4599 | 08738.8001 | 16:52:18 | 221.839985 | 358.234698 
 4151.4588 | 08738.8008 | 16:52:19 | 221.839393 | 358.233428 
 4151.4649 | 08738.7999 | 16:52:20 | 221.840111 | 358.240451 
 4151.4706 | 08738.7994 | 16:52:21 | 221.840488 | 358.247011 
 4151.4760 | 08738.7991 | 16:52:22 | 221.840696 | 358.253224 
 4151.4812 | 08738.7989 | 16:52:23 | 221.840821 | 358.259207 
 4151.4861 | 08738.7988 | 16:52:24 | 221.840861 | 358.264844 
 4151.4911 | 08738.7988 | 16:52:25 | 221.840815 | 358.270595 
 4151.4962 | 08738.7990 | 16:52:26 | 221.840597 | 358.276460 
 4151.5016 | 08738.7993 | 16:52:27 | 221.840289 | 358.282669 
 4151.5071 | 08738.7997 | 16:52:28 | 221.839894 | 358.288993 
 4151.5127 | 08738.8002 | 16:52:29 | 221.839413 | 358.295431 
 4151.5185 | 08738.8006 | 16:52:30 | 221.839016 | 358.302099 
 4151.5241 | 08738.8011 | 16:52:31 | 221.838534 | 358.308537 
 4151.5299 | 08738.8014 | 16:52:32 | 221.838223 | 358.315207 
 4151.5360 | 08738.8012 | 16:52:33 | 221.838339 | 358.322224 
 4151.5417 | 08738.8012 | 16:52:34 | 221.838286 | 358.328781 
 4151.5476 | 08738.8009 | 16:52:35 | 221.838490 | 358.335569 
 4151.5534 | 08738.8009 | 16:52:36 | 221.838437 | 358.342241 
 4151.5591 | 08738.8005 | 16:52:37 | 221.838728 | 358.348800 
 4151.5643 | 08738.8005 | 16:52:38 | 221.838680 | 358.354781 
 4151.5693 | 08738.8006 | 16:52:39 | 221.838548 | 358.360532 
 4151.5740 | 08738.8007 | 16:52:40 | 221.838419 | 358.365937 
 4151.5786 | 08738.8007 | 16:52:41 | 221.838377 | 358.371229 
 4151.5814 | 08738.8009 | 16:52:42 | 221.838179 | 358.374448 
 4151.5841 | 08738.8009 | 16:52:43 | 221.838154 | 358.377554 
 4151.5864 | 08738.8009 | 16:52:44 | 221.838133 | 358.380199 
 4151.5913 | 08738.8005 | 16:52:46 | 221.838432 | 358.385838 
 4151.5937 | 08738.8003 | 16:52:47 | 221.838582 | 358.388600 
 4151.5928 | 08738.8004 | 16:52:48 | 221.838504 | 358.387564 
 4151.5937 | 08738.8003 | 16:52:49 | 221.838582 | 358.388600 
 4151.5946 | 08738.8002 | 16:52:50 | 221.838659 | 358.389636 
 4151.5949 | 08738.8001 | 16:52:51 | 221.838743 | 358.389982 
 4151.5950 | 08738.8006 | 16:52:52 | 221.838312 | 358.390093 
 4151.5950 | 08738.8008 | 16:52:53 | 221.838140 | 358.390092 
 4151.5955 | 08738.7990 | 16:52:54 | 221.839683 | 358.390680 
 4151.5970 | 08738.7987 | 16:52:55 | 221.839927 | 358.392407 
 4151.5983 | 08738.7988 | 16:52:56 | 221.839829 | 358.393902 
 4151.6004 | 08738.7987 | 16:52:57 | 221.839896 | 358.396318 
 4151.6029 | 08738.7988 | 16:52:58 | 221.839787 | 358.399193 
 4151.6055 | 08738.8006 | 16:52:59 | 221.838215 | 358.402171 
 4151.6090 | 08738.8008 | 16:53:00 | 221.838011 | 358.406196 
 4151.6494 | 08738.8053 | 16:53:08 | 221.833770 | 358.452635 
 4151.6540 | 08738.8091 | 16:53:09 | 221.830460 | 358.457900 
 4151.6629 | 08738.8068 | 16:53:10 | 221.832356 | 358.468153 
 4151.6691 | 08738.8064 | 16:53:11 | 221.832643 | 358.475287 
 4151.6769 | 08738.8072 | 16:53:12 | 221.831883 | 358.484254 
 4151.6850 | 08738.8070 | 16:53:13 | 221.831981 | 358.493572 
 4151.6921 | 08738.8070 | 16:53:14 | 221.831915 | 358.501739 
 4151.6991 | 08738.8070 | 16:53:15 | 221.831851 | 358.509790 
 4151.7069 | 08738.8062 | 16:53:16 | 221.832467 | 358.518768 
 4151.7138 | 08738.8065 | 16:53:17 | 221.832146 | 358.526703 
 4151.7211 | 08738.8065 | 16:53:18 | 221.832079 | 358.535099 
 4151.7282 | 08738.8068 | 16:53:19 | 221.831755 | 358.543264 
 4151.7354 | 08738.8072 | 16:53:20 | 221.831345 | 358.551543 
 4151.7428 | 08738.8075 | 16:53:21 | 221.831019 | 358.560053 
 4151.7531 | 08738.8045 | 16:53:22 | 221.833504 | 358.571921 
 4151.7616 | 08738.8037 | 16:53:23 | 221.834114 | 358.581704 
 4151.7699 | 08738.8034 | 16:53:24 | 221.834295 | 358.591253 
 4151.7782 | 08738.8035 | 16:53:25 | 221.834133 | 358.600799 
 4151.7864 | 08738.8038 | 16:53:26 | 221.833799 | 358.610229 
 4151.7948 | 08738.8042 | 16:53:27 | 221.833378 | 358.619889 
 4151.8030 | 08738.8045 | 16:53:28 | 221.833045 | 358.629319 
 4151.8106 | 08738.8055 | 16:53:29 | 221.832115 | 358.638054 
 4151.8185 | 08738.8062 | 16:53:30 | 221.831441 | 358.647136 
 4151.8258 | 08738.8074 | 16:53:31 | 221.830342 | 358.655525 
 4151.8340 | 08738.8073 | 16:53:32 | 221.830352 | 358.664957 
 4151.8424 | 08738.8071 | 16:53:33 | 221.830447 | 358.674621 
 4151.8506 | 08738.8073 | 16:53:34 | 221.830199 | 358.684051 
 4151.8587 | 08738.8076 | 16:53:35 | 221.829867 | 358.693366 
 4151.8664 | 08738.8081 | 16:53:36 | 221.829366 | 358.702220 
 4151.8741 | 08738.8084 | 16:53:37 | 221.829038 | 358.711075 
 4151.8817 | 08738.8086 | 16:53:38 | 221.828796 | 358.719815 
 4151.8889 | 08738.8089 | 16:53:39 | 221.828471 | 358.728095 
 4151.8961 | 08738.8091 | 16:53:40 | 221.828233 | 358.736376 
 4151.9022 | 08738.8098 | 16:53:41 | 221.827575 | 358.743387 
 4151.9090 | 08738.8100 | 16:53:42 | 221.827341 | 358.751208 
 4151.9158 | 08738.8103 | 16:53:43 | 221.827020 | 358.759027 
 4151.9226 | 08738.8105 | 16:53:44 | 221.826786 | 358.766848 
 4151.9295 | 08738.8107 | 16:53:45 | 221.826550 | 358.774783 
 4151.9362 | 08738.8110 | 16:53:46 | 221.826231 | 358.782488 
 4151.9428 | 08738.8113 | 16:53:47 | 221.825912 | 358.790077 
 4151.9493 | 08738.8116 | 16:53:48 | 221.825594 | 358.797552 
 4151.9560 | 08738.8119 | 16:53:49 | 221.825275 | 358.805256 
 4151.9619 | 08738.8126 | 16:53:50 | 221.824619 | 358.812038 
 4151.9667 | 08738.8127 | 16:53:51 | 221.824489 | 358.817559 
 4151.9706 | 08738.8132 | 16:53:52 | 221.824023 | 358.822041 
 4151.9752 | 08738.8133 | 16:53:53 | 221.823895 | 358.827332 
 4151.9793 | 08738.8136 | 16:53:54 | 221.823599 | 358.832046 
 4151.9831 | 08738.8140 | 16:53:55 | 221.823220 | 358.836414 
 4151.9869 | 08738.8142 | 16:53:56 | 221.823013 | 358.840783 
 4151.9900 | 08738.8143 | 16:53:57 | 221.822899 | 358.844348 
 4151.9931 | 08738.8145 | 16:53:58 | 221.822698 | 358.847913 
 4151.9961 | 08738.8146 | 16:53:59 | 221.822585 | 358.851363 
 4151.9990 | 08738.8148 | 16:54:00 | 221.822386 | 358.854697 
 4152.0022 | 08738.8148 | 16:54:01 | 221.822356 | 358.858378 
 4152.0059 | 08738.8149 | 16:54:02 | 221.822236 | 358.862633 
 4152.0097 | 08738.8150 | 16:54:03 | 221.822116 | 358.867004 
 4152.0137 | 08738.8146 | 16:54:04 | 221.822423 | 358.871607 
 4152.0174 | 08738.8144 | 16:54:05 | 221.822561 | 358.875865 
 4152.0208 | 08738.8145 | 16:54:06 | 221.822443 | 358.879775 
 4152.0236 | 08738.8144 | 16:54:07 | 221.822504 | 358.882996 
 4152.0256 | 08738.8144 | 16:54:08 | 221.822485 | 358.885297 
 4152.0266 | 08738.8144 | 16:54:09 | 221.822476 | 358.886447 
 4152.0270 | 08738.8144 | 16:54:10 | 221.822472 | 358.886907 
 4152.0272 | 08738.8143 | 16:54:11 | 221.822556 | 358.887138 
 4152.0273 | 08738.8143 | 16:54:12 | 221.822556 | 358.887253 
 4152.0273 | 08738.8143 | 16:54:13 | 221.822556 | 358.887253 
 4152.0273 | 08738.8143 | 16:54:14 | 221.822556 | 358.887253 
 4152.0273 | 08738.8143 | 16:54:15 | 221.822556 | 358.887253 
 4152.0273 | 08738.8143 | 16:54:16 | 221.822556 | 358.887253 
 4152.0273 | 08738.8143 | 16:54:17 | 221.822556 | 358.887253 
 4152.0273 | 08738.8143 | 16:54:18 | 221.822556 | 358.887253 
 4152.0273 | 08738.8143 | 16:54:19 | 221.822556 | 358.887253 
 4152.0273 | 08738.8143 | 16:54:20 | 221.822556 | 358.887253 
 4152.0273 | 08738.8143 | 16:54:21 | 221.822556 | 358.887253 
 4152.0273 | 08738.8143 | 16:54:22 | 221.822556 | 358.887253 
 4152.0273 | 08738.8143 | 16:54:23 | 221.822556 | 358.887253 
 4152.0268 | 08738.8144 | 16:54:24 | 221.822474 | 358.886677 
 4152.0274 | 08738.8144 | 16:54:25 | 221.822469 | 358.887367 
 4152.0283 | 08738.8143 | 16:54:26 | 221.822546 | 358.888403 
 4152.0295 | 08738.8144 | 16:54:27 | 221.822449 | 358.889783 
 4152.0315 | 08738.8155 | 16:54:28 | 221.821485 | 358.892076 
 4152.0336 | 08738.8182 | 16:54:29 | 221.819144 | 358.894473 
 4152.0352 | 08738.8224 | 16:54:30 | 221.815519 | 358.896284 
 4152.0364 | 08738.8277 | 16:54:31 | 221.810951 | 358.897628 
 4152.0373 | 08738.8338 | 16:54:32 | 221.805698 | 358.898621 
 4152.0352 | 08738.8413 | 16:54:33 | 221.799269 | 358.896154 
 4152.0345 | 08738.8493 | 16:54:34 | 221.792397 | 358.895294 
 4152.0339 | 08738.8578 | 16:54:35 | 221.785094 | 358.894546 
 4152.0335 | 08738.8664 | 16:54:36 | 221.777704 | 358.894026 
 4152.0332 | 08738.8749 | 16:54:37 | 221.770398 | 358.893623 
 4152.0329 | 08738.8835 | 16:54:38 | 221.763007 | 358.893219 
 4152.0326 | 08738.8924 | 16:54:39 | 221.755357 | 358.892813 
 4152.0324 | 08738.9016 | 16:54:40 | 221.747449 | 358.892520 
 4152.0323 | 08738.9110 | 16:54:41 | 221.739368 | 358.892340 
 4152.0320 | 08738.9203 | 16:54:42 | 221.731375 | 358.891931 
 4152.0317 | 08738.9297 | 16:54:43 | 221.723296 | 358.891522 
 4152.0314 | 08738.9391 | 16:54:44 | 221.715216 | 358.891112 
 4152.0312 | 08738.9484 | 16:54:45 | 221.707222 | 358.890818 
 4152.0309 | 08738.9895 | 16:54:49 | 221.671888 | 358.890192 
 4152.0309 | 08738.9992 | 16:54:50 | 221.663548 | 358.890125 
 4152.0309 | 08739.0082 | 16:54:51 | 221.655810 | 358.890064 
 4152.0307 | 08739.0162 | 16:54:52 | 221.648933 | 358.889779 
 4152.0305 | 08739.0234 | 16:54:53 | 221.642745 | 358.889500 
 4152.0304 | 08739.0299 | 16:54:54 | 221.637157 | 358.889340 
 4152.0317 | 08739.0353 | 16:54:55 | 221.632502 | 358.890799 
 4152.0325 | 08739.0399 | 16:54:56 | 221.628540 | 358.891687 
 4152.0328 | 08739.0436 | 16:54:57 | 221.625356 | 358.892007 
 4152.0331 | 08739.0462 | 16:54:58 | 221.623118 | 358.892334 
 4152.0333 | 08739.0478 | 16:54:59 | 221.621740 | 358.892554 
 4152.0334 | 08739.0484 | 16:55:00 | 221.621223 | 358.892664 
 4152.0332 | 08739.0483 | 16:55:01 | 221.621311 | 358.892435 
 4152.0335 | 08739.0480 | 16:55:02 | 221.621566 | 358.892782 
 4152.0335 | 08739.0480 | 16:55:03 | 221.621566 | 358.892782 
 4152.0335 | 08739.0480 | 16:55:04 | 221.621566 | 358.892782 
 4152.0335 | 08739.0480 | 16:55:05 | 221.621566 | 358.892782 
 4152.0335 | 08739.0480 | 16:55:06 | 221.621566 | 358.892782 
 4152.0335 | 08739.0480 | 16:55:07 | 221.621566 | 358.892782 
 4152.0335 | 08739.0480 | 16:55:08 | 221.621566 | 358.892782 
 4152.0335 | 08739.0480 | 16:55:09 | 221.621566 | 358.892782 
 4152.0329 | 08739.0475 | 16:55:10 | 221.622002 | 358.892095 
 4152.0329 | 08739.0479 | 16:55:11 | 221.621658 | 358.892093 
 4152.0331 | 08739.0481 | 16:55:12 | 221.621484 | 358.892321 
 4152.0333 | 08739.0482 | 16:55:13 | 221.621396 | 358.892551 
 4152.0332 | 08739.0481 | 16:55:14 | 221.621483 | 358.892436 
 4152.0332 | 08739.0481 | 16:55:15 | 221.621483 | 358.892436 
 4152.0332 | 08739.0481 | 16:55:16 | 221.621483 | 358.892436 
 4152.0332 | 08739.0481 | 16:55:17 | 221.621483 | 358.892436 
 4152.0332 | 08739.0481 | 16:55:18 | 221.621483 | 358.892436 
 4152.0332 | 08739.0491 | 16:55:19 | 221.620623 | 358.892430 
 4152.0332 | 08739.0510 | 16:55:20 | 221.618990 | 358.892417 
 4152.0329 | 08739.0540 | 16:55:21 | 221.616413 | 358.892051 
 4152.0327 | 08739.0581 | 16:55:22 | 221.612890 | 358.891793 
 4152.0323 | 08739.0631 | 16:55:23 | 221.608595 | 358.891299 
 4152.0322 | 08739.0687 | 16:55:24 | 221.603781 | 358.891145 
 4152.0322 | 08739.0751 | 16:55:25 | 221.598278 | 358.891102 
 4152.0321 | 08739.0819 | 16:55:26 | 221.592432 | 358.890940 
 4152.0320 | 08739.0895 | 16:55:27 | 221.585899 | 358.890773 
 4152.0318 | 08739.0976 | 16:55:28 | 221.578936 | 358.890488 
 4152.0317 | 08739.1059 | 16:55:29 | 221.571801 | 358.890316 
 4152.0314 | 08739.1141 | 16:55:30 | 221.564754 | 358.889915 
 4152.0312 | 08739.1221 | 16:55:31 | 221.557877 | 358.889631 
 4152.0309 | 08739.1301 | 16:55:32 | 221.551002 | 358.889231 
 4152.0316 | 08739.1376 | 16:55:33 | 221.544547 | 358.889985 
 4152.0319 | 08739.1449 | 16:55:34 | 221.538268 | 358.890280 
 4152.0321 | 08739.1518 | 16:55:35 | 221.532333 | 358.890463 
 4152.0319 | 08739.1584 | 16:55:36 | 221.526661 | 358.890188 
 4152.0317 | 08739.1647 | 16:55:37 | 221.521246 | 358.889915 
 4152.0315 | 08739.1705 | 16:55:38 | 221.516261 | 358.889646 
 4152.0313 | 08739.1759 | 16:55:39 | 221.511620 | 358.889379 
 4152.0311 | 08739.1807 | 16:55:40 | 221.507495 | 358.889116 
 4152.0308 | 08739.1848 | 16:55:41 | 221.503972 | 358.888743 
 4152.0304 | 08739.1878 | 16:55:42 | 221.501396 | 358.888262 
 4152.0310 | 08739.1895 | 16:55:43 | 221.499929 | 358.888941 
 4152.0319 | 08739.1901 | 16:55:44 | 221.499405 | 358.889972 
 4152.0298 | 08739.1904 | 16:55:45 | 221.499167 | 358.887555 
 4152.0291 | 08739.1905 | 16:55:46 | 221.499087 | 358.886749 
 4152.0291 | 08739.1905 | 16:55:47 | 221.499087 | 358.886749 
 4152.0291 | 08739.1905 | 16:55:48 | 221.499087 | 358.886749 
 4152.0291 | 08739.1905 | 16:55:49 | 221.499087 | 358.886749 
 4152.0291 | 08739.1905 | 16:55:50 | 221.499087 | 358.886749 
 4152.0291 | 08739.1905 | 16:55:51 | 221.499087 | 358.886749 
 4152.0284 | 08739.1915 | 16:55:52 | 221.498233 | 358.885937 
 4152.0282 | 08739.1939 | 16:55:53 | 221.496172 | 358.885690 
 4152.0282 | 08739.1975 | 16:55:54 | 221.493077 | 358.885666 
 4152.0278 | 08739.2019 | 16:55:55 | 221.489297 | 358.885176 
 4152.0277 | 08739.2071 | 16:55:56 | 221.484827 | 358.885025 
 4152.0277 | 08739.2130 | 16:55:57 | 221.479754 | 358.884985 
 4152.0276 | 08739.2197 | 16:55:58 | 221.473995 | 358.884824 
 4152.0275 | 08739.2271 | 16:55:59 | 221.467633 | 358.884659 
 4152.0274 | 08739.2351 | 16:56:00 | 221.460756 | 358.884490 
 4152.0273 | 08739.2435 | 16:56:01 | 221.453535 | 358.884317 
 4152.0271 | 08739.2523 | 16:56:02 | 221.445970 | 358.884027 
 4152.0269 | 08739.2615 | 16:56:03 | 221.438062 | 358.883735 
 4152.0266 | 08739.2712 | 16:56:04 | 221.429725 | 358.883324 
 4152.0264 | 08739.2812 | 16:56:05 | 221.421129 | 358.883026 
 4152.0263 | 08739.2916 | 16:56:06 | 221.412188 | 358.882840 
 4152.0261 | 08739.3021 | 16:56:07 | 221.403162 | 358.882539 
 4152.0259 | 08739.3128 | 16:56:08 | 221.393964 | 358.882236 
 4152.0256 | 08739.3237 | 16:56:09 | 221.384595 | 358.881817 
 4152.0254 | 08739.3345 | 16:56:10 | 221.375311 | 358.881514 
 4152.0253 | 08739.3456 | 16:56:11 | 221.365768 | 358.881323 
 4152.0252 | 08739.3568 | 16:56:12 | 221.356140 | 358.881132 
 4152.0251 | 08739.3682 | 16:56:13 | 221.346339 | 358.880940 
 4152.0249 | 08739.3797 | 16:56:14 | 221.336453 | 358.880632 
 4152.0245 | 08739.3913 | 16:56:15 | 221.326483 | 358.880093 
 4152.0243 | 08739.4028 | 16:56:16 | 221.316598 | 358.879785 
 4152.0248 | 08739.4145 | 16:56:17 | 221.306533 | 358.880281 
 4152.0251 | 08739.4261 | 16:56:18 | 221.296557 | 358.880547 
 4152.0249 | 08739.4377 | 16:56:19 | 221.286586 | 358.880239 
 4152.0247 | 08739.4492 | 16:56:20 | 221.276700 | 358.879931 
 4152.0245 | 08739.4608 | 16:56:21 | 221.266728 | 358.879622 
 4152.0242 | 08739.4724 | 16:56:22 | 221.256757 | 358.879199 
 4152.0240 | 08739.4840 | 16:56:23 | 221.246785 | 358.878890 
 4152.0238 | 08739.4955 | 16:56:24 | 221.236900 | 358.878582 
 4152.0236 | 08739.5067 | 16:56:25 | 221.227272 | 358.878277 
 4152.0235 | 08739.5175 | 16:56:26 | 221.217987 | 358.878089 
 4152.0232 | 08739.5280 | 16:56:27 | 221.208962 | 358.877673 
 4152.0231 | 08739.5384 | 16:56:28 | 221.200021 | 358.877487 
 4152.0228 | 08739.5489 | 16:56:29 | 221.190996 | 358.877071 
 4152.0226 | 08739.5598 | 16:56:30 | 221.181626 | 358.876768 
 4152.0224 | 08739.5709 | 16:56:31 | 221.172084 | 358.876463 
 4152.0222 | 08739.5822 | 16:56:32 | 221.162370 | 358.876156 
 4152.0220 | 08739.5935 | 16:56:33 | 221.152657 | 358.875850 
 4152.0218 | 08739.6047 | 16:56:34 | 221.143029 | 358.875545 
 4152.0215 | 08739.6161 | 16:56:35 | 221.133230 | 358.875123 
 4152.0212 | 08739.6277 | 16:56:36 | 221.123259 | 358.874699 
 4152.0211 | 08739.6394 | 16:56:37 | 221.113200 | 358.874505 
 4152.0208 | 08739.6512 | 16:56:38 | 221.103058 | 358.874081 
 4152.0208 | 08739.6632 | 16:56:39 | 221.092740 | 358.874000 
 4152.0207 | 08739.6751 | 16:56:40 | 221.082510 | 358.873805 
 4152.0206 | 08739.6869 | 16:56:41 | 221.072365 | 358.873611 
 4152.0204 | 08739.6987 | 16:56:42 | 221.062221 | 358.873301 
 4152.0202 | 08739.7106 | 16:56:43 | 221.051992 | 358.872991 
 4152.0200 | 08739.7226 | 16:56:44 | 221.041676 | 358.872680 
 4152.0199 | 08739.7349 | 16:56:45 | 221.031101 | 358.872483 
 4152.0198 | 08739.7473 | 16:56:46 | 221.020441 | 358.872284 
 4152.0196 | 08739.7598 | 16:56:47 | 221.009695 | 358.871970 
 4152.0196 | 08739.7724 | 16:56:48 | 220.998862 | 358.871886 
 4152.0194 | 08739.7851 | 16:56:49 | 220.987944 | 358.871570 
 4152.0193 | 08739.7978 | 16:56:50 | 220.977026 | 358.871370 
 4152.0191 | 08739.8106 | 16:56:51 | 220.966023 | 358.871054 
 4152.0189 | 08739.8233 | 16:56:52 | 220.955105 | 358.870739 
 4152.0187 | 08739.8361 | 16:56:53 | 220.944101 | 358.870423 
 4152.0184 | 08739.8487 | 16:56:54 | 220.933271 | 358.869993 
 4152.0182 | 08739.8612 | 16:56:55 | 220.922525 | 358.869680 
 4152.0179 | 08739.8735 | 16:56:56 | 220.911953 | 358.869252 
 4152.0176 | 08739.8855 | 16:56:57 | 220.901638 | 358.868827 
 4152.0173 | 08739.8972 | 16:56:58 | 220.891581 | 358.868403 
 4152.0172 | 08739.9084 | 16:56:59 | 220.881952 | 358.868213 
 4152.0171 | 08739.9190 | 16:57:00 | 220.872839 | 358.868027 
 4152.0169 | 08739.9287 | 16:57:01 | 220.864501 | 358.867732 
 4152.0165 | 08739.9377 | 16:57:02 | 220.856767 | 358.867212 
 4152.0158 | 08739.9460 | 16:57:03 | 220.849637 | 358.866351 
 4152.0153 | 08739.9534 | 16:57:04 | 220.843279 | 358.865727 
 4152.0149 | 08739.9596 | 16:57:05 | 220.837951 | 358.865225 
 4152.0145 | 08739.9645 | 16:57:06 | 220.833742 | 358.864732 
 4152.0143 | 08739.9683 | 16:57:07 | 220.830477 | 358.864477 
 4152.0144 | 08739.9709 | 16:57:08 | 220.828240 | 358.864575 
 4152.0144 | 08739.9724 | 16:57:09 | 220.826951 | 358.864565 
 4152.0144 | 08739.9732 | 16:57:10 | 220.826263 | 358.864559 
 4152.0145 | 08739.9737 | 16:57:11 | 220.825832 | 358.864671 
 4152.0147 | 08739.9741 | 16:57:12 | 220.825486 | 358.864898 
 4152.0148 | 08739.9747 | 16:57:13 | 220.824970 | 358.865009 
 4152.0149 | 08739.9755 | 16:57:14 | 220.824281 | 358.865119 
 4152.0149 | 08739.9764 | 16:57:15 | 220.823507 | 358.865113 
 4152.0150 | 08739.9774 | 16:57:16 | 220.822646 | 358.865221 
 4152.0150 | 08739.9784 | 16:57:17 | 220.821787 | 358.865215 
 4152.0150 | 08739.9795 | 16:57:18 | 220.820841 | 358.865207 
 4152.0150 | 08739.9809 | 16:57:19 | 220.819637 | 358.865198 
 4152.0146 | 08739.9832 | 16:57:20 | 220.817663 | 358.864722 
 4152.0124 | 08739.9860 | 16:57:21 | 220.815275 | 358.862173 
 4152.0096 | 08739.9888 | 16:57:22 | 220.812893 | 358.858934 
 4152.0057 | 08739.9910 | 16:57:23 | 220.811036 | 358.854433 
 4152.0012 | 08739.9923 | 16:57:24 | 220.809959 | 358.849248 
 4151.9965 | 08739.9933 | 16:57:25 | 220.809141 | 358.843835 
 4151.9916 | 08739.9941 | 16:57:26 | 220.808497 | 358.838194 
 4151.9867 | 08739.9949 | 16:57:27 | 220.807853 | 358.832552 
 4151.9682 | 08739.9936 | 16:57:31 | 220.809136 | 358.811281 
 4151.9650 | 08739.9952 | 16:57:32 | 220.807789 | 358.807590 
 4151.9646 | 08739.9969 | 16:57:33 | 220.806331 | 358.807118 
 4151.9643 | 08739.9986 | 16:57:34 | 220.804872 | 358.806762 
 4151.9644 | 08739.9992 | 16:57:35 | 220.804355 | 358.806873 
 4151.9646 | 08740.0012 | 16:57:36 | 220.802633 | 358.807090 
 4151.9646 | 08740.0040 | 16:57:37 | 220.800226 | 358.807071 
 4151.9644 | 08740.0073 | 16:57:38 | 220.797390 | 358.806819 
 4151.9641 | 08740.0108 | 16:57:39 | 220.794384 | 358.806450 
 4151.9641 | 08740.0147 | 16:57:40 | 220.791031 | 358.806424 
 4151.9641 | 08740.0187 | 16:57:41 | 220.787591 | 358.806398 
 4151.9642 | 08740.0228 | 16:57:42 | 220.784065 | 358.806485 
 4151.9643 | 08740.0266 | 16:57:43 | 220.780797 | 358.806575 
 4151.9645 | 08740.0299 | 16:57:44 | 220.777958 | 358.806783 
 4151.9657 | 08740.0321 | 16:57:45 | 220.776056 | 358.808149 
 4151.9672 | 08740.0332 | 16:57:46 | 220.775097 | 358.809867 
 4151.9689 | 08740.0335 | 16:57:47 | 220.774824 | 358.811820 
 4151.9706 | 08740.0336 | 16:57:48 | 220.774722 | 358.813775 
 4151.9721 | 08740.0336 | 16:57:49 | 220.774709 | 358.815500 
 4151.9737 | 08740.0336 | 16:57:50 | 220.774695 | 358.817341 
 4151.9756 | 08740.0335 | 16:57:51 | 220.774764 | 358.819527 
 4151.9775 | 08740.0334 | 16:57:52 | 220.774833 | 358.821713 
 4151.9794 | 08740.0335 | 16:57:53 | 220.774730 | 358.823898 
 4151.9808 | 08740.0340 | 16:57:54 | 220.774287 | 358.825505 
 4151.9819 | 08740.0351 | 16:57:55 | 220.773332 | 358.826763 
 4151.9826 | 08740.0367 | 16:57:56 | 220.771950 | 358.827557 
 4151.9828 | 08740.0385 | 16:57:57 | 220.770400 | 358.827775 
 4151.9827 | 08740.0402 | 16:57:58 | 220.768940 | 358.827649 
 4151.9826 | 08740.0417 | 16:57:59 | 220.767651 | 358.827524 
 4151.9825 | 08740.0428 | 16:58:00 | 220.766706 | 358.827402 
 4151.9825 | 08740.0436 | 16:58:01 | 220.766018 | 358.827396 
 4151.9826 | 08740.0444 | 16:58:02 | 220.765329 | 358.827506 
 4151.9826 | 08740.0450 | 16:58:03 | 220.764814 | 358.827502 
 4151.9826 | 08740.0454 | 16:58:04 | 220.764470 | 358.827499 
 4151.9828 | 08740.0457 | 16:58:05 | 220.764210 | 358.827727 
 4151.9830 | 08740.0459 | 16:58:06 | 220.764036 | 358.827956 
 4151.9833 | 08740.0460 | 16:58:07 | 220.763948 | 358.828300 
 4151.9837 | 08740.0460 | 16:58:08 | 220.763944 | 358.828760 
 4151.9842 | 08740.0460 | 16:58:09 | 220.763939 | 358.829336 
 4151.9846 | 08740.0459 | 16:58:10 | 220.764022 | 358.829796 
 4151.9850 | 08740.0459 | 16:58:11 | 220.764018 | 358.830256 
 4151.9853 | 08740.0459 | 16:58:12 | 220.764016 | 358.830602 
 4151.9853 | 08740.0459 | 16:58:13 | 220.764016 | 358.830602 
 4151.9853 | 08740.0459 | 16:58:14 | 220.764016 | 358.830602 
 4151.9853 | 08740.0459 | 16:58:15 | 220.764016 | 358.830602 
 4151.9853 | 08740.0459 | 16:58:16 | 220.764016 | 358.830602 
 4151.9853 | 08740.0459 | 16:58:17 | 220.764016 | 358.830602 
 4151.9853 | 08740.0459 | 16:58:18 | 220.764016 | 358.830602 
 4151.9853 | 08740.0459 | 16:58:19 | 220.764016 | 358.830602 
 4151.9853 | 08740.0459 | 16:58:20 | 220.764016 | 358.830602 
 4151.9853 | 08740.0459 | 16:58:21 | 220.764016 | 358.830602 
 4151.9853 | 08740.0459 | 16:58:22 | 220.764016 | 358.830602 
 4151.9856 | 08740.0460 | 16:58:23 | 220.763927 | 358.830946 
 4151.9853 | 08740.0463 | 16:58:24 | 220.763672 | 358.830599 
 4151.9849 | 08740.0465 | 16:58:25 | 220.763503 | 358.830137 
 4151.9845 | 08740.0468 | 16:58:26 | 220.763249 | 358.829675 
 4151.9844 | 08740.0476 | 16:58:27 | 220.762562 | 358.829555 
 4151.9842 | 08740.0481 | 16:58:28 | 220.762134 | 358.829322 
 4151.9843 | 08740.0478 | 16:58:29 | 220.762391 | 358.829439 
 4151.9843 | 08740.0474 | 16:58:30 | 220.762735 | 358.829441 
 4151.9840 | 08740.0485 | 16:58:31 | 220.761792 | 358.829089 
 4151.9838 | 08740.0489 | 16:58:32 | 220.761450 | 358.828856 
 4151.9838 | 08740.0483 | 16:58:33 | 220.761966 | 358.828860 
 4151.9836 | 08740.0485 | 16:58:34 | 220.761795 | 358.828629 
 4151.9825 | 08740.0463 | 16:58:35 | 220.763697 | 358.827378 
 4151.9824 | 08740.0458 | 16:58:36 | 220.764128 | 358.827266 
 4151.9823 | 08740.0454 | 16:58:37 | 220.764472 | 358.827154 
 4151.9822 | 08740.0451 | 16:58:38 | 220.764731 | 358.827041 
 4151.9828 | 08740.0475 | 16:58:39 | 220.762662 | 358.827715 
 4151.9827 | 08740.0476 | 16:58:40 | 220.762577 | 358.827600 
 4151.9827 | 08740.0477 | 16:58:41 | 220.762491 | 358.827599 
 4151.9827 | 08740.0477 | 16:58:42 | 220.762491 | 358.827599 
 4151.9827 | 08740.0477 | 16:58:43 | 220.762491 | 358.827599 
 4151.9827 | 08740.0477 | 16:58:44 | 220.762491 | 358.827599 
 4151.9827 | 08740.0477 | 16:58:45 | 220.762491 | 358.827599 
 4151.9827 | 08740.0477 | 16:58:46 | 220.762491 | 358.827599 
 4151.9827 | 08740.0477 | 16:58:47 | 220.762491 | 358.827599 
 4151.9827 | 08740.0477 | 16:58:48 | 220.762491 | 358.827599 
 4151.9827 | 08740.0477 | 16:58:49 | 220.762491 | 358.827599 
 4151.9827 | 08740.0477 | 16:58:50 | 220.762491 | 358.827599 
 4151.9821 | 08740.0547 | 16:58:51 | 220.756478 | 358.826862 
 4151.9819 | 08740.0563 | 16:58:52 | 220.755104 | 358.826621 
 4151.9817 | 08740.0578 | 16:58:53 | 220.753816 | 358.826381 
 4151.9815 | 08740.0591 | 16:58:54 | 220.752700 | 358.826143 
 4151.9814 | 08740.0598 | 16:58:55 | 220.752099 | 358.826023 
 4151.9813 | 08740.0610 | 16:58:56 | 220.751068 | 358.825900 
 4151.9812 | 08740.0622 | 16:58:57 | 220.750038 | 358.825777 
 4151.9805 | 08740.0630 | 16:58:58 | 220.749356 | 358.824966 
 4151.9798 | 08740.0640 | 16:58:59 | 220.748502 | 358.824154 
 4151.9792 | 08740.0654 | 16:59:00 | 220.747304 | 358.823455 
 4151.9792 | 08740.0666 | 16:59:02 | 220.746272 | 358.823447 
 4151.9793 | 08740.0662 | 16:59:03 | 220.746615 | 358.823565 
 4151.9781 | 08740.0668 | 16:59:04 | 220.746110 | 358.822180 
 4151.9771 | 08740.0679 | 16:59:05 | 220.745173 | 358.821023 
 4151.9773 | 08740.0675 | 16:59:06 | 220.745515 | 358.821256 
 4151.9772 | 08740.0688 | 16:59:07 | 220.744399 | 358.821132 
 4151.9772 | 08740.0698 | 16:59:08 | 220.743539 | 358.821125 
 4151.9769 | 08740.0701 | 16:59:09 | 220.743283 | 358.820778 
 4151.9774 | 08740.0724 | 16:59:10 | 220.741301 | 358.821338 
 4151.9771 | 08740.0738 | 16:59:11 | 220.740100 | 358.820983 
 4151.9766 | 08740.0752 | 16:59:12 | 220.738901 | 358.820399 
 4151.9762 | 08740.0765 | 16:59:13 | 220.737787 | 358.819930 
 4151.9762 | 08740.0770 | 16:59:14 | 220.737357 | 358.819927 
 4151.9761 | 08740.0785 | 16:59:15 | 220.736068 | 358.819802 
 4151.9762 | 08740.0805 | 16:59:18 | 220.734348 | 358.819904 
 4151.9780 | 08740.0780 | 16:59:20 | 220.736481 | 358.821991 
 4151.9775 | 08740.0792 | 16:59:21 | 220.735454 | 358.821408 
 4151.9770 | 08740.0803 | 16:59:22 | 220.734513 | 358.820825 
 4151.9766 | 08740.0812 | 16:59:23 | 220.733742 | 358.820359 
 4151.9763 | 08740.0835 | 16:59:25 | 220.731768 | 358.819999 
 4151.9726 | 08740.0840 | 16:59:26 | 220.731371 | 358.815739 
 4151.9723 | 08740.0845 | 16:59:27 | 220.730943 | 358.815391 
 4151.9721 | 08740.0852 | 16:59:28 | 220.730343 | 358.815156 
 4151.9717 | 08740.0859 | 16:59:29 | 220.729745 | 358.814692 
 4151.9713 | 08740.0863 | 16:59:30 | 220.729405 | 358.814229 
 4151.9710 | 08740.0870 | 16:59:31 | 220.728805 | 358.813879 
 4151.9749 | 08740.0793 | 17:15:49 | 220.735391 | 358.818416 
 4151.9914 | 08740.0824 | 17:15:50 | 220.732579 | 358.837375 
 4152.0199 | 08740.0856 | 17:15:51 | 220.729573 | 358.870136 
 4152.0509 | 08740.1889 | 17:15:52 | 220.640481 | 358.905106 
 4151.9832 | 08740.0820 | 17:15:53 | 220.732996 | 358.827945 
 4151.9858 | 08740.0820 | 17:15:54 | 220.732973 | 358.830936 
 4151.9858 | 08740.0804 | 17:15:55 | 220.734348 | 358.830947 
 4151.9851 | 08740.0799 | 17:15:56 | 220.734784 | 358.830145 
 4151.9851 | 08740.0799 | 17:15:57 | 220.734784 | 358.830145 
 4151.9851 | 08740.0799 | 17:15:58 | 220.734784 | 358.830145 
 4151.9851 | 08740.0799 | 17:15:59 | 220.734784 | 358.830145 
 4151.9851 | 08740.0799 | 17:16:00 | 220.734784 | 358.830145 
 4151.9851 | 08740.0799 | 17:16:01 | 220.734784 | 358.830145 
 4151.9851 | 08740.0799 | 17:16:02 | 220.734784 | 358.830145 
 4151.9828 | 08740.0732 | 17:16:03 | 220.740565 | 358.827544 
 4151.9829 | 08740.0720 | 17:16:04 | 220.741596 | 358.827667 
 4151.9825 | 08740.0709 | 17:16:05 | 220.742546 | 358.827214 
 4151.9828 | 08740.0697 | 17:16:06 | 220.743575 | 358.827567 
 4151.9830 | 08740.0686 | 17:16:07 | 220.744519 | 358.827805 
 4151.9836 | 08740.0621 | 17:16:09 | 220.750102 | 358.828538 
 4151.9827 | 08740.0632 | 17:16:10 | 220.749164 | 358.827496 
 4151.9825 | 08740.0632 | 17:16:11 | 220.749166 | 358.827266 
 4151.9823 | 08740.0623 | 17:16:12 | 220.749942 | 358.827041 
 4151.9839 | 08740.0631 | 17:16:14 | 220.749240 | 358.828877 
 4151.9829 | 08740.0612 | 17:16:15 | 220.750882 | 358.827739 
 4151.9826 | 08740.0596 | 17:16:16 | 220.752261 | 358.827405 
 4151.9825 | 08740.0584 | 17:16:17 | 220.753293 | 358.827298 
 4151.9827 | 08740.0574 | 17:16:18 | 220.754151 | 358.827534 
 4151.9825 | 08740.0562 | 17:16:19 | 220.755185 | 358.827312 
 4151.9827 | 08740.0549 | 17:16:20 | 220.756301 | 358.827551 
 4151.9830 | 08740.0510 | 17:16:21 | 220.759651 | 358.827922 
 4151.9865 | 08740.0552 | 17:16:22 | 220.756009 | 358.831920 
 4151.9858 | 08740.0521 | 17:16:23 | 220.758680 | 358.831135 
 4151.9853 | 08740.0507 | 17:16:24 | 220.759889 | 358.830570 
 4151.9854 | 08740.0492 | 17:16:25 | 220.761177 | 358.830695 
 4151.9852 | 08740.0478 | 17:16:26 | 220.762383 | 358.830474 
 4151.9850 | 08740.0465 | 17:16:27 | 220.763502 | 358.830252 
 4151.9848 | 08740.0452 | 17:16:28 | 220.764622 | 358.830031 
 4151.9845 | 08740.0423 | 17:16:30 | 220.767118 | 358.829705 
 4151.9843 | 08740.0412 | 17:16:31 | 220.768066 | 358.829483 
 4151.9844 | 08740.0399 | 17:16:32 | 220.769182 | 358.829606 
 4151.9843 | 08740.0392 | 17:16:33 | 220.769785 | 358.829496 
 4151.9835 | 08740.0381 | 17:16:34 | 220.770738 | 358.828583 
 4151.9834 | 08740.0386 | 17:16:35 | 220.770309 | 358.828465 
 4151.9834 | 08740.0390 | 17:16:36 | 220.769965 | 358.828462 
 4151.9833 | 08740.0480 | 17:16:37 | 220.762228 | 358.828287 
 4151.9835 | 08740.0477 | 17:16:38 | 220.762484 | 358.828519 
 4151.9831 | 08740.0485 | 17:16:39 | 220.761800 | 358.828054 
 4151.9831 | 08740.0485 | 17:16:41 | 220.761800 | 358.828054 
 4151.9831 | 08740.0485 | 17:16:42 | 220.761800 | 358.828054 
 4151.9831 | 08740.0485 | 17:16:43 | 220.761800 | 358.828054 
 4151.9831 | 08740.0485 | 17:16:44 | 220.761800 | 358.828054 
 4151.9831 | 08740.0485 | 17:16:45 | 220.761800 | 358.828054 
 4151.9831 | 08740.0485 | 17:16:46 | 220.761800 | 358.828054 
 4151.9831 | 08740.0485 | 17:16:47 | 220.761800 | 358.828054 
 4151.9831 | 08740.0485 | 17:16:48 | 220.761800 | 358.828054 
 4151.9831 | 08740.0485 | 17:16:49 | 220.761800 | 358.828054 
 4151.9831 | 08740.0485 | 17:16:50 | 220.761800 | 358.828054 
 4151.9831 | 08740.0485 | 17:16:51 | 220.761800 | 358.828054 
 4151.9831 | 08740.0485 | 17:16:52 | 220.761800 | 358.828054 
 4151.9831 | 08740.0485 | 17:16:53 | 220.761800 | 358.828054 
 4151.9831 | 08740.0485 | 17:16:54 | 220.761800 | 358.828054 
 4151.9831 | 08740.0485 | 17:16:55 | 220.761800 | 358.828054 
 4151.9821 | 08740.0514 | 17:16:56 | 220.759315 | 358.826884 
 4151.9828 | 08740.0516 | 17:16:57 | 220.759137 | 358.827688 
 4151.9838 | 08740.0517 | 17:16:58 | 220.759042 | 358.828838 
 4151.9846 | 08740.0520 | 17:16:59 | 220.758777 | 358.829756 
 4151.9854 | 08740.0523 | 17:17:00 | 220.758512 | 358.830674 
 4151.9864 | 08740.0529 | 17:17:01 | 220.757987 | 358.831820 
 4151.9870 | 08740.0538 | 17:17:02 | 220.757208 | 358.832504 
 4151.9878 | 08740.0551 | 17:17:03 | 220.756083 | 358.833416 
 4151.9879 | 08740.0565 | 17:17:04 | 220.754879 | 358.833522 
 4151.9885 | 08740.0594 | 17:17:05 | 220.752380 | 358.834192 
 4151.9872 | 08740.0622 | 17:17:06 | 220.749984 | 358.832678 
 4151.9870 | 08740.0651 | 17:17:07 | 220.747492 | 358.832429 
 4151.9869 | 08740.0678 | 17:17:08 | 220.745172 | 358.832296 
 4151.9869 | 08740.0707 | 17:17:09 | 220.742678 | 358.832277 
 4151.9868 | 08740.0741 | 17:17:10 | 220.739756 | 358.832139 
 4151.9869 | 08740.0776 | 17:17:11 | 220.736746 | 358.832231 
 4151.9870 | 08740.0808 | 17:17:12 | 220.733994 | 358.832324 
 4151.9868 | 08740.0835 | 17:17:13 | 220.731674 | 358.832076 
 4151.9870 | 08740.0856 | 17:17:14 | 220.729867 | 358.832292 
 4151.9875 | 08740.0875 | 17:17:15 | 220.728228 | 358.832855 
 4151.9881 | 08740.0894 | 17:17:16 | 220.726590 | 358.833532 
 4151.9887 | 08740.0912 | 17:17:17 | 220.725037 | 358.834210 
 4151.9894 | 08740.0911 | 17:17:18 | 220.725116 | 358.835016 
 4151.9905 | 08740.0913 | 17:17:19 | 220.724935 | 358.836280 
 4151.9916 | 08740.0916 | 17:17:20 | 220.724667 | 358.837544 
 4151.9930 | 08740.0920 | 17:17:21 | 220.724310 | 358.839151 
 4151.9951 | 08740.0924 | 17:17:22 | 220.723948 | 358.841564 
 4151.9970 | 08740.0923 | 17:17:23 | 220.724017 | 358.843750 
 4151.9970 | 08740.0930 | 17:17:24 | 220.723415 | 358.843746 
 4151.9976 | 08740.0933 | 17:17:25 | 220.723152 | 358.844434 
 4151.9986 | 08740.0927 | 17:17:26 | 220.723659 | 358.845588 
 4151.9990 | 08740.0924 | 17:17:27 | 220.723913 | 358.846050 
 4151.9990 | 08740.0924 | 17:17:28 | 220.723913 | 358.846050 
 4152.0001 | 08740.0919 | 17:17:29 | 220.724333 | 358.847319 
 4152.0008 | 08740.0919 | 17:17:30 | 220.724327 | 358.848124 
 4152.0022 | 08740.0921 | 17:17:31 | 220.724142 | 358.849733 
 4152.0044 | 08740.0925 | 17:17:32 | 220.723779 | 358.852261 
 4152.0067 | 08740.0933 | 17:17:33 | 220.723071 | 358.854901 
 4152.0090 | 08740.0953 | 17:17:34 | 220.721330 | 358.857533 
 4152.0111 | 08740.0979 | 17:17:35 | 220.719076 | 358.859931 
 4152.0112 | 08740.1006 | 17:17:36 | 220.716754 | 358.860029 
 4152.0125 | 08740.1035 | 17:17:37 | 220.714249 | 358.861505 
 4152.0123 | 08740.1122 | 17:17:38 | 220.706771 | 358.861217 
 4152.0124 | 08740.1176 | 17:17:39 | 220.702127 | 358.861296 
 4152.0126 | 08740.1225 | 17:17:40 | 220.697912 | 358.861493 
 4152.0127 | 08740.1271 | 17:17:41 | 220.693956 | 358.861577 
 4152.0127 | 08740.1313 | 17:17:42 | 220.690345 | 358.861549 
 4152.0129 | 08740.1356 | 17:17:43 | 220.686646 | 358.861751 
 4152.0131 | 08740.1404 | 17:17:44 | 220.682517 | 358.861949 
 4152.0135 | 08740.1460 | 17:17:45 | 220.677699 | 358.862372 
 4152.0142 | 08740.1521 | 17:17:46 | 220.672448 | 358.863136 
 4152.0148 | 08740.1590 | 17:17:47 | 220.666510 | 358.863781 
 4152.0155 | 08740.1662 | 17:17:48 | 220.660313 | 358.864538 
 4152.0156 | 08740.1744 | 17:17:49 | 220.653262 | 358.864599 
 4152.0157 | 08740.1827 | 17:17:50 | 220.646125 | 358.864658 
 4152.0154 | 08740.1912 | 17:17:51 | 220.638820 | 358.864257 
 4152.0153 | 08740.1998 | 17:17:52 | 220.631426 | 358.864085 
 4152.0152 | 08740.2081 | 17:17:53 | 220.624291 | 358.863914 
 4152.0151 | 08740.2159 | 17:17:54 | 220.617585 | 358.863748 
 4152.0152 | 08740.2235 | 17:17:55 | 220.611050 | 358.863812 
 4152.0150 | 08740.2309 | 17:17:56 | 220.604689 | 358.863533 
 4152.0148 | 08740.2384 | 17:17:57 | 220.598243 | 358.863253 
 4152.0145 | 08740.2462 | 17:17:58 | 220.591539 | 358.862856 
 4152.0143 | 08740.2541 | 17:17:59 | 220.584749 | 358.862574 
 4152.0140 | 08740.2623 | 17:18:00 | 220.577701 | 358.862174 
 4152.0137 | 08740.2706 | 17:18:01 | 220.570567 | 358.861774 
 4152.0135 | 08740.2791 | 17:18:02 | 220.563261 | 358.861488 
 4152.0136 | 08740.2878 | 17:18:03 | 220.555780 | 358.861545 
 4152.0136 | 08740.2967 | 17:18:04 | 220.548128 | 358.861486 
 4152.0134 | 08740.3059 | 17:18:05 | 220.540219 | 358.861195 
 4152.0133 | 08740.3153 | 17:18:06 | 220.532138 | 358.861018 
 4152.0131 | 08740.3249 | 17:18:07 | 220.523886 | 358.860724 
 4152.0128 | 08740.3348 | 17:18:08 | 220.515377 | 358.860314 
 4152.0125 | 08740.3448 | 17:18:09 | 220.506781 | 358.859902 
 4152.0122 | 08740.3549 | 17:18:10 | 220.498100 | 358.859490 
 4152.0121 | 08740.3652 | 17:18:11 | 220.489245 | 358.859307 
 4152.0120 | 08740.3757 | 17:18:12 | 220.480218 | 358.859123 
 4152.0120 | 08740.3864 | 17:18:13 | 220.471019 | 358.859052 
 4152.0117 | 08740.3972 | 17:18:14 | 220.461736 | 358.858636 
 4152.0113 | 08740.4082 | 17:18:15 | 220.452281 | 358.858103 
 4152.0110 | 08740.4192 | 17:18:16 | 220.442826 | 358.857685 
 4152.0108 | 08740.4303 | 17:18:17 | 220.433284 | 358.857382 
 4152.0105 | 08740.4413 | 17:18:18 | 220.423829 | 358.856964 
 4152.0106 | 08740.4522 | 17:18:19 | 220.414457 | 358.857007 
 4152.0105 | 08740.4632 | 17:18:20 | 220.405000 | 358.856819 
 4152.0105 | 08740.4742 | 17:18:21 | 220.395542 | 358.856747 
 4152.0105 | 08740.4849 | 17:18:22 | 220.386342 | 358.856676 
 4152.0104 | 08740.4953 | 17:18:23 | 220.377402 | 358.856492 
 4152.0105 | 08740.5055 | 17:18:24 | 220.368631 | 358.856540 
 4152.0109 | 08740.5156 | 17:18:25 | 220.359943 | 358.856934 
 4152.0112 | 08740.5253 | 17:18:26 | 220.351601 | 358.857215 
 4152.0116 | 08740.5348 | 17:18:27 | 220.343429 | 358.857612 
 4152.0119 | 08740.5436 | 17:18:28 | 220.335860 | 358.857900 
 4152.0118 | 08740.5518 | 17:18:29 | 220.328811 | 358.857731 
 4152.0119 | 08740.5592 | 17:18:30 | 220.322448 | 358.857797 
 4152.0126 | 08740.5654 | 17:18:31 | 220.317111 | 358.858561 
 4152.0144 | 08740.5701 | 17:18:32 | 220.313054 | 358.860601 
 4152.0170 | 08740.5731 | 17:18:33 | 220.310452 | 358.863572 
 4152.0203 | 08740.5750 | 17:18:34 | 220.308789 | 358.867355 
 4152.0241 | 08740.5761 | 17:18:35 | 220.307810 | 358.871719 
 4152.0300 | 08740.5762 | 17:18:36 | 220.307672 | 358.878504 
 4152.0360 | 08740.5761 | 17:18:37 | 220.307705 | 358.885407 
 4152.0422 | 08740.5762 | 17:18:38 | 220.307564 | 358.892538 
 4152.0486 | 08740.5762 | 17:18:39 | 220.307508 | 358.899899 
 4152.0553 | 08740.5762 | 17:18:40 | 220.307449 | 358.907606 
 4152.0622 | 08740.5760 | 17:18:41 | 220.307560 | 358.915544 
 4152.0694 | 08740.5757 | 17:18:42 | 220.307755 | 358.923828 
 4152.0768 | 08740.5755 | 17:18:43 | 220.307862 | 358.932341 
 4152.0853 | 08740.5748 | 17:18:44 | 220.308389 | 358.942123 
 4152.0927 | 08740.5749 | 17:18:45 | 220.308238 | 358.950634 
 4152.0999 | 08740.5751 | 17:18:46 | 220.308002 | 358.958914 
 4152.1067 | 08740.5758 | 17:18:47 | 220.307340 | 358.966731 
 4152.1132 | 08740.5767 | 17:18:48 | 220.306509 | 358.974202 
 4152.1190 | 08740.5775 | 17:18:49 | 220.305771 | 358.980868 
 4152.1243 | 08740.5782 | 17:18:50 | 220.305122 | 358.986960 
 4152.1289 | 08740.5786 | 17:18:51 | 220.304738 | 358.992249 
 4152.1329 | 08740.5788 | 17:18:52 | 220.304530 | 358.996848 
 4152.1360 | 08740.5789 | 17:18:53 | 220.304417 | 359.000413 
 4152.1382 | 08740.5791 | 17:18:54 | 220.304226 | 359.002943 
 4152.1393 | 08740.5792 | 17:18:55 | 220.304130 | 359.004207 
 4152.1396 | 08740.5792 | 17:18:56 | 220.304128 | 359.004552 
 4152.1394 | 08740.5792 | 17:18:57 | 220.304129 | 359.004322 
 4152.1396 | 08740.5790 | 17:18:58 | 220.304300 | 359.004554 
 4152.1396 | 08740.5790 | 17:18:59 | 220.304300 | 359.004554 
 4152.1396 | 08740.5790 | 17:19:00 | 220.304300 | 359.004554 
 4152.1396 | 08740.5790 | 17:19:01 | 220.304300 | 359.004554 
 4152.1396 | 08740.5790 | 17:19:02 | 220.304300 | 359.004554 
 4152.1396 | 08740.5790 | 17:19:03 | 220.304300 | 359.004554 
 4152.1396 | 08740.5790 | 17:19:04 | 220.304300 | 359.004554 
 4152.1396 | 08740.5790 | 17:19:05 | 220.304300 | 359.004554 
 4152.1403 | 08740.5787 | 17:19:06 | 220.304551 | 359.005361 
 4152.1405 | 08740.5787 | 17:19:07 | 220.304550 | 359.005591 
 4152.1408 | 08740.5788 | 17:19:08 | 220.304461 | 359.005935 
 4152.1413 | 08740.5789 | 17:19:09 | 220.304371 | 359.006510 
 4152.1417 | 08740.5790 | 17:19:10 | 220.304281 | 359.006969 
 4152.1421 | 08740.5790 | 17:19:11 | 220.304278 | 359.007429 
 4152.1424 | 08740.5791 | 17:19:12 | 220.304189 | 359.007774 
 4152.1427 | 08740.5792 | 17:19:13 | 220.304100 | 359.008118 
 4152.1430 | 08740.5793 | 17:19:14 | 220.304012 | 359.008462 
 4152.1433 | 08740.5795 | 17:19:15 | 220.303837 | 359.008806 
 4152.1444 | 08740.5796 | 17:19:16 | 220.303741 | 359.010071 
 4152.1452 | 08740.5804 | 17:19:17 | 220.303047 | 359.010986 
 4152.1463 | 08740.5825 | 17:19:18 | 220.301231 | 359.012237 
 4152.1472 | 08740.5859 | 17:19:19 | 220.298300 | 359.013250 
 4152.1479 | 08740.5902 | 17:19:20 | 220.294597 | 359.014027 
 4152.1481 | 08740.5951 | 17:19:21 | 220.290383 | 359.014225 
 4152.1481 | 08740.6006 | 17:19:22 | 220.285654 | 359.014189 
 4152.1477 | 08740.6066 | 17:19:23 | 220.280499 | 359.013689 
 4152.1473 | 08740.6130 | 17:19:24 | 220.275000 | 359.013187 
 4152.1468 | 08740.6199 | 17:19:25 | 220.269072 | 359.012566 
 4152.1465 | 08740.6271 | 17:19:26 | 220.262884 | 359.012174 
 4152.1462 | 08740.6348 | 17:19:27 | 220.256267 | 359.011778 
 4152.1461 | 08740.6426 | 17:19:28 | 220.249562 | 359.011612 
 4152.1459 | 08740.6505 | 17:19:29 | 220.242771 | 359.011330 
 4152.1458 | 08740.6582 | 17:19:30 | 220.236152 | 359.011165 
 4152.1457 | 08740.6658 | 17:19:31 | 220.229619 | 359.011000 
 4152.1455 | 08740.6732 | 17:19:32 | 220.223258 | 359.010721 
 4152.1454 | 08740.6805 | 17:19:33 | 220.216983 | 359.010558 
 4152.1450 | 08740.6875 | 17:19:34 | 220.210968 | 359.010052 
 4152.1450 | 08740.6945 | 17:19:35 | 220.204950 | 359.010006 
 4152.1447 | 08740.7014 | 17:19:36 | 220.199020 | 359.009616 
 4152.1449 | 08740.7086 | 17:19:37 | 220.192828 | 359.009799 
 4152.1451 | 08740.7164 | 17:19:38 | 220.186120 | 359.009977 
 4152.1451 | 08740.7246 | 17:19:39 | 220.179070 | 359.009924 
 4152.1448 | 08740.7330 | 17:19:40 | 220.171851 | 359.009523 
 4152.1447 | 08740.7415 | 17:19:41 | 220.164543 | 359.009353 
 4152.1446 | 08740.7499 | 17:19:42 | 220.157322 | 359.009183 
 4152.1449 | 08740.7581 | 17:19:43 | 220.150270 | 359.009474 
 4152.1449 | 08740.7661 | 17:19:44 | 220.143392 | 359.009422 
 4152.1450 | 08740.7738 | 17:19:45 | 220.136771 | 359.009486 
 4152.1448 | 08740.7812 | 17:19:46 | 220.130410 | 359.009208 
 4152.1447 | 08740.7882 | 17:19:47 | 220.124393 | 359.009047 
 4152.1445 | 08740.7948 | 17:19:48 | 220.118720 | 359.008774 
 4152.1444 | 08740.8012 | 17:19:49 | 220.113218 | 359.008617 
 4152.1443 | 08740.8071 | 17:19:50 | 220.108147 | 359.008463 
 4152.1443 | 08740.8125 | 17:19:51 | 220.103504 | 359.008428 
 4152.1446 | 08740.8171 | 17:19:52 | 220.099546 | 359.008743 
 4152.1448 | 08740.8212 | 17:19:53 | 220.096020 | 359.008946 
 4152.1449 | 08740.8247 | 17:19:54 | 220.093010 | 359.009038 
 4152.1451 | 08740.8272 | 17:19:55 | 220.090858 | 359.009252 
 4152.1451 | 08740.8289 | 17:19:56 | 220.089397 | 359.009241 
 4152.1452 | 08740.8301 | 17:19:57 | 220.088364 | 359.009348 
 4152.1451 | 08740.8316 | 17:19:58 | 220.087075 | 359.009223 
 4152.1450 | 08740.8336 | 17:19:59 | 220.085357 | 359.009095 
 4152.1447 | 08740.8361 | 17:20:00 | 220.083210 | 359.008734 
 4152.1444 | 08740.8394 | 17:20:01 | 220.080375 | 359.008367 
 4152.1441 | 08740.8435 | 17:20:02 | 220.076853 | 359.007995 
 4152.1441 | 08740.8481 | 17:20:03 | 220.072898 | 359.007965 
 4152.1441 | 08740.8533 | 17:20:04 | 220.068427 | 359.007931 
 4152.1441 | 08740.8590 | 17:20:05 | 220.063527 | 359.007894 
 4152.1439 | 08740.8650 | 17:20:06 | 220.058370 | 359.007624 
 4152.1438 | 08740.8714 | 17:20:07 | 220.052868 | 359.007468 
 4152.1436 | 08740.8781 | 17:20:08 | 220.047110 | 359.007194 
 4152.1434 | 08740.8850 | 17:20:09 | 220.041179 | 359.006919 
 4152.1432 | 08740.8922 | 17:20:10 | 220.034991 | 359.006642 
 4152.1430 | 08740.8997 | 17:20:11 | 220.028544 | 359.006363 
 4152.1428 | 08740.9074 | 17:20:12 | 220.021926 | 359.006082 
 4152.1427 | 08740.9154 | 17:20:13 | 220.015048 | 359.005915 
 4152.1426 | 08740.9235 | 17:20:14 | 220.008085 | 359.005747 
 4152.1425 | 08740.9316 | 17:20:15 | 220.001122 | 359.005579 
 4152.1422 | 08740.9396 | 17:20:16 | 219.994247 | 359.005182 
 4152.1423 | 08740.9475 | 17:20:17 | 219.987454 | 359.005246 
 4152.1423 | 08740.9552 | 17:20:18 | 219.980833 | 359.005196 
 4152.1424 | 08740.9630 | 17:20:19 | 219.974126 | 359.005260 
 4152.1422 | 08740.9707 | 17:20:20 | 219.967508 | 359.004979 
 4152.1415 | 08740.9773 | 17:20:21 | 219.961840 | 359.004131 
 4152.1417 | 08740.9841 | 17:20:22 | 219.955992 | 359.004317 
 4152.1419 | 08740.9902 | 17:20:23 | 219.950745 | 359.004507 
 4152.1420 | 08740.9953 | 17:20:24 | 219.946360 | 359.004589 
 4152.1423 | 08740.9996 | 17:20:25 | 219.942660 | 359.004906 
 4152.1432 | 08741.0038 | 17:20:26 | 219.939041 | 359.005914 
 4152.1437 | 08741.0077 | 17:20:27 | 219.935684 | 359.006464 
 4152.1440 | 08741.0110 | 17:20:28 | 219.932844 | 359.006788 
 4152.1441 | 08741.0137 | 17:20:29 | 219.930522 | 359.006885 
 4152.1439 | 08741.0158 | 17:20:30 | 219.928718 | 359.006641 
 4152.1440 | 08741.0176 | 17:20:31 | 219.927170 | 359.006745 
 4152.1444 | 08741.0191 | 17:20:32 | 219.925876 | 359.007195 
 4152.1457 | 08741.0201 | 17:20:33 | 219.925005 | 359.008684 
 4152.1474 | 08741.0205 | 17:20:34 | 219.924647 | 359.010637 
 4152.1492 | 08741.0207 | 17:20:35 | 219.924459 | 359.012706 
 4152.1550 | 08741.0216 | 17:20:36 | 219.923635 | 359.019371 
 4152.1595 | 08741.0222 | 17:20:37 | 219.923080 | 359.024544 
 4152.1644 | 08741.0228 | 17:20:38 | 219.922521 | 359.030176 
 4152.1694 | 08741.0234 | 17:20:39 | 219.921962 | 359.035923 
 4152.1748 | 08741.0241 | 17:20:40 | 219.921313 | 359.042130 
 4152.1804 | 08741.0240 | 17:20:41 | 219.921350 | 359.048572 
 4152.1864 | 08741.0242 | 17:20:42 | 219.921126 | 359.055472 
 4152.1927 | 08741.0242 | 17:20:43 | 219.921071 | 359.062719 
 4152.1992 | 08741.0245 | 17:20:44 | 219.920757 | 359.070194 
 4152.2059 | 08741.0249 | 17:20:45 | 219.920354 | 359.077898 
 4152.2125 | 08741.0253 | 17:20:46 | 219.919953 | 359.085487 
 4152.2190 | 08741.0258 | 17:20:47 | 219.919467 | 359.092960 
 4152.2254 | 08741.0261 | 17:20:48 | 219.919153 | 359.100320 
 4152.2324 | 08741.0264 | 17:20:49 | 219.918834 | 359.108370 
 4152.2390 | 08741.0266 | 17:20:50 | 219.918605 | 359.115960 
 4152.2454 | 08741.0267 | 17:20:51 | 219.918463 | 359.123321 
 4152.2515 | 08741.0269 | 17:20:52 | 219.918238 | 359.130336 
 4152.2570 | 08741.0270 | 17:20:53 | 219.918104 | 359.136662 
 4152.2622 | 08741.0271 | 17:20:54 | 219.917973 | 359.142642 
 4152.2668 | 08741.0270 | 17:20:55 | 219.918019 | 359.147934 
 4152.2707 | 08741.0267 | 17:20:56 | 219.918243 | 359.152422 
 4152.2738 | 08741.0265 | 17:20:57 | 219.918388 | 359.155989 
 4152.2763 | 08741.0260 | 17:20:58 | 219.918796 | 359.158868 
 4152.2787 | 08741.0247 | 17:20:59 | 219.919893 | 359.161637 
 4152.2816 | 08741.0222 | 17:21:00 | 219.922017 | 359.164989 
 4152.2846 | 08741.0187 | 17:21:01 | 219.925000 | 359.168463 
 4152.2872 | 08741.0140 | 17:21:02 | 219.929018 | 359.171484 
 4152.2851 | 08741.0070 | 17:21:03 | 219.935054 | 359.169114 
 4152.2861 | 08741.0008 | 17:21:04 | 219.940376 | 359.170305 
 4152.2870 | 08740.9944 | 17:21:05 | 219.945870 | 359.171382 
 4152.2880 | 08740.9881 | 17:21:06 | 219.951278 | 359.172573 
 4152.2889 | 08740.9822 | 17:21:07 | 219.956342 | 359.173646 
 4152.2891 | 08740.9760 | 17:21:08 | 219.961671 | 359.173917 
 4152.2898 | 08740.9707 | 17:21:09 | 219.966221 | 359.174757 
 4152.2890 | 08740.9657 | 17:21:10 | 219.970527 | 359.173869 
 4152.2882 | 08740.9619 | 17:21:11 | 219.973801 | 359.172974 
 4152.2871 | 08740.9588 | 17:21:12 | 219.976476 | 359.171728 
 4152.2862 | 08740.9561 | 17:21:13 | 219.978805 | 359.170711 
 4152.2847 | 08740.9535 | 17:21:14 | 219.981053 | 359.169002 
 4152.2838 | 08740.9527 | 17:21:15 | 219.981749 | 359.167972 
 4152.2828 | 08740.9517 | 17:21:16 | 219.982617 | 359.166829 
 4152.2766 | 08740.9515 | 17:21:17 | 219.982843 | 359.159698 
 4152.2729 | 08740.9514 | 17:21:18 | 219.982962 | 359.155443 
 4152.2694 | 08740.9513 | 17:21:19 | 219.983078 | 359.151418 
 4152.2649 | 08740.9516 | 17:21:20 | 219.982859 | 359.146240 
 4152.2609 | 08740.9516 | 17:21:21 | 219.982894 | 359.141639 
 4152.2574 | 08740.9518 | 17:21:22 | 219.982753 | 359.137612 
 4152.2540 | 08740.9518 | 17:21:23 | 219.982783 | 359.133701 
 4152.2503 | 08740.9511 | 17:21:24 | 219.983417 | 359.129449 
 4152.2467 | 08740.9502 | 17:21:25 | 219.984222 | 359.125314 
 4152.2434 | 08740.9499 | 17:21:26 | 219.984508 | 359.121520 
 4152.2404 | 08740.9497 | 17:21:27 | 219.984707 | 359.118071 
 4152.2373 | 08740.9493 | 17:21:28 | 219.985078 | 359.114508 
 4152.2348 | 08740.9486 | 17:21:29 | 219.985701 | 359.111637 
 4152.2321 | 08740.9482 | 17:21:30 | 219.986069 | 359.108534 
 4152.2299 | 08740.9479 | 17:21:31 | 219.986346 | 359.106005 
 4152.2284 | 08740.9481 | 17:21:32 | 219.986187 | 359.104278 
 4152.2273 | 08740.9483 | 17:21:33 | 219.986024 | 359.103012 
 4152.2262 | 08740.9483 | 17:21:34 | 219.986034 | 359.101747 
 4152.2253 | 08740.9484 | 17:21:35 | 219.985956 | 359.100711 
 4152.2242 | 08740.9483 | 17:21:36 | 219.986052 | 359.099446 
 4152.2227 | 08740.9484 | 17:21:37 | 219.985979 | 359.097720 
 4152.2206 | 08740.9481 | 17:21:38 | 219.986255 | 359.095306 
 4152.2165 | 08740.9455 | 17:21:39 | 219.988526 | 359.090607 
 4152.2133 | 08740.9454 | 17:21:40 | 219.988640 | 359.086927 
 4152.2098 | 08740.9456 | 17:21:41 | 219.988498 | 359.082900 
 4152.2049 | 08740.9449 | 17:21:42 | 219.989143 | 359.077268 
 4152.2008 | 08740.9450 | 17:21:43 | 219.989093 | 359.072552 
 4152.1968 | 08740.9452 | 17:21:44 | 219.988956 | 359.067949 
 4152.1928 | 08740.9453 | 17:21:45 | 219.988905 | 359.063348 
 4152.1884 | 08740.9451 | 17:21:46 | 219.989115 | 359.058288 
 4152.1841 | 08740.9449 | 17:21:47 | 219.989324 | 359.053343 
 4152.1798 | 08740.9448 | 17:21:48 | 219.989448 | 359.048398 
 4152.1755 | 08740.9446 | 17:21:49 | 219.989657 | 359.043453 
 4152.1711 | 08740.9451 | 17:21:50 | 219.989266 | 359.038389 
 4152.1669 | 08740.9453 | 17:21:51 | 219.989131 | 359.033556 
 4152.1630 | 08740.9456 | 17:21:52 | 219.988907 | 359.029068 
 4152.1595 | 08740.9457 | 17:21:53 | 219.988851 | 359.025042 
 4152.1565 | 08740.9459 | 17:21:54 | 219.988705 | 359.021590 
 4152.1543 | 08740.9468 | 17:21:55 | 219.987951 | 359.019053 
 4152.1530 | 08740.9482 | 17:21:56 | 219.986758 | 359.017549 
 4152.1518 | 08740.9491 | 17:21:57 | 219.985995 | 359.016163 
 4152.1508 | 08740.9499 | 17:21:58 | 219.985316 | 359.015007 
 4152.1498 | 08740.9505 | 17:21:59 | 219.984809 | 359.013853 
 4152.1489 | 08740.9510 | 17:22:00 | 219.984387 | 359.012815 
 4152.1491 | 08740.9484 | 17:22:01 | 219.986621 | 359.013062 
 4152.1488 | 08740.9474 | 17:22:02 | 219.987483 | 359.012723 
 4152.1487 | 08740.9463 | 17:22:03 | 219.988430 | 359.012615 
 4152.1492 | 08740.9446 | 17:22:04 | 219.989887 | 359.013201 
 4152.1496 | 08740.9445 | 17:22:05 | 219.989969 | 359.013662 
 4152.