 4152.1575 | 08741.0089 | 15:16:24 | 219.934532 | 359.022330 
 4152.1464 | 08741.0198 | 15:16:33 | 219.925257 | 359.009491 
 4152.1470 | 08741.0203 | 15:16:35 | 219.924822 | 359.010178 
 4152.1509 | 08741.0136 | 15:16:38 | 219.930548 | 359.014707 
 4152.1505 | 08741.0128 | 15:16:39 | 219.931240 | 359.014252 
 4152.1541 | 08741.0098 | 15:16:41 | 219.933788 | 359.018413 
 4152.1553 | 08741.0089 | 15:16:42 | 219.934551 | 359.019799 
 4152.1548 | 08741.0083 | 15:16:43 | 219.935071 | 359.019228 
 4152.1529 | 08741.0106 | 15:16:44 | 219.933110 | 359.017027 
 4152.1533 | 08741.0093 | 15:16:45 | 219.934225 | 359.017496 
 4152.1514 | 08741.0116 | 15:16:48 | 219.932264 | 359.015295 
 4152.1510 | 08741.0126 | 15:16:49 | 219.931407 | 359.014829 
 4152.1495 | 08741.0137 | 15:16:50 | 219.930475 | 359.013096 
 4152.1465 | 08741.0180 | 15:16:51 | 219.926804 | 359.009618 
 4152.1503 | 08741.0141 | 15:16:52 | 219.930124 | 359.014014 
 4152.1456 | 08741.0164 | 15:16:53 | 219.928187 | 359.008593 
 4152.1489 | 08741.0148 | 15:16:54 | 219.929534 | 359.012399 
 4152.1481 | 08741.0168 | 15:16:55 | 219.927822 | 359.011466 
 4152.1447 | 08741.0203 | 15:16:56 | 219.924842 | 359.007532 
 4152.1463 | 08741.0196 | 15:16:57 | 219.925430 | 359.009377 
 4152.1464 | 08741.0175 | 15:16:58 | 219.927235 | 359.009506 
 4152.1457 | 08741.0171 | 15:16:59 | 219.927585 | 359.008703 
 4152.1471 | 08741.0161 | 15:17:00 | 219.928432 | 359.010320 
 4152.1479 | 08741.0152 | 15:17:01 | 219.929199 | 359.011246 
 4152.1520 | 08741.0108 | 15:17:03 | 219.932946 | 359.015991 
 4152.1486 | 08741.0138 | 15:17:04 | 219.930397 | 359.012060 
 4152.1521 | 08741.0125 | 15:17:05 | 219.931484 | 359.016095 
 4152.1517 | 08741.0124 | 15:17:06 | 219.931573 | 359.015635 
 4152.1488 | 08741.0157 | 15:17:07 | 219.928761 | 359.012278 
 4152.1488 | 08741.0147 | 15:17:08 | 219.929621 | 359.012285 
 4152.1544 | 08741.0113 | 15:17:09 | 219.932495 | 359.018748 
 4152.1518 | 08741.0142 | 15:17:10 | 219.930025 | 359.015739 
 4152.1491 | 08741.0161 | 15:17:11 | 219.928415 | 359.012621 
 4152.1511 | 08741.0156 | 15:17:12 | 219.928827 | 359.014924 
 4152.1518 | 08741.0130 | 15:17:13 | 219.931057 | 359.015746 
 4152.1502 | 08741.0146 | 15:17:14 | 219.929695 | 359.013896 
 4152.1523 | 08741.0127 | 15:17:15 | 219.931310 | 359.016324 
 4152.1520 | 08741.0151 | 15:17:16 | 219.929249 | 359.015963 
 4152.1504 | 08741.0163 | 15:17:17 | 219.928232 | 359.014115 
 4152.1510 | 08741.0157 | 15:17:18 | 219.928742 | 359.014809 
 4152.1515 | 08741.0139 | 15:17:19 | 219.930285 | 359.015396 
 4152.1493 | 08741.0150 | 15:17:20 | 219.929359 | 359.012858 
 4152.1487 | 08741.0139 | 15:17:21 | 219.930310 | 359.012175 
 4152.1490 | 08741.0121 | 15:17:22 | 219.931855 | 359.012532 
 4152.1464 | 08741.0139 | 15:17:23 | 219.930330 | 359.009529 
 4152.1463 | 08741.0117 | 15:17:24 | 219.932222 | 359.009429 
 4152.1446 | 08741.0137 | 15:17:25 | 219.930517 | 359.007460 
 4152.1466 | 08741.0138 | 15:17:26 | 219.930414 | 359.009760 
 4152.1466 | 08741.0177 | 15:17:27 | 219.927061 | 359.009735 
 4152.1445 | 08741.0206 | 15:17:28 | 219.924586 | 359.007300 
 4152.1458 | 08741.0174 | 15:17:29 | 219.927326 | 359.008816 
 4152.1460 | 08741.0146 | 15:17:30 | 219.929731 | 359.009065 
 4152.1482 | 08741.0126 | 15:17:31 | 219.931432 | 359.011608 
 4152.1520 | 08741.0111 | 15:17:32 | 219.932688 | 359.015989 
 4152.1562 | 08741.0105 | 15:17:33 | 219.933168 | 359.020824 
 4152.1577 | 08741.0097 | 15:17:35 | 219.933842 | 359.022554 
 4152.1585 | 08741.0080 | 15:17:36 | 219.935297 | 359.023486 
 4152.1584 | 08741.0068 | 15:17:37 | 219.936330 | 359.023378 
 4152.1555 | 08741.0098 | 15:17:38 | 219.933776 | 359.020023 
 4152.1537 | 08741.0080 | 15:17:39 | 219.935339 | 359.017964 
 4152.1537 | 08741.0027 | 15:17:43 | 219.939895 | 359.017999 
 4152.1552 | 08741.0019 | 15:17:44 | 219.940570 | 359.019730 
 4152.1527 | 08741.0050 | 15:17:45 | 219.937927 | 359.016834 
 4152.1508 | 08741.0085 | 15:17:46 | 219.934934 | 359.014625 
 4152.1498 | 08741.0085 | 15:17:47 | 219.934943 | 359.013475 
 4152.1467 | 08741.0128 | 15:17:49 | 219.931273 | 359.009881 
 4152.1460 | 08741.0143 | 15:17:51 | 219.929989 | 359.009067 
 4152.1485 | 08741.0139 | 15:17:52 | 219.930311 | 359.011945 
 4152.1466 | 08741.0145 | 15:17:57 | 219.929812 | 359.009755 
 4152.1468 | 08741.0130 | 15:17:58 | 219.931100 | 359.009995 
 4152.1467 | 08741.0122 | 15:17:59 | 219.931789 | 359.009885 
 4152.1472 | 08741.0111 | 15:18:00 | 219.932730 | 359.010468 
 4152.1445 | 08741.0144 | 15:18:01 | 219.929916 | 359.007341 
 4152.1522 | 08741.0124 | 15:18:03 | 219.931569 | 359.016210 
 4152.1510 | 08741.0122 | 15:18:04 | 219.931751 | 359.014831 
 4152.1508 | 08741.0080 | 15:18:06 | 219.935364 | 359.014629 
 4152.1498 | 08741.0104 | 15:18:09 | 219.933309 | 359.013463 
 4152.1484 | 08741.0099 | 15:18:10 | 219.933751 | 359.011856 
 4152.1449 | 08741.0105 | 15:18:11 | 219.933266 | 359.007826 
 4152.1448 | 08741.0099 | 15:18:12 | 219.933783 | 359.007715 
 4152.1448 | 08741.0091 | 15:18:13 | 219.934471 | 359.007720 
 4152.1458 | 08741.0114 | 15:18:14 | 219.932484 | 359.008855 
 4152.1454 | 08741.0125 | 15:18:15 | 219.931542 | 359.008388 
 4152.1449 | 08741.0095 | 15:18:20 | 219.934126 | 359.007833 
 4152.1431 | 08741.0103 | 15:18:21 | 219.933454 | 359.005757 
 4152.1466 | 08741.0112 | 15:18:22 | 219.932649 | 359.009777 
 4152.1490 | 08741.0138 | 15:18:23 | 219.930393 | 359.012521 
 4152.1474 | 08741.0167 | 15:18:24 | 219.927914 | 359.010661 
 4152.1469 | 08741.0182 | 15:18:25 | 219.926628 | 359.010076 
 4152.1483 | 08741.0180 | 15:18:27 | 219.926788 | 359.011688 
 4152.1461 | 08741.0191 | 15:18:28 | 219.925862 | 359.009150 
 4152.1481 | 08741.0165 | 15:18:29 | 219.928080 | 359.011468 
 4152.1478 | 08741.0149 | 15:18:30 | 219.929458 | 359.011133 
 4152.1444 | 08741.0173 | 15:18:31 | 219.927424 | 359.007207 
 4152.1458 | 08741.0150 | 15:18:32 | 219.929389 | 359.008832 
 4152.1442 | 08741.0160 | 15:18:33 | 219.928543 | 359.006985 
 4152.1473 | 08741.0127 | 15:18:34 | 219.931354 | 359.010572 
 4152.1478 | 08741.0147 | 15:18:35 | 219.929630 | 359.011134 
 4152.1489 | 08741.0130 | 15:18:36 | 219.931082 | 359.012411 
 4152.1517 | 08741.0125 | 15:18:38 | 219.931487 | 359.015635 
 4152.1572 | 08741.0071 | 15:18:39 | 219.936082 | 359.021996 
 4152.1612 | 08741.0039 | 15:18:42 | 219.938798 | 359.026618 
 4152.1569 | 08741.0075 | 15:18:43 | 219.935741 | 359.021649 
 4152.1555 | 08741.0084 | 15:18:44 | 219.934979 | 359.020032 
 4152.1535 | 08741.0101 | 15:18:45 | 219.933535 | 359.017721 
 4152.1512 | 08741.0134 | 15:18:46 | 219.930718 | 359.015054 
 4152.1506 | 08741.0130 | 15:18:47 | 219.931067 | 359.014366 
 4152.1523 | 08741.0139 | 15:18:48 | 219.930278 | 359.016316 
 4152.1537 | 08741.0118 | 15:18:49 | 219.932072 | 359.017940 
 4152.1547 | 08741.0093 | 15:18:50 | 219.934212 | 359.019106 
 4152.1558 | 08741.0091 | 15:18:51 | 219.934375 | 359.020373 
 4152.1579 | 08741.0071 | 15:18:52 | 219.936076 | 359.022801 
 4152.1556 | 08741.0096 | 15:18:53 | 219.933947 | 359.020140 
 4152.1542 | 08741.0112 | 15:18:54 | 219.932583 | 359.018519 
 4152.1567 | 08741.0050 | 15:18:55 | 219.937892 | 359.021435 
 4152.1581 | 08741.0047 | 15:18:56 | 219.938138 | 359.023047 
 4152.1539 | 08741.0076 | 15:18:57 | 219.935681 | 359.018197 
 4152.1525 | 08741.0097 | 15:18:58 | 219.933888 | 359.016573 
 4152.1510 | 08741.0121 | 15:18:59 | 219.931837 | 359.014832 
 4152.1530 | 08741.0132 | 15:19:00 | 219.930874 | 359.017125 
 4152.1528 | 08741.0109 | 15:19:01 | 219.932853 | 359.016910 
 4152.1504 | 08741.0106 | 15:19:02 | 219.933132 | 359.014152 
 4152.1534 | 08741.0070 | 15:19:03 | 219.936201 | 359.017626 
 4152.1513 | 08741.0080 | 15:19:04 | 219.935360 | 359.015204 
 4152.1515 | 08741.0098 | 15:19:05 | 219.933810 | 359.015422 
 4152.1471 | 08741.0129 | 15:19:07 | 219.931183 | 359.010341 
 4152.1472 | 08741.0137 | 15:19:08 | 219.930495 | 359.010451 
 4152.1468 | 08741.0141 | 15:19:09 | 219.930154 | 359.009988 
 4152.1500 | 08741.0120 | 15:19:10 | 219.931932 | 359.013683 
 4152.1528 | 08741.0103 | 15:19:11 | 219.933369 | 359.016914 
 4152.1526 | 08741.0099 | 15:19:12 | 219.933715 | 359.016687 
 4152.1529 | 08741.0079 | 15:19:13 | 219.935432 | 359.017045 
 4152.1538 | 08741.0070 | 15:19:14 | 219.936198 | 359.018086 
 4152.1576 | 08741.0049 | 15:19:15 | 219.937970 | 359.022471 
 4152.1537 | 08741.0075 | 15:19:16 | 219.935769 | 359.017968 
 4152.1503 | 08741.0108 | 15:19:17 | 219.932961 | 359.014035 
 4152.1544 | 08741.0104 | 15:19:19 | 219.933269 | 359.018754 
 4152.1551 | 08741.0101 | 15:19:20 | 219.933521 | 359.019561 
 4152.1519 | 08741.0117 | 15:19:21 | 219.932173 | 359.015870 
 4152.1497 | 08741.0133 | 15:19:22 | 219.930817 | 359.013329 
 4152.1498 | 08741.0170 | 15:19:23 | 219.927635 | 359.013420 
 4152.1500 | 08741.0152 | 15:19:24 | 219.929181 | 359.013662 
 4152.1522 | 08741.0119 | 15:19:25 | 219.931999 | 359.016214 
 4152.1467 | 08741.0197 | 15:19:28 | 219.925341 | 359.009837 
 4152.1465 | 08741.0176 | 15:19:29 | 219.927148 | 359.009620 
 4152.1533 | 08741.0097 | 15:19:30 | 219.933881 | 359.017493 
 4152.1539 | 08741.0077 | 15:19:31 | 219.935595 | 359.018196 
 4152.1411 | 08741.0171 | 15:19:32 | 219.927625 | 359.003412 
 4152.1455 | 08741.0139 | 15:19:33 | 219.930338 | 359.008494 
 4152.1456 | 08741.0134 | 15:19:34 | 219.930767 | 359.008612 
 4152.1525 | 08741.0077 | 15:19:35 | 219.935607 | 359.016586 
 4152.1526 | 08741.0080 | 15:19:36 | 219.935348 | 359.016699 
 4152.1512 | 08741.0087 | 15:19:37 | 219.934759 | 359.015084 
 4152.1488 | 08741.0102 | 15:19:38 | 219.933490 | 359.012314 
 4152.1492 | 08741.0123 | 15:19:39 | 219.931681 | 359.012760 
 4152.1492 | 08741.0133 | 15:19:40 | 219.930821 | 359.012754 
 4152.1509 | 08741.0088 | 15:19:41 | 219.934675 | 359.014739 
 4152.1481 | 08741.0132 | 15:19:42 | 219.930917 | 359.011489 
 4152.1493 | 08741.0132 | 15:19:43 | 219.930906 | 359.012870 
 4152.1513 | 08741.0120 | 15:19:44 | 219.931921 | 359.015178 
 4152.1484 | 08741.0165 | 15:19:45 | 219.928077 | 359.011813 
 4152.1468 | 08741.0171 | 15:19:46 | 219.927575 | 359.009969 
 4152.1465 | 08741.0168 | 15:19:47 | 219.927836 | 359.009625 
 4152.1452 | 08741.0192 | 15:19:48 | 219.925783 | 359.008114 
 4152.1488 | 08741.0145 | 15:19:49 | 219.929793 | 359.012286 
 4152.1491 | 08741.0137 | 15:19:50 | 219.930478 | 359.012636 
 4152.1473 | 08741.0134 | 15:19:51 | 219.930752 | 359.010568 
 4152.1476 | 08741.0114 | 15:19:53 | 219.932469 | 359.010926 
 4152.1478 | 08741.0116 | 15:19:54 | 219.932295 | 359.011155 
 4152.1472 | 08741.0131 | 15:19:55 | 219.931011 | 359.010455 
 4152.1458 | 08741.0123 | 15:19:56 | 219.931711 | 359.008850 
 4152.1450 | 08741.0140 | 15:19:57 | 219.930256 | 359.007918 
 4152.1448 | 08741.0195 | 15:20:00 | 219.925529 | 359.007652 
 4152.1441 | 08741.0167 | 15:20:01 | 219.927942 | 359.006865 
 4152.1468 | 08741.0148 | 15:20:02 | 219.929552 | 359.009983 
 4152.1493 | 08741.0121 | 15:20:03 | 219.931852 | 359.012877 
 4152.1480 | 08741.0110 | 15:20:06 | 219.932809 | 359.011389 
 4152.1515 | 08741.0107 | 15:20:07 | 219.933037 | 359.015416 
 4152.1496 | 08741.0150 | 15:20:08 | 219.929356 | 359.013203 
 4152.1515 | 08741.0130 | 15:20:09 | 219.931059 | 359.015401 
 4152.1500 | 08741.0175 | 15:20:10 | 219.927203 | 359.013647 
 4152.1482 | 08741.0222 | 15:20:11 | 219.923178 | 359.011546 
 4152.1465 | 08741.0215 | 15:20:12 | 219.923795 | 359.009595 
 4152.1478 | 08741.0210 | 15:20:13 | 219.924213 | 359.011093 
 4152.1461 | 08741.0227 | 15:20:14 | 219.922766 | 359.009127 
 4152.1454 | 08741.0227 | 15:20:15 | 219.922773 | 359.008322 
 4152.1466 | 08741.0205 | 15:20:16 | 219.924654 | 359.009716 
 4152.1459 | 08741.0209 | 15:20:17 | 219.924316 | 359.008909 
 4152.1446 | 08741.0219 | 15:20:18 | 219.923467 | 359.007407 
 4152.1467 | 08741.0217 | 15:20:19 | 219.923621 | 359.009824 
 4152.1465 | 08741.0194 | 15:20:20 | 219.925600 | 359.009608 
 4152.1453 | 08741.0206 | 15:20:21 | 219.924579 | 359.008220 
 4152.1474 | 08741.0193 | 15:20:22 | 219.925678 | 359.010644 
 4152.1478 | 08741.0187 | 15:20:23 | 219.926191 | 359.011108 
 4152.1467 | 08741.0179 | 15:20:24 | 219.926888 | 359.009848 
 4152.1473 | 08741.0199 | 15:20:25 | 219.925163 | 359.010525 
 4152.1476 | 08741.0205 | 15:20:26 | 219.924645 | 359.010867 
 4152.1505 | 08741.0166 | 15:20:27 | 219.927973 | 359.014228 
 4152.1523 | 08741.0165 | 15:20:28 | 219.928043 | 359.016299 
 4152.1498 | 08741.0174 | 15:20:29 | 219.927291 | 359.013417 
 4152.1513 | 08741.0132 | 15:20:30 | 219.930889 | 359.015170 
 4152.1497 | 08741.0129 | 15:20:31 | 219.931161 | 359.013332 
 4152.1482 | 08741.0114 | 15:20:32 | 219.932463 | 359.011616 
 4152.1500 | 08741.0114 | 15:20:33 | 219.932448 | 359.013686 
 4152.1538 | 08741.0097 | 15:20:34 | 219.933876 | 359.018068 
 4152.1548 | 08741.0068 | 15:20:36 | 219.936361 | 359.019238 
 4152.1520 | 08741.0109 | 15:20:37 | 219.932860 | 359.015990 
 4152.1564 | 08741.0118 | 15:20:39 | 219.932048 | 359.021045 
 4152.1556 | 08741.0123 | 15:20:40 | 219.931625 | 359.020122 
 4152.1540 | 08741.0112 | 15:20:41 | 219.932585 | 359.018289 
 4152.1542 | 08741.0113 | 15:20:42 | 219.932497 | 359.018518 
 4152.1541 | 08741.0132 | 15:20:43 | 219.930865 | 359.018391 
 4152.1508 | 08741.0161 | 15:20:44 | 219.928400 | 359.014576 
 4152.1503 | 08741.0147 | 15:20:45 | 219.929608 | 359.014010 
 4152.1524 | 08741.0131 | 15:20:46 | 219.930965 | 359.016436 
 4152.1581 | 08741.0081 | 15:20:47 | 219.935214 | 359.023025 
 4152.1602 | 08741.0064 | 15:20:48 | 219.936658 | 359.025452 
 4152.1677 | 08741.0005 | 15:20:49 | 219.941665 | 359.034117 
 4152.1654 | 08741.0023 | 15:20:50 | 219.940137 | 359.031460 
 4152.1589 | 08741.0080 | 15:20:52 | 219.935293 | 359.023946 
 4152.1545 | 08741.0120 | 15:20:53 | 219.931893 | 359.018859 
 4152.1524 | 08741.0117 | 15:20:54 | 219.932169 | 359.016445 
 4152.1529 | 08741.0103 | 15:20:55 | 219.933368 | 359.017029 
 4152.1510 | 08741.0115 | 15:20:56 | 219.932353 | 359.014836 
 4152.1522 | 08741.0109 | 15:20:57 | 219.932859 | 359.016220 
 4152.1506 | 08741.0109 | 15:20:58 | 219.932872 | 359.014380 
 4152.1506 | 08741.0112 | 15:20:59 | 219.932615 | 359.014378 
 4152.1475 | 08741.0163 | 15:21:00 | 219.928257 | 359.010779 
 4152.1475 | 08741.0164 | 15:21:01 | 219.928171 | 359.010778 
 4152.1440 | 08741.0183 | 15:21:02 | 219.926568 | 359.006740 
 4152.1480 | 08741.0162 | 15:21:03 | 219.928338 | 359.011355 
 4152.1506 | 08741.0137 | 15:21:04 | 219.930465 | 359.014362 
 4152.1489 | 08741.0156 | 15:21:05 | 219.928846 | 359.012394 
 4152.1455 | 08741.0191 | 15:21:06 | 219.925867 | 359.008460 
 4152.1455 | 08741.0206 | 15:21:07 | 219.924577 | 359.008450 
 4152.1473 | 08741.0184 | 15:21:09 | 219.926453 | 359.010535 
 4152.1500 | 08741.0142 | 15:21:11 | 219.930040 | 359.013668 
 4152.1501 | 08741.0122 | 15:21:12 | 219.931759 | 359.013796 
 4152.1518 | 08741.0104 | 15:21:14 | 219.933292 | 359.015763 
 4152.1541 | 08741.0073 | 15:21:15 | 219.935937 | 359.018429 
 4152.1529 | 08741.0094 | 15:21:16 | 219.934142 | 359.017035 
 4152.1498 | 08741.0152 | 15:21:17 | 219.929182 | 359.013432 
 4152.1477 | 08741.0170 | 15:21:18 | 219.927653 | 359.011004 
 4152.1482 | 08741.0159 | 15:21:19 | 219.928595 | 359.011587 
 4152.1503 | 08741.0122 | 15:21:20 | 219.931757 | 359.014026 
 4152.1502 | 08741.0118 | 15:21:21 | 219.932102 | 359.013914 
 4152.1514 | 08741.0099 | 15:21:22 | 219.933725 | 359.015307 
 4152.1497 | 08741.0122 | 15:21:23 | 219.931763 | 359.013336 
 4152.1523 | 08741.0106 | 15:21:24 | 219.933116 | 359.016337 
 4152.1547 | 08741.0089 | 15:21:25 | 219.934556 | 359.019109 
 4152.1537 | 08741.0123 | 15:21:26 | 219.931642 | 359.017936 
 4152.1549 | 08741.0086 | 15:21:27 | 219.934812 | 359.019341 
 4152.1542 | 08741.0085 | 15:21:28 | 219.934905 | 359.018536 
 4152.1507 | 08741.0131 | 15:21:29 | 219.930980 | 359.014481 
 4152.1502 | 08741.0134 | 15:21:30 | 219.930727 | 359.013903 
 4152.1489 | 08741.0148 | 15:21:31 | 219.929534 | 359.012399 
 4152.1511 | 08741.0128 | 15:21:32 | 219.931235 | 359.014943 
 4152.1532 | 08741.0115 | 15:21:33 | 219.932334 | 359.017367 
 4152.1524 | 08741.0118 | 15:21:34 | 219.932083 | 359.016444 
 4152.1497 | 08741.0144 | 15:21:35 | 219.929871 | 359.013322 
 4152.1473 | 08741.0193 | 15:21:36 | 219.925679 | 359.010529 
 4152.1452 | 08741.0242 | 15:21:37 | 219.921485 | 359.008082 
 4152.1441 | 08741.0258 | 15:21:38 | 219.920119 | 359.006806 
 4152.1487 | 08741.0192 | 15:21:39 | 219.925753 | 359.012140 
 4152.1493 | 08741.0174 | 15:21:40 | 219.927295 | 359.012842 
 4152.1524 | 08741.0138 | 15:21:41 | 219.930363 | 359.016431 
 4152.1541 | 08741.0114 | 15:21:42 | 219.932412 | 359.018402 
 4152.1558 | 08741.0086 | 15:21:43 | 219.934805 | 359.020376 
 4152.1556 | 08741.0077 | 15:21:44 | 219.935580 | 359.020152 
 4152.1541 | 08741.0085 | 15:21:45 | 219.934905 | 359.018421 
 4152.1525 | 08741.0110 | 15:21:46 | 219.932770 | 359.016565 
 4152.1540 | 08741.0087 | 15:21:47 | 219.934734 | 359.018305 
 4152.1534 | 08741.0106 | 15:21:48 | 219.933106 | 359.017602 
 4152.1524 | 08741.0108 | 15:21:49 | 219.932943 | 359.016451 
 4152.1509 | 08741.0124 | 15:21:50 | 219.931580 | 359.014715 
 4152.1494 | 08741.0141 | 15:21:51 | 219.930132 | 359.012979 
 4152.1474 | 08741.0172 | 15:21:52 | 219.927484 | 359.010658 
 4152.1504 | 08741.0130 | 15:21:53 | 219.931069 | 359.014136 
 4152.1513 | 08741.0106 | 15:21:54 | 219.933124 | 359.015187 
 4152.1474 | 08741.0153 | 15:21:55 | 219.929117 | 359.010670 
 4152.1471 | 08741.0155 | 15:21:56 | 219.928948 | 359.010324 
 4152.1467 | 08741.0160 | 15:21:57 | 219.928522 | 359.009861 
 4152.1459 | 08741.0175 | 15:21:58 | 219.927239 | 359.008931 
 4152.1474 | 08741.0155 | 15:21:59 | 219.928945 | 359.010669 
 4152.1478 | 08741.0170 | 15:22:00 | 219.927652 | 359.011119 
 4152.1472 | 08741.0168 | 15:22:01 | 219.927829 | 359.010431 
 4152.1476 | 08741.0155 | 15:22:02 | 219.928944 | 359.010899 
 4152.1466 | 08741.0161 | 15:22:03 | 219.928437 | 359.009745 
 4152.1466 | 08741.0161 | 15:22:04 | 219.928437 | 359.009745 
 4152.1467 | 08741.0161 | 15:22:05 | 219.928436 | 359.009860 
 4152.1468 | 08741.0162 | 15:22:06 | 219.928349 | 359.009974 
 4152.1460 | 08741.0169 | 15:22:07 | 219.927754 | 359.009050 
 4152.1462 | 08741.0174 | 15:22:08 | 219.927322 | 359.009276 
 4152.1464 | 08741.0166 | 15:22:09 | 219.928008 | 359.009512 
 4152.1464 | 08741.0157 | 15:22:10 | 219.928782 | 359.009518 
 4152.1468 | 08741.0151 | 15:22:11 | 219.929295 | 359.009982 
 4152.1469 | 08741.0150 | 15:22:12 | 219.929380 | 359.010097 
 4152.1470 | 08741.0150 | 15:22:13 | 219.929379 | 359.010212 
 4152.1471 | 08741.0149 | 15:22:14 | 219.929464 | 359.010328 
 4152.1473 | 08741.0149 | 15:22:15 | 219.929462 | 359.010558 
 4152.1475 | 08741.0145 | 15:22:16 | 219.929804 | 359.010791 
 4152.1478 | 08741.0142 | 15:22:17 | 219.930060 | 359.011138 
 4152.1480 | 08741.0141 | 15:22:18 | 219.930144 | 359.011368 
 4152.1479 | 08741.0154 | 15:22:19 | 219.929027 | 359.011245 
 4152.1478 | 08741.0159 | 15:22:20 | 219.928598 | 359.011127 
 4152.1479 | 08741.0160 | 15:22:21 | 219.928511 | 359.011241 
 4152.1483 | 08741.0156 | 15:22:22 | 219.928852 | 359.011704 
 4152.1485 | 08741.0155 | 15:22:23 | 219.928936 | 359.011934 
 4152.1486 | 08741.0155 | 15:22:24 | 219.928935 | 359.012049 
 4152.1487 | 08741.0155 | 15:22:25 | 219.928934 | 359.012164 
 4152.1489 | 08741.0156 | 15:22:26 | 219.928846 | 359.012394 
 4152.1489 | 08741.0156 | 15:22:27 | 219.928846 | 359.012394 
 4152.1474 | 08741.0148 | 15:22:28 | 219.929547 | 359.010674 
 4152.1475 | 08741.0149 | 15:22:29 | 219.929460 | 359.010788 
 4152.1512 | 08741.0127 | 15:22:30 | 219.931320 | 359.015058 
 4152.1477 | 08741.0163 | 15:22:31 | 219.928255 | 359.011009 
 4152.1470 | 08741.0163 | 15:22:32 | 219.928261 | 359.010204 
 4152.1469 | 08741.0166 | 15:22:33 | 219.928004 | 359.010087 
 4152.1471 | 08741.0165 | 15:22:34 | 219.928088 | 359.010318 
 4152.1471 | 08741.0163 | 15:22:35 | 219.928260 | 359.010319 
 4152.1472 | 08741.0162 | 15:22:36 | 219.928345 | 359.010434 
 4152.1474 | 08741.0160 | 15:22:37 | 219.928516 | 359.010666 
 4152.1476 | 08741.0160 | 15:22:38 | 219.928514 | 359.010896 
 4152.1478 | 08741.0159 | 15:22:39 | 219.928598 | 359.011127 
 4152.1482 | 08741.0145 | 15:22:40 | 219.929798 | 359.011596 
 4152.1487 | 08741.0125 | 15:22:41 | 219.931513 | 359.012184 
 4152.1492 | 08741.0122 | 15:22:42 | 219.931767 | 359.012761 
 4152.1493 | 08741.0119 | 15:22:43 | 219.932024 | 359.012878 
 4152.1495 | 08741.0117 | 15:22:44 | 219.932194 | 359.013109 
 4152.1496 | 08741.0115 | 15:22:45 | 219.932365 | 359.013226 
 4152.1498 | 08741.0112 | 15:22:46 | 219.932621 | 359.013458 
 4152.1500 | 08741.0112 | 15:22:47 | 219.932620 | 359.013688 
 4152.1498 | 08741.0111 | 15:22:48 | 219.932707 | 359.013458 
 4152.1498 | 08741.0109 | 15:22:49 | 219.932879 | 359.013460 
 4152.1495 | 08741.0120 | 15:22:50 | 219.931936 | 359.013107 
 4152.1494 | 08741.0116 | 15:22:51 | 219.932281 | 359.012995 
 4152.1493 | 08741.0115 | 15:22:52 | 219.932368 | 359.012881 
 4152.1495 | 08741.0114 | 15:22:53 | 219.932452 | 359.013111 
 4152.1498 | 08741.0111 | 15:22:54 | 219.932707 | 359.013458 
 4152.1500 | 08741.0108 | 15:22:55 | 219.932964 | 359.013690 
 4152.1500 | 08741.0106 | 15:22:56 | 219.933136 | 359.013692 
 4152.1500 | 08741.0104 | 15:22:57 | 219.933308 | 359.013693 
 4152.1500 | 08741.0102 | 15:22:58 | 219.933480 | 359.013694 
 4152.1499 | 08741.0100 | 15:22:59 | 219.933652 | 359.013581 
 4152.1500 | 08741.0098 | 15:23:00 | 219.933823 | 359.013697 
 4152.1501 | 08741.0098 | 15:23:01 | 219.933823 | 359.013812 
 4152.1502 | 08741.0096 | 15:23:02 | 219.933994 | 359.013928 
 4152.1502 | 08741.0093 | 15:23:03 | 219.934252 | 359.013930 
 4152.1504 | 08741.0083 | 15:23:04 | 219.935110 | 359.014167 
 4152.1505 | 08741.0079 | 15:23:05 | 219.935453 | 359.014284 
 4152.1505 | 08741.0078 | 15:23:06 | 219.935539 | 359.014285 
 4152.1505 | 08741.0077 | 15:23:07 | 219.935625 | 359.014286 
 4152.1508 | 08741.0079 | 15:23:08 | 219.935450 | 359.014629 
 4152.1508 | 08741.0080 | 15:23:09 | 219.935364 | 359.014629 
 4152.1508 | 08741.0079 | 15:23:10 | 219.935450 | 359.014629 
 4152.1507 | 08741.0081 | 15:23:11 | 219.935279 | 359.014513 
 4152.1501 | 08741.0108 | 15:23:12 | 219.932963 | 359.013805 
 4152.1501 | 08741.0110 | 15:23:13 | 219.932791 | 359.013804 
 4152.1495 | 08741.0117 | 15:23:14 | 219.932194 | 359.013109 
 4152.1492 | 08741.0122 | 15:23:15 | 219.931767 | 359.012761 
 4152.1492 | 08741.0124 | 15:23:16 | 219.931595 | 359.012760 
 4152.1494 | 08741.0123 | 15:23:17 | 219.931679 | 359.012990 
 4152.1495 | 08741.0122 | 15:23:18 | 219.931764 | 359.013106 
 4152.1493 | 08741.0127 | 15:23:19 | 219.931336 | 359.012873 
 4152.1491 | 08741.0131 | 15:23:20 | 219.930994 | 359.012640 
 4152.1493 | 08741.0131 | 15:23:21 | 219.930992 | 359.012870 
 4152.1493 | 08741.0135 | 15:23:22 | 219.930648 | 359.012868 
 4152.1495 | 08741.0134 | 15:23:23 | 219.930733 | 359.013098 
 4152.1494 | 08741.0136 | 15:23:24 | 219.930562 | 359.012982 
 4152.1493 | 08741.0135 | 15:23:25 | 219.930648 | 359.012868 
 4152.1493 | 08741.0133 | 15:23:26 | 219.930820 | 359.012869 
 4152.1494 | 08741.0128 | 15:23:27 | 219.931249 | 359.012987 
 4152.1494 | 08741.0126 | 15:23:28 | 219.931421 | 359.012988 
 4152.1495 | 08741.0125 | 15:23:29 | 219.931506 | 359.013104 
 4152.1496 | 08741.0124 | 15:23:30 | 219.931592 | 359.013220 
 4152.1497 | 08741.0123 | 15:23:31 | 219.931677 | 359.013335 
 4152.1499 | 08741.0122 | 15:23:32 | 219.931761 | 359.013566 
 4152.1499 | 08741.0121 | 15:23:33 | 219.931847 | 359.013567 
 4152.1500 | 08741.0120 | 15:23:34 | 219.931932 | 359.013683 
 4152.1500 | 08741.0119 | 15:23:35 | 219.932018 | 359.013683 
 4152.1501 | 08741.0118 | 15:23:36 | 219.932103 | 359.013799 
 4152.1529 | 08741.0089 | 15:23:37 | 219.934572 | 359.017038 
 4152.1530 | 08741.0086 | 15:23:38 | 219.934829 | 359.017155 
 4152.1532 | 08741.0080 | 15:23:40 | 219.935343 | 359.017389 
 4152.1535 | 08741.0075 | 15:23:41 | 219.935770 | 359.017738 
 4152.1537 | 08741.0069 | 15:23:42 | 219.936285 | 359.017972 
 4152.1539 | 08741.0065 | 15:23:43 | 219.936627 | 359.018204 
 4152.1551 | 08741.0056 | 15:23:44 | 219.937390 | 359.019590 
 4152.1554 | 08741.0053 | 15:23:45 | 219.937645 | 359.019937 
 4152.1557 | 08741.0048 | 15:23:46 | 219.938073 | 359.020286 
 4152.1560 | 08741.0044 | 15:23:47 | 219.938414 | 359.020633 
 4152.1563 | 08741.0041 | 15:23:48 | 219.938669 | 359.020981 
 4152.1586 | 08741.0021 | 15:23:49 | 219.940369 | 359.023639 
 4152.1587 | 08741.0016 | 15:23:50 | 219.940798 | 359.023757 
 4152.1589 | 08741.0011 | 15:23:51 | 219.941226 | 359.023991 
 4152.1592 | 08741.0006 | 15:23:52 | 219.941653 | 359.024339 
 4152.1593 | 08741.0004 | 15:23:53 | 219.941824 | 359.024455 
 4152.1598 | 08740.9998 | 15:23:54 | 219.942336 | 359.025034 
 4152.1594 | 08741.0007 | 15:23:55 | 219.941565 | 359.024568 
 4152.1570 | 08741.0050 | 15:23:56 | 219.937889 | 359.021780 
 4152.1569 | 08741.0051 | 15:23:57 | 219.937804 | 359.021664 
 4152.1565 | 08741.0059 | 15:23:58 | 219.937120 | 359.021199 
 4152.1566 | 08741.0062 | 15:23:59 | 219.936861 | 359.021312 
 4152.1566 | 08741.0065 | 15:24:00 | 219.936603 | 359.021310 
 4152.1566 | 08741.0068 | 15:24:01 | 219.936345 | 359.021308 
 4152.1561 | 08741.0070 | 15:24:02 | 219.936178 | 359.020732 
 4152.1561 | 08741.0072 | 15:24:03 | 219.936006 | 359.020730 
 4152.1560 | 08741.0074 | 15:24:04 | 219.935835 | 359.020614 
 4152.1560 | 08741.0077 | 15:24:05 | 219.935577 | 359.020612 
 4152.1559 | 08741.0079 | 15:24:06 | 219.935406 | 359.020496 
 4152.1558 | 08741.0082 | 15:24:07 | 219.935149 | 359.020379 
 4152.1557 | 08741.0083 | 15:24:08 | 219.935063 | 359.020263 
 4152.1556 | 08741.0086 | 15:24:09 | 219.934806 | 359.020146 
 4152.1555 | 08741.0088 | 15:24:10 | 219.934635 | 359.020030 
 4152.1553 | 08741.0091 | 15:24:11 | 219.934379 | 359.019798 
 4152.1552 | 08741.0093 | 15:24:12 | 219.934208 | 359.019681 
 4152.1551 | 08741.0095 | 15:24:13 | 219.934037 | 359.019565 
 4152.1550 | 08741.0097 | 15:24:14 | 219.933866 | 359.019449 
 4152.1550 | 08741.0100 | 15:24:15 | 219.933608 | 359.019447 
 4152.1548 | 08741.0103 | 15:24:16 | 219.933352 | 359.019215 
 4152.1546 | 08741.0112 | 15:24:18 | 219.932580 | 359.018979 
 4152.1544 | 08741.0119 | 15:24:19 | 219.931980 | 359.018744 
 4152.1541 | 08741.0125 | 15:24:20 | 219.931466 | 359.018395 
 4152.1539 | 08741.0131 | 15:24:21 | 219.930952 | 359.018161 
 4152.1535 | 08741.0138 | 15:24:22 | 219.930354 | 359.017697 
 4152.1533 | 08741.0143 | 15:24:23 | 219.929926 | 359.017463 
 4152.1545 | 08741.0158 | 15:24:24 | 219.928626 | 359.018834 
 4152.1543 | 08741.0165 | 15:24:25 | 219.928026 | 359.018599 
 4152.1540 | 08741.0172 | 15:24:26 | 219.927426 | 359.018250 
 4152.1538 | 08741.0178 | 15:24:27 | 219.926912 | 359.018016 
 4152.1531 | 08741.0181 | 15:24:28 | 219.926660 | 359.017209 
 4152.1528 | 08741.0189 | 15:24:29 | 219.925975 | 359.016858 
 4152.1519 | 08741.0207 | 15:24:30 | 219.924435 | 359.015811 
 4152.1508 | 08741.0231 | 15:24:31 | 219.922382 | 359.014530 
 4152.1449 | 08741.0635 | 15:24:32 | 219.887699 | 359.007481 
 4152.1445 | 08741.0743 | 15:24:34 | 219.878417 | 359.006951 
 4152.1473 | 08741.0738 | 15:24:35 | 219.878822 | 359.010175 
 4152.1491 | 08741.0749 | 15:24:36 | 219.877861 | 359.012238 
 4152.1491 | 08741.0784 | 15:24:37 | 219.874852 | 359.012216 
 4152.1486 | 08741.0823 | 15:24:38 | 219.871503 | 359.011615 
 4152.1477 | 08741.0860 | 15:24:39 | 219.868330 | 359.010556 
 4152.1484 | 08741.0864 | 15:24:40 | 219.867980 | 359.011358 
 4152.1395 | 08741.0900 | 15:24:41 | 219.864962 | 359.001098 
 4152.1382 | 08741.0931 | 15:24:42 | 219.862308 | 358.999582 
 4152.1379 | 08741.0964 | 15:24:43 | 219.859473 | 358.999216 
 4152.1378 | 08741.0998 | 15:24:44 | 219.856551 | 358.999079 
 4152.1376 | 08741.1030 | 15:24:45 | 219.853802 | 358.998828 
 4152.1376 | 08741.1063 | 15:24:46 | 219.850964 | 358.998806 
 4152.1375 | 08741.1096 | 15:24:47 | 219.848128 | 358.998670 
 4152.1371 | 08741.1162 | 15:24:49 | 219.842457 | 358.998167 
 4152.1372 | 08741.1200 | 15:24:50 | 219.839189 | 358.998257 
 4152.1376 | 08741.1242 | 15:24:51 | 219.835575 | 358.998690 
 4152.1380 | 08741.1293 | 15:24:52 | 219.831186 | 358.999117 
 4152.1381 | 08741.1347 | 15:24:53 | 219.826543 | 358.999197 
 4152.1344 | 08741.1451 | 15:24:54 | 219.817633 | 358.994874 
 4152.1340 | 08741.1500 | 15:24:55 | 219.813424 | 358.994382 
 4152.1271 | 08741.1574 | 15:24:56 | 219.807122 | 358.986397 
 4152.1210 | 08741.1541 | 15:24:57 | 219.810012 | 358.979402 
 4152.1223 | 08741.1559 | 15:24:58 | 219.808453 | 358.980886 
 4152.1211 | 08741.1593 | 15:24:59 | 219.805540 | 358.979483 
 4152.1172 | 08741.1549 | 15:25:00 | 219.809357 | 358.975026 
 4152.1178 | 08741.1559 | 15:25:01 | 219.808492 | 358.975710 
 4152.1188 | 08741.1570 | 15:25:02 | 219.807537 | 358.976853 
 4152.1197 | 08741.1581 | 15:25:03 | 219.806584 | 358.977881 
 4152.1204 | 08741.1590 | 15:25:04 | 219.805804 | 358.978680 
 4152.1221 | 08741.1608 | 15:25:05 | 219.804242 | 358.980624 
 4152.1248 | 08741.1635 | 15:25:06 | 219.801897 | 358.983712 
 4152.1277 | 08741.1666 | 15:25:07 | 219.799206 | 358.987028 
 4152.1393 | 08741.1787 | 15:25:08 | 219.788703 | 359.000292 
 4152.1421 | 08741.1817 | 15:25:09 | 219.786099 | 359.003493 
 4152.1446 | 08741.1847 | 15:25:10 | 219.783498 | 359.006350 
 4152.1471 | 08741.1875 | 15:25:11 | 219.781069 | 359.009207 
 4152.1579 | 08741.1975 | 15:25:14 | 219.772378 | 359.021565 
 4152.1645 | 08741.2022 | 15:25:15 | 219.768280 | 359.029126 
 4152.1703 | 08741.2060 | 15:25:16 | 219.764963 | 359.035773 
 4152.1802 | 08741.2128 | 15:25:18 | 219.759031 | 359.047117 
 4152.1873 | 08741.2160 | 15:25:19 | 219.756218 | 359.055263 
 4152.1940 | 08741.2185 | 15:25:20 | 219.754010 | 359.062953 
 4152.2047 | 08741.2236 | 15:25:22 | 219.749533 | 359.075228 
 4152.2118 | 08741.2261 | 15:25:23 | 219.747322 | 359.083378 
 4152.2185 | 08741.2287 | 15:25:24 | 219.745029 | 359.091068 
 4152.2243 | 08741.2278 | 15:25:25 | 219.745752 | 359.097746 
 4152.2303 | 08741.2264 | 15:25:26 | 219.746904 | 359.104656 
 4152.2354 | 08741.2230 | 15:25:27 | 219.749783 | 359.110544 
 4152.2404 | 08741.1942 | 15:25:29 | 219.774500 | 359.116482 
 4152.2460 | 08741.1924 | 15:25:30 | 219.775999 | 359.122935 
 4152.2525 | 08741.1897 | 15:25:31 | 219.778264 | 359.130429 
 4152.2580 | 08741.1878 | 15:25:32 | 219.779850 | 359.136768 
 4152.2627 | 08741.1860 | 15:25:33 | 219.781357 | 359.142186 
 4152.2671 | 08741.1838 | 15:25:34 | 219.783210 | 359.147261 
 4152.2650 | 08741.1723 | 15:25:35 | 219.793115 | 359.144920 
 4152.2690 | 08741.1702 | 15:25:36 | 219.794886 | 359.149535 
 4152.2719 | 08741.1669 | 15:25:37 | 219.797698 | 359.152892 
 4152.2749 | 08741.1651 | 15:25:38 | 219.799219 | 359.156354 
 4152.2781 | 08741.1632 | 15:25:39 | 219.800825 | 359.160048 
 4152.2798 | 08741.1578 | 15:25:40 | 219.805453 | 359.162038 
 4152.2821 | 08741.1547 | 15:25:41 | 219.808098 | 359.164704 
 4152.2833 | 08741.1529 | 15:25:42 | 219.809635 | 359.166096 
 4152.2850 | 08741.1508 | 15:25:43 | 219.811426 | 359.168065 
 4152.2866 | 08741.1488 | 15:25:44 | 219.813132 | 359.169918 
 4152.2875 | 08741.1471 | 15:25:45 | 219.814585 | 359.170964 
 4152.2872 | 08741.1464 | 15:25:46 | 219.815190 | 359.170624 
 4152.2853 | 08741.1470 | 15:25:47 | 219.814690 | 359.168434 
 4152.2860 | 08741.1448 | 15:25:49 | 219.816576 | 359.169254 
 4152.2846 | 08741.1453 | 15:25:50 | 219.816158 | 359.167640 
 4152.2845 | 08741.1449 | 15:25:51 | 219.816503 | 359.167528 
 4152.2855 | 08741.1439 | 15:25:52 | 219.817354 | 359.168685 
 4152.2861 | 08741.1433 | 15:25:53 | 219.817864 | 359.169379 
 4152.2873 | 08741.1433 | 15:25:54 | 219.817854 | 359.170759 
 4152.2891 | 08741.1442 | 15:25:55 | 219.817065 | 359.172824 
 4152.2910 | 08741.1442 | 15:25:56 | 219.817048 | 359.175009 
 4152.2936 | 08741.1449 | 15:25:57 | 219.816424 | 359.177995 
 4152.3019 | 08741.1478 | 15:25:58 | 219.813859 | 359.187523 
 4152.3061 | 08741.1479 | 15:25:59 | 219.813736 | 359.192354 
 4152.3108 | 08741.1464 | 15:26:00 | 219.814985 | 359.197770 
 4152.3138 | 08741.1481 | 15:26:01 | 219.813497 | 359.201210 
 4152.3172 | 08741.1490 | 15:26:02 | 219.812694 | 359.205115 
 4152.3211 | 08741.1504 | 15:26:03 | 219.811457 | 359.209591 
 4152.3251 | 08741.1496 | 15:26:04 | 219.812110 | 359.214198 
 4152.3310 | 08741.1501 | 15:26:05 | 219.811629 | 359.220981 
 4152.3359 | 08741.1518 | 15:26:06 | 219.810125 | 359.226606 
 4152.3410 | 08741.1547 | 15:26:07 | 219.807587 | 359.232454 
 4152.3604 | 08741.1664 | 15:26:08 | 219.797360 | 359.254693 
 4152.3646 | 08741.1678 | 15:26:09 | 219.796120 | 359.259515 
 4152.3690 | 08741.1689 | 15:26:10 | 219.795136 | 359.264569 
 4152.3734 | 08741.1700 | 15:26:11 | 219.794153 | 359.269623 
 4152.3778 | 08741.1710 | 15:26:12 | 219.793255 | 359.274677 
 4152.3825 | 08741.1718 | 15:26:13 | 219.792526 | 359.280078 
 4152.3876 | 08741.1719 | 15:26:14 | 219.792396 | 359.285944 
 4152.3927 | 08741.1717 | 15:26:15 | 219.792524 | 359.291811 
 4152.4087 | 08741.1709 | 15:26:18 | 219.793073 | 359.310221 
 4152.4133 | 08741.1713 | 15:26:19 | 219.792689 | 359.315509 
 4152.4231 | 08741.1730 | 15:26:21 | 219.791142 | 359.326771 
 4152.4278 | 08741.1736 | 15:26:22 | 219.790586 | 359.332173 
 4152.4295 | 08741.1726 | 15:26:23 | 219.791431 | 359.334135 
 4152.4341 | 08741.1727 | 15:26:24 | 219.791305 | 359.339425 
 4152.4387 | 08741.1728 | 15:26:25 | 219.791179 | 359.344716 
 4152.4436 | 08741.1722 | 15:26:26 | 219.791652 | 359.350356 
 4152.4486 | 08741.1710 | 15:26:27 | 219.792641 | 359.356115 
 4152.4537 | 08741.1689 | 15:26:28 | 219.794402 | 359.361995 
 4152.4580 | 08741.1674 | 15:26:29 | 219.795654 | 359.366951 
 4152.4613 | 08741.1662 | 15:26:30 | 219.796657 | 359.370754 
 4152.4401 | 08741.1616 | 15:26:31 | 219.800796 | 359.346399 
 4152.4417 | 08741.1601 | 15:26:32 | 219.802071 | 359.348249 
 4152.4433 | 08741.1586 | 15:26:33 | 219.803347 | 359.350099 
 4152.4457 | 08741.1581 | 15:26:35 | 219.803756 | 359.352863 
 4152.4465 | 08741.1582 | 15:26:36 | 219.803663 | 359.353782 
 4152.4476 | 08741.1581 | 15:26:37 | 219.803739 | 359.355048 
 4152.4491 | 08741.1571 | 15:26:38 | 219.804586 | 359.356780 
 4152.4504 | 08741.1570 | 15:26:39 | 219.804661 | 359.358276 
 4152.4533 | 08741.1558 | 15:26:41 | 219.805667 | 359.361620 
 4152.4548 | 08741.1553 | 15:26:42 | 219.806084 | 359.363348 
 4152.4569 | 08741.1541 | 15:26:43 | 219.807097 | 359.365772 
 4152.4588 | 08741.1526 | 15:26:44 | 219.808371 | 359.367967 
 4152.4604 | 08741.1499 | 15:26:45 | 219.810678 | 359.369825 
 4152.4655 | 08741.1443 | 15:26:46 | 219.815448 | 359.375727 
 4152.4680 | 08741.1386 | 15:26:47 | 219.820326 | 359.378640 
 4152.4835 | 08741.1010 | 15:26:50 | 219.852516 | 359.396713 
 4152.4806 | 08741.0870 | 15:26:53 | 219.864577 | 359.393468 
 4152.4666 | 08741.0767 | 15:26:54 | 219.873553 | 359.377432 
 4152.4646 | 08741.0671 | 15:26:56 | 219.881824 | 359.375193 
 4152.4627 | 08741.0617 | 15:26:57 | 219.886482 | 359.373043 
 4152.4611 | 08741.0562 | 15:26:58 | 219.891225 | 359.371238 
 4152.4616 | 08741.0371 | 15:27:03 | 219.907640 | 359.371938 
 4152.4621 | 08740.9970 | 15:27:08 | 219.942110 | 359.372774 
 4152.4608 | 08740.9910 | 15:27:09 | 219.947279 | 359.371318 
 4152.4587 | 08740.9787 | 15:27:11 | 219.957872 | 359.368982 
 4152.4564 | 08740.9657 | 15:27:13 | 219.969068 | 359.366421 
 4152.4541 | 08740.9595 | 15:27:14 | 219.974418 | 359.363816 
 4152.4532 | 08740.9526 | 15:27:15 | 219.980358 | 359.362826 
 4152.4520 | 08740.9385 | 15:27:17 | 219.992490 | 359.361537 
 4152.4508 | 08740.9312 | 15:27:18 | 219.998776 | 359.360205 
 4152.4502 | 08740.9237 | 15:27:19 | 220.005229 | 359.359563 
 4152.4491 | 08740.9166 | 15:27:20 | 220.011342 | 359.358345 
 4152.4483 | 08740.9026 | 15:27:22 | 220.023385 | 359.357516 
 4152.4407 | 08740.8913 | 15:27:27 | 220.033166 | 359.348848 
 4152.4415 | 08740.8862 | 15:27:28 | 220.037543 | 359.349801 
 4152.4627 | 08740.8749 | 15:27:29 | 220.047073 | 359.374260 
 4152.4657 | 08740.8711 | 15:27:30 | 220.050313 | 359.377736 
 4152.4744 | 08740.8639 | 15:27:31 | 220.056427 | 359.387790 
 4152.4740 | 08740.8570 | 15:27:32 | 220.062362 | 359.387375 
 4152.4723 | 08740.8489 | 15:27:33 | 220.069341 | 359.385472 
 4152.4828 | 08740.8380 | 15:27:34 | 220.078619 | 359.397621 
 4152.4803 | 08740.8287 | 15:27:35 | 220.086636 | 359.394807 
 4152.4786 | 08740.8188 | 15:27:36 | 220.095162 | 359.392916 
 4152.4770 | 08740.8083 | 15:27:37 | 220.104203 | 359.391144 
 4152.4760 | 08740.7977 | 15:27:38 | 220.113324 | 359.390063 
 4152.4741 | 08740.7869 | 15:27:39 | 220.122625 | 359.387948 
 4152.4716 | 08740.7762 | 15:27:40 | 220.131846 | 359.385143 
 4152.4704 | 08740.7658 | 15:27:41 | 220.140797 | 359.383831 
 4152.4705 | 08740.7550 | 15:27:42 | 220.150081 | 359.384016 
 4152.4683 | 08740.7448 | 15:27:43 | 220.158869 | 359.381553 
 4152.4670 | 08740.7345 | 15:27:44 | 220.167735 | 359.380125 
 4152.4663 | 08740.7244 | 15:27:45 | 220.176424 | 359.379386 
 4152.4648 | 08740.7143 | 15:27:46 | 220.185120 | 359.377727 
 4152.4496 | 08740.7030 | 15:27:47 | 220.194968 | 359.360317 
 4152.4484 | 08740.6931 | 15:27:48 | 220.203490 | 359.359002 
 4152.4476 | 08740.6837 | 15:27:49 | 220.211578 | 359.358143 
 4152.4468 | 08740.6746 | 15:27:50 | 220.219408 | 359.357283 
 4152.4460 | 08740.6656 | 15:27:51 | 220.227152 | 359.356422 
 4152.4436 | 08740.6582 | 15:27:52 | 220.233535 | 359.353710 
 4152.4424 | 08740.6509 | 15:27:53 | 220.239822 | 359.352377 
 4152.4408 | 08740.6438 | 15:27:54 | 220.245939 | 359.350583 
 4152.4379 | 08740.6374 | 15:27:55 | 220.251467 | 359.347290 
 4152.4364 | 08740.6315 | 15:27:56 | 220.256552 | 359.345603 
 4152.4349 | 08740.6256 | 15:27:57 | 220.261638 | 359.343917 
 4152.4335 | 08740.6197 | 15:27:58 | 220.266722 | 359.342345 
 4152.4324 | 08740.6139 | 15:27:59 | 220.271718 | 359.341118 
 4152.4315 | 08740.6081 | 15:28:00 | 220.276712 | 359.340121 
 4152.4308 | 08740.6023 | 15:28:01 | 220.281705 | 359.339354 
 4152.4284 | 08740.5908 | 15:28:03 | 220.291612 | 359.336669 
 4152.4283 | 08740.6116 | 15:28:04 | 220.273732 | 359.336417 
 4152.4282 | 08740.6125 | 15:28:05 | 220.272959 | 359.336296 
 4152.4277 | 08740.6126 | 15:28:06 | 220.272877 | 359.335720 
 4152.4277 | 08740.6127 | 15:28:07 | 220.272791 | 359.335720 
 4152.4288 | 08740.6127 | 15:28:08 | 220.272782 | 359.336985 
 4152.4304 | 08740.6129 | 15:28:09 | 220.272596 | 359.338824 
 4152.4316 | 08740.6096 | 15:28:10 | 220.275422 | 359.340226 
 4152.4325 | 08740.6076 | 15:28:11 | 220.277133 | 359.341274 
 4152.4327 | 08740.6056 | 15:28:12 | 220.278851 | 359.341517 
 4152.4337 | 08740.6037 | 15:28:13 | 220.280476 | 359.342680 
 4152.4351 | 08740.6018 | 15:28:14 | 220.282097 | 359.344303 
 4152.4360 | 08740.5999 | 15:28:15 | 220.283722 | 359.345351 
 4152.4359 | 08740.5978 | 15:28:16 | 220.285529 | 359.345250 
 4152.4363 | 08740.5957 | 15:28:17 | 220.287330 | 359.345723 
 4152.4361 | 08740.5934 | 15:28:18 | 220.289309 | 359.345509 
 4152.4330 | 08740.5933 | 15:28:19 | 220.289423 | 359.341943 
 4152.4192 | 08740.5882 | 15:28:20 | 220.293929 | 359.326104 
 4152.4178 | 08740.5857 | 15:28:21 | 220.296090 | 359.324510 
 4152.4148 | 08740.5787 | 15:28:22 | 220.302135 | 359.321105 
 4152.4128 | 08740.5756 | 15:28:23 | 220.304817 | 359.318825 
 4152.4105 | 08740.5740 | 15:28:24 | 220.306213 | 359.316190 
 4152.4086 | 08740.5719 | 15:28:25 | 220.308035 | 359.314018 
 4152.4069 | 08740.5702 | 15:28:26 | 220.309512 | 359.312074 
 4152.4054 | 08740.5690 | 15:28:27 | 220.310556 | 359.310356 
 4152.4035 | 08740.5683 | 15:28:28 | 220.311175 | 359.308176 
 4152.4015 | 08740.5677 | 15:28:29 | 220.311708 | 359.305879 
 4152.3992 | 08740.5674 | 15:28:30 | 220.311987 | 359.303235 
 4152.3971 | 08740.5669 | 15:28:31 | 220.312435 | 359.300823 
 4152.3955 | 08740.5659 | 15:28:32 | 220.313309 | 359.298989 
 4152.3933 | 08740.5656 | 15:28:33 | 220.313586 | 359.296461 
 4152.3909 | 08740.5654 | 15:28:34 | 220.313779 | 359.293701 
 4152.3884 | 08740.5654 | 15:28:35 | 220.313801 | 359.290826 
 4152.3860 | 08740.5656 | 15:28:36 | 220.313650 | 359.288064 
 4152.3846 | 08740.5650 | 15:28:37 | 220.314178 | 359.286457 
 4152.3827 | 08740.5651 | 15:28:38 | 220.314109 | 359.284271 
 4152.3819 | 08740.5645 | 15:28:39 | 220.314632 | 359.283355 
 4152.3806 | 08740.5645 | 15:28:40 | 220.314644 | 359.281860 
 4152.3797 | 08740.5645 | 15:28:41 | 220.314651 | 359.280825 
 4152.3797 | 08740.5641 | 15:28:42 | 220.314995 | 359.280827 
 4152.3793 | 08740.5645 | 15:28:43 | 220.314655 | 359.280364 
 4152.3802 | 08740.5685 | 15:28:44 | 220.311208 | 359.281373 
 4152.3785 | 08740.5689 | 15:28:45 | 220.310879 | 359.279415 
 4152.3779 | 08740.5691 | 15:28:46 | 220.310713 | 359.278724 
 4152.3773 | 08740.5697 | 15:28:47 | 220.310202 | 359.278030 
 4152.3768 | 08740.5715 | 15:28:48 | 220.308659 | 359.277443 
 4152.3768 | 08740.5727 | 15:28:49 | 220.307627 | 359.277435 
 4152.3813 | 08740.5824 | 15:28:50 | 220.299249 | 359.282547 
 4152.3807 | 08740.5838 | 15:28:51 | 220.298050 | 359.281848 
 4152.3800 | 08740.5841 | 15:28:52 | 220.297799 | 359.281041 
 4152.3785 | 08740.5846 | 15:28:53 | 220.297382 | 359.279312 
 4152.3774 | 08740.5854 | 15:28:54 | 220.296704 | 359.278041 
 4152.3763 | 08740.5862 | 15:28:55 | 220.296026 | 359.276771 
 4152.3755 | 08740.5890 | 15:28:56 | 220.293626 | 359.275832 
 4152.3749 | 08740.5899 | 15:28:57 | 220.292857 | 359.275136 
 4152.3742 | 08740.5907 | 15:28:58 | 220.292175 | 359.274326 
 4152.3738 | 08740.5916 | 15:28:59 | 220.291405 | 359.273860 
 4152.3731 | 08740.5922 | 15:29:00 | 220.290896 | 359.273051 
 4152.3725 | 08740.5930 | 15:29:01 | 220.290213 | 359.272355 
 4152.3726 | 08740.5910 | 15:29:02 | 220.291932 | 359.272483 
 4152.3729 | 08740.5907 | 15:29:03 | 220.292187 | 359.272830 
 4152.3732 | 08740.5903 | 15:29:04 | 220.292528 | 359.273178 
 4152.3736 | 08740.5901 | 15:29:05 | 220.292697 | 359.273640 
 4152.3734 | 08740.5896 | 15:29:06 | 220.293128 | 359.273413 
 4152.3731 | 08740.5884 | 15:29:07 | 220.294163 | 359.273076 
 4152.3694 | 08740.5897 | 15:29:08 | 220.293077 | 359.268811 
 4152.3645 | 08740.5901 | 15:29:09 | 220.292777 | 359.263172 
 4152.3616 | 08740.5886 | 15:29:10 | 220.294092 | 359.259846 
 4152.3587 | 08740.5872 | 15:29:11 | 220.295321 | 359.256520 
 4152.3557 | 08740.5859 | 15:29:12 | 220.296465 | 359.253078 
 4152.3514 | 08740.5823 | 15:29:13 | 220.299598 | 359.248155 
 4152.3477 | 08740.5800 | 15:29:14 | 220.301608 | 359.243914 
 4152.3440 | 08740.5779 | 15:29:15 | 220.303446 | 359.239672 
 4152.3401 | 08740.5756 | 15:29:16 | 220.305457 | 359.235201 
 4152.3362 | 08740.5736 | 15:29:17 | 220.307211 | 359.230729 
 4152.3322 | 08740.5716 | 15:29:18 | 220.308966 | 359.226141 
 4152.3284 | 08740.5695 | 15:29:19 | 220.310805 | 359.221784 
 4152.3241 | 08740.5668 | 15:29:20 | 220.313164 | 359.216855 
 4152.3158 | 08740.5628 | 15:29:22 | 220.316676 | 359.207335 
 4152.3107 | 08740.5619 | 15:29:23 | 220.317494 | 359.201474 
 4152.3052 | 08740.5610 | 15:29:24 | 220.318317 | 359.195154 
 4152.2997 | 08740.5605 | 15:29:25 | 220.318795 | 359.188831 
 4152.2944 | 08740.5601 | 15:29:26 | 220.319186 | 359.182737 
 4152.2895 | 08740.5593 | 15:29:27 | 220.319916 | 359.177106 
 4152.2858 | 08740.5577 | 15:29:28 | 220.321325 | 359.172861 
 4152.2827 | 08740.5556 | 15:29:29 | 220.323157 | 359.169309 
 4152.2803 | 08740.5530 | 15:29:30 | 220.325414 | 359.166565 
 4152.2846 | 08740.5419 | 15:29:31 | 220.334919 | 359.171584 
 4152.2784 | 08740.5370 | 15:29:33 | 220.339186 | 359.164485 
 4152.2367 | 08740.5161 | 15:29:49 | 220.357522 | 359.116657 
 4152.2239 | 08740.5253 | 15:30:00 | 220.349726 | 359.101873 
 4152.2339 | 08740.5359 | 15:30:04 | 220.340524 | 359.113306 
 4152.2419 | 08740.5277 | 15:30:06 | 220.347504 | 359.122562 
 4152.2497 | 08740.5199 | 15:30:08 | 220.354141 | 359.131586 
 4152.2539 | 08740.5160 | 15:30:09 | 220.357457 | 359.136442 
 4152.2630 | 08740.5003 | 15:30:11 | 220.370874 | 359.147013 
 4152.2674 | 08740.4936 | 15:30:12 | 220.376596 | 359.152118 
 4152.2739 | 08740.4877 | 15:30:13 | 220.381611 | 359.159634 
 4152.2778 | 08740.4818 | 15:30:14 | 220.386649 | 359.164159 
 4152.2803 | 08740.4767 | 15:30:15 | 220.391011 | 359.167068 
 4152.2836 | 08740.4665 | 15:30:17 | 220.399751 | 359.170931 
 4152.2877 | 08740.4615 | 15:30:18 | 220.404014 | 359.175680 
 4152.2889 | 08740.4569 | 15:30:19 | 220.407958 | 359.177091 
 4152.2904 | 08740.4532 | 15:30:20 | 220.411126 | 359.178841 
 4152.2928 | 08740.4496 | 15:30:21 | 220.414200 | 359.181625 
 4152.2948 | 08740.4460 | 15:30:22 | 220.417277 | 359.183949 
 4152.2955 | 08740.4424 | 15:30:23 | 220.420366 | 359.184778 
 4152.2962 | 08740.4388 | 15:30:24 | 220.423455 | 359.185607 
 4152.2979 | 08740.4279 | 15:30:27 | 220.432811 | 359.187635 
 4152.2985 | 08740.4174 | 15:30:30 | 220.441832 | 359.188394 
 4152.2963 | 08740.4145 | 15:30:31 | 220.444345 | 359.185883 
 4152.2966 | 08740.4113 | 15:30:32 | 220.447094 | 359.186249 
 4152.2971 | 08740.4079 | 15:30:33 | 220.450012 | 359.186847 
 4152.2972 | 08740.4044 | 15:30:34 | 220.453020 | 359.186985 
 4152.2975 | 08740.3981 | 15:30:36 | 220.458434 | 359.187372 
 4152.2972 | 08740.3954 | 15:30:37 | 220.460758 | 359.187044 
 4152.2970 | 08740.3927 | 15:30:38 | 220.463081 | 359.186832 
 4152.2970 | 08740.3899 | 15:30:39 | 220.465488 | 359.186851 
 4152.2969 | 08740.3874 | 15:30:40 | 220.467638 | 359.186752 
 4152.2991 | 08740.3760 | 15:30:44 | 220.477420 | 359.189358 
 4152.3002 | 08740.3741 | 15:30:45 | 220.479044 | 359.190636 
 4152.2991 | 08740.3730 | 15:30:46 | 220.479999 | 359.189378 
 4152.2995 | 08740.3708 | 15:30:47 | 220.481887 | 359.189853 
 4152.3016 | 08740.3586 | 15:30:53 | 220.492357 | 359.192349 
 4152.3052 | 08740.3613 | 15:30:57 | 220.490004 | 359.196472 
 4152.3109 | 08740.3517 | 15:30:58 | 220.498207 | 359.203092 
 4152.3034 | 08740.3347 | 15:31:00 | 220.512888 | 359.194577 
 4152.3090 | 08740.3269 | 15:31:01 | 220.519545 | 359.201071 
 4152.3123 | 08740.3187 | 15:31:02 | 220.526565 | 359.204921 
 4152.3178 | 08740.2954 | 15:31:05 | 220.546548 | 359.211401 
 4152.3201 | 08740.2877 | 15:31:06 | 220.553147 | 359.214098 
 4152.3197 | 08740.2798 | 15:31:07 | 220.559943 | 359.213690 
 4152.3228 | 08740.2719 | 15:31:08 | 220.566707 | 359.217308 
 4152.3224 | 08740.2641 | 15:31:09 | 220.573416 | 359.216900 
 4152.3221 | 08740.2561 | 15:31:10 | 220.580297 | 359.216608 
 4152.3265 | 08740.2483 | 15:31:11 | 220.586964 | 359.221721 
 4152.3303 | 08740.2336 | 15:31:13 | 220.599568 | 359.226190 
 4152.3297 | 08740.2260 | 15:31:14 | 220.606107 | 359.225550 
 4152.3276 | 08740.2185 | 15:31:15 | 220.612574 | 359.223184 
 4152.3271 | 08740.2112 | 15:31:16 | 220.618854 | 359.222657 
 4152.3276 | 08740.1965 | 15:31:18 | 220.631487 | 359.223330 
 4152.3267 | 08740.1900 | 15:31:19 | 220.637084 | 359.222338 
 4152.3195 | 08740.1897 | 15:31:20 | 220.637406 | 359.214058 
 4152.3177 | 08740.1840 | 15:31:21 | 220.642322 | 359.212026 
 4152.3140 | 08740.1796 | 15:31:22 | 220.646138 | 359.207799 
 4152.3114 | 08740.1756 | 15:31:23 | 220.649600 | 359.204835 
 4152.3095 | 08740.1726 | 15:31:24 | 220.652196 | 359.202669 
 4152.3078 | 08740.1709 | 15:31:25 | 220.653672 | 359.200725 
 4152.3064 | 08740.1697 | 15:31:26 | 220.654717 | 359.199123 
 4152.3051 | 08740.1703 | 15:31:27 | 220.654212 | 359.197624 
 4152.3119 | 08740.1974 | 15:31:28 | 220.630853 | 359.205265 
 4152.3115 | 08740.1977 | 15:31:29 | 220.630599 | 359.204803 
 4152.2999 | 08740.2111 | 15:31:30 | 220.619182 | 359.191371 
 4152.2993 | 08740.2104 | 15:31:31 | 220.619789 | 359.190686 
 4152.2990 | 08740.2096 | 15:31:32 | 220.620479 | 359.190346 
 4152.2990 | 08740.2102 | 15:31:33 | 220.619963 | 359.190342 
 4152.2988 | 08740.2095 | 15:31:34 | 220.620567 | 359.190117 
 4152.2990 | 08740.2091 | 15:31:35 | 220.620909 | 359.190349 
 4152.2990 | 08740.2089 | 15:31:38 | 220.621081 | 359.190351 
 4152.2990 | 08740.2089 | 15:31:39 | 220.621081 | 359.190351 
 4152.2995 | 08740.2090 | 15:31:41 | 220.620991 | 359.190925 
 4152.2994 | 08740.2093 | 15:31:42 | 220.620734 | 359.190808 
 4152.2985 | 08740.2087 | 15:31:43 | 220.621257 | 359.189777 
 4152.2988 | 08740.2090 | 15:31:44 | 220.620997 | 359.190120 
 4152.2985 | 08740.2089 | 15:31:45 | 220.621086 | 359.189775 
 4152.2985 | 08740.2087 | 15:31:46 | 220.621257 | 359.189777 
 4152.2962 | 08740.2009 | 15:31:48 | 220.627984 | 359.187183 
 4152.2963 | 08740.1990 | 15:31:49 | 220.629616 | 359.187311 
 4152.2959 | 08740.1976 | 15:31:50 | 220.630824 | 359.186860 
 4152.2957 | 08740.1962 | 15:31:51 | 220.632029 | 359.186639 
 4152.2962 | 08740.1888 | 15:31:54 | 220.638386 | 359.187263 
 4152.2974 | 08740.1853 | 15:31:55 | 220.641385 | 359.188667 
 4152.2985 | 08740.1821 | 15:31:56 | 220.644126 | 359.189954 
 4152.3008 | 08740.1741 | 15:31:58 | 220.650984 | 359.192652 
 4152.3014 | 08740.1707 | 15:31:59 | 220.653901 | 359.193365 
 4152.3020 | 08740.1677 | 15:32:00 | 220.656475 | 359.194075 
 4152.3023 | 08740.1571 | 15:32:03 | 220.665586 | 359.194491 
 4152.3021 | 08740.1531 | 15:32:04 | 220.669026 | 359.194287 
 4152.2997 | 08740.1447 | 15:32:05 | 220.676269 | 359.191583 
 4152.2998 | 08740.1413 | 15:32:06 | 220.679191 | 359.191720 
 4152.3000 | 08740.1376 | 15:32:07 | 220.682371 | 359.191975 
 4152.3040 | 08740.1283 | 15:32:08 | 220.690331 | 359.196638 
 4152.3044 | 08740.1248 | 15:32:09 | 220.693336 | 359.197121 
 4152.3053 | 08740.1213 | 15:32:10 | 220.696337 | 359.198180 
 4152.3064 | 08740.1177 | 15:32:11 | 220.699422 | 359.199469 
 4152.3074 | 08740.1140 | 15:32:12 | 220.702594 | 359.200644 
 4152.3080 | 08740.1101 | 15:32:13 | 220.705942 | 359.201360 
 4152.3084 | 08740.1060 | 15:32:14 | 220.709463 | 359.201847 
 4152.3091 | 08740.1017 | 15:32:15 | 220.713154 | 359.202681 
 4152.3098 | 08740.0976 | 15:32:16 | 220.716672 | 359.203514 
 4152.3129 | 08740.0931 | 15:32:17 | 220.720514 | 359.207109 
 4152.3114 | 08740.0890 | 15:32:18 | 220.724052 | 359.205411 
 4152.3096 | 08740.0848 | 15:32:19 | 220.727679 | 359.203369 
 4152.3044 | 08740.0779 | 15:32:20 | 220.733657 | 359.197434 
 4152.3036 | 08740.0755 | 15:32:21 | 220.735728 | 359.196529 
 4152.2981 | 08740.0859 | 15:32:22 | 220.726835 | 359.190134 
 4152.2977 | 08740.0832 | 15:32:23 | 220.729160 | 359.189692 
 4152.2972 | 08740.0805 | 15:32:24 | 220.731486 | 359.189134 
 4152.2967 | 08740.0779 | 15:32:25 | 220.733726 | 359.188577 
 4152.2958 | 08740.0728 | 15:32:27 | 220.738118 | 359.187575 
 4152.2945 | 08740.0661 | 15:32:30 | 220.743890 | 359.186125 
 4152.2941 | 08740.0643 | 15:32:31 | 220.745441 | 359.185677 
 4152.2911 | 08740.0636 | 15:32:33 | 220.746070 | 359.182231 
 4152.2907 | 08740.0619 | 15:32:34 | 220.747535 | 359.181782 
 4152.2896 | 08740.0599 | 15:32:35 | 220.749264 | 359.180530 
 4152.2878 | 08740.0576 | 15:32:36 | 220.751258 | 359.178475 
 4152.2797 | 08740.0533 | 15:32:37 | 220.755027 | 359.169186 
 4152.2768 | 08740.0493 | 15:32:39 | 220.758492 | 359.165877 
 4152.2751 | 08740.0424 | 15:32:40 | 220.764439 | 359.163968 
 4152.2729 | 08740.0392 | 15:32:41 | 220.767210 | 359.161459 
 4152.2705 | 08740.0362 | 15:32:42 | 220.769810 | 359.158718 
 4152.2646 | 08740.0326 | 15:32:44 | 220.772958 | 359.151956 
 4152.2620 | 08740.0303 | 15:32:45 | 220.774959 | 359.148980 
 4152.2521 | 08740.0261 | 15:32:48 | 220.778658 | 359.137621 
 4152.2468 | 08740.0262 | 15:32:49 | 220.778619 | 359.131524 
 4152.2405 | 08740.0279 | 15:32:50 | 220.777214 | 359.124266 
 4152.2341 | 08740.0291 | 15:32:51 | 220.776239 | 359.116896 
 4152.2209 | 08740.0251 | 15:32:54 | 220.779796 | 359.101740 
 4152.2048 | 08740.0228 | 15:32:57 | 220.781917 | 359.083236 
 4152.1986 | 08740.0213 | 15:32:58 | 220.783262 | 359.076114 
 4152.1938 | 08740.0203 | 15:32:59 | 220.784165 | 359.070600 
 4152.1866 | 08740.0235 | 15:33:00 | 220.781478 | 359.062297 
 4152.1691 | 08740.0279 | 15:33:03 | 220.777851 | 359.042138 
 4152.1565 | 08740.0463 | 15:33:04 | 220.762144 | 359.027522 
 4152.1552 | 08740.0470 | 15:33:06 | 220.761554 | 359.026022 
 4152.1542 | 08740.0452 | 15:33:07 | 220.763110 | 359.024884 
 4152.1531 | 08740.0412 | 15:33:09 | 220.766559 | 359.023645 
 4152.1529 | 08740.0396 | 15:33:11 | 220.767937 | 359.023426 
 4152.1529 | 08740.0395 | 15:33:12 | 220.768023 | 359.023426 
 4152.1514 | 08740.0334 | 15:33:13 | 220.773281 | 359.021742 
 4152.1517 | 08740.0337 | 15:33:14 | 220.773020 | 359.022085 
 4152.1509 | 08740.0307 | 15:33:15 | 220.775606 | 359.021185 
 4152.1510 | 08740.0304 | 15:33:16 | 220.775863 | 359.021302 
 4152.1511 | 08740.0301 | 15:33:17 | 220.776120 | 359.021419 
 4152.1511 | 08740.0296 | 15:33:18 | 220.776550 | 359.021422 
 4152.1511 | 08740.0296 | 15:33:19 | 220.776550 | 359.021422 
 4152.1511 | 08740.0297 | 15:33:20 | 220.776464 | 359.021421 
 4152.1494 | 08740.0232 | 15:33:24 | 220.782068 | 359.019509 
 4152.1495 | 08740.0247 | 15:33:25 | 220.780777 | 359.019614 
 4152.1495 | 08740.0255 | 15:33:26 | 220.780090 | 359.019609 
 4152.1495 | 08740.0264 | 15:33:27 | 220.779316 | 359.019603 
 4152.1495 | 08740.0279 | 15:33:28 | 220.778026 | 359.019593 
 4152.1501 | 08740.0304 | 15:33:29 | 220.775871 | 359.020266 
 4152.1509 | 08740.0331 | 15:33:30 | 220.773543 | 359.021169 
 4152.1525 | 08740.0321 | 15:33:33 | 220.774388 | 359.023016 
 4152.1538 | 08740.0326 | 15:33:34 | 220.773947 | 359.024508 
 4152.1569 | 08740.0298 | 15:33:38 | 220.776327 | 359.028092 
 4152.1573 | 08740.0287 | 15:33:39 | 220.777269 | 359.028560 
 4152.1577 | 08740.0275 | 15:33:40 | 220.778297 | 359.029028 
 4152.1584 | 08740.0278 | 15:33:41 | 220.778033 | 359.029831 
 4152.1612 | 08740.0243 | 15:33:42 | 220.781017 | 359.033075 
 4152.1630 | 08740.0303 | 15:33:43 | 220.775842 | 359.035105 
 4152.1634 | 08740.0312 | 15:33:44 | 220.775065 | 359.035559 
 4152.1637 | 08740.0309 | 15:33:45 | 220.775320 | 359.035906 
 4152.1640 | 08740.0302 | 15:33:46 | 220.775919 | 359.036256 
 4152.1638 | 08740.0290 | 15:33:47 | 220.776953 | 359.036034 
 4152.1645 | 08740.0045 | 15:33:56 | 220.798011 | 359.037003 
 4152.1644 | 08739.9995 | 15:33:58 | 220.802310 | 359.036921 
 4152.1641 | 08739.9971 | 15:33:59 | 220.804376 | 359.036592 
 4152.1697 | 08739.9940 | 15:34:04 | 220.806992 | 359.043054 
 4152.1726 | 08739.9924 | 15:34:05 | 220.808341 | 359.046401 
 4152.1755 | 08739.9907 | 15:34:06 | 220.809777 | 359.049748 
 4152.1802 | 08739.9888 | 15:34:08 | 220.811369 | 359.055167 
 4152.1881 | 08739.9882 | 15:34:09 | 220.811814 | 359.064258 
 4152.1913 | 08739.9879 | 15:34:10 | 220.812043 | 359.067940 
 4152.1997 | 08739.9866 | 15:34:11 | 220.813086 | 359.077611 
 4152.2076 | 08739.9848 | 15:34:14 | 220.814563 | 359.086710 
 4152.2124 | 08739.9863 | 15:34:15 | 220.813230 | 359.092222 
 4152.2158 | 08739.9870 | 15:34:16 | 220.812598 | 359.096128 
 4152.2237 | 08739.9868 | 15:34:17 | 220.812699 | 359.105216 
 4152.2329 | 08739.9868 | 15:34:18 | 220.812617 | 359.115798 
 4152.2375 | 08739.9879 | 15:34:19 | 220.811630 | 359.121082 
 4152.2449 | 08739.9882 | 15:34:20 | 220.811306 | 359.129592 
 4152.2527 | 08739.9881 | 15:34:21 | 220.811323 | 359.138565 
 4152.2595 | 08739.9883 | 15:34:22 | 220.811090 | 359.146385 
 4152.2662 | 08739.9894 | 15:34:23 | 220.810084 | 359.154084 
 4152.2725 | 08739.9900 | 15:34:24 | 220.809512 | 359.161327 
 4152.2776 | 08739.9902 | 15:34:25 | 220.809295 | 359.167192 
 4152.2810 | 08739.9901 | 15:34:26 | 220.809350 | 359.171103 
 4152.2844 | 08739.9900 | 15:34:27 | 220.809406 | 359.175015 
 4152.2868 | 08739.9873 | 15:34:28 | 220.811706 | 359.177794 
 4152.2904 | 08739.9877 | 15:34:29 | 220.811329 | 359.181932 
 4152.2940 | 08739.9873 | 15:34:30 | 220.811641 | 359.186075 
 4152.2971 | 08739.9868 | 15:34:31 | 220.812043 | 359.189645 
 4152.2999 | 08739.9866 | 15:34:32 | 220.812190 | 359.192867 
 4152.3027 | 08739.9864 | 15:34:33 | 220.812337 | 359.196089 
 4152.3048 | 08739.9861 | 15:34:34 | 220.812576 | 359.198506 
 4152.3066 | 08739.9862 | 15:34:35 | 220.812474 | 359.200576 
 4152.3090 | 08739.9856 | 15:34:36 | 220.812969 | 359.203341 
 4152.3110 | 08739.9850 | 15:34:37 | 220.813467 | 359.205645 
 4152.3128 | 08739.9844 | 15:34:38 | 220.813966 | 359.207720 
 4152.3147 | 08739.9846 | 15:34:39 | 220.813777 | 359.209904 
 4152.3163 | 08739.9844 | 15:34:40 | 220.813935 | 359.211745 
 4152.3178 | 08739.9843 | 15:34:41 | 220.814008 | 359.213471 
 4152.3192 | 08739.9844 | 15:34:42 | 220.813909 | 359.215081 
 4152.3202 | 08739.9847 | 15:34:43 | 220.813642 | 359.216229 
 4152.3207 | 08739.9853 | 15:34:44 | 220.813122 | 359.216800 
 4152.3179 | 08739.9857 | 15:34:45 | 220.812803 | 359.213577 
 4152.3159 | 08739.9865 | 15:34:46 | 220.812133 | 359.211271 
 4152.3127 | 08739.9944 | 15:34:47 | 220.805370 | 359.207538 
 4152.3131 | 08739.9945 | 15:34:48 | 220.805281 | 359.207997 
 4152.3130 | 08739.9943 | 15:34:49 | 220.805453 | 359.207883 
 4152.3118 | 08739.9940 | 15:34:50 | 220.805722 | 359.206505 
 4152.3138 | 08739.9942 | 15:34:52 | 220.805532 | 359.208804 
 4152.3135 | 08739.9942 | 15:34:53 | 220.805535 | 359.208459 
 4152.3147 | 08739.9945 | 15:34:55 | 220.805266 | 359.209838 
 4152.3145 | 08739.9945 | 15:34:56 | 220.805268 | 359.209607 
 4152.3208 | 08739.9971 | 15:35:00 | 220.802976 | 359.216837 
 4152.3244 | 08739.9973 | 15:35:02 | 220.802772 | 359.220976 
 4152.3270 | 08739.9986 | 15:35:03 | 220.801631 | 359.223958 
 4152.3320 | 08739.9997 | 15:35:05 | 220.800641 | 359.229702 
 4152.3362 | 08740.0004 | 15:35:06 | 220.800002 | 359.234529 
 4152.3461 | 08740.0020 | 15:35:08 | 220.798538 | 359.245905 
 4152.3525 | 08740.0030 | 15:35:09 | 220.797621 | 359.253260 
 4152.3570 | 08740.0040 | 15:35:11 | 220.796721 | 359.258430 
 4152.3621 | 08740.0028 | 15:35:12 | 220.797707 | 359.264304 
 4152.3650 | 08740.0018 | 15:35:13 | 220.798541 | 359.267646 
 4152.3680 | 08740.0003 | 15:35:14 | 220.799804 | 359.271107 
 4152.3715 | 08739.9987 | 15:35:15 | 220.801148 | 359.275144 
 4152.3708 | 08739.9931 | 15:35:16 | 220.805969 | 359.274376 
 4152.3730 | 08739.9924 | 15:35:17 | 220.806551 | 359.276911 
 4152.3748 | 08739.9919 | 15:35:18 | 220.806964 | 359.278985 
 4152.3762 | 08739.9914 | 15:35:19 | 220.807382 | 359.280599 
 4152.3773 | 08739.9909 | 15:35:20 | 220.807802 | 359.281867 
 4152.3734 | 08739.9908 | 15:35:21 | 220.807923 | 359.277382 
 4152.3743 | 08739.9909 | 15:35:22 | 220.807829 | 359.278417 
 4152.3760 | 08739.9906 | 15:35:23 | 220.808071 | 359.280374 
 4152.3770 | 08739.9895 | 15:35:24 | 220.809008 | 359.281532 
 4152.3786 | 08739.9893 | 15:35:25 | 220.809166 | 359.283373 
 4152.3801 | 08739.9891 | 15:35:26 | 220.809324 | 359.285100 
 4152.3815 | 08739.9888 | 15:35:27 | 220.809570 | 359.286712 
 4152.3827 | 08739.9887 | 15:35:28 | 220.809645 | 359.288093 
 4152.3838 | 08739.9884 | 15:35:29 | 220.809893 | 359.289361 
 4152.3850 | 08739.9884 | 15:35:30 | 220.809882 | 359.290741 
 4152.3932 | 08739.9862 | 15:35:36 | 220.811700 | 359.300188 
 4152.3945 | 08739.9860 | 15:35:37 | 220.811861 | 359.301684 
 4152.4085 | 08739.9862 | 15:35:44 | 220.811564 | 359.317787 
 4152.4146 | 08739.9875 | 15:35:45 | 220.810392 | 359.324795 
 4152.4199 | 08739.9877 | 15:35:46 | 220.810172 | 359.330890 
 4152.4259 | 08739.9931 | 15:35:47 | 220.805476 | 359.337755 
 4152.4306 | 08739.9925 | 15:35:48 | 220.805950 | 359.343165 
 4152.4339 | 08739.9931 | 15:35:49 | 220.805405 | 359.346957 
 4152.4370 | 08739.9926 | 15:35:50 | 220.805807 | 359.350526 
 4152.4406 | 08739.9927 | 15:35:51 | 220.805689 | 359.354666 
 4152.4443 | 08739.9929 | 15:35:52 | 220.805484 | 359.358921 
 4152.4496 | 08739.9938 | 15:35:54 | 220.804663 | 359.365011 
 4152.4556 | 08739.9929 | 15:35:56 | 220.805383 | 359.371919 
 4152.4596 | 08739.9903 | 15:35:57 | 220.807582 | 359.376537 
 4152.4620 | 08739.9877 | 15:35:58 | 220.809796 | 359.379315 
 4152.4644 | 08739.9848 | 15:35:59 | 220.812268 | 359.382095 
 4152.4674 | 08739.9806 | 15:36:00 | 220.815852 | 359.385574 
 4152.4693 | 08739.9761 | 15:36:01 | 220.819703 | 359.387789 
 4152.4733 | 08739.9650 | 15:36:03 | 220.829210 | 359.392465 
 4152.4731 | 08739.9571 | 15:36:04 | 220.836003 | 359.392287 
 4152.4848 | 08739.9314 | 15:36:05 | 220.857993 | 359.405917 
 4152.4845 | 08739.9242 | 15:36:06 | 220.864185 | 359.405620 
 4152.4845 | 08739.9161 | 15:36:07 | 220.871148 | 359.405675 
 4152.4874 | 08739.9001 | 15:36:09 | 220.884877 | 359.409117 
 4152.4877 | 08739.8896 | 15:36:10 | 220.893901 | 359.409533 
 4152.4902 | 08739.8688 | 15:36:13 | 220.911760 | 359.412548 
 4152.4872 | 08739.8412 | 15:36:15 | 220.935515 | 359.409282 
 4152.4854 | 08739.8149 | 15:36:17 | 220.958140 | 359.407388 
 4152.4843 | 08739.7970 | 15:36:18 | 220.973539 | 359.406243 
 4152.4872 | 08739.7564 | 15:36:20 | 221.008416 | 359.409851 
 4152.4853 | 08739.7447 | 15:36:21 | 221.018491 | 359.407744 
 4152.4825 | 08739.7223 | 15:36:23 | 221.037773 | 359.404674 
 4152.4824 | 08739.6894 | 15:36:26 | 221.066058 | 359.404780 
 4152.4861 | 08739.6318 | 15:36:31 | 221.115543 | 359.409424 
 4152.4882 | 08739.5626 | 15:36:37 | 221.175014 | 359.412306 
 4152.4883 | 08739.4744 | 15:36:45 | 221.250837 | 359.413017 
 4152.4884 | 08739.4020 | 15:36:52 | 221.313077 | 359.413623 
 4152.4764 | 08739.3812 | 15:36:54 | 221.331068 | 359.399961 
 4152.4493 | 08739.3872 | 15:36:56 | 221.326155 | 359.368748 
 4152.4423 | 08739.3937 | 15:36:57 | 221.320631 | 359.360652 
 4152.4437 | 08739.3952 | 15:36:58 | 221.319329 | 359.362252 
 4152.4418 | 08739.3749 | 15:37:01 | 221.336798 | 359.360204 
 4152.4418 | 08739.3713 | 15:37:02 | 221.339893 | 359.360229 
 4152.4427 | 08739.3738 | 15:37:03 | 221.337735 | 359.361247 
 4152.4455 | 08739.3777 | 15:37:04 | 221.334357 | 359.364441 
 4152.4460 | 08739.3711 | 15:37:06 | 221.340026 | 359.365061 
 4152.4462 | 08739.3707 | 15:37:08 | 221.340368 | 359.365294 
 4152.4489 | 08739.3778 | 15:37:09 | 221.334240 | 359.368352 
 4152.4481 | 08739.3866 | 15:37:10 | 221.326682 | 359.367372 
 4152.4452 | 08739.3874 | 15:37:11 | 221.326021 | 359.364031 
 4152.4491 | 08739.3971 | 15:37:12 | 221.317646 | 359.368451 
 4152.4593 | 08739.4194 | 15:37:13 | 221.298383 | 359.380032 
 4152.4575 | 08739.4178 | 15:37:14 | 221.299774 | 359.377973 
 4152.4567 | 08739.4165 | 15:37:15 | 221.300899 | 359.377061 
 4152.4564 | 08739.4225 | 15:37:16 | 221.295744 | 359.376676 
 4152.4544 | 08739.4234 | 15:37:17 | 221.294988 | 359.374369 
 4152.4538 | 08739.4232 | 15:37:18 | 221.295166 | 359.373680 
 4152.4534 | 08739.4229 | 15:37:19 | 221.295427 | 359.373222 
 4152.4529 | 08739.4225 | 15:37:20 | 221.295776 | 359.372650 
 4152.4526 | 08739.4221 | 15:37:21 | 221.296122 | 359.372307 
 4152.4526 | 08739.4216 | 15:37:22 | 221.296552 | 359.372311 
 4152.4521 | 08739.4214 | 15:37:23 | 221.296728 | 359.371737 
 4152.4515 | 08739.4214 | 15:37:24 | 221.296734 | 359.371047 
 4152.4485 | 08739.4236 | 15:37:25 | 221.294870 | 359.367581 
 4152.4492 | 08739.4245 | 15:37:26 | 221.294090 | 359.368380 
 4152.4484 | 08739.4239 | 15:37:27 | 221.294613 | 359.367464 
 4152.4480 | 08739.4237 | 15:37:28 | 221.294788 | 359.367005 
 4152.4490 | 08739.4232 | 15:37:29 | 221.295209 | 359.368159 
 4152.4492 | 08739.4224 | 15:37:30 | 221.295895 | 359.368394 
 4152.4493 | 08739.4239 | 15:37:31 | 221.294605 | 359.368499 
 4152.4493 | 08739.4237 | 15:37:32 | 221.294777 | 359.368501 
 4152.4493 | 08739.4233 | 15:37:33 | 221.295120 | 359.368503 
 4152.4493 | 08739.4233 | 15:37:34 | 221.295120 | 359.368503 
 4152.4525 | 08739.4255 | 15:37:35 | 221.293200 | 359.372169 
 4152.4531 | 08739.4254 | 15:37:36 | 221.293281 | 359.372860 
 4152.4536 | 08739.4256 | 15:37:37 | 221.293104 | 359.373434 
 4152.4575 | 08739.4230 | 15:37:38 | 221.295304 | 359.377937 
 4152.4586 | 08739.4233 | 15:37:39 | 221.295036 | 359.379201 
 4152.4592 | 08739.4234 | 15:37:40 | 221.294945 | 359.379890 
 4152.4595 | 08739.4238 | 15:37:41 | 221.294598 | 359.380233 
 4152.4603 | 08739.4247 | 15:37:42 | 221.293817 | 359.381147 
 4152.4609 | 08739.4249 | 15:37:43 | 221.293640 | 359.381835 
 4152.4613 | 08739.4252 | 15:37:44 | 221.293378 | 359.382294 
 4152.4617 | 08739.4255 | 15:37:45 | 221.293117 | 359.382752 
 4152.4627 | 08739.4243 | 15:37:46 | 221.294139 | 359.383910 
 4152.4632 | 08739.4246 | 15:37:47 | 221.293877 | 359.384483 
 4152.4635 | 08739.4249 | 15:37:48 | 221.293616 | 359.384826 
 4152.4638 | 08739.4252 | 15:37:49 | 221.293356 | 359.385169 
 4152.4639 | 08739.4258 | 15:37:50 | 221.292839 | 359.385280 
 4152.4642 | 08739.4261 | 15:37:51 | 221.292578 | 359.385623 
 4152.4645 | 08739.4265 | 15:37:52 | 221.292232 | 359.385966 
 4152.4647 | 08739.4269 | 15:37:53 | 221.291886 | 359.386193 
 4152.4644 | 08739.4269 | 15:37:54 | 221.291889 | 359.385848 
 4152.4637 | 08739.4292 | 15:37:55 | 221.289918 | 359.385027 
 4152.4640 | 08739.4299 | 15:37:56 | 221.289313 | 359.385367 
 4152.4645 | 08739.4306 | 15:37:57 | 221.288707 | 359.385938 
 4152.4658 | 08739.4316 | 15:37:58 | 221.287835 | 359.387426 
 4152.4665 | 08739.4322 | 15:37:59 | 221.287313 | 359.388227 
 4152.4672 | 08739.4327 | 15:38:00 | 221.286877 | 359.389029 
 4152.4679 | 08739.4331 | 15:38:01 | 221.286527 | 359.389832 
 4152.4686 | 08739.4332 | 15:38:02 | 221.286435 | 359.390636 
 4152.4693 | 08739.4333 | 15:38:03 | 221.286342 | 359.391441 
 4152.4697 | 08739.4336 | 15:38:04 | 221.286081 | 359.391899 
 4152.4710 | 08739.4350 | 15:38:05 | 221.284865 | 359.393385 
 4152.4718 | 08739.4357 | 15:38:06 | 221.284256 | 359.394300 
 4152.4725 | 08739.4362 | 15:38:07 | 221.283820 | 359.395102 
 4152.4731 | 08739.4368 | 15:38:08 | 221.283299 | 359.395788 
 4152.4738 | 08739.4373 | 15:38:09 | 221.282863 | 359.396590 
 4152.4746 | 08739.4374 | 15:38:10 | 221.282770 | 359.397509 
 4152.4753 | 08739.4376 | 15:38:11 | 221.282591 | 359.398313 
 4152.4761 | 08739.4379 | 15:38:12 | 221.282326 | 359.399231 
 4152.4769 | 08739.4382 | 15:38:13 | 221.282061 | 359.400149 
 4152.4777 | 08739.4385 | 15:38:14 | 221.281796 | 359.401068 
 4152.4785 | 08739.4387 | 15:38:15 | 221.281617 | 359.401986 
 4152.4937 | 08739.4560 | 15:38:50 | 221.266606 | 359.419353 
 4152.4901 | 08739.4566 | 15:38:51 | 221.266123 | 359.415208 
 4152.4902 | 08739.4606 | 15:38:52 | 221.262684 | 359.415296 
 4152.4864 | 08739.4812 | 15:41:37 | 221.245008 | 359.410786 
 4152.5009 | 08739.5073 | 15:41:44 | 221.222440 | 359.427288 
 4152.4491 | 08739.5759 | 15:41:51 | 221.163933 | 359.367242 
 4152.5176 | 08739.5449 | 15:41:53 | 221.189965 | 359.446243 
 4152.4770 | 08739.6084 | 15:41:54 | 221.135741 | 359.399114 
 4152.4699 | 08739.4787 | 15:43:02 | 221.247307 | 359.391824 
 4152.4739 | 08739.4780 | 15:43:04 | 221.247873 | 359.396429 
 4152.4872 | 08739.4491 | 15:43:08 | 221.272597 | 359.411923 
 4152.4832 | 08739.4468 | 15:43:12 | 221.274611 | 359.407338 
 4152.4802 | 08739.4531 | 15:43:14 | 221.269222 | 359.403844 
 4152.4799 | 08739.4582 | 15:43:15 | 221.264840 | 359.403465 
 4152.4827 | 08739.4639 | 15:43:16 | 221.259914 | 359.406647 
 4152.4814 | 08739.4596 | 15:43:17 | 221.263623 | 359.405181 
 4152.4813 | 08739.4641 | 15:43:20 | 221.259755 | 359.405035 
 4152.4812 | 08739.4646 | 15:43:21 | 221.259326 | 359.404917 
 4152.4819 | 08739.4649 | 15:43:24 | 221.259062 | 359.405720 
 4152.4826 | 08739.4655 | 15:43:26 | 221.258540 | 359.406521 
 4152.4829 | 08739.4662 | 15:43:27 | 221.257935 | 359.406861 
 4152.5811 | 08739.3724 | 15:43:54 | 221.337683 | 359.520452 
 4152.4800 | 08739.4267 | 15:43:55 | 221.291919 | 359.403793 
 4152.4783 | 08739.3878 | 15:43:56 | 221.325377 | 359.402101 
 4152.4807 | 08739.3879 | 15:43:57 | 221.325269 | 359.404861 
 4152.4814 | 08739.3881 | 15:43:58 | 221.325090 | 359.405665 
 4152.4793 | 08739.3895 | 15:43:59 | 221.323906 | 359.403240 
 4152.4760 | 08739.3904 | 15:44:00 | 221.323162 | 359.399438 
 4152.4728 | 08739.3926 | 15:44:01 | 221.321300 | 359.395742 
 4152.4700 | 08739.3941 | 15:44:02 | 221.320036 | 359.392511 
 4152.4750 | 08739.3900 | 15:44:03 | 221.323515 | 359.398291 
 4152.4790 | 08739.3952 | 15:44:04 | 221.319008 | 359.402856 
 4152.4823 | 08739.4002 | 15:44:05 | 221.314680 | 359.406618 
 4152.4854 | 08739.4054 | 15:44:06 | 221.310182 | 359.410149 
 4152.4848 | 08739.4058 | 15:44:07 | 221.309843 | 359.409456 
 4152.4880 | 08739.4148 | 15:44:08 | 221.302077 | 359.413076 
 4152.4895 | 08739.4209 | 15:44:09 | 221.296819 | 359.414760 
 4152.4893 | 08739.4261 | 15:44:10 | 221.292351 | 359.414495 
 4152.5139 | 08739.4438 | 15:44:11 | 221.276912 | 359.442671 
 4152.5123 | 08739.4434 | 15:44:12 | 221.277270 | 359.440833 
 4152.5098 | 08739.4424 | 15:44:13 | 221.278152 | 359.437964 
 4152.5072 | 08739.4415 | 15:44:14 | 221.278950 | 359.434980 
 4152.4944 | 08739.4392 | 15:44:15 | 221.281043 | 359.420272 
 4152.4911 | 08739.4384 | 15:44:16 | 221.281760 | 359.416482 
 4152.4706 | 08739.4303 | 15:44:17 | 221.288910 | 359.392956 
 4152.4694 | 08739.4286 | 15:44:18 | 221.290382 | 359.391588 
 4152.4693 | 08739.4273 | 15:44:19 | 221.291500 | 359.391481 
 4152.4697 | 08739.4259 | 15:44:20 | 221.292700 | 359.391951 
 4152.4701 | 08739.4245 | 15:44:21 | 221.293900 | 359.392420 
 4152.4705 | 08739.4232 | 15:44:22 | 221.295014 | 359.392889 
 4152.4709 | 08739.4219 | 15:44:23 | 221.296128 | 359.393358 
 4152.4712 | 08739.4207 | 15:44:24 | 221.297157 | 359.393711 
 4152.4716 | 08739.4194 | 15:44:25 | 221.298271 | 359.394180 
 4152.4720 | 08739.4181 | 15:44:26 | 221.299385 | 359.394649 
 4152.4696 | 08739.4216 | 15:44:27 | 221.296398 | 359.391865 
 4152.4694 | 08739.4212 | 15:44:28 | 221.296744 | 359.391638 
 4152.4689 | 08739.4210 | 15:44:29 | 221.296920 | 359.391064 
 4152.4686 | 08739.4210 | 15:44:30 | 221.296923 | 359.390719 
 4152.4682 | 08739.4212 | 15:44:31 | 221.296754 | 359.390257 
 4152.4678 | 08739.4218 | 15:44:32 | 221.296242 | 359.389793 
 4152.4687 | 08739.4246 | 15:44:33 | 221.293827 | 359.390809 
 4152.4656 | 08739.4256 | 15:44:34 | 221.292995 | 359.387237 
 4152.4688 | 08739.4251 | 15:44:35 | 221.293396 | 359.390921 
 4152.4699 | 08739.4249 | 15:44:36 | 221.293558 | 359.392188 
 4152.4674 | 08739.4254 | 15:44:37 | 221.293151 | 359.389309 
 4152.4672 | 08739.4256 | 15:44:38 | 221.292981 | 359.389077 
 4152.4671 | 08739.4255 | 15:44:39 | 221.293068 | 359.388963 
 4152.4671 | 08739.4255 | 15:44:40 | 221.293068 | 359.388963 
 4152.4671 | 08739.4255 | 15:44:41 | 221.293068 | 359.388963 
 4152.4671 | 08739.4255 | 15:44:42 | 221.293068 | 359.388963 
 4152.4671 | 08739.4255 | 15:44:43 | 221.293068 | 359.388963 
 4152.4671 | 08739.4255 | 15:44:44 | 221.293068 | 359.388963 
 4152.4671 | 08739.4255 | 15:44:45 | 221.293068 | 359.388963 
 4152.4671 | 08739.4255 | 15:44:46 | 221.293068 | 359.388963 
 4152.4671 | 08739.4255 | 15:44:47 | 221.293068 | 359.388963 
 4152.4671 | 08739.4255 | 15:44:48 | 221.293068 | 359.388963 
 4152.4671 | 08739.4255 | 15:44:49 | 221.293068 | 359.388963 
 4152.4671 | 08739.4255 | 15:44:50 | 221.293068 | 359.388963 
 4152.4671 | 08739.4255 | 15:44:51 | 221.293068 | 359.388963 
 4152.4671 | 08739.4255 | 15:44:52 | 221.293068 | 359.388963 
 4152.4671 | 08739.4255 | 15:44:53 | 221.293068 | 359.388963 
 4152.4671 | 08739.4255 | 15:44:54 | 221.293068 | 359.388963 
 4152.4671 | 08739.4255 | 15:44:55 | 221.293068 | 359.388963 
 4152.4636 | 08739.4229 | 15:44:56 | 221.295335 | 359.384955 
 4152.4634 | 08739.4226 | 15:44:57 | 221.295594 | 359.384727 
 4152.4634 | 08739.4226 | 15:44:58 | 221.295594 | 359.384727 
 4152.4611 | 08739.4238 | 15:44:59 | 221.294584 | 359.382073 
 4152.4604 | 08739.4238 | 15:45:00 | 221.294590 | 359.381268 
 4152.4596 | 08739.4238 | 15:45:01 | 221.294597 | 359.380348 
 4152.4610 | 08739.4221 | 15:45:02 | 221.296046 | 359.381969 
 4152.4609 | 08739.4216 | 15:45:03 | 221.296477 | 359.381858 
 4152.4608 | 08739.4212 | 15:45:04 | 221.296822 | 359.381745 
 4152.4606 | 08739.4207 | 15:45:05 | 221.297253 | 359.381519 
 4152.4603 | 08739.4204 | 15:45:06 | 221.297514 | 359.381176 
 4152.4599 | 08739.4200 | 15:45:07 | 221.297861 | 359.380718 
 4152.4595 | 08739.4197 | 15:45:08 | 221.298123 | 359.380260 
 4152.4596 | 08739.4197 | 15:45:09 | 221.298122 | 359.380375 
 4152.4594 | 08739.4194 | 15:45:10 | 221.298382 | 359.380147 
 4152.4590 | 08739.4190 | 15:45:11 | 221.298729 | 359.379690 
 4152.4586 | 08739.4186 | 15:45:12 | 221.299077 | 359.379233 
 4152.4585 | 08739.4178 | 15:45:13 | 221.299765 | 359.379123 
 4152.4512 | 08739.4205 | 15:45:14 | 221.297510 | 359.370708 
 4152.4500 | 08739.4203 | 15:45:15 | 221.297693 | 359.369329 
 4152.4488 | 08739.4201 | 15:45:16 | 221.297876 | 359.367950 
 4152.4470 | 08739.4206 | 15:45:17 | 221.297462 | 359.365876 
 4152.4456 | 08739.4206 | 15:45:18 | 221.297475 | 359.364266 
 4152.4443 | 08739.4205 | 15:45:19 | 221.297573 | 359.362771 
 4152.4431 | 08739.4206 | 15:45:20 | 221.297498 | 359.361390 
 4152.4418 | 08739.4205 | 15:45:21 | 221.297596 | 359.359895 
 4152.4407 | 08739.4206 | 15:45:22 | 221.297520 | 359.358629 
 4152.4421 | 08739.4169 | 15:45:23 | 221.300688 | 359.360265 
 4152.4428 | 08739.4237 | 15:45:24 | 221.294835 | 359.361024 
 4152.4434 | 08739.4247 | 15:45:26 | 221.293970 | 359.361707 
 4152.4425 | 08739.4238 | 15:45:27 | 221.294752 | 359.360678 
 4152.4420 | 08739.4235 | 15:45:28 | 221.295015 | 359.360105 
 4152.4427 | 08739.4236 | 15:45:29 | 221.294922 | 359.360910 
 4152.4424 | 08739.4235 | 15:45:30 | 221.295011 | 359.360565 
 4152.4448 | 08739.4241 | 15:45:31 | 221.294473 | 359.363322 
 4152.4450 | 08739.4240 | 15:45:32 | 221.294558 | 359.363553 
 4152.4464 | 08739.4227 | 15:45:35 | 221.295663 | 359.365172 
 4152.4464 | 08739.4226 | 15:45:36 | 221.295749 | 359.365172 
 4152.4464 | 08739.4226 | 15:45:40 | 221.295749 | 359.365172 
 4152.4464 | 08739.4226 | 15:45:41 | 221.295749 | 359.365172 
 4152.4455 | 08739.4271 | 15:45:44 | 221.291888 | 359.364107 
 4152.4455 | 08739.4279 | 15:45:45 | 221.291200 | 359.364101 
 4152.4475 | 08739.4275 | 15:45:46 | 221.291526 | 359.366404 
 4152.4470 | 08739.4280 | 15:45:47 | 221.291101 | 359.365826 
 4152.4498 | 08739.4241 | 15:45:51 | 221.294428 | 359.369073 
 4152.4492 | 08739.4257 | 15:45:52 | 221.293058 | 359.368372 
 4152.4493 | 08739.4262 | 15:45:53 | 221.292627 | 359.368484 
 4152.4493 | 08739.4262 | 15:45:54 | 221.292627 | 359.368484 
 4152.4493 | 08739.4262 | 15:45:55 | 221.292627 | 359.368484 
 4152.4553 | 08739.4286 | 15:45:57 | 221.290510 | 359.375369 
 4152.4556 | 08739.4289 | 15:45:58 | 221.290249 | 359.375712 
 4152.4548 | 08739.4288 | 15:45:59 | 221.290342 | 359.374792 
 4152.4544 | 08739.4287 | 15:46:00 | 221.290432 | 359.374333 
 4152.4543 | 08739.4289 | 15:46:01 | 221.290261 | 359.374217 
 4152.4543 | 08739.4289 | 15:46:02 | 221.290261 | 359.374217 
 4152.4543 | 08739.4289 | 15:46:03 | 221.290261 | 359.374217 
 4152.4543 | 08739.4289 | 15:46:05 | 221.290261 | 359.374217 
 4152.4543 | 08739.4289 | 15:46:06 | 221.290261 | 359.374217 
 4152.4543 | 08739.4289 | 15:46:07 | 221.290261 | 359.374217 
 4152.4543 | 08739.4289 | 15:46:08 | 221.290261 | 359.374217 
 4152.4543 | 08739.4289 | 15:46:09 | 221.290261 | 359.374217 
 4152.4543 | 08739.4289 | 15:46:10 | 221.290261 | 359.374217 
 4152.4543 | 08739.4289 | 15:46:11 | 221.290261 | 359.374217 
 4152.4543 | 08739.4289 | 15:46:12 | 221.290261 | 359.374217 
 4152.4543 | 08739.4289 | 15:46:13 | 221.290261 | 359.374217 
 4152.4543 | 08739.4289 | 15:46:15 | 221.290261 | 359.374217 
 4152.4543 | 08739.4289 | 15:46:16 | 221.290261 | 359.374217 
 4152.4543 | 08739.4289 | 15:46:17 | 221.290261 | 359.374217 
 4152.4543 | 08739.4289 | 15:46:18 | 221.290261 | 359.374217 
 4152.4543 | 08739.4289 | 15:46:19 | 221.290261 | 359.374217 
 4152.4543 | 08739.4289 | 15:46:20 | 221.290261 | 359.374217 
 4152.4543 | 08739.4289 | 15:46:21 | 221.290261 | 359.374217 
 4152.4543 | 08739.4289 | 15:46:22 | 221.290261 | 359.374217 
 4152.4543 | 08739.4289 | 15:46:23 | 221.290261 | 359.374217 
 4152.4543 | 08739.4289 | 15:46:24 | 221.290261 | 359.374217 
 4152.4543 | 08739.4289 | 15:46:25 | 221.290261 | 359.374217 
 4152.4543 | 08739.4289 | 15:46:26 | 221.290261 | 359.374217 
 4152.4494 | 08739.4327 | 15:46:27 | 221.287038 | 359.368555 
 4152.4491 | 08739.4331 | 15:46:28 | 221.286697 | 359.368207 
 4152.4512 | 08739.4292 | 15:46:31 | 221.290031 | 359.370649 
 4152.4512 | 08739.4288 | 15:46:32 | 221.290375 | 359.370652 
 4152.4512 | 08739.4288 | 15:46:34 | 221.290375 | 359.370652 
 4152.4512 | 08739.4288 | 15:46:36 | 221.290375 | 359.370652 
 4152.4512 | 08739.4288 | 15:46:37 | 221.290375 | 359.370652 
 4152.4512 | 08739.4288 | 15:46:38 | 221.290375 | 359.370652 
 4152.4512 | 08739.4288 | 15:46:39 | 221.290375 | 359.370652 
 4152.4512 | 08739.4288 | 15:46:40 | 221.290375 | 359.370652 
 4152.4512 | 08739.4288 | 15:46:42 | 221.290375 | 359.370652 
 4152.4419 | 08739.4260 | 15:46:45 | 221.292866 | 359.359973 
 4152.4451 | 08739.4284 | 15:46:46 | 221.290774 | 359.363638 
 4152.4472 | 08739.4298 | 15:46:47 | 221.289551 | 359.366044 
 4152.4474 | 08739.4300 | 15:46:48 | 221.289378 | 359.366272 
 4152.4474 | 08739.4300 | 15:46:49 | 221.289378 | 359.366272 
 4152.4474 | 08739.4300 | 15:46:50 | 221.289378 | 359.366272 
 4152.4482 | 08739.4278 | 15:46:51 | 221.291262 | 359.367208 
 4152.4486 | 08739.4274 | 15:46:52 | 221.291602 | 359.367670 
 4152.4483 | 08739.4244 | 15:46:53 | 221.294184 | 359.367346 
 4152.4482 | 08739.4236 | 15:46:54 | 221.294873 | 359.367236 
 4152.4484 | 08739.4233 | 15:46:55 | 221.295129 | 359.367468 
 4152.4489 | 08739.4231 | 15:46:56 | 221.295296 | 359.368045 
 4152.4495 | 08739.4231 | 15:46:57 | 221.295291 | 359.368735 
 4152.4501 | 08739.4231 | 15:46:58 | 221.295285 | 359.369425 
 4152.4503 | 08739.4231 | 15:46:59 | 221.295283 | 359.369655 
 4152.4506 | 08739.4235 | 15:47:00 | 221.294937 | 359.369997 
 4152.4507 | 08739.4237 | 15:47:01 | 221.294764 | 359.370111 
 4152.4509 | 08739.4220 | 15:47:02 | 221.296224 | 359.370353 
 4152.4497 | 08739.4231 | 15:47:03 | 221.295289 | 359.368965 
 4152.4500 | 08739.4228 | 15:47:04 | 221.295544 | 359.369312 
 4152.4500 | 08739.4228 | 15:47:05 | 221.295544 | 359.369312 
 4152.4500 | 08739.4228 | 15:47:06 | 221.295544 | 359.369312 
 4152.4500 | 08739.4228 | 15:47:07 | 221.295544 | 359.369312 
 4152.4500 | 08739.4228 | 15:47:08 | 221.295544 | 359.369312 
 4152.4500 | 08739.4228 | 15:47:09 | 221.295544 | 359.369312 
 4152.4500 | 08739.4228 | 15:47:10 | 221.295544 | 359.369312 
 4152.4500 | 08739.4228 | 15:47:11 | 221.295544 | 359.369312 
 4152.4500 | 08739.4228 | 15:47:12 | 221.295544 | 359.369312 
 4152.4500 | 08739.4228 | 15:47:13 | 221.295544 | 359.369312 
 4152.4500 | 08739.4228 | 15:47:14 | 221.295544 | 359.369312 
 4152.4500 | 08739.4228 | 15:47:15 | 221.295544 | 359.369312 
 4152.4500 | 08739.4228 | 15:47:17 | 221.295544 | 359.369312 
 4152.4500 | 08739.4228 | 15:47:18 | 221.295544 | 359.369312 
 4152.4500 | 08739.4228 | 15:47:19 | 221.295544 | 359.369312 
 4152.4500 | 08739.4228 | 15:47:20 | 221.295544 | 359.369312 
 4152.4500 | 08739.4228 | 15:47:21 | 221.295544 | 359.369312 
 4152.4500 | 08739.4228 | 15:47:22 | 221.295544 | 359.369312 
 4152.4500 | 08739.4228 | 15:47:23 | 221.295544 | 359.369312 
 4152.4500 | 08739.4228 | 15:47:24 | 221.295544 | 359.369312 
 4152.4500 | 08739.4228 | 15:47:28 | 221.295544 | 359.369312 
 4152.4500 | 08739.4228 | 15:47:30 | 221.295544 | 359.369312 
 4152.4500 | 08739.4228 | 15:47:34 | 221.295544 | 359.369312 
 4152.4500 | 08739.4228 | 15:47:36 | 221.295544 | 359.369312 
 4152.4500 | 08739.4228 | 15:47:37 | 221.295544 | 359.369312 
 4152.4500 | 08739.4228 | 15:47:40 | 221.295544 | 359.369312 
 4152.4500 | 08739.4228 | 15:47:44 | 221.295544 | 359.369312 
 4152.4500 | 08739.4228 | 15:47:46 | 221.295544 | 359.369312 
 4152.4500 | 08739.4228 | 15:47:47 | 221.295544 | 359.369312 
 4152.4454 | 08739.4234 | 15:47:48 | 221.295070 | 359.364017 
 4152.4456 | 08739.4230 | 15:47:49 | 221.295412 | 359.364249 
 4152.4456 | 08739.4226 | 15:47:50 | 221.295756 | 359.364252 
 4152.4451 | 08739.4216 | 15:47:51 | 221.296620 | 359.363684 
 4152.4451 | 08739.4208 | 15:47:52 | 221.297308 | 359.363689 
 4152.4451 | 08739.4197 | 15:47:53 | 221.298253 | 359.363697 
 4152.4448 | 08739.4188 | 15:47:54 | 221.299030 | 359.363358 
 4152.4445 | 08739.4177 | 15:47:55 | 221.299978 | 359.363020 
 4152.4447 | 08739.4058 | 15:47:59 | 221.310207 | 359.363331 
 4152.4463 | 08739.3984 | 15:48:00 | 221.316554 | 359.365221 
 4152.4465 | 08739.3861 | 15:48:02 | 221.327126 | 359.365535 
 4152.4472 | 08739.3772 | 15:48:03 | 221.334771 | 359.366400 
 4152.4474 | 08739.3737 | 15:48:04 | 221.337778 | 359.366654 
 4152.4472 | 08739.3660 | 15:48:05 | 221.344400 | 359.366476 
 4152.4466 | 08739.3621 | 15:48:06 | 221.347758 | 359.365813 
 4152.4461 | 08739.3476 | 15:48:09 | 221.360228 | 359.365336 
 4152.4457 | 08739.3388 | 15:48:10 | 221.367797 | 359.364935 
 4152.4460 | 08739.3298 | 15:48:11 | 221.375532 | 359.365342 
 4152.4473 | 08739.3181 | 15:48:13 | 221.385578 | 359.366916 
 4152.4486 | 08739.3109 | 15:48:14 | 221.391756 | 359.368461 
 4152.4490 | 08739.3018 | 15:48:15 | 221.399576 | 359.368982 
 4152.4491 | 08739.2934 | 15:48:16 | 221.406796 | 359.369155 
 4152.4508 | 08739.2864 | 15:48:17 | 221.412799 | 359.371158 
 4152.4508 | 08739.2793 | 15:48:18 | 221.418903 | 359.371206 
 4152.4513 | 08739.2722 | 15:48:19 | 221.425002 | 359.371829 
 4152.4523 | 08739.2642 | 15:48:20 | 221.431870 | 359.373034 
 4152.4531 | 08739.2552 | 15:48:21 | 221.439600 | 359.374015 
 4152.4535 | 08739.2481 | 15:48:22 | 221.445701 | 359.374524 
 4152.4543 | 08739.2405 | 15:48:23 | 221.452227 | 359.375496 
 4152.4547 | 08739.2327 | 15:48:24 | 221.458929 | 359.376009 
 4152.4552 | 08739.2204 | 15:48:26 | 221.469499 | 359.376668 
 4152.4551 | 08739.2100 | 15:48:27 | 221.478440 | 359.376623 
 4152.4558 | 08739.2022 | 15:48:28 | 221.485139 | 359.377482 
 4152.4558 | 08739.1932 | 15:48:29 | 221.492877 | 359.377543 
 4152.4559 | 08739.1863 | 15:48:30 | 221.498808 | 359.377705 
 4152.4547 | 08739.1774 | 15:48:31 | 221.506470 | 359.376385 
 4152.4536 | 08739.1689 | 15:48:32 | 221.513787 | 359.375178 
 4152.4507 | 08739.1572 | 15:48:33 | 221.523872 | 359.371922 
 4152.4510 | 08739.1490 | 15:48:34 | 221.530919 | 359.372323 
 4152.4512 | 08739.1408 | 15:48:35 | 221.537967 | 359.372609 
 4152.4513 | 08739.1239 | 15:48:37 | 221.552494 | 359.372839 
 4152.4502 | 08739.1100 | 15:48:39 | 221.564454 | 359.371669 
 4152.4484 | 08739.1035 | 15:48:40 | 221.570059 | 359.369643 
 4152.4473 | 08739.0972 | 15:48:41 | 221.575485 | 359.368421 
 4152.4458 | 08739.0914 | 15:48:42 | 221.580485 | 359.366735 
 4152.4450 | 08739.0863 | 15:48:43 | 221.584876 | 359.365849 
 4152.4441 | 08739.0819 | 15:48:44 | 221.588667 | 359.364844 
 4152.4437 | 08739.0780 | 15:48:45 | 221.592024 | 359.364411 
 4152.4434 | 08739.0738 | 15:48:46 | 221.595637 | 359.364094 
 4152.4430 | 08739.0703 | 15:48:47 | 221.598650 | 359.363658 
 4152.4347 | 08739.0665 | 15:48:50 | 221.601993 | 359.354137 
 4152.4366 | 08739.0680 | 15:48:51 | 221.600686 | 359.356312 
 4152.4387 | 08739.0693 | 15:48:52 | 221.599549 | 359.358719 
 4152.4398 | 08739.0685 | 15:48:53 | 221.600227 | 359.359990 
 4152.4409 | 08739.0685 | 15:48:54 | 221.600217 | 359.361255 
 4152.4424 | 08739.0710 | 15:48:55 | 221.598054 | 359.362963 
 4152.4429 | 08739.0716 | 15:48:56 | 221.597533 | 359.363534 
 4152.4433 | 08739.0727 | 15:48:57 | 221.596584 | 359.363987 
 4152.4444 | 08739.0765 | 15:48:58 | 221.593307 | 359.365226 
 4152.4454 | 08739.0805 | 15:48:59 | 221.589859 | 359.366349 
 4152.4454 | 08739.0822 | 15:49:00 | 221.588398 | 359.366338 
 4152.4463 | 08739.0862 | 15:49:01 | 221.584951 | 359.367345 
 4152.4468 | 08739.0895 | 15:49:02 | 221.582109 | 359.367898 
 4152.4472 | 08739.0922 | 15:49:03 | 221.579784 | 359.368340 
 4152.4475 | 08739.0934 | 15:49:04 | 221.578750 | 359.368677 
 4152.4479 | 08739.0947 | 15:49:05 | 221.577629 | 359.369128 
 4152.4536 | 08739.1011 | 15:49:07 | 221.572074 | 359.375641 
 4152.4544 | 08739.1068 | 15:49:09 | 221.567167 | 359.376522 
 4152.4546 | 08739.1075 | 15:49:10 | 221.566563 | 359.376747 
 4152.4546 | 08739.1077 | 15:49:11 | 221.566391 | 359.376746 
 4152.4546 | 08739.1077 | 15:49:12 | 221.566391 | 359.376746 
 4152.4546 | 08739.1077 | 15:49:14 | 221.566391 | 359.376746 
 4152.4546 | 08739.1077 | 15:49:18 | 221.566391 | 359.376746 
 4152.4563 | 08739.0985 | 15:49:19 | 221.574285 | 359.378764 
 4152.4568 | 08739.0954 | 15:49:20 | 221.576945 | 359.379360 
 4152.4576 | 08739.0871 | 15:49:23 | 221.584074 | 359.380337 
 4152.4582 | 08739.0797 | 15:49:24 | 221.590430 | 359.381078 
 4152.4558 | 08739.0604 | 15:49:31 | 221.607044 | 359.378449 
 4152.4555 | 08739.0555 | 15:49:32 | 221.611259 | 359.378138 
 4152.4579 | 08739.0539 | 15:49:33 | 221.612613 | 359.380909 
 4152.4603 | 08739.0303 | 15:49:36 | 221.632879 | 359.383831 
 4152.4620 | 08739.0213 | 15:49:37 | 221.640601 | 359.385848 
 4152.4647 | 08738.9944 | 15:49:43 | 221.663702 | 359.389138 
 4152.4653 | 08738.9723 | 15:49:48 | 221.682696 | 359.389979 
 4152.4630 | 08738.9696 | 15:49:49 | 221.685038 | 359.387352 
 4152.4636 | 08738.9559 | 15:49:53 | 221.696810 | 359.388136 
 4152.4578 | 08738.9574 | 15:49:56 | 221.695574 | 359.381454 
 4152.4571 | 08738.9575 | 15:49:57 | 221.695494 | 359.380649 
 4152.4602 | 08738.9604 | 15:49:58 | 221.692973 | 359.384194 
 4152.4604 | 08738.9594 | 15:49:59 | 221.693831 | 359.384431 
 4152.4604 | 08738.9584 | 15:50:00 | 221.694690 | 359.384438 
 4152.4613 | 08738.9580 | 15:50:01 | 221.695026 | 359.385476 
 4152.4618 | 08738.9568 | 15:50:02 | 221.696053 | 359.386060 
 4152.4616 | 08738.9560 | 15:50:03 | 221.696742 | 359.385835 
 4152.4615 | 08738.9551 | 15:50:04 | 221.697517 | 359.385726 
 4152.4611 | 08738.9543 | 15:50:05 | 221.698209 | 359.385271 
 4152.4575 | 08738.9556 | 15:50:06 | 221.697124 | 359.381122 
 4152.4574 | 08738.9546 | 15:50:07 | 221.697985 | 359.381013 
 4152.4573 | 08738.9537 | 15:50:08 | 221.698759 | 359.380905 
 4152.4572 | 08738.9530 | 15:50:09 | 221.699362 | 359.380794 
 4152.4553 | 08738.9438 | 15:50:23 | 221.707288 | 359.378672 
 4152.4553 | 08738.9428 | 15:50:25 | 221.708148 | 359.378679 
 4152.4554 | 08738.9426 | 15:50:26 | 221.708319 | 359.378795 
 4152.4556 | 08738.9427 | 15:50:27 | 221.708231 | 359.379025 
 4152.4553 | 08738.9423 | 15:50:28 | 221.708578 | 359.378682 
 4152.4555 | 08738.9422 | 15:50:29 | 221.708662 | 359.378913 
 4152.4556 | 08738.9424 | 15:50:30 | 221.708489 | 359.379027 
 4152.4546 | 08738.9429 | 15:50:31 | 221.708069 | 359.377873 
 4152.4585 | 08738.9351 | 15:50:32 | 221.714738 | 359.382412 
 4152.4596 | 08738.9347 | 15:50:33 | 221.715072 | 359.383680 
 4152.4600 | 08738.9340 | 15:50:34 | 221.715670 | 359.384145 
 4152.4603 | 08738.9336 | 15:50:35 | 221.716011 | 359.384493 
 4152.4584 | 08738.9364 | 15:50:36 | 221.713622 | 359.382288 
 4152.4588 | 08738.9356 | 15:50:37 | 221.714306 | 359.382754 
 4152.4592 | 08738.9347 | 15:50:38 | 221.715076 | 359.383220 
 4152.4595 | 08738.9341 | 15:50:39 | 221.715589 | 359.383570 
 4152.4594 | 08738.9340 | 15:50:40 | 221.715676 | 359.383455 
 4152.4587 | 08738.9348 | 15:50:41 | 221.714995 | 359.382645 
 4152.4580 | 08738.9355 | 15:50:42 | 221.714399 | 359.381835 
 4152.4374 | 08738.9469 | 15:50:43 | 221.704788 | 359.358061 
 4152.4350 | 08738.9478 | 15:50:44 | 221.704036 | 359.355294 
 4152.4339 | 08738.9493 | 15:50:45 | 221.702756 | 359.354019 
 4152.4319 | 08738.9503 | 15:50:46 | 221.701915 | 359.351712 
 4152.4298 | 08738.9510 | 15:50:47 | 221.701333 | 359.349291 
 4152.4278 | 08738.9516 | 15:50:48 | 221.700835 | 359.346987 
 4152.4143 | 08738.9567 | 15:50:55 | 221.696574 | 359.331423 
 4152.4125 | 08738.9576 | 15:50:56 | 221.695817 | 359.329347 
 4152.4096 | 08738.9576 | 15:50:58 | 221.695844 | 359.326011 
 4152.4091 | 08738.9560 | 15:50:59 | 221.697224 | 359.325447 
 4152.4078 | 08738.9569 | 15:51:00 | 221.696462 | 359.323945 
 4152.4068 | 08738.9562 | 15:51:01 | 221.697073 | 359.322800 
 4152.4061 | 08738.9553 | 15:51:02 | 221.697853 | 359.322001 
 4152.4057 | 08738.9552 | 15:51:03 | 221.697943 | 359.321541 
 4152.4049 | 08738.9551 | 15:51:04 | 221.698036 | 359.320622 
 4152.4050 | 08738.9542 | 15:51:05 | 221.698809 | 359.320743 
 4152.4050 | 08738.9532 | 15:51:06 | 221.699669 | 359.320750 
 4152.4049 | 08738.9526 | 15:51:07 | 221.700185 | 359.320639 
 4152.4041 | 08738.9521 | 15:51:08 | 221.700622 | 359.319722 
 4152.4042 | 08738.9520 | 15:51:09 | 221.700708 | 359.319838 
 4152.4043 | 08738.9516 | 15:51:10 | 221.701050 | 359.319956 
 4152.4068 | 08738.9571 | 15:51:11 | 221.696299 | 359.322794 
 4152.4073 | 08738.9562 | 15:51:12 | 221.697068 | 359.323375 
 4152.4087 | 08738.9547 | 15:51:13 | 221.698345 | 359.324995 
 4152.4097 | 08738.9534 | 15:51:14 | 221.699453 | 359.326155 
 4152.4104 | 08738.9507 | 15:51:15 | 221.701768 | 359.326978 
 4152.4233 | 08738.9362 | 15:51:16 | 221.714116 | 359.341916 
 4152.4235 | 08738.9349 | 15:51:17 | 221.715231 | 359.342155 
 4152.4232 | 08738.9324 | 15:51:18 | 221.717383 | 359.341827 
 4152.4229 | 08738.9299 | 15:51:20 | 221.719535 | 359.341499 
 4152.4198 | 08738.9261 | 15:51:21 | 221.722831 | 359.337959 
 4152.4196 | 08738.9247 | 15:51:22 | 221.724036 | 359.337739 
 4152.4186 | 08738.9234 | 15:51:23 | 221.725163 | 359.336598 
 4152.4172 | 08738.9228 | 15:51:24 | 221.725692 | 359.334991 
 4152.4154 | 08738.9232 | 15:51:25 | 221.725364 | 359.332918 
 4152.4141 | 08738.9233 | 15:51:26 | 221.725290 | 359.331422 
 4152.4134 | 08738.9241 | 15:51:27 | 221.724609 | 359.330611 
 4152.4122 | 08738.9247 | 15:51:28 | 221.724104 | 359.329227 
 4152.4107 | 08738.9268 | 15:51:29 | 221.722312 | 359.327487 
 4152.4096 | 08738.9286 | 15:51:30 | 221.720775 | 359.326210 
 4152.4089 | 08738.9302 | 15:51:31 | 221.719406 | 359.325393 
 4152.4080 | 08738.9319 | 15:51:32 | 221.717953 | 359.324347 
 4152.4051 | 08738.9352 | 15:51:33 | 221.715142 | 359.320988 
 4152.4061 | 08738.9424 | 15:51:34 | 221.708943 | 359.322089 
 4152.4046 | 08738.9441 | 15:51:35 | 221.707495 | 359.320352 
 4152.4039 | 08738.9442 | 15:51:36 | 221.707416 | 359.319546 
 4152.4027 | 08738.9448 | 15:51:37 | 221.706911 | 359.318162 
 4152.4015 | 08738.9448 | 15:51:38 | 221.706922 | 359.316781 
 4152.4000 | 08738.9452 | 15:51:39 | 221.706592 | 359.315053 
 4152.3985 | 08738.9453 | 15:51:40 | 221.706520 | 359.313327 
 4152.3971 | 08738.9455 | 15:51:41 | 221.706361 | 359.311716 
 4152.3956 | 08738.9453 | 15:51:42 | 221.706546 | 359.309992 
 4152.3909 | 08738.9421 | 15:51:43 | 221.709341 | 359.304607 
 4152.3859 | 08738.9448 | 15:51:44 | 221.707065 | 359.298838 
 4152.3839 | 08738.9465 | 15:51:45 | 221.705622 | 359.296525 
 4152.3829 | 08738.9464 | 15:51:46 | 221.705717 | 359.295376 
 4152.3834 | 08738.9454 | 15:51:47 | 221.706572 | 359.295958 
 4152.3821 | 08738.9453 | 15:51:48 | 221.706670 | 359.294463 
 4152.3832 | 08738.9438 | 15:51:49 | 221.707950 | 359.295739 
 4152.3828 | 08738.9428 | 15:51:50 | 221.708813 | 359.295285 
 4152.3814 | 08738.9425 | 15:51:51 | 221.709084 | 359.293677 
 4152.3815 | 08738.9415 | 15:51:52 | 221.709943 | 359.293799 
 4152.3887 | 08738.9353 | 15:51:53 | 221.715207 | 359.302123 
 4152.3896 | 08738.9337 | 15:51:54 | 221.716574 | 359.303170 
 4152.3899 | 08738.9325 | 15:51:55 | 221.717603 | 359.303523 
 4152.3898 | 08738.9314 | 15:51:56 | 221.718549 | 359.303415 
 4152.3895 | 08738.9320 | 15:51:57 | 221.718036 | 359.303066 
 4152.3893 | 08738.9320 | 15:51:58 | 221.718038 | 359.302836 
 4152.3891 | 08738.9313 | 15:51:59 | 221.718642 | 359.302611 
 4152.3888 | 08738.9306 | 15:52:00 | 221.719246 | 359.302271 
 4152.3885 | 08738.9297 | 15:52:01 | 221.720023 | 359.301932 
 4152.3891 | 08738.9283 | 15:52:02 | 221.721221 | 359.302631 
 4152.3888 | 08738.9275 | 15:52:03 | 221.721912 | 359.302292 
 4152.3885 | 08738.9267 | 15:52:04 | 221.722602 | 359.301952 
 4152.3881 | 08738.9259 | 15:52:05 | 221.723293 | 359.301498 
 4152.3877 | 08738.9251 | 15:52:06 | 221.723985 | 359.301043 
 4152.3866 | 08738.9251 | 15:52:07 | 221.723995 | 359.299778 
 4152.3863 | 08738.9245 | 15:52:08 | 221.724514 | 359.299437 
 4152.3859 | 08738.9239 | 15:52:09 | 221.725033 | 359.298981 
 4152.3856 | 08738.9232 | 15:52:10 | 221.725638 | 359.298641 
 4152.3854 | 08738.9223 | 15:52:11 | 221.726413 | 359.298417 
 4152.3853 | 08738.9213 | 15:52:12 | 221.727274 | 359.298308 
 4152.3851 | 08738.9204 | 15:52:13 | 221.728049 | 359.298085 
 4152.3850 | 08738.9195 | 15:52:14 | 221.728824 | 359.297976 
 4152.3851 | 08738.9184 | 15:52:15 | 221.729769 | 359.298098 
 4152.3908 | 08738.9139 | 15:52:16 | 221.733585 | 359.304686 
 4152.3914 | 08738.9125 | 15:52:17 | 221.734783 | 359.305385 
 4152.3919 | 08738.9112 | 15:52:18 | 221.735896 | 359.305969 
 4152.3913 | 08738.9084 | 15:52:19 | 221.738309 | 359.305298 
 4152.3916 | 08738.9066 | 15:52:20 | 221.739854 | 359.305656 
 4152.3919 | 08738.9074 | 15:52:21 | 221.739163 | 359.305996 
 4152.3923 | 08738.9070 | 15:52:22 | 221.739503 | 359.306458 
 4152.3926 | 08738.9057 | 15:52:23 | 221.740618 | 359.306812 
 4152.3929 | 08738.9046 | 15:52:24 | 221.741561 | 359.307165 
 4152.3931 | 08738.9035 | 15:52:25 | 221.742505 | 359.307403 
 4152.3931 | 08738.9019 | 15:52:26 | 221.743881 | 359.307414 
 4152.3930 | 08738.9009 | 15:52:27 | 221.744741 | 359.307305 
 4152.3932 | 08738.8997 | 15:52:28 | 221.745771 | 359.307544 
 4152.3930 | 08738.8985 | 15:52:29 | 221.746804 | 359.307322 
 4152.3927 | 08738.8974 | 15:52:30 | 221.747753 | 359.306984 
 4152.3924 | 08738.8963 | 15:52:31 | 221.748701 | 359.306647 
 4152.3920 | 08738.8953 | 15:52:32 | 221.749565 | 359.306194 
 4152.3914 | 08738.8958 | 15:52:33 | 221.749140 | 359.305500 
 4152.3911 | 08738.8947 | 15:52:34 | 221.750089 | 359.305162 
 4152.3853 | 08738.8931 | 15:52:35 | 221.751518 | 359.298502 
 4152.3839 | 08738.8929 | 15:52:36 | 221.751702 | 359.296893 
 4152.3836 | 08738.8919 | 15:52:37 | 221.752565 | 359.296555 
 4152.3830 | 08738.8907 | 15:52:38 | 221.753602 | 359.295873 
 4152.3827 | 08738.8896 | 15:52:39 | 221.754550 | 359.295535 
 4152.3828 | 08738.8887 | 15:52:40 | 221.755323 | 359.295657 
 4152.3826 | 08738.8876 | 15:52:41 | 221.756271 | 359.295434 
 4152.3826 | 08738.8870 | 15:52:42 | 221.756787 | 359.295438 
 4152.3827 | 08738.8866 | 15:52:43 | 221.757130 | 359.295556 
 4152.3828 | 08738.8858 | 15:52:44 | 221.757816 | 359.295676 
 4152.3828 | 08738.8845 | 15:52:45 | 221.758934 | 359.295685 
 4152.3829 | 08738.8837 | 15:52:46 | 221.759621 | 359.295806 
 4152.3831 | 08738.8828 | 15:52:47 | 221.760393 | 359.296042 
 4152.3842 | 08738.8831 | 15:52:48 | 221.760125 | 359.297305 
 4152.3836 | 08738.8828 | 15:52:49 | 221.760388 | 359.296617 
 4152.3831 | 08738.8824 | 15:52:50 | 221.760737 | 359.296045 
 4152.3830 | 08738.8820 | 15:52:51 | 221.761081 | 359.295933 
 4152.3829 | 08738.8809 | 15:52:52 | 221.762028 | 359.295825 
 4152.3828 | 08738.8796 | 15:52:53 | 221.763147 | 359.295719 
 4152.3827 | 08738.8788 | 15:52:54 | 221.763835 | 359.295609 
 4152.3827 | 08738.8780 | 15:52:55 | 221.764523 | 359.295615 
 4152.3827 | 08738.8773 | 15:52:56 | 221.765125 | 359.295620 
 4152.3827 | 08738.8767 | 15:52:57 | 221.765641 | 359.295624 
 4152.3828 | 08738.8763 | 15:52:58 | 221.765984 | 359.295742 
 4152.3829 | 08738.8764 | 15:52:59 | 221.765897 | 359.295856 
 4152.3829 | 08738.8776 | 15:53:00 | 221.764865 | 359.295848 
 4152.3829 | 08738.8801 | 15:53:03 | 221.762716 | 359.295831 
 4152.3833 | 08738.8829 | 15:53:04 | 221.760305 | 359.296271 
 4152.3832 | 08738.8859 | 15:53:05 | 221.757727 | 359.296136 
 4152.3829 | 08738.8881 | 15:53:06 | 221.755838 | 359.295776 
 4152.3828 | 08738.8902 | 15:53:07 | 221.754034 | 359.295646 
 4152.3820 | 08738.8918 | 15:53:08 | 221.752665 | 359.294715 
 4152.3817 | 08738.8935 | 15:53:09 | 221.751207 | 359.294358 
 4152.3817 | 08738.8953 | 15:53:10 | 221.749659 | 359.294346 
 4152.3812 | 08738.8970 | 15:53:11 | 221.748202 | 359.293759 
 4152.3810 | 08738.8986 | 15:53:12 | 221.746829 | 359.293518 
 4152.3806 | 08738.8998 | 15:53:13 | 221.745801 | 359.293050 
 4152.3806 | 08738.9014 | 15:53:14 | 221.744425 | 359.293039 
 4152.3782 | 08738.9009 | 15:53:15 | 221.744877 | 359.290282 
 4152.3725 | 08738.8984 | 15:53:16 | 221.747079 | 359.283742 
 4152.3722 | 08738.8999 | 15:53:17 | 221.745792 | 359.283387 
 4152.3717 | 08738.9011 | 15:53:18 | 221.744765 | 359.282804 
 4152.3714 | 08738.9023 | 15:53:19 | 221.743736 | 359.282450 
 4152.3709 | 08738.9040 | 15:53:20 | 221.742279 | 359.281864 
 4152.3708 | 08738.9080 | 15:53:21 | 221.738841 | 359.281721 
 4152.3700 | 08738.9082 | 15:53:22 | 221.738676 | 359.280799 
 4152.3695 | 08738.9098 | 15:53:23 | 221.737305 | 359.280213 
 4152.3690 | 08738.9108 | 15:53:24 | 221.736450 | 359.279631 
 4152.3683 | 08738.9112 | 15:53:25 | 221.736113 | 359.278823 
 4152.3680 | 08738.9123 | 15:53:26 | 221.735170 | 359.278471 
 4152.3644 | 08738.9094 | 15:53:27 | 221.737696 | 359.274350 
 4152.3636 | 08738.9099 | 15:53:28 | 221.737274 | 359.273426 
 4152.3630 | 08738.9103 | 15:53:29 | 221.736935 | 359.272733 
 4152.3656 | 08738.9094 | 15:53:30 | 221.737685 | 359.275730 
 4152.3650 | 08738.9091 | 15:53:31 | 221.737949 | 359.275042 
 4152.3644 | 08738.9095 | 15:53:32 | 221.737610 | 359.274349 
 4152.3633 | 08738.9092 | 15:53:33 | 221.737878 | 359.273086 
 4152.3623 | 08738.9070 | 15:53:34 | 221.739779 | 359.271951 
 4152.3616 | 08738.9073 | 15:53:35 | 221.739527 | 359.271144 
 4152.3614 | 08738.9077 | 15:53:36 | 221.739185 | 359.270911 
 4152.3609 | 08738.9075 | 15:53:37 | 221.739362 | 359.270337 
 4152.3600 | 08738.9072 | 15:53:38 | 221.739628 | 359.269304 
 4152.3591 | 08738.9073 | 15:53:39 | 221.739550 | 359.268268 
 4152.3581 | 08738.9076 | 15:53:40 | 221.739301 | 359.267116 
 4152.3569 | 08738.9083 | 15:53:41 | 221.738711 | 359.265730 
 4152.3554 | 08738.9091 | 15:53:42 | 221.738037 | 359.264000 
 4152.3549 | 08738.9090 | 15:53:43 | 221.738127 | 359.263425 
 4152.3541 | 08738.9090 | 15:53:44 | 221.738135 | 359.262505 
 4152.3532 | 08738.9099 | 15:53:45 | 221.737369 | 359.261464 
 4152.3526 | 08738.9101 | 15:53:46 | 221.737203 | 359.260772 
 4152.3518 | 08738.9104 | 15:53:47 | 221.736952 | 359.259850 
 4152.3513 | 08738.9105 | 15:53:48 | 221.736871 | 359.259274 
 4152.3508 | 08738.9100 | 15:53:49 | 221.737305 | 359.258702 
 4152.3511 | 08738.9097 | 15:53:50 | 221.737560 | 359.259049 
 4152.3509 | 08738.9096 | 15:53:51 | 221.737648 | 359.258820 
 4152.3510 | 08738.9093 | 15:53:52 | 221.737905 | 359.258937 
 4152.3506 | 08738.9093 | 15:53:53 | 221.737909 | 359.258477 
 4152.3501 | 08738.9093 | 15:53:54 | 221.737913 | 359.257902 
 4152.3501 | 08738.9088 | 15:53:55 | 221.738343 | 359.257905 
 4152.3498 | 08738.9094 | 15:53:56 | 221.737830 | 359.257556 
 4152.3496 | 08738.9090 | 15:53:57 | 221.738176 | 359.257329 
 4152.3486 | 08738.9077 | 15:53:58 | 221.739303 | 359.256187 
 4152.3479 | 08738.9075 | 15:53:59 | 221.739481 | 359.255384 
 4152.3465 | 08738.9066 | 15:54:00 | 221.740268 | 359.253780 
 4152.3440 | 08738.9067 | 15:54:03 | 221.740205 | 359.250903 
 4152.3439 | 08738.9066 | 15:54:04