 4150.3838 | 08738.7931 | 18:29:30 | 221.855903 | 356.996964 
 4150.3848 | 08738.7928 | 18:29:40 | 221.856152 | 356.998116 
 4150.3848 | 08738.7928 | 18:29:41 | 221.856152 | 356.998116 
 4150.3848 | 08738.7928 | 18:29:42 | 221.856152 | 356.998116 
 4150.3848 | 08738.7928 | 18:29:43 | 221.856152 | 356.998116 
 4150.3848 | 08738.7928 | 18:29:44 | 221.856152 | 356.998116 
 4150.3848 | 08738.7928 | 18:29:46 | 221.856152 | 356.998116 
 4150.3863 | 08738.7897 | 18:29:47 | 221.858805 | 356.999863 
 4150.3889 | 08738.7888 | 18:29:48 | 221.859555 | 357.002860 
 4150.3893 | 08738.7810 | 18:29:49 | 221.866260 | 357.003374 
 4150.3903 | 08738.7768 | 18:29:51 | 221.869864 | 357.004553 
 4150.3910 | 08738.7749 | 18:29:52 | 221.871492 | 357.005371 
 4150.3986 | 08738.7741 | 18:29:53 | 221.872110 | 357.014118 
 4150.3998 | 08738.7723 | 18:29:54 | 221.873647 | 357.015511 
 4150.4011 | 08738.7706 | 18:29:55 | 221.875097 | 357.017018 
 4150.4025 | 08738.7688 | 18:29:56 | 221.876633 | 357.018641 
 4150.4039 | 08738.7670 | 18:29:57 | 221.878168 | 357.020264 
 4150.4056 | 08738.7653 | 18:29:58 | 221.879615 | 357.022231 
 4150.4075 | 08738.7635 | 18:29:59 | 221.881145 | 357.024428 
 4150.4315 | 08738.7752 | 18:30:00 | 221.870861 | 357.051954 
 4150.4485 | 08738.7791 | 18:30:01 | 221.867350 | 357.071481 
 4150.4541 | 08738.7806 | 18:30:02 | 221.866008 | 357.077912 
 4150.4620 | 08738.7776 | 18:30:03 | 221.868516 | 357.087020 
 4150.4682 | 08738.7770 | 18:30:04 | 221.868975 | 357.094156 
 4150.4736 | 08738.7772 | 18:30:05 | 221.868753 | 357.100366 
 4150.4791 | 08738.7774 | 18:30:06 | 221.868531 | 357.106690 
 4150.4829 | 08738.7785 | 18:30:07 | 221.867550 | 357.111054 
 4150.4869 | 08738.7798 | 18:30:08 | 221.866395 | 357.115646 
 4150.4907 | 08738.7801 | 18:30:09 | 221.866102 | 357.120015 
 4150.4947 | 08738.7804 | 18:30:10 | 221.865807 | 357.124614 
 4150.4988 | 08738.7812 | 18:30:11 | 221.865081 | 357.129324 
 4150.5038 | 08738.7831 | 18:30:12 | 221.863401 | 357.135062 
 4150.5100 | 08738.7819 | 18:30:13 | 221.864376 | 357.142202 
 4150.5159 | 08738.7820 | 18:30:14 | 221.864235 | 357.148988 
 4150.5218 | 08738.7821 | 18:30:15 | 221.864095 | 357.155774 
 4150.5280 | 08738.7825 | 18:30:16 | 221.863694 | 357.162902 
 4150.5351 | 08738.7813 | 18:30:17 | 221.864661 | 357.171077 
 4150.5420 | 08738.7809 | 18:30:18 | 221.864941 | 357.179017 
 4150.5486 | 08738.7812 | 18:30:19 | 221.864623 | 357.186607 
 4150.5552 | 08738.7811 | 18:30:20 | 221.864648 | 357.194199 
 4150.5619 | 08738.7811 | 18:30:21 | 221.864586 | 357.201905 
 4150.5692 | 08738.7815 | 18:30:22 | 221.864175 | 357.210300 
 4150.5764 | 08738.7820 | 18:30:23 | 221.863679 | 357.218578 
 4150.5836 | 08738.7824 | 18:30:24 | 221.863269 | 357.226857 
 4150.5913 | 08738.7833 | 18:30:25 | 221.862424 | 357.235708 
 4150.5990 | 08738.7841 | 18:30:26 | 221.861665 | 357.244559 
 4150.6068 | 08738.7851 | 18:30:27 | 221.860733 | 357.253524 
 4150.6146 | 08738.7861 | 18:30:28 | 221.859801 | 357.262489 
 4150.6238 | 08738.7848 | 18:30:29 | 221.860834 | 357.273080 
 4150.6321 | 08738.7853 | 18:30:30 | 221.860328 | 357.282624 
 4150.6417 | 08738.7834 | 18:30:31 | 221.861874 | 357.293679 
 4150.6500 | 08738.7837 | 18:30:32 | 221.861539 | 357.303224 
 4150.6578 | 08738.7840 | 18:30:33 | 221.861210 | 357.312194 
 4150.6657 | 08738.7839 | 18:30:34 | 221.861223 | 357.321282 
 4150.6732 | 08738.7835 | 18:30:35 | 221.861498 | 357.329911 
 4150.6801 | 08738.7838 | 18:30:36 | 221.861177 | 357.337846 
 4150.6868 | 08738.7840 | 18:30:37 | 221.860943 | 357.345551 
 4150.6934 | 08738.7842 | 18:30:38 | 221.860710 | 357.353142 
 4150.7000 | 08738.7844 | 18:30:39 | 221.860477 | 357.360732 
 4150.7065 | 08738.7846 | 18:30:40 | 221.860246 | 357.368207 
 4150.7130 | 08738.7848 | 18:30:41 | 221.860014 | 357.375682 
 4150.7193 | 08738.7850 | 18:30:42 | 221.859784 | 357.382928 
 4150.7258 | 08738.7852 | 18:30:43 | 221.859552 | 357.390403 
 4150.7322 | 08738.7853 | 18:30:44 | 221.859407 | 357.397764 
 4150.7897 | 08738.7883 | 18:30:53 | 221.856298 | 357.463882 
 4150.7918 | 08738.7871 | 18:30:54 | 221.857311 | 357.466306 
 4150.7963 | 08738.7845 | 18:30:55 | 221.859505 | 357.471500 
 4150.8003 | 08738.7844 | 18:30:56 | 221.859555 | 357.476102 
 4150.8043 | 08738.7844 | 18:30:57 | 221.859518 | 357.480703 
 4150.8023 | 08738.7834 | 18:30:58 | 221.860396 | 357.478409 
 4150.8042 | 08738.7816 | 18:30:59 | 221.861927 | 357.480607 
 4150.8059 | 08738.7799 | 18:31:00 | 221.863373 | 357.482574 
 4150.8062 | 08738.7815 | 18:31:01 | 221.861994 | 357.482908 
 4150.8078 | 08738.7801 | 18:31:02 | 221.863184 | 357.484758 
 4150.8031 | 08738.7875 | 18:31:03 | 221.856863 | 357.479301 
 4150.8042 | 08738.7888 | 18:31:04 | 221.855734 | 357.480557 
 4150.8050 | 08738.7892 | 18:31:05 | 221.855383 | 357.481475 
 4150.8063 | 08738.7904 | 18:31:06 | 221.854339 | 357.482962 
 4150.8077 | 08738.7913 | 18:31:07 | 221.853552 | 357.484566 
 4150.8095 | 08738.7917 | 18:31:08 | 221.853192 | 357.486634 
 4150.8095 | 08738.7895 | 18:31:09 | 221.855084 | 357.486649 
 4150.8099 | 08738.7887 | 18:31:10 | 221.855768 | 357.487115 
 4150.8104 | 08738.7878 | 18:31:11 | 221.856537 | 357.487696 
 4150.8107 | 08738.7867 | 18:31:12 | 221.857481 | 357.488049 
 4150.8110 | 08738.7854 | 18:31:13 | 221.858596 | 357.488403 
 4150.8111 | 08738.7845 | 18:31:14 | 221.859369 | 357.488524 
 4150.8114 | 08738.7836 | 18:31:15 | 221.860141 | 357.488875 
 4150.8117 | 08738.7831 | 18:31:16 | 221.860568 | 357.489224 
 4150.8118 | 08738.7822 | 18:31:17 | 221.861341 | 357.489345 
 4150.8118 | 08738.7815 | 18:31:18 | 221.861943 | 357.489350 
 4150.8118 | 08738.7809 | 18:31:19 | 221.862459 | 357.489354 
 4150.8121 | 08738.7802 | 18:31:20 | 221.863058 | 357.489704 
 4150.8128 | 08738.7796 | 18:31:21 | 221.863568 | 357.490513 
 4150.8133 | 08738.7791 | 18:31:22 | 221.863993 | 357.491091 
 4150.8141 | 08738.7788 | 18:31:23 | 221.864244 | 357.492014 
 4150.8144 | 08738.7876 | 18:31:24 | 221.856673 | 357.492298 
 4150.8150 | 08738.7874 | 18:31:25 | 221.856839 | 357.492990 
 4150.8157 | 08738.7885 | 18:31:26 | 221.855887 | 357.493787 
 4150.8166 | 08738.7893 | 18:31:27 | 221.855190 | 357.494817 
 4150.8202 | 08738.7884 | 18:31:28 | 221.855931 | 357.498964 
 4150.8220 | 08738.7893 | 18:31:29 | 221.855141 | 357.501028 
 4150.8256 | 08738.7892 | 18:31:30 | 221.855194 | 357.505170 
 4150.8296 | 08738.7892 | 18:31:31 | 221.855157 | 357.509771 
 4150.8339 | 08738.7892 | 18:31:32 | 221.855117 | 357.514717 
 4150.8385 | 08738.7892 | 18:31:33 | 221.855075 | 357.520008 
 4150.8448 | 08738.7911 | 18:31:34 | 221.853383 | 357.527242 
 4150.8510 | 08738.7921 | 18:31:35 | 221.852466 | 357.534366 
 4150.8814 | 08738.7962 | 18:31:40 | 221.848660 | 357.569306 
 4150.8876 | 08738.7981 | 18:31:41 | 221.846969 | 357.576424 
 4150.8938 | 08738.7993 | 18:31:42 | 221.845880 | 357.583547 
 4150.9025 | 08738.8014 | 18:31:43 | 221.843994 | 357.593540 
 4150.9095 | 08738.8018 | 18:31:44 | 221.843585 | 357.601589 
 4150.9183 | 08738.7978 | 18:31:45 | 221.846944 | 357.611739 
 4150.9249 | 08738.7995 | 18:31:46 | 221.845422 | 357.619319 
 4150.9313 | 08738.7996 | 18:31:47 | 221.845277 | 357.626680 
 4150.9375 | 08738.7990 | 18:31:48 | 221.845736 | 357.633815 
 4150.9438 | 08738.7986 | 18:31:49 | 221.846022 | 357.641065 
 4150.9501 | 08738.7979 | 18:31:50 | 221.846566 | 357.648316 
 4150.9565 | 08738.7969 | 18:31:51 | 221.847367 | 357.655685 
 4150.9617 | 08738.8000 | 18:31:52 | 221.844653 | 357.661645 
 4150.9681 | 08738.8000 | 18:31:53 | 221.844594 | 357.669006 
 4150.9743 | 08738.8001 | 18:31:54 | 221.844451 | 357.676137 
 4150.9805 | 08738.8002 | 18:31:55 | 221.844308 | 357.683268 
 4150.9886 | 08738.8028 | 18:31:56 | 221.841998 | 357.692567 
 4150.9960 | 08738.8038 | 18:31:57 | 221.841070 | 357.701072 
 4151.0097 | 08738.7893 | 18:31:58 | 221.853414 | 357.716930 
 4151.0188 | 08738.7884 | 18:31:59 | 221.854104 | 357.727404 
 4151.0278 | 08738.7882 | 18:32:00 | 221.854193 | 357.737757 
 4151.0368 | 08738.7886 | 18:32:01 | 221.853767 | 357.748107 
 4151.0446 | 08738.7886 | 18:32:02 | 221.853695 | 357.757079 
 4151.0534 | 08738.7891 | 18:32:03 | 221.853184 | 357.767197 
 4151.0622 | 08738.7897 | 18:32:04 | 221.852587 | 357.777315 
 4151.0706 | 08738.7904 | 18:32:05 | 221.851908 | 357.786973 
 4151.0774 | 08738.7911 | 18:32:06 | 221.851243 | 357.794790 
 4151.0850 | 08738.7914 | 18:32:07 | 221.850915 | 357.803529 
 4151.0920 | 08738.7897 | 18:32:08 | 221.852313 | 357.811593 
 4151.0989 | 08738.7912 | 18:32:09 | 221.850959 | 357.819519 
 4151.1044 | 08738.7904 | 18:32:10 | 221.851597 | 357.825851 
 4151.1102 | 08738.7911 | 18:32:11 | 221.850941 | 357.832518 
 4151.1155 | 08738.7913 | 18:32:12 | 221.850720 | 357.838613 
 4151.1202 | 08738.7912 | 18:32:13 | 221.850763 | 357.844019 
 4151.1247 | 08738.7904 | 18:32:14 | 221.851410 | 357.849201 
 4151.1273 | 08738.7924 | 18:32:15 | 221.849666 | 357.852178 
 4151.1302 | 08738.7931 | 18:32:16 | 221.849037 | 357.855509 
 4151.1330 | 08738.7933 | 18:32:17 | 221.848839 | 357.858728 
 4151.1357 | 08738.7934 | 18:32:18 | 221.848729 | 357.861833 
 4151.1385 | 08738.7936 | 18:32:19 | 221.848531 | 357.865053 
 4151.1411 | 08738.7939 | 18:32:20 | 221.848249 | 357.868041 
 4151.1439 | 08738.7942 | 18:32:21 | 221.847965 | 357.871260 
 4151.1466 | 08738.7943 | 18:32:22 | 221.847854 | 357.874365 
 4151.1517 | 08738.7927 | 18:32:23 | 221.849183 | 357.880242 
 4151.1551 | 08738.7922 | 18:32:24 | 221.849582 | 357.884156 
 4151.1593 | 08738.7925 | 18:32:25 | 221.849286 | 357.888985 
 4151.1636 | 08738.7925 | 18:32:26 | 221.849246 | 357.893931 
 4151.1680 | 08738.7923 | 18:32:27 | 221.849377 | 357.898994 
 4151.1725 | 08738.7923 | 18:32:28 | 221.849336 | 357.904170 
 4151.1772 | 08738.7914 | 18:32:29 | 221.850067 | 357.909582 
 4151.1821 | 08738.7906 | 18:32:30 | 221.850710 | 357.915224 
 4151.1928 | 08738.7944 | 18:32:32 | 221.847343 | 357.927506 
 4151.2041 | 08738.7955 | 18:32:34 | 221.846293 | 357.940496 
 4151.2096 | 08738.7956 | 18:32:35 | 221.846157 | 357.946821 
 4151.2147 | 08738.7947 | 18:32:36 | 221.846884 | 357.952694 
 4151.2197 | 08738.7939 | 18:32:37 | 221.847526 | 357.958451 
 4151.2250 | 08738.7936 | 18:32:38 | 221.847735 | 357.964549 
 4151.2302 | 08738.7937 | 18:32:39 | 221.847601 | 357.970530 
 4151.2353 | 08738.7943 | 18:32:40 | 221.847038 | 357.976392 
 4151.2369 | 08738.7935 | 18:32:41 | 221.847712 | 357.978238 
 4151.2408 | 08738.7939 | 18:32:42 | 221.847332 | 357.982721 
 4151.2443 | 08738.7940 | 18:32:43 | 221.847214 | 357.986746 
 4151.2476 | 08738.7938 | 18:32:44 | 221.847355 | 357.990543 
 4151.2505 | 08738.7932 | 18:32:45 | 221.847845 | 357.993883 
 4151.2514 | 08738.7947 | 18:32:46 | 221.846546 | 357.994908 
 4151.2525 | 08738.7945 | 18:32:47 | 221.846708 | 357.996175 
 4151.2537 | 08738.7944 | 18:32:48 | 221.846783 | 357.997556 
 4151.2544 | 08738.7943 | 18:32:49 | 221.846863 | 357.998362 
 4151.2556 | 08738.7939 | 18:32:50 | 221.847196 | 357.999745 
 4151.2563 | 08738.7900 | 18:32:51 | 221.850543 | 358.000577 
 4151.2577 | 08738.7887 | 18:32:52 | 221.851648 | 358.002196 
 4151.2584 | 08738.7881 | 18:32:53 | 221.852158 | 358.003005 
 4151.2588 | 08738.7879 | 18:32:54 | 221.852326 | 358.003467 
 4151.2588 | 08738.7879 | 18:32:55 | 221.852326 | 358.003467 
 4151.2596 | 08738.7875 | 18:32:56 | 221.852663 | 358.004390 
 4151.2603 | 08738.7874 | 18:32:57 | 221.852742 | 358.005196 
 4151.2609 | 08738.7875 | 18:32:58 | 221.852651 | 358.005885 
 4151.2614 | 08738.7877 | 18:32:59 | 221.852474 | 358.006459 
 4151.2617 | 08738.7880 | 18:33:00 | 221.852213 | 358.006802 
 4151.2617 | 08738.7882 | 18:33:01 | 221.852041 | 358.006800 
 4151.2619 | 08738.7884 | 18:33:02 | 221.851867 | 358.007029 
 4151.2619 | 08738.7884 | 18:33:03 | 221.851867 | 358.007029 
 4151.2619 | 08738.7884 | 18:33:04 | 221.851867 | 358.007029 
 4151.2619 | 08738.7884 | 18:33:05 | 221.851867 | 358.007029 
 4151.2625 | 08738.7888 | 18:33:06 | 221.851518 | 358.007716 
 4151.2630 | 08738.7890 | 18:33:07 | 221.851341 | 358.008290 
 4151.2637 | 08738.7891 | 18:33:08 | 221.851249 | 358.009095 
 4151.2653 | 08738.7894 | 18:33:09 | 221.850976 | 358.010933 
 4151.2677 | 08738.7895 | 18:33:10 | 221.850868 | 358.013693 
 4151.2707 | 08738.7895 | 18:33:11 | 221.850841 | 358.017144 
 4151.2742 | 08738.7895 | 18:33:12 | 221.850808 | 358.021170 
 4151.2783 | 08738.7902 | 18:33:13 | 221.850169 | 358.025881 
 4151.2828 | 08738.7901 | 18:33:14 | 221.850213 | 358.031058 
 4151.2878 | 08738.7890 | 18:33:15 | 221.851113 | 358.036816 
 4151.2931 | 08738.7890 | 18:33:16 | 221.851064 | 358.042913 
 4151.2985 | 08738.7892 | 18:33:17 | 221.850843 | 358.049123 
 4151.3041 | 08738.7895 | 18:33:18 | 221.850533 | 358.055562 
 4151.3098 | 08738.7901 | 18:33:19 | 221.849965 | 358.062114 
 4151.3157 | 08738.7904 | 18:33:20 | 221.849653 | 358.068899 
 4151.3218 | 08738.7907 | 18:33:21 | 221.849338 | 358.075913 
 4151.3280 | 08738.7909 | 18:33:22 | 221.849109 | 358.083043 
 4151.3342 | 08738.7911 | 18:33:23 | 221.848880 | 358.090174 
 4151.3533 | 08738.7915 | 18:33:26 | 221.848361 | 358.112141 
 4151.3593 | 08738.7917 | 18:33:27 | 221.848133 | 358.119041 
 4151.3653 | 08738.7919 | 18:33:28 | 221.847906 | 358.125941 
 4151.3713 | 08738.7921 | 18:33:29 | 221.847679 | 358.132841 
 4151.3774 | 08738.7924 | 18:33:30 | 221.847365 | 358.139855 
 4151.3835 | 08738.7926 | 18:33:31 | 221.847137 | 358.146871 
 4151.3905 | 08738.7924 | 18:33:32 | 221.847244 | 358.154924 
 4151.3972 | 08738.7924 | 18:33:33 | 221.847183 | 358.162630 
 4151.4043 | 08738.7911 | 18:33:34 | 221.848235 | 358.170806 
 4151.4111 | 08738.7927 | 18:33:35 | 221.846797 | 358.178617 
 4151.4183 | 08738.7932 | 18:33:36 | 221.846301 | 358.186895 
 4151.4254 | 08738.7945 | 18:33:37 | 221.845117 | 358.195053 
 4151.4325 | 08738.7952 | 18:33:38 | 221.844450 | 358.203215 
 4151.4397 | 08738.7956 | 18:33:39 | 221.844040 | 358.211494 
 4151.4454 | 08738.7999 | 18:33:42 | 221.840290 | 358.218021 
 4151.4443 | 08738.7916 | 18:33:43 | 221.847437 | 358.216813 
 4151.4443 | 08738.7920 | 18:33:44 | 221.847093 | 358.216810 
 4151.4444 | 08738.7928 | 18:33:45 | 221.846405 | 358.216919 
 4151.4444 | 08738.7928 | 18:33:46 | 221.846405 | 358.216919 
 4151.4444 | 08738.7928 | 18:33:47 | 221.846405 | 358.216919 
 4151.4444 | 08738.7928 | 18:33:48 | 221.846405 | 358.216919 
 4151.4444 | 08738.7928 | 18:33:49 | 221.846405 | 358.216919 
 4151.4444 | 08738.7928 | 18:33:50 | 221.846405 | 358.216919 
 4151.4444 | 08738.7928 | 18:33:51 | 221.846405 | 358.216919 
 4151.4444 | 08738.7928 | 18:33:52 | 221.846405 | 358.216919 
 4151.4444 | 08738.7928 | 18:33:53 | 221.846405 | 358.216919 
 4151.4444 | 08738.7928 | 18:33:54 | 221.846405 | 358.216919 
 4151.4444 | 08738.7928 | 18:33:55 | 221.846405 | 358.216919 
 4151.4444 | 08738.7928 | 18:33:56 | 221.846405 | 358.216919 
 4151.4444 | 08738.7928 | 18:33:57 | 221.846405 | 358.216919 
 4151.4444 | 08738.7928 | 18:33:58 | 221.846405 | 358.216919 
 4151.4444 | 08738.7928 | 18:33:59 | 221.846405 | 358.216919 
 4151.4444 | 08738.7928 | 18:34:00 | 221.846405 | 358.216919 
 4151.4444 | 08738.7928 | 18:34:01 | 221.846405 | 358.216919 
 4151.4444 | 08738.7928 | 18:34:02 | 221.846405 | 358.216919 
 4151.4444 | 08738.7928 | 18:34:03 | 221.846405 | 358.216919 
 4151.4444 | 08738.7928 | 18:34:04 | 221.846405 | 358.216919 
 4151.4444 | 08738.7928 | 18:34:05 | 221.846405 | 358.216919 
 4151.4444 | 08738.7928 | 18:34:06 | 221.846405 | 358.216919 
 4151.4444 | 08738.7928 | 18:34:07 | 221.846405 | 358.216919 
 4151.4444 | 08738.7928 | 18:34:08 | 221.846405 | 358.216919 
 4151.4444 | 08738.7928 | 18:34:09 | 221.846405 | 358.216919 
 4151.4444 | 08738.7928 | 18:34:10 | 221.846405 | 358.216919 
 4151.4444 | 08738.7928 | 18:34:11 | 221.846405 | 358.216919 
 4151.4444 | 08738.7928 | 18:34:12 | 221.846405 | 358.216919 
 4151.4444 | 08738.7928 | 18:34:13 | 221.846405 | 358.216919 
 4151.4444 | 08738.7928 | 18:34:14 | 221.846405 | 358.216919 
 4151.4444 | 08738.7928 | 18:34:15 | 221.846405 | 358.216919 
 4151.4444 | 08738.7928 | 18:34:16 | 221.846405 | 358.216919 
 4151.4444 | 08738.7928 | 18:34:17 | 221.846405 | 358.216919 
 4151.4444 | 08738.7928 | 18:34:18 | 221.846405 | 358.216919 
 4151.4444 | 08738.7928 | 18:34:19 | 221.846405 | 358.216919 
 4151.4444 | 08738.7928 | 18:34:20 | 221.846405 | 358.216919 
 4151.4444 | 08738.7928 | 18:34:21 | 221.846405 | 358.216919 
 4151.4444 | 08738.7928 | 18:34:22 | 221.846405 | 358.216919 
 4151.4444 | 08738.7928 | 18:34:23 | 221.846405 | 358.216919 
 4151.4444 | 08738.7928 | 18:34:24 | 221.846405 | 358.216919 
 4151.4444 | 08738.7928 | 18:34:25 | 221.846405 | 358.216919 
 4151.4444 | 08738.7928 | 18:34:26 | 221.846405 | 358.216919 
 4151.4444 | 08738.7928 | 18:34:27 | 221.846405 | 358.216919 
 4151.4444 | 08738.7928 | 18:34:28 | 221.846405 | 358.216919 
 4151.4444 | 08738.7928 | 18:34:29 | 221.846405 | 358.216919 
 4151.4444 | 08738.7928 | 18:34:30 | 221.846405 | 358.216919 
 4151.4546 | 08738.7964 | 18:34:31 | 221.843215 | 358.228627 
 4151.4553 | 08738.7956 | 18:34:32 | 221.843896 | 358.229438 
 4151.4567 | 08738.7943 | 18:34:33 | 221.845002 | 358.231057 
 4151.4579 | 08738.7930 | 18:34:34 | 221.846108 | 358.232446 
 4151.4601 | 08738.7914 | 18:34:35 | 221.847464 | 358.234988 
 4151.4929 | 08738.8101 | 18:34:36 | 221.831082 | 358.272588 
 4151.4983 | 08738.8120 | 18:34:37 | 221.829398 | 358.278786 
 4151.5036 | 08738.8140 | 18:34:38 | 221.827630 | 358.284868 
 4151.5141 | 08738.8063 | 18:34:39 | 221.834155 | 358.296999 
 4151.5204 | 08738.8072 | 18:34:40 | 221.833323 | 358.304239 
 4151.5271 | 08738.8075 | 18:34:41 | 221.833003 | 358.311944 
 4151.5360 | 08738.8019 | 18:34:42 | 221.837737 | 358.322220 
 4151.5425 | 08738.8011 | 18:34:43 | 221.838365 | 358.329702 
 4151.5532 | 08738.7934 | 18:34:44 | 221.844888 | 358.342062 
 4151.5597 | 08738.7947 | 18:34:45 | 221.843710 | 358.349530 
 4151.5661 | 08738.7947 | 18:34:46 | 221.843651 | 358.356892 
 4151.5725 | 08738.7942 | 18:34:47 | 221.844022 | 358.364257 
 4151.5786 | 08738.7940 | 18:34:48 | 221.844138 | 358.371275 
 4151.5847 | 08738.7938 | 18:34:49 | 221.844254 | 358.378293 
 4151.5906 | 08738.7934 | 18:34:50 | 221.844543 | 358.385082 
 4151.5955 | 08738.7930 | 18:34:51 | 221.844842 | 358.390721 
 4151.5772 | 08738.7947 | 18:34:52 | 221.843549 | 358.369660 
 4151.5798 | 08738.7947 | 18:34:53 | 221.843525 | 358.372650 
 4151.5825 | 08738.7947 | 18:34:54 | 221.843500 | 358.375756 
 4151.5779 | 08738.7937 | 18:34:55 | 221.844402 | 358.370472 
 4151.5796 | 08738.7925 | 18:34:56 | 221.845419 | 358.372435 
 4151.5811 | 08738.7913 | 18:34:57 | 221.846437 | 358.374169 
 4151.5832 | 08738.7899 | 18:34:58 | 221.847621 | 358.376594 
 4151.5846 | 08738.7887 | 18:34:59 | 221.848640 | 358.378213 
 4151.5853 | 08738.7887 | 18:35:00 | 221.848634 | 358.379018 
 4151.5856 | 08738.7885 | 18:35:01 | 221.848803 | 358.379364 
 4151.5856 | 08738.7885 | 18:35:02 | 221.848803 | 358.379364 
 4151.5875 | 08738.7899 | 18:35:03 | 221.847582 | 358.381540 
 4151.5877 | 08738.7900 | 18:35:04 | 221.847494 | 358.381769 
 4151.5877 | 08738.7900 | 18:35:05 | 221.847494 | 358.381769 
 4151.5884 | 08738.7894 | 18:35:06 | 221.848003 | 358.382579 
 4151.5893 | 08738.7901 | 18:35:07 | 221.847393 | 358.383609 
 4151.5907 | 08738.7913 | 18:35:08 | 221.846348 | 358.385211 
 4151.5925 | 08738.7931 | 18:35:09 | 221.844784 | 358.387269 
 4151.5947 | 08738.7955 | 18:35:10 | 221.842700 | 358.389783 
 4151.5971 | 08738.7979 | 18:35:11 | 221.840614 | 358.392527 
 4151.6495 | 08738.7860 | 18:35:20 | 221.850365 | 358.452882 
 4151.6557 | 08738.7878 | 18:35:21 | 221.848760 | 358.460002 
 4151.6750 | 08738.7911 | 18:35:24 | 221.845745 | 358.482179 
 4151.6959 | 08738.8063 | 18:35:25 | 221.832482 | 358.506114 
 4151.7049 | 08738.8028 | 18:35:26 | 221.835409 | 358.516491 
 4151.7116 | 08738.8036 | 18:35:27 | 221.834660 | 358.524192 
 4151.7184 | 08738.8030 | 18:35:28 | 221.835113 | 358.532018 
 4151.7255 | 08738.8015 | 18:35:29 | 221.836337 | 358.540195 
 4151.7326 | 08738.8011 | 18:35:30 | 221.836616 | 358.548364 
 4151.7400 | 08738.8011 | 18:35:31 | 221.836548 | 358.556876 
 4151.7474 | 08738.8013 | 18:35:32 | 221.836308 | 358.565387 
 4151.7549 | 08738.8014 | 18:35:33 | 221.836153 | 358.574013 
 4151.7625 | 08738.8016 | 18:35:34 | 221.835911 | 358.582754 
 4151.7698 | 08738.8017 | 18:35:35 | 221.835758 | 358.591150 
 4151.7774 | 08738.8020 | 18:35:36 | 221.835430 | 358.599890 
 4151.7848 | 08738.8024 | 18:35:37 | 221.835018 | 358.608399 
 4151.7920 | 08738.8027 | 18:35:38 | 221.834694 | 358.616678 
 4151.7992 | 08738.8031 | 18:35:39 | 221.834284 | 358.624957 
 4151.8062 | 08738.8035 | 18:35:40 | 221.833875 | 358.633006 
 4151.8132 | 08738.8038 | 18:35:41 | 221.833553 | 358.641056 
 4151.8203 | 08738.8044 | 18:35:42 | 221.832972 | 358.649219 
 4151.8274 | 08738.8049 | 18:35:43 | 221.832476 | 358.657382 
 4151.8344 | 08738.8051 | 18:35:44 | 221.832240 | 358.665433 
 4151.8414 | 08738.8053 | 18:35:45 | 221.832004 | 358.673483 
 4151.8483 | 08738.8055 | 18:35:46 | 221.831768 | 358.681418 
 4151.8553 | 08738.8058 | 18:35:47 | 221.831446 | 358.689468 
 4151.8625 | 08738.8063 | 18:35:48 | 221.830950 | 358.697746 
 4151.8693 | 08738.8062 | 18:35:49 | 221.830973 | 358.705569 
 4151.8761 | 08738.8061 | 18:35:50 | 221.830997 | 358.713391 
 4151.8901 | 08738.8062 | 18:35:52 | 221.830782 | 358.729494 
 4151.8983 | 08738.8069 | 18:35:53 | 221.830105 | 358.738921 
 4151.9051 | 08738.8063 | 18:35:54 | 221.830558 | 358.746747 
 4151.9115 | 08738.8056 | 18:35:55 | 221.831101 | 358.754113 
 4151.9186 | 08738.8055 | 18:35:56 | 221.831122 | 358.762281 
 4151.9257 | 08738.8055 | 18:35:57 | 221.831056 | 358.770448 
 4151.9331 | 08738.8056 | 18:35:58 | 221.830902 | 358.778959 
 4151.9405 | 08738.8056 | 18:35:59 | 221.830834 | 358.787471 
 4151.9480 | 08738.8057 | 18:36:00 | 221.830679 | 358.796097 
 4151.9553 | 08738.8057 | 18:36:01 | 221.830612 | 358.804494 
 4151.9641 | 08738.8075 | 18:36:02 | 221.828983 | 358.814604 
 4151.9714 | 08738.8079 | 18:36:03 | 221.828572 | 358.822998 
 4151.9784 | 08738.8080 | 18:36:04 | 221.828422 | 358.831049 
 4151.9823 | 08738.8100 | 18:36:05 | 221.826667 | 358.835521 
 4151.9890 | 08738.8095 | 18:36:06 | 221.827035 | 358.843231 
 4151.9957 | 08738.8086 | 18:36:07 | 221.827747 | 358.850944 
 4152.0008 | 08738.8084 | 18:36:08 | 221.827872 | 358.856812 
 4152.0111 | 08738.8107 | 18:36:09 | 221.825800 | 358.868643 
 4152.0153 | 08738.8109 | 18:36:10 | 221.825589 | 358.873473 
 4152.0194 | 08738.8112 | 18:36:11 | 221.825294 | 358.878187 
 4152.0233 | 08738.8119 | 18:36:12 | 221.824656 | 358.882668 
 4152.0271 | 08738.8124 | 18:36:13 | 221.824191 | 358.887036 
 4152.0309 | 08738.8131 | 18:36:14 | 221.823554 | 358.891402 
 4152.0347 | 08738.8131 | 18:36:15 | 221.823519 | 358.895773 
 4152.0388 | 08738.8136 | 18:36:16 | 221.823052 | 358.900485 
 4152.0425 | 08738.8138 | 18:36:17 | 221.822846 | 358.904740 
 4152.0429 | 08738.8158 | 18:36:18 | 221.821122 | 358.905186 
 4152.0458 | 08738.8173 | 18:36:19 | 221.819806 | 358.908512 
 4152.0487 | 08738.8188 | 18:36:20 | 221.818490 | 358.911837 
 4152.0518 | 08738.8204 | 18:36:21 | 221.817085 | 358.915392 
 4152.0397 | 08738.8172 | 18:36:22 | 221.819948 | 358.901496 
 4152.0400 | 08738.8178 | 18:36:23 | 221.819429 | 358.901837 
 4152.0406 | 08738.8183 | 18:36:24 | 221.818994 | 358.902524 
 4152.0413 | 08738.8190 | 18:36:25 | 221.818386 | 358.903324 
 4152.0417 | 08738.8196 | 18:36:26 | 221.817866 | 358.903780 
 4152.0275 | 08738.8159 | 18:36:27 | 221.821178 | 358.887472 
 4152.0245 | 08738.8113 | 18:36:28 | 221.825161 | 358.884053 
 4152.0191 | 08738.8080 | 18:36:29 | 221.828048 | 358.877864 
 4152.0191 | 08738.8080 | 18:36:30 | 221.828048 | 358.877864 
 4152.0184 | 08738.8070 | 18:36:31 | 221.828914 | 358.877066 
 4152.0180 | 08738.8066 | 18:36:32 | 221.829261 | 358.876608 
 4152.0240 | 08738.8091 | 18:36:33 | 221.827057 | 358.883493 
 4152.0240 | 08738.8095 | 18:36:34 | 221.826713 | 358.883490 
 4152.0229 | 08738.8096 | 18:36:35 | 221.826637 | 358.882224 
 4152.0229 | 08738.8096 | 18:36:36 | 221.826637 | 358.882224 
 4152.0229 | 08738.8096 | 18:36:37 | 221.826637 | 358.882224 
 4152.0229 | 08738.8096 | 18:36:38 | 221.826637 | 358.882224 
 4152.0229 | 08738.8096 | 18:36:39 | 221.826637 | 358.882224 
 4152.0229 | 08738.8096 | 18:36:40 | 221.826637 | 358.882224 
 4152.0229 | 08738.8096 | 18:36:41 | 221.826637 | 358.882224 
 4152.0229 | 08738.8096 | 18:36:42 | 221.826637 | 358.882224 
 4152.0229 | 08738.8096 | 18:36:43 | 221.826637 | 358.882224 
 4152.0229 | 08738.8096 | 18:36:44 | 221.826637 | 358.882224 
 4152.0229 | 08738.8096 | 18:36:45 | 221.826637 | 358.882224 
 4152.0229 | 08738.8096 | 18:36:46 | 221.826637 | 358.882224 
 4152.0229 | 08738.8096 | 18:36:47 | 221.826637 | 358.882224 
 4152.0229 | 08738.8096 | 18:36:48 | 221.826637 | 358.882224 
 4152.0229 | 08738.8096 | 18:36:49 | 221.826637 | 358.882224 
 4152.0229 | 08738.8096 | 18:36:50 | 221.826637 | 358.882224 
 4152.0229 | 08738.8096 | 18:36:51 | 221.826637 | 358.882224 
 4152.0229 | 08738.8096 | 18:36:52 | 221.826637 | 358.882224 
 4152.0229 | 08738.8096 | 18:36:53 | 221.826637 | 358.882224 
 4152.0229 | 08738.8096 | 18:36:54 | 221.826637 | 358.882224 
 4152.0229 | 08738.8096 | 18:36:55 | 221.826637 | 358.882224 
 4152.0229 | 08738.8096 | 18:36:56 | 221.826637 | 358.882224 
 4152.0229 | 08738.8096 | 18:36:57 | 221.826637 | 358.882224 
 4152.0229 | 08738.8096 | 18:36:58 | 221.826637 | 358.882224 
 4152.0229 | 08738.8096 | 18:36:59 | 221.826637 | 358.882224 
 4152.0229 | 08738.8096 | 18:37:00 | 221.826637 | 358.882224 
 4152.0229 | 08738.8096 | 18:37:01 | 221.826637 | 358.882224 
 4152.0229 | 08738.8096 | 18:37:02 | 221.826637 | 358.882224 
 4152.0229 | 08738.8096 | 18:37:03 | 221.826637 | 358.882224 
 4152.0229 | 08738.8096 | 18:37:04 | 221.826637 | 358.882224 
 4152.0229 | 08738.8096 | 18:37:05 | 221.826637 | 358.882224 
 4152.0229 | 08738.8096 | 18:37:06 | 221.826637 | 358.882224 
 4152.0229 | 08738.8096 | 18:37:07 | 221.826637 | 358.882224 
 4152.0229 | 08738.8096 | 18:37:08 | 221.826637 | 358.882224 
 4152.0229 | 08738.8096 | 18:37:09 | 221.826637 | 358.882224 
 4152.0229 | 08738.8096 | 18:37:10 | 221.826637 | 358.882224 
 4152.0229 | 08738.8096 | 18:37:11 | 221.826637 | 358.882224 
 4152.0229 | 08738.8096 | 18:37:12 | 221.826637 | 358.882224 
 4152.0229 | 08738.8096 | 18:37:13 | 221.826637 | 358.882224 
 4152.0229 | 08738.8096 | 18:37:14 | 221.826637 | 358.882224 
 4152.0229 | 08738.8096 | 18:37:15 | 221.826637 | 358.882224 
 4152.0210 | 08738.8066 | 18:37:16 | 221.829234 | 358.880059 
 4152.0208 | 08738.8059 | 18:37:17 | 221.829838 | 358.879834 
 4152.0214 | 08738.8050 | 18:37:18 | 221.830606 | 358.880530 
 4152.0219 | 08738.8041 | 18:37:19 | 221.831375 | 358.881112 
 4152.0223 | 08738.8030 | 18:37:20 | 221.832317 | 358.881579 
 4152.0228 | 08738.8021 | 18:37:21 | 221.833086 | 358.882161 
 4152.0237 | 08738.7995 | 18:37:22 | 221.835314 | 358.883214 
 4152.0238 | 08738.7979 | 18:37:23 | 221.836688 | 358.883340 
 4152.0238 | 08738.7963 | 18:37:24 | 221.838064 | 358.883351 
 4152.0254 | 08738.7877 | 18:37:25 | 221.845443 | 358.885250 
 4152.0259 | 08738.7822 | 18:37:26 | 221.850168 | 358.885863 
 4152.0254 | 08738.7775 | 18:37:27 | 221.854213 | 358.885320 
 4152.0252 | 08738.7724 | 18:37:28 | 221.858600 | 358.885125 
 4152.0252 | 08738.7675 | 18:37:29 | 221.862813 | 358.885159 
 4152.0253 | 08738.7628 | 18:37:30 | 221.866853 | 358.885307 
 4152.0253 | 08738.7583 | 18:37:31 | 221.870722 | 358.885338 
 4152.0251 | 08738.7543 | 18:37:32 | 221.874163 | 358.885135 
 4152.0252 | 08738.7505 | 18:37:33 | 221.877429 | 358.885276 
 4152.0254 | 08738.7472 | 18:37:34 | 221.880265 | 358.885529 
 4152.0256 | 08738.7442 | 18:37:35 | 221.882842 | 358.885780 
 4152.0256 | 08738.7422 | 18:37:36 | 221.884562 | 358.885793 
 4152.0257 | 08738.7412 | 18:37:37 | 221.885421 | 358.885915 
 4152.0258 | 08738.7407 | 18:37:38 | 221.885850 | 358.886034 
 4152.0260 | 08738.7405 | 18:37:39 | 221.886020 | 358.886265 
 4152.0262 | 08738.7405 | 18:37:40 | 221.886018 | 358.886495 
 4152.0264 | 08738.7406 | 18:37:41 | 221.885930 | 358.886725 
 4152.0264 | 08738.7406 | 18:37:42 | 221.885930 | 358.886725 
 4152.0264 | 08738.7406 | 18:37:43 | 221.885930 | 358.886725 
 4152.0264 | 08738.7406 | 18:37:44 | 221.885930 | 358.886725 
 4152.0264 | 08738.7406 | 18:37:45 | 221.885930 | 358.886725 
 4152.0264 | 08738.7406 | 18:37:46 | 221.885930 | 358.886725 
 4152.0264 | 08738.7406 | 18:37:47 | 221.885930 | 358.886725 
 4152.0264 | 08738.7406 | 18:37:48 | 221.885930 | 358.886725 
 4152.0264 | 08738.7406 | 18:37:49 | 221.885930 | 358.886725 
 4152.0264 | 08738.7406 | 18:37:50 | 221.885930 | 358.886725 
 4152.0264 | 08738.7406 | 18:37:51 | 221.885930 | 358.886725 
 4152.0264 | 08738.7406 | 18:37:52 | 221.885930 | 358.886725 
 4152.0264 | 08738.7406 | 18:37:53 | 221.885930 | 358.886725 
 4152.0264 | 08738.7406 | 18:37:54 | 221.885930 | 358.886725 
 4152.0264 | 08738.7406 | 18:37:55 | 221.885930 | 358.886725 
 4152.0264 | 08738.7406 | 18:37:56 | 221.885930 | 358.886725 
 4152.0264 | 08738.7406 | 18:37:57 | 221.885930 | 358.886725 
 4152.0264 | 08738.7406 | 18:37:58 | 221.885930 | 358.886725 
 4152.0264 | 08738.7406 | 18:37:59 | 221.885930 | 358.886725 
 4152.0264 | 08738.7406 | 18:38:00 | 221.885930 | 358.886725 
 4152.0264 | 08738.7406 | 18:38:01 | 221.885930 | 358.886725 
 4152.0264 | 08738.7406 | 18:38:02 | 221.885930 | 358.886725 
 4152.0264 | 08738.7406 | 18:38:03 | 221.885930 | 358.886725 
 4152.0264 | 08738.7406 | 18:38:04 | 221.885930 | 358.886725 
 4152.0264 | 08738.7406 | 18:38:05 | 221.885930 | 358.886725 
 4152.0264 | 08738.7406 | 18:38:06 | 221.885930 | 358.886725 
 4152.0264 | 08738.7406 | 18:38:07 | 221.885930 | 358.886725 
 4152.0264 | 08738.7406 | 18:38:08 | 221.885930 | 358.886725 
 4152.0264 | 08738.7406 | 18:38:09 | 221.885930 | 358.886725 
 4152.0264 | 08738.7406 | 18:38:10 | 221.885930 | 358.886725 
 4152.0264 | 08738.7406 | 18:38:11 | 221.885930 | 358.886725 
 4152.0264 | 08738.7406 | 18:38:12 | 221.885930 | 358.886725 
 4152.0264 | 08738.7406 | 18:38:13 | 221.885930 | 358.886725 
 4152.0264 | 08738.7406 | 18:38:14 | 221.885930 | 358.886725 
 4152.0264 | 08738.7406 | 18:38:15 | 221.885930 | 358.886725 
 4152.0264 | 08738.7406 | 18:38:16 | 221.885930 | 358.886725 
 4152.0264 | 08738.7406 | 18:38:17 | 221.885930 | 358.886725 
 4152.0264 | 08738.7406 | 18:38:18 | 221.885930 | 358.886725 
 4152.0264 | 08738.7406 | 18:38:19 | 221.885930 | 358.886725 
 4152.0264 | 08738.7406 | 18:38:20 | 221.885930 | 358.886725 
 4152.0264 | 08738.7406 | 18:38:21 | 221.885930 | 358.886725 
 4152.0264 | 08738.7406 | 18:38:22 | 221.885930 | 358.886725 
 4152.0264 | 08738.7406 | 18:38:23 | 221.885930 | 358.886725 
 4152.0264 | 08738.7406 | 18:38:24 | 221.885930 | 358.886725 
 4152.0264 | 08738.7406 | 18:38:25 | 221.885930 | 358.886725 
 4152.0264 | 08738.7406 | 18:38:26 | 221.885930 | 358.886725 
 4152.0264 | 08738.7406 | 18:38:27 | 221.885930 | 358.886725 
 4152.0264 | 08738.7406 | 18:38:28 | 221.885930 | 358.886725 
 4152.0264 | 08738.7406 | 18:38:29 | 221.885930 | 358.886725 
 4152.0269 | 08738.7398 | 18:38:30 | 221.886613 | 358.887305 
 4152.0269 | 08738.7391 | 18:38:31 | 221.887215 | 358.887310 
 4152.0267 | 08738.7381 | 18:38:32 | 221.888077 | 358.887087 
 4152.0264 | 08738.7367 | 18:38:33 | 221.889283 | 358.886752 
 4152.0267 | 08738.7332 | 18:38:34 | 221.892290 | 358.887121 
 4152.0265 | 08738.7300 | 18:38:35 | 221.895043 | 358.886913 
 4152.0261 | 08738.7265 | 18:38:36 | 221.898056 | 358.886477 
 4152.0255 | 08738.7229 | 18:38:37 | 221.901157 | 358.885811 
 4152.0248 | 08738.7188 | 18:38:38 | 221.904688 | 358.885034 
 4152.0290 | 08738.7084 | 18:38:39 | 221.913591 | 358.889937 
 4152.0301 | 08738.7010 | 18:38:40 | 221.919944 | 358.891254 
 4152.0296 | 08738.6947 | 18:38:41 | 221.925365 | 358.890722 
 4152.0291 | 08738.6882 | 18:38:42 | 221.930958 | 358.890192 
 4152.0291 | 08738.6809 | 18:38:43 | 221.937235 | 358.890242 
 4152.0289 | 08738.6736 | 18:38:44 | 221.943513 | 358.890062 
 4152.0288 | 08738.6664 | 18:38:45 | 221.949704 | 358.889997 
 4152.0290 | 08738.6589 | 18:38:46 | 221.956151 | 358.890279 
 4152.0293 | 08738.6513 | 18:38:47 | 221.962682 | 358.890676 
 4152.0296 | 08738.6427 | 18:38:48 | 221.970074 | 358.891081 
 4152.0296 | 08738.6349 | 18:38:49 | 221.976780 | 358.891134 
 4152.0296 | 08738.6274 | 18:38:50 | 221.983229 | 358.891186 
 4152.0294 | 08738.6199 | 18:38:51 | 221.989679 | 358.891008 
 4152.0293 | 08738.6125 | 18:38:52 | 221.996042 | 358.890944 
 4152.0295 | 08738.6053 | 18:38:53 | 222.002231 | 358.891224 
 4152.0293 | 08738.5983 | 18:38:54 | 222.008251 | 358.891042 
 4152.0292 | 08738.5909 | 18:38:55 | 222.014615 | 358.890978 
 4152.0293 | 08738.5831 | 18:38:56 | 222.021320 | 358.891147 
 4152.0293 | 08738.5747 | 18:38:57 | 222.028542 | 358.891205 
 4152.0293 | 08738.5658 | 18:38:58 | 222.036194 | 358.891267 
 4152.0293 | 08738.5566 | 18:38:59 | 222.044104 | 358.891331 
 4152.0293 | 08738.5474 | 18:39:00 | 222.052014 | 358.891394 
 4152.0294 | 08738.5381 | 18:39:01 | 222.060010 | 358.891574 
 4152.0294 | 08738.5287 | 18:39:02 | 222.068092 | 358.891639 
 4152.0295 | 08738.5193 | 18:39:03 | 222.076173 | 358.891819 
 4152.0296 | 08738.5099 | 18:39:04 | 222.084254 | 358.891999 
 4152.0295 | 08738.5006 | 18:39:05 | 222.092251 | 358.891948 
 4152.0295 | 08738.4918 | 18:39:06 | 222.099817 | 358.892009 
 4152.0299 | 08738.4835 | 18:39:07 | 222.106949 | 358.892527 
 4152.0302 | 08738.4755 | 18:39:08 | 222.113825 | 358.892927 
 4152.0304 | 08738.4680 | 18:39:09 | 222.120271 | 358.893209 
 4152.0302 | 08738.4613 | 18:39:10 | 222.126034 | 358.893026 
 4152.0296 | 08738.4555 | 18:39:11 | 222.131026 | 358.892376 
 4152.0289 | 08738.4505 | 18:39:12 | 222.135332 | 358.891605 
 4152.0280 | 08738.4460 | 18:39:13 | 222.139209 | 358.890601 
 4152.0272 | 08738.4416 | 18:39:14 | 222.142999 | 358.889712 
 4152.0264 | 08738.4373 | 18:39:15 | 222.146704 | 358.888821 
 4152.0240 | 08738.4317 | 18:39:16 | 222.151541 | 358.886100 
 4152.0136 | 08738.4408 | 18:39:17 | 222.143813 | 358.874074 
 4152.0077 | 08738.4414 | 18:39:18 | 222.143352 | 358.867283 
 4152.0013 | 08738.4420 | 18:39:19 | 222.142896 | 358.859917 
 4151.9946 | 08738.4424 | 18:39:20 | 222.142614 | 358.852208 
 4151.9883 | 08738.4424 | 18:39:21 | 222.142673 | 358.844961 
 4151.9812 | 08738.4423 | 18:39:22 | 222.142825 | 358.836795 
 4151.9741 | 08738.4421 | 18:39:23 | 222.143062 | 358.828630 
 4151.9669 | 08738.4417 | 18:39:24 | 222.143473 | 358.820351 
 4151.9595 | 08738.4413 | 18:39:25 | 222.143886 | 358.811842 
 4151.9519 | 08738.4410 | 18:39:26 | 222.144214 | 358.803102 
 4151.9444 | 08738.4409 | 18:39:27 | 222.144370 | 358.794476 
 4151.9366 | 08738.4406 | 18:39:28 | 222.144700 | 358.785506 
 4151.9291 | 08738.4406 | 18:39:29 | 222.144770 | 358.776879 
 4151.9214 | 08738.4402 | 18:39:30 | 222.145185 | 358.768025 
 4151.9138 | 08738.4398 | 18:39:31 | 222.145600 | 358.759286 
 4151.9069 | 08738.4400 | 18:39:32 | 222.145492 | 358.751347 
 4151.8997 | 08738.4397 | 18:39:33 | 222.145816 | 358.743068 
 4151.8933 | 08738.4396 | 18:39:34 | 222.145962 | 358.735707 
 4151.8871 | 08738.4395 | 18:39:35 | 222.146105 | 358.728576 
 4151.8808 | 08738.4394 | 18:39:36 | 222.146250 | 358.721330 
 4151.8751 | 08738.4392 | 18:39:37 | 222.146475 | 358.714775 
 4151.8743 | 08738.4391 | 18:39:38 | 222.146568 | 358.713856 
 4151.8712 | 08738.4385 | 18:39:39 | 222.147113 | 358.710294 
 4151.8681 | 08738.4376 | 18:39:40 | 222.147915 | 358.706734 
 4151.8681 | 08738.4329 | 18:39:41 | 222.151956 | 358.706767 
 4151.8673 | 08738.4298 | 18:39:42 | 222.154629 | 358.705868 
 4151.8667 | 08738.4271 | 18:39:43 | 222.156956 | 358.705197 
 4151.8673 | 08738.4247 | 18:39:44 | 222.159014 | 358.705904 
 4151.8669 | 08738.4221 | 18:39:45 | 222.161254 | 358.705462 
 4151.8687 | 08738.4190 | 18:39:46 | 222.163902 | 358.707554 
 4151.8690 | 08738.4162 | 18:39:47 | 222.166307 | 358.707918 
 4151.8692 | 08738.4129 | 18:39:48 | 222.169143 | 358.708171 
 4151.8695 | 08738.4098 | 18:39:49 | 222.171805 | 358.708538 
 4151.8695 | 08738.4060 | 18:39:50 | 222.175073 | 358.708564 
 4151.8698 | 08738.4029 | 18:39:51 | 222.177735 | 358.708931 
 4151.8702 | 08738.3999 | 18:39:52 | 222.180311 | 358.709412 
 4151.8712 | 08738.3973 | 18:39:53 | 222.182537 | 358.710580 
 4151.8726 | 08738.3950 | 18:39:54 | 222.184502 | 358.712206 
 4151.8736 | 08738.3938 | 18:39:55 | 222.185524 | 358.713365 
 4151.8758 | 08738.3936 | 18:39:56 | 222.185676 | 358.715897 
 4151.8774 | 08738.3934 | 18:39:57 | 222.185833 | 358.717739 
 4151.8789 | 08738.3932 | 18:39:58 | 222.185991 | 358.719465 
 4151.8802 | 08738.3939 | 18:39:59 | 222.185377 | 358.720956 
 4151.8815 | 08738.3942 | 18:40:00 | 222.185107 | 358.722449 
 4151.8827 | 08738.3942 | 18:40:01 | 222.185096 | 358.723829 
 4151.8839 | 08738.3943 | 18:40:02 | 222.184999 | 358.725209 
 4151.8850 | 08738.3943 | 18:40:03 | 222.184989 | 358.726474 
 4151.8858 | 08738.3947 | 18:40:04 | 222.184637 | 358.727392 
 4151.8868 | 08738.3948 | 18:40:05 | 222.184542 | 358.728541 
 4151.8878 | 08738.3948 | 18:40:06 | 222.184533 | 358.729691 
 4151.8890 | 08738.3947 | 18:40:07 | 222.184608 | 358.731072 
 4151.8901 | 08738.3946 | 18:40:08 | 222.184683 | 358.732338 
 4151.8962 | 08738.3940 | 18:40:09 | 222.185143 | 358.739359 
 4151.8977 | 08738.3944 | 18:40:10 | 222.184785 | 358.741082 
 4151.8990 | 08738.3945 | 18:40:11 | 222.184687 | 358.742576 
 4151.9012 | 08738.3947 | 18:40:12 | 222.184494 | 358.745105 
 4151.9034 | 08738.3950 | 18:40:13 | 222.184216 | 358.747634 
 4151.9046 | 08738.3974 | 18:40:14 | 222.182141 | 358.748998 
 4151.9025 | 08738.3975 | 18:40:15 | 222.182075 | 358.746581 
 4151.9021 | 08738.3979 | 18:40:16 | 222.181734 | 358.746118 
 4151.9020 | 08738.3985 | 18:40:17 | 222.181219 | 358.745999 
 4151.9017 | 08738.3992 | 18:40:18 | 222.180620 | 358.745649 
 4151.9017 | 08738.3999 | 18:40:19 | 222.180019 | 358.745644 
 4151.9015 | 08738.4018 | 18:40:20 | 222.178387 | 358.745401 
 4151.9016 | 08738.4029 | 18:40:21 | 222.177440 | 358.745509 
 4151.9016 | 08738.4041 | 18:40:22 | 222.176408 | 358.745500 
 4151.9000 | 08738.4035 | 18:40:23 | 222.176939 | 358.743664 
 4151.8988 | 08738.4041 | 18:40:24 | 222.176434 | 358.742280 
 4151.8982 | 08738.4045 | 18:40:25 | 222.176096 | 358.741587 
 4151.8977 | 08738.4045 | 18:40:26 | 222.176101 | 358.741012 
 4151.8971 | 08738.4044 | 18:40:27 | 222.176192 | 358.740322 
 4151.8974 | 08738.4042 | 18:40:28 | 222.176361 | 358.740669 
 4151.8974 | 08738.4042 | 18:40:29 | 222.176361 | 358.740669 
 4151.8974 | 08738.4042 | 18:40:30 | 222.176361 | 358.740669 
 4151.8974 | 08738.4042 | 18:40:31 | 222.176361 | 358.740669 
 4151.8974 | 08738.4042 | 18:40:32 | 222.176361 | 358.740669 
 4151.8974 | 08738.4042 | 18:40:33 | 222.176361 | 358.740669 
 4151.8974 | 08738.4042 | 18:40:34 | 222.176361 | 358.740669 
 4151.8974 | 08738.4042 | 18:40:35 | 222.176361 | 358.740669 
 4151.8974 | 08738.4042 | 18:40:36 | 222.176361 | 358.740669 
 4151.8974 | 08738.4042 | 18:40:37 | 222.176361 | 358.740669 
 4151.8974 | 08738.4042 | 18:40:38 | 222.176361 | 358.740669 
 4151.8974 | 08738.4042 | 18:40:39 | 222.176361 | 358.740669 
 4151.8974 | 08738.4042 | 18:40:40 | 222.176361 | 358.740669 
 4151.8974 | 08738.4042 | 18:40:41 | 222.176361 | 358.740669 
 4151.8974 | 08738.4042 | 18:40:42 | 222.176361 | 358.740669 
 4151.8974 | 08738.4042 | 18:40:43 | 222.176361 | 358.740669 
 4151.8974 | 08738.4042 | 18:40:44 | 222.176361 | 358.740669 
 4151.8974 | 08738.4042 | 18:40:45 | 222.176361 | 358.740669 
 4151.8951 | 08738.4038 | 18:40:46 | 222.176727 | 358.738026 
 4151.8953 | 08738.4041 | 18:40:47 | 222.176467 | 358.738254 
 4151.8955 | 08738.4045 | 18:40:48 | 222.176121 | 358.738481 
 4151.8972 | 08738.4045 | 18:40:49 | 222.176105 | 358.740436 
 4151.8976 | 08738.4049 | 18:40:50 | 222.175758 | 358.740894 
 4151.8955 | 08738.4033 | 18:40:51 | 222.177153 | 358.738489 
 4151.8958 | 08738.4033 | 18:40:52 | 222.177150 | 358.738834 
 4151.8958 | 08738.4034 | 18:40:53 | 222.177064 | 358.738834 
 4151.8958 | 08738.4034 | 18:40:54 | 222.177064 | 358.738834 
 4151.8958 | 08738.4034 | 18:40:55 | 222.177064 | 358.738834 
 4151.8958 | 08738.4034 | 18:40:56 | 222.177064 | 358.738834 
 4151.8958 | 08738.4034 | 18:40:57 | 222.177064 | 358.738834 
 4151.8958 | 08738.4034 | 18:40:58 | 222.177064 | 358.738834 
 4151.8958 | 08738.4034 | 18:40:59 | 222.177064 | 358.738834 
 4151.8958 | 08738.4034 | 18:41:00 | 222.177064 | 358.738834 
 4151.8958 | 08738.4034 | 18:41:01 | 222.177064 | 358.738834 
 4151.8958 | 08738.4034 | 18:41:02 | 222.177064 | 358.738834 
 4151.8958 | 08738.4034 | 18:41:03 | 222.177064 | 358.738834 
 4151.8958 | 08738.4034 | 18:41:06 | 222.177064 | 358.738834 
 4151.8958 | 08738.4034 | 18:41:07 | 222.177064 | 358.738834 
 4151.8958 | 08738.4034 | 18:41:08 | 222.177064 | 358.738834 
 4151.8973 | 08738.3969 | 18:41:09 | 222.182639 | 358.740604 
 4151.8970 | 08738.3958 | 18:41:10 | 222.183587 | 358.740267 
 4151.8968 | 08738.3953 | 18:41:11 | 222.184019 | 358.740040 
 4151.8941 | 08738.3965 | 18:41:12 | 222