 4152.1769 | 08738.9178 | 17:53:12 | 221.732195 | 359.058620 
 4152.1717 | 08738.9186 | 17:53:22 | 221.731555 | 359.052633 
 4152.1729 | 08738.9147 | 17:53:23 | 221.734897 | 359.054040 
 4152.1725 | 08738.9191 | 17:53:25 | 221.731118 | 359.053550 
 4152.1697 | 08738.9185 | 17:53:26 | 221.731659 | 359.050333 
 4152.1688 | 08738.9181 | 17:53:27 | 221.732011 | 359.049301 
 4152.1683 | 08738.9191 | 17:53:28 | 221.731156 | 359.048719 
 4152.1729 | 08738.9202 | 17:53:29 | 221.730168 | 359.054002 
 4152.1715 | 08738.9213 | 17:53:30 | 221.729235 | 359.052384 
 4152.1706 | 08738.9229 | 17:53:31 | 221.727868 | 359.051338 
 4152.1706 | 08738.9223 | 17:53:32 | 221.728384 | 359.051342 
 4152.1675 | 08738.9265 | 17:53:34 | 221.724801 | 359.047748 
 4152.1684 | 08738.9268 | 17:53:35 | 221.724535 | 359.048781 
 4152.1677 | 08738.9289 | 17:53:36 | 221.722736 | 359.047961 
 4152.1666 | 08738.9275 | 17:53:37 | 221.723950 | 359.046706 
 4152.1644 | 08738.9290 | 17:53:38 | 221.722680 | 359.044165 
 4152.1647 | 08738.9293 | 17:53:39 | 221.722420 | 359.044508 
 4152.1646 | 08738.9313 | 17:53:40 | 221.720701 | 359.044379 
 4152.1695 | 08738.9333 | 17:53:42 | 221.718937 | 359.050002 
 4152.1669 | 08738.9343 | 17:53:43 | 221.718101 | 359.047004 
 4152.1671 | 08738.9305 | 17:53:44 | 221.721366 | 359.047260 
 4152.1667 | 08738.9292 | 17:53:45 | 221.722487 | 359.046809 
 4152.1651 | 08738.9301 | 17:53:46 | 221.721728 | 359.044963 
 4152.1657 | 08738.9315 | 17:53:47 | 221.720519 | 359.045643 
 4152.1671 | 08738.9290 | 17:53:50 | 221.722656 | 359.047271 
 4152.1655 | 08738.9284 | 17:53:53 | 221.723186 | 359.045434 
 4152.1671 | 08738.9327 | 17:53:56 | 221.719474 | 359.047245 
 4152.1678 | 08738.9337 | 17:53:57 | 221.718608 | 359.048044 
 4152.1709 | 08738.9289 | 17:54:06 | 221.722707 | 359.051642 
 4152.1712 | 08738.9308 | 17:54:08 | 221.721070 | 359.051974 
 4152.1717 | 08738.9293 | 17:54:09 | 221.722355 | 359.052560 
 4152.1724 | 08738.9274 | 17:54:10 | 221.723983 | 359.053378 
 4152.1709 | 08738.9291 | 17:54:11 | 221.722535 | 359.051641 
 4152.1711 | 08738.9294 | 17:54:12 | 221.722275 | 359.051869 
 4152.1683 | 08738.9303 | 17:54:13 | 221.721527 | 359.048642 
 4152.1646 | 08738.9310 | 17:54:15 | 221.720959 | 359.044381 
 4152.1675 | 08738.9286 | 17:54:16 | 221.722996 | 359.047733 
 4152.1688 | 08738.9251 | 17:54:17 | 221.725993 | 359.049253 
 4152.1697 | 08738.9265 | 17:54:18 | 221.724781 | 359.050278 
 4152.1687 | 08738.9243 | 17:54:21 | 221.726682 | 359.049143 
 4152.1709 | 08738.9225 | 17:54:22 | 221.728209 | 359.051686 
 4152.1702 | 08738.9213 | 17:54:23 | 221.729247 | 359.050889 
 4152.1731 | 08738.9308 | 17:54:25 | 221.721053 | 359.054160 
 4152.1722 | 08738.9254 | 17:54:27 | 221.725704 | 359.053162 
 4152.1714 | 08738.9272 | 17:54:28 | 221.724164 | 359.052229 
 4152.1759 | 08738.9095 | 17:54:35 | 221.739340 | 359.057527 
 4152.1782 | 08738.8336 | 17:54:48 | 221.804574 | 359.060693 
 4152.1782 | 08738.8335 | 17:54:49 | 221.804660 | 359.060694 
 4152.1778 | 08738.8330 | 17:54:50 | 221.805094 | 359.060237 
 4152.1769 | 08738.8318 | 17:54:51 | 221.806134 | 359.059210 
 4152.1755 | 08738.8292 | 17:54:52 | 221.808382 | 359.057618 
 4152.1672 | 08738.8189 | 17:54:53 | 221.817314 | 359.048141 
 4152.1585 | 08738.8143 | 17:54:54 | 221.821349 | 359.038166 
 4152.1517 | 08738.8146 | 17:54:55 | 221.821153 | 359.030342 
 4152.1471 | 08738.8160 | 17:54:56 | 221.819992 | 359.025041 
 4152.1393 | 08738.8171 | 17:54:57 | 221.819118 | 359.016062 
 4152.1309 | 08738.8184 | 17:54:58 | 221.818078 | 359.006391 
 4152.1243 | 08738.8190 | 17:54:59 | 221.817622 | 358.998795 
 4152.1169 | 08738.8184 | 17:55:00 | 221.818206 | 358.990287 
 4152.1081 | 08738.8183 | 17:55:01 | 221.818373 | 358.980166 
 4152.0996 | 08738.8186 | 17:55:02 | 221.818194 | 358.970386 
 4152.0932 | 08738.8175 | 17:55:03 | 221.819198 | 358.963032 
 4152.0869 | 08738.8173 | 17:55:04 | 221.819428 | 358.955787 
 4152.0801 | 08738.8166 | 17:55:05 | 221.820092 | 358.947970 
 4152.0738 | 08738.8166 | 17:55:06 | 221.820150 | 358.940724 
 4152.0622 | 08738.8183 | 17:55:08 | 221.818795 | 358.927369 
 4152.0561 | 08738.8189 | 17:55:09 | 221.818336 | 358.920348 
 4152.0500 | 08738.8199 | 17:55:10 | 221.817532 | 358.913325 
 4152.0439 | 08738.8204 | 17:55:11 | 221.817158 | 358.906305 
 4152.0393 | 08738.8236 | 17:55:12 | 221.814449 | 358.900992 
 4152.0332 | 08738.8241 | 17:55:13 | 221.814075 | 358.893972 
 4152.0275 | 08738.8249 | 17:55:14 | 221.813440 | 358.887410 
 4152.0280 | 08738.8390 | 17:55:15 | 221.801312 | 358.887888 
 4152.0241 | 08738.8418 | 17:55:16 | 221.798941 | 358.883383 
 4152.0201 | 08738.8439 | 17:55:17 | 221.797172 | 358.878768 
 4152.0167 | 08738.8456 | 17:55:18 | 221.795742 | 358.874845 
 4152.0136 | 08738.8471 | 17:55:19 | 221.794480 | 358.871269 
 4152.0096 | 08738.8495 | 17:55:20 | 221.792454 | 358.866651 
 4152.0015 | 08738.8541 | 17:55:22 | 221.788573 | 358.857303 
 4151.9978 | 08738.8564 | 17:55:23 | 221.786629 | 358.853031 
 4152.0542 | 08738.8196 | 17:55:24 | 221.817751 | 358.918158 
 4152.0541 | 08738.8195 | 17:55:25 | 221.817838 | 358.918044 
 4152.0542 | 08738.8196 | 17:55:26 | 221.817751 | 358.918158 
 4152.0539 | 08738.8197 | 17:55:27 | 221.817668 | 358.917812 
 4152.0539 | 08738.8197 | 17:55:28 | 221.817668 | 358.917812 
 4152.0537 | 08738.8197 | 17:55:29 | 221.817670 | 358.917582 
 4152.0534 | 08738.8199 | 17:55:30 | 221.817501 | 358.917236 
 4152.0532 | 08738.8200 | 17:55:31 | 221.817417 | 358.917005 
 4152.0530 | 08738.8199 | 17:55:32 | 221.817504 | 358.916776 
 4152.0530 | 08738.8199 | 17:55:33 | 221.817504 | 358.916776 
 4152.0511 | 08738.8120 | 17:55:34 | 221.824314 | 358.914645 
 4152.0506 | 08738.8111 | 17:55:35 | 221.825093 | 358.914076 
 4152.0492 | 08738.8100 | 17:55:36 | 221.826051 | 358.912473 
 4152.0480 | 08738.8086 | 17:55:37 | 221.827266 | 358.911102 
 4152.0461 | 08738.8077 | 17:55:38 | 221.828057 | 358.908923 
 4152.0438 | 08738.8069 | 17:55:39 | 221.828766 | 358.906283 
 4152.0311 | 08738.8120 | 17:55:40 | 221.824498 | 358.891640 
 4152.0287 | 08738.8110 | 17:55:41 | 221.825380 | 358.888886 
 4152.0186 | 08738.8141 | 17:55:42 | 221.822807 | 358.877247 
 4152.0104 | 08738.8161 | 17:55:43 | 221.821163 | 358.867801 
 4152.0059 | 08738.8161 | 17:55:44 | 221.821205 | 358.862625 
 4152.0016 | 08738.8153 | 17:55:45 | 221.821932 | 358.857684 
 4151.9980 | 08738.8142 | 17:55:46 | 221.822911 | 358.853551 
 4151.9938 | 08738.8135 | 17:55:47 | 221.823551 | 358.848725 
 4151.9865 | 08738.8153 | 17:55:48 | 221.822071 | 358.840316 
 4151.9823 | 08738.8144 | 17:55:49 | 221.822883 | 358.835491 
 4151.9779 | 08738.8135 | 17:55:50 | 221.823698 | 358.830436 
 4151.9589 | 08738.8097 | 17:55:54 | 221.827140 | 358.808607 
 4151.9540 | 08738.8091 | 17:55:55 | 221.827701 | 358.802975 
 4151.9489 | 08738.8085 | 17:55:56 | 221.828263 | 358.797113 
 4151.9328 | 08738.8075 | 17:55:59 | 221.829271 | 358.778601 
 4151.9268 | 08738.8075 | 17:56:00 | 221.829327 | 358.771699 
 4151.9009 | 08738.8093 | 17:56:04 | 221.828017 | 358.741895 
 4151.8955 | 08738.8129 | 17:56:05 | 221.824971 | 358.735659 
 4151.8896 | 08738.8135 | 17:56:06 | 221.824510 | 358.728869 
 4151.8838 | 08738.8140 | 17:56:07 | 221.824133 | 358.722194 
 4151.8683 | 08738.8140 | 17:56:10 | 221.824276 | 358.704365 
 4151.8629 | 08738.8142 | 17:56:11 | 221.824154 | 358.698152 
 4151.8522 | 08738.8143 | 17:56:13 | 221.824166 | 358.685844 
 4151.8465 | 08738.8144 | 17:56:14 | 221.824132 | 358.679287 
 4151.8406 | 08738.8141 | 17:56:15 | 221.824445 | 358.672502 
 4151.8327 | 08738.8117 | 17:56:16 | 221.826581 | 358.663432 
 4151.8266 | 08738.8118 | 17:56:17 | 221.826551 | 358.656414 
 4151.8205 | 08738.8125 | 17:56:18 | 221.826005 | 358.649393 
 4151.8142 | 08738.8126 | 17:56:19 | 221.825977 | 358.642146 
 4151.8077 | 08738.8126 | 17:56:20 | 221.826037 | 358.634669 
 4151.8011 | 08738.8130 | 17:56:21 | 221.825754 | 358.627075 
 4151.7902 | 08738.8076 | 17:56:22 | 221.830497 | 358.614574 
 4151.7833 | 08738.8074 | 17:56:23 | 221.830733 | 358.606639 
 4151.7766 | 08738.8072 | 17:56:24 | 221.830966 | 358.598934 
 4151.7688 | 08738.8062 | 17:56:25 | 221.831898 | 358.589968 
 4151.7614 | 08738.8061 | 17:56:26 | 221.832052 | 358.581457 
 4151.7550 | 08738.8067 | 17:56:27 | 221.831595 | 358.574092 
 4151.7490 | 08738.8082 | 17:56:28 | 221.830360 | 358.567180 
 4151.7417 | 08738.8080 | 17:56:29 | 221.830599 | 358.558784 
 4151.7339 | 08738.8078 | 17:56:30 | 221.830843 | 358.549814 
 4151.7269 | 08738.8082 | 17:56:31 | 221.830563 | 358.541759 
 4151.7201 | 08738.8085 | 17:56:32 | 221.830368 | 358.533935 
 4151.7126 | 08738.8096 | 17:56:33 | 221.829491 | 358.525301 
 4151.7044 | 08738.8110 | 17:56:34 | 221.828363 | 358.515859 
 4151.6980 | 08738.8111 | 17:56:35 | 221.828336 | 358.508497 
 4151.6917 | 08738.8112 | 17:56:36 | 221.828308 | 358.501250 
 4151.6914 | 08738.8081 | 17:56:37 | 221.830976 | 358.500926 
 4151.6859 | 08738.8080 | 17:56:38 | 221.831113 | 358.494600 
 4151.6805 | 08738.8073 | 17:56:39 | 221.831764 | 358.488394 
 4151.6750 | 08738.8070 | 17:56:40 | 221.832073 | 358.482069 
 4151.6696 | 08738.8067 | 17:56:41 | 221.832380 | 358.475860 
 4151.6641 | 08738.8063 | 17:56:42 | 221.832775 | 358.469537 
 4151.6588 | 08738.8059 | 17:56:43 | 221.833168 | 358.463443 
 4151.6536 | 08738.8055 | 17:56:44 | 221.833559 | 358.457464 
 4151.6484 | 08738.8051 | 17:56:45 | 221.833951 | 358.451486 
 4151.6460 | 08738.8011 | 17:56:46 | 221.837413 | 358.448753 
 4151.6362 | 08738.7998 | 17:56:48 | 221.838621 | 358.437489 
 4151.6312 | 08738.8013 | 17:56:49 | 221.837377 | 358.431728 
 4151.6265 | 08738.8008 | 17:56:50 | 221.837850 | 358.426325 
 4151.5490 | 08738.8033 | 17:57:41 | 221.836413 | 358.337163 
 4151.5457 | 08738.8055 | 17:57:42 | 221.834552 | 358.333352 
 4151.5459 | 08738.8050 | 17:57:43 | 221.834980 | 358.333586 
 4151.5465 | 08738.8043 | 17:57:44 | 221.835576 | 358.334281 
 4151.5478 | 08738.8022 | 17:57:45 | 221.837370 | 358.335791 
 4151.5431 | 08738.8050 | 17:57:46 | 221.835006 | 358.330365 
 4151.5415 | 08738.8055 | 17:57:47 | 221.834590 | 358.328521 
 4151.5399 | 08738.8060 | 17:57:48 | 221.834175 | 358.326677 
 4151.5384 | 08738.8066 | 17:57:49 | 221.833673 | 358.324948 
 4151.5351 | 08738.8058 | 17:57:50 | 221.834391 | 358.321158 
 4151.5331 | 08738.8060 | 17:57:51 | 221.834238 | 358.318856 
 4151.5292 | 08738.8064 | 17:57:53 | 221.833930 | 358.314367 
 4151.5285 | 08738.8060 | 17:57:54 | 221.834280 | 358.313565 
 4151.5268 | 08738.8060 | 17:57:55 | 221.834296 | 358.311609 
 4151.5250 | 08738.8059 | 17:57:56 | 221.834398 | 358.309539 
 4151.5217 | 08738.8023 | 17:57:58 | 221.837524 | 358.305768 
 4151.5202 | 08738.8017 | 17:57:59 | 221.838054 | 358.304047 
 4151.5190 | 08738.8014 | 17:58:00 | 221.838323 | 358.302669 
 4151.5180 | 08738.8011 | 17:58:01 | 221.838590 | 358.301521 
 4151.5170 | 08738.8008 | 17:58:02 | 221.838857 | 358.300372 
 4151.5162 | 08738.8000 | 17:58:03 | 221.839553 | 358.299458 
 4151.5150 | 08738.7995 | 17:58:04 | 221.839994 | 358.298081 
 4151.5114 | 08738.7996 | 17:58:05 | 221.839941 | 358.293939 
 4151.5102 | 08738.8051 | 17:58:07 | 221.835222 | 358.292521 
 4151.5083 | 08738.8054 | 17:58:08 | 221.834982 | 358.290334 
 4151.5080 | 08738.8076 | 17:58:09 | 221.833093 | 358.289973 
 4151.5070 | 08738.8084 | 17:58:10 | 221.832414 | 358.288818 
 4151.5056 | 08738.8090 | 17:58:11 | 221.831911 | 358.287203 
 4151.5042 | 08738.8097 | 17:58:12 | 221.831322 | 358.285588 
 4151.5027 | 08738.8092 | 17:58:13 | 221.831766 | 358.283866 
 4151.5012 | 08738.8097 | 17:58:14 | 221.831350 | 358.282137 
 4151.4995 | 08738.8115 | 17:58:15 | 221.829817 | 358.280170 
 4151.4973 | 08738.8108 | 17:58:16 | 221.830440 | 358.277644 
 4151.4951 | 08738.8115 | 17:58:17 | 221.829858 | 358.275108 
 4151.4927 | 08738.8120 | 17:58:18 | 221.829450 | 358.272344 
 4151.4905 | 08738.8125 | 17:58:19 | 221.829040 | 358.269810 
 4151.4884 | 08738.8130 | 17:58:20 | 221.828630 | 358.267391 
 4151.4863 | 08738.8135 | 17:58:21 | 221.828219 | 358.264972 
 4151.4841 | 08738.8140 | 17:58:22 | 221.827809 | 358.262438 
 4151.4780 | 08738.8139 | 17:58:24 | 221.827951 | 358.255423 
 4151.4741 | 08738.8134 | 17:58:25 | 221.828417 | 358.250940 
 4151.4653 | 08738.8157 | 17:58:27 | 221.826520 | 358.240802 
 4151.4598 | 08738.8155 | 17:58:28 | 221.826743 | 358.234477 
 4151.4552 | 08738.8156 | 17:58:29 | 221.826699 | 358.229185 
 4151.4459 | 08738.8156 | 17:58:31 | 221.826785 | 358.218488 
 4151.4363 | 08738.8153 | 17:58:33 | 221.827131 | 358.207448 
 4151.4271 | 08738.8138 | 17:58:35 | 221.828505 | 358.196876 
 4151.4218 | 08738.8120 | 17:58:36 | 221.830102 | 358.190792 
 4151.4156 | 08738.8024 | 17:58:37 | 221.838414 | 358.183726 
 4151.4102 | 08738.8010 | 17:58:38 | 221.839668 | 358.177524 
 4151.4045 | 08738.7995 | 17:58:39 | 221.841010 | 358.170978 
 4151.3975 | 08738.7998 | 17:58:40 | 221.840817 | 358.162924 
 4151.3916 | 08738.7983 | 17:58:41 | 221.842161 | 358.156148 
 4151.3855 | 08738.7967 | 17:58:42 | 221.843593 | 358.149143 
 4151.3793 | 08738.7953 | 17:58:43 | 221.844854 | 358.142021 
 4151.3731 | 08738.7941 | 17:58:44 | 221.845943 | 358.134898 
 4151.3662 | 08738.7926 | 17:58:45 | 221.847296 | 358.126971 
 4151.3592 | 08738.7912 | 17:58:46 | 221.848564 | 358.118929 
 4151.3471 | 08738.7893 | 17:58:48 | 221.850310 | 358.105024 
 4151.3400 | 08738.7877 | 17:58:49 | 221.851751 | 358.096868 
 4151.3244 | 08738.7924 | 17:58:51 | 221.847853 | 358.078892 
 4151.3182 | 08738.7920 | 17:58:52 | 221.848254 | 358.071763 
 4151.3292 | 08738.8075 | 17:58:53 | 221.834823 | 358.084309 
 4151.3237 | 08738.8067 | 17:58:54 | 221.835562 | 358.077989 
 4151.3175 | 08738.8058 | 17:58:55 | 221.836393 | 358.070863 
 4151.3118 | 08738.8051 | 17:58:56 | 221.837047 | 358.064312 
 4151.3009 | 08738.8040 | 17:58:58 | 221.838093 | 358.051781 
 4151.2965 | 08738.8041 | 17:58:59 | 221.838048 | 358.046720 
 4151.2945 | 08738.8013 | 17:59:00 | 221.840474 | 358.044438 
 4151.2906 | 08738.8009 | 17:59:01 | 221.840854 | 358.039955 
 4151.2903 | 08738.7927 | 17:59:02 | 221.847908 | 358.039667 
 4151.2875 | 08738.7908 | 17:59:03 | 221.849568 | 358.036459 
 4151.2848 | 08738.7891 | 17:59:04 | 221.851055 | 358.033365 
 4151.2832 | 08738.7864 | 17:59:05 | 221.853391 | 358.031543 
 4151.2816 | 08738.7856 | 17:59:06 | 221.854094 | 358.029708 
 4151.2929 | 08738.7948 | 17:59:07 | 221.846079 | 358.042643 
 4151.2912 | 08738.7947 | 17:59:08 | 221.846180 | 358.040688 
 4151.2898 | 08738.7953 | 17:59:09 | 221.845677 | 358.039074 
 4151.2815 | 08738.7993 | 17:59:10 | 221.842314 | 358.029499 
 4151.2777 | 08738.7997 | 17:59:11 | 221.842005 | 358.025125 
 4151.2737 | 08738.8007 | 17:59:12 | 221.841181 | 358.020517 
 4151.2699 | 08738.8016 | 17:59:13 | 221.840442 | 358.016140 
 4151.2658 | 08738.8027 | 17:59:14 | 221.839534 | 358.011417 
 4151.2618 | 08738.8038 | 17:59:15 | 221.838625 | 358.006808 
 4151.2538 | 08738.8059 | 17:59:17 | 221.836893 | 357.997592 
 4151.2493 | 08738.8064 | 17:59:18 | 221.836504 | 357.992412 
 4151.2366 | 08738.7989 | 17:59:19 | 221.843071 | 357.977856 
 4151.2309 | 08738.7981 | 17:59:20 | 221.843811 | 357.971305 
 4151.2255 | 08738.7976 | 17:59:21 | 221.844291 | 357.965097 
 4151.2200 | 08738.7966 | 17:59:22 | 221.845201 | 357.958777 
 4151.2039 | 08738.7955 | 17:59:25 | 221.846295 | 357.940266 
 4151.1983 | 08738.7954 | 17:59:26 | 221.846433 | 357.933825 
 4151.1922 | 08738.7953 | 17:59:27 | 221.846575 | 357.926809 
 4151.1860 | 08738.7951 | 17:59:28 | 221.846804 | 357.919679 
 4151.1790 | 08738.7981 | 17:59:29 | 221.844288 | 357.911607 
 4151.1734 | 08738.7984 | 17:59:30 | 221.844082 | 357.905163 
 4151.1680 | 08738.7984 | 17:59:31 | 221.844132 | 357.898952 
 4151.1627 | 08738.7983 | 17:59:32 | 221.844266 | 357.892856 
 4151.1580 | 08738.7986 | 17:59:33 | 221.844052 | 357.887448 
 4151.1535 | 08738.7986 | 17:59:34 | 221.844093 | 357.882272 
 4151.1561 | 08738.7891 | 17:59:35 | 221.852239 | 357.885328 
 4151.1588 | 08738.7924 | 17:59:36 | 221.849376 | 357.888411 
 4151.1548 | 08738.7906 | 17:59:37 | 221.850961 | 357.883822 
 4151.1514 | 08738.7885 | 17:59:38 | 221.852798 | 357.879926 
 4151.1481 | 08738.7864 | 17:59:39 | 221.854634 | 357.876144 
 4151.1451 | 08738.7845 | 17:59:40 | 221.856296 | 357.872707 
 4151.1423 | 08738.7827 | 17:59:41 | 221.857870 | 357.869498 
 4151.1399 | 08738.7812 | 17:59:42 | 221.859182 | 357.866748 
 4151.1556 | 08738.7918 | 17:59:43 | 221.849922 | 357.884734 
 4151.1552 | 08738.7918 | 17:59:44 | 221.849925 | 357.884274 
 4151.1570 | 08738.7935 | 17:59:45 | 221.848447 | 357.886333 
 4151.1573 | 08738.7938 | 17:59:46 | 221.848186 | 357.886676 
 4151.1573 | 08738.7938 | 17:59:47 | 221.848186 | 357.886676 
 4151.1571 | 08738.7939 | 17:59:48 | 221.848102 | 357.886445 
 4151.1575 | 08738.7930 | 17:59:49 | 221.848872 | 357.886911 
 4151.1575 | 08738.7925 | 17:59:50 | 221.849302 | 357.886915 
 4151.1578 | 08738.7920 | 17:59:51 | 221.849729 | 357.887263 
 4151.1583 | 08738.7914 | 17:59:52 | 221.850241 | 357.887843 
 4151.1559 | 08738.7899 | 17:59:57 | 221.851553 | 357.885092 
 4151.1516 | 08738.7901 | 17:59:58 | 221.851420 | 357.880145 
 4151.1396 | 08738.8084 | 18:00:00 | 221.835793 | 357.866216 
 4151.1303 | 08738.8147 | 18:00:02 | 221.830461 | 357.855475 
 4151.1232 | 08738.8159 | 18:00:03 | 221.829494 | 357.847300 
 4151.1160 | 08738.8168 | 18:00:04 | 221.828786 | 357.839012 
 4151.1087 | 08738.8177 | 18:00:05 | 221.828079 | 357.830609 
 4151.0994 | 08738.8217 | 18:00:06 | 221.824725 | 357.819885 
 4151.0546 | 08738.7984 | 18:00:07 | 221.845175 | 357.768514 
 4151.0472 | 08738.7991 | 18:00:08 | 221.844641 | 357.759997 
 4151.0348 | 08738.8080 | 18:00:09 | 221.837101 | 357.745673 
 4151.0270 | 08738.8095 | 18:00:10 | 221.835882 | 357.736690 
 4151.0189 | 08738.8105 | 18:00:11 | 221.835097 | 357.727367 
 4151.0144 | 08738.8124 | 18:00:12 | 221.833504 | 357.722177 
 4151.0084 | 08738.8141 | 18:00:13 | 221.832097 | 357.715264 
 4151.0018 | 08738.8155 | 18:00:14 | 221.830954 | 357.707663 
 4150.9935 | 08738.8160 | 18:00:15 | 221.830600 | 357.698112 
 4150.9857 | 08738.8171 | 18:00:16 | 221.829726 | 357.689133 
 4150.9773 | 08738.8175 | 18:00:17 | 221.829459 | 357.679468 
 4150.9678 | 08738.8168 | 18:00:18 | 221.830149 | 357.668546 
 4150.9587 | 08738.8165 | 18:00:19 | 221.830490 | 357.658080 
 4150.9487 | 08738.8153 | 18:00:20 | 221.831614 | 357.646586 
 4150.9386 | 08738.8141 | 18:00:21 | 221.832739 | 357.634977 
 4150.9288 | 08738.8132 | 18:00:22 | 221.833603 | 357.623711 
 4150.9190 | 08738.8123 | 18:00:23 | 221.834467 | 357.612444 
 4150.9064 | 08738.7881 | 18:00:26 | 221.855396 | 357.598118 
 4150.9059 | 08738.7893 | 18:00:28 | 221.854369 | 357.597534 
 4150.9059 | 08738.7898 | 18:00:29 | 221.853939 | 357.597531 
 4150.9060 | 08738.7820 | 18:00:30 | 221.860646 | 357.597700 
 4150.9059 | 08738.7828 | 18:00:31 | 221.859959 | 357.597579 
 4150.9052 | 08738.7832 | 18:00:32 | 221.859621 | 357.596771 
 4150.9049 | 08738.7833 | 18:00:33 | 221.859538 | 357.596425 
 4150.9045 | 08738.7914 | 18:00:34 | 221.852576 | 357.595909 
 4150.9043 | 08738.7927 | 18:00:35 | 221.851459 | 357.595670 
 4150.9049 | 08738.7788 | 18:00:36 | 221.863408 | 357.596456 
 4150.9048 | 08738.7774 | 18:00:37 | 221.864613 | 357.596351 
 4150.8975 | 08738.7806 | 18:00:42 | 221.861928 | 357.587932 
 4150.8948 | 08738.7820 | 18:00:43 | 221.860749 | 357.584817 
 4150.8910 | 08738.7827 | 18:00:44 | 221.860182 | 357.580441 
 4150.8873 | 08738.7827 | 18:00:45 | 221.860216 | 357.576185 
 4150.8845 | 08738.7839 | 18:00:46 | 221.859210 | 357.572956 
 4150.8557 | 08738.7842 | 18:00:54 | 221.859217 | 357.539827 
 4150.8467 | 08738.7853 | 18:00:58 | 221.858354 | 357.529467 
 4150.8446 | 08738.7862 | 18:00:59 | 221.857599 | 357.527045 
 4150.8419 | 08738.7877 | 18:01:00 | 221.856334 | 357.523929 
 4150.8393 | 08738.7890 | 18:01:01 | 221.855240 | 357.520930 
 4150.8370 | 08738.7902 | 18:01:02 | 221.854229 | 357.518276 
 4150.8349 | 08738.7912 | 18:01:03 | 221.853388 | 357.515854 
 4150.8326 | 08738.7885 | 18:01:04 | 221.855731 | 357.513227 
 4150.8304 | 08738.7882 | 18:01:05 | 221.856009 | 357.510698 
 4150.8296 | 08738.7871 | 18:01:06 | 221.856963 | 357.509785 
 4150.8285 | 08738.7865 | 18:01:07 | 221.857489 | 357.508524 
 4150.8283 | 08738.7859 | 18:01:08 | 221.858007 | 357.508298 
 4150.8274 | 08738.7852 | 18:01:09 | 221.858617 | 357.507268 
 4150.8279 | 08738.7853 | 18:01:10 | 221.858527 | 357.507842 
 4150.8293 | 08738.7861 | 18:01:11 | 221.857826 | 357.509447 
 4150.8459 | 08738.7950 | 18:01:12 | 221.850018 | 357.528480 
 4150.8460 | 08738.7953 | 18:01:13 | 221.849760 | 357.528593 
 4150.8511 | 08738.7931 | 18:01:14 | 221.851605 | 357.534475 
 4150.8514 | 08738.7915 | 18:01:15 | 221.852978 | 357.534831 
 4150.8519 | 08738.7942 | 18:01:16 | 221.850651 | 357.535387 
 4150.8530 | 08738.7950 | 18:01:17 | 221.849953 | 357.536647 
 4150.8542 | 08738.7956 | 18:01:18 | 221.849426 | 357.538023 
 4150.8553 | 08738.7962 | 18:01:19 | 221.848900 | 357.539284 
 4150.8564 | 08738.7968 | 18:01:20 | 221.848374 | 357.540545 
 4150.8575 | 08738.7975 | 18:01:21 | 221.847762 | 357.541806 
 4150.8585 | 08738.7984 | 18:01:22 | 221.846978 | 357.542950 
 4150.8598 | 08738.7988 | 18:01:24 | 221.846622 | 357.544442 
 4150.8601 | 08738.7989 | 18:01:25 | 221.846534 | 357.544787 
 4150.8557 | 08738.7920 | 18:01:26 | 221.852509 | 357.539773 
 4150.8561 | 08738.7988 | 18:01:27 | 221.846656 | 357.540187 
 4150.8559 | 08738.7989 | 18:01:28 | 221.846572 | 357.539956 
 4150.8559 | 08738.7992 | 18:01:31 | 221.846314 | 357.539954 
 4150.8559 | 08738.7992 | 18:01:32 | 221.846314 | 357.539954 
 4150.8559 | 08738.7992 | 18:01:33 | 221.846314 | 357.539954 
 4150.8557 | 08738.7995 | 18:01:34 | 221.846058 | 357.539722 
 4150.8562 | 08738.7996 | 18:01:35 | 221.845968 | 357.540296 
 4150.8565 | 08738.7997 | 18:01:36 | 221.845879 | 357.540640 
 4150.8573 | 08738.8006 | 18:01:37 | 221.845097 | 357.541554 
 4150.8575 | 08738.8008 | 18:01:38 | 221.844924 | 357.541783 
 4150.8578 | 08738.8009 | 18:01:39 | 221.844835 | 357.542128 
 4150.8583 | 08738.8018 | 18:01:40 | 221.844056 | 357.542696 
 4150.8589 | 08738.8022 | 18:01:41 | 221.843707 | 357.543384 
 4150.8595 | 08738.8025 | 18:01:42 | 221.843443 | 357.544072 
 4150.8603 | 08738.8033 | 18:01:43 | 221.842748 | 357.544987 
 4150.8608 | 08738.8038 | 18:01:44 | 221.842313 | 357.545558 
 4150.8607 | 08738.8037 | 18:01:45 | 221.842400 | 357.545444 
 4150.8592 | 08738.8032 | 18:01:46 | 221.842844 | 357.543722 
 4150.8588 | 08738.8032 | 18:01:47 | 221.842847 | 357.543262 
 4150.8530 | 08738.7999 | 18:01:48 | 221.845739 | 357.536613 
 4150.8525 | 08738.7997 | 18:01:49 | 221.845916 | 357.536039 
 4150.8467 | 08738.7923 | 18:01:50 | 221.852333 | 357.529419 
 4150.8352 | 08738.7916 | 18:01:51 | 221.853041 | 357.516196 
 4150.8307 | 08738.7904 | 18:01:52 | 221.854115 | 357.511028 
 4150.8262 | 08738.7892 | 18:01:53 | 221.855188 | 357.505860 
 4150.8212 | 08738.7877 | 18:01:54 | 221.856524 | 357.500119 
 4150.8116 | 08738.7883 | 18:01:55 | 221.856096 | 357.489073 
 4150.8006 | 08738.7931 | 18:01:56 | 221.852069 | 357.476387 
 4150.7941 | 08738.7928 | 18:01:57 | 221.852387 | 357.468912 
 4150.7875 | 08738.7925 | 18:01:58 | 221.852706 | 357.461323 
 4150.5794 | 08738.7850 | 18:02:55 | 221.861071 | 357.222008 
 4150.5716 | 08738.7848 | 18:02:56 | 221.861315 | 357.213037 
 4150.5641 | 08738.7845 | 18:02:57 | 221.861642 | 357.204413 
 4150.5567 | 08738.7843 | 18:02:58 | 221.861882 | 357.195902 
 4150.5496 | 08738.7841 | 18:02:59 | 221.862119 | 357.187737 
 4150.5428 | 08738.7838 | 18:03:00 | 221.862440 | 357.179917 
 4150.5364 | 08738.7836 | 18:03:01 | 221.862671 | 357.172557 
 4150.5304 | 08738.7836 | 18:03:02 | 221.862726 | 357.165656 
 4150.5248 | 08738.7833 | 18:03:03 | 221.863035 | 357.159216 
 4150.5200 | 08738.7829 | 18:03:04 | 221.863424 | 357.153698 
 4150.5163 | 08738.7826 | 18:03:05 | 221.863716 | 357.149444 
 4150.5138 | 08738.7824 | 18:03:06 | 221.863911 | 357.146570 
 4150.5119 | 08738.7822 | 18:03:07 | 221.864100 | 357.144386 
 4150.5106 | 08738.7820 | 18:03:08 | 221.864284 | 357.142892 
 4150.5097 | 08738.7820 | 18:03:09 | 221.864292 | 357.141856 
 4150.5088 | 08738.7819 | 18:03:10 | 221.864387 | 357.140822 
 4150.5081 | 08738.7817 | 18:03:11 | 221.864565 | 357.140018 
 4150.5075 | 08738.7816 | 18:03:12 | 221.864657 | 357.139329 
 4150.5070 | 08738.7816 | 18:03:13 | 221.864661 | 357.138753 
 4150.5053 | 08738.7814 | 18:03:14 | 221.864849 | 357.136799 
 4150.5016 | 08738.7804 | 18:03:15 | 221.865743 | 357.132550 
 4150.4986 | 08738.7802 | 18:03:16 | 221.865943 | 357.129101 
 4150.4953 | 08738.7799 | 18:03:17 | 221.866231 | 357.125307 
 4150.4922 | 08738.7799 | 18:03:18 | 221.866260 | 357.121742 
 4150.4892 | 08738.7801 | 18:03:19 | 221.866115 | 357.118289 
 4150.4858 | 08738.7800 | 18:03:20 | 221.866233 | 357.114379 
 4150.4829 | 08738.7803 | 18:03:21 | 221.866001 | 357.111041 
 4150.4798 | 08738.7805 | 18:03:22 | 221.865858 | 357.107474 
 4150.4766 | 08738.7812 | 18:03:23 | 221.865285 | 357.103789 
 4150.4759 | 08738.7834 | 18:03:24 | 221.863399 | 357.102968 
 4150.4707 | 08738.7833 | 18:03:25 | 221.863533 | 357.096988 
 4150.4655 | 08738.7834 | 18:03:26 | 221.863495 | 357.091006 
 4150.4594 | 08738.7830 | 18:03:27 | 221.863895 | 357.083992 
 4150.4532 | 08738.7829 | 18:03:28 | 221.864038 | 357.076861 
 4150.4479 | 08738.7832 | 18:03:29 | 221.863829 | 357.070763 
 4150.4427 | 08738.7835 | 18:03:30 | 221.863619 | 357.064780 
 4150.4379 | 08738.7838 | 18:03:31 | 221.863405 | 357.059256 
 4150.4328 | 08738.7838 | 18:03:32 | 221.863452 | 357.053390 
 4150.4278 | 08738.7839 | 18:03:33 | 221.863412 | 357.047638 
 4150.4227 | 08738.7840 | 18:03:34 | 221.863373 | 357.041771 
 4150.4183 | 08738.7849 | 18:03:35 | 221.862639 | 357.036704 
 4150.4113 | 08738.7846 | 18:03:36 | 221.862961 | 357.028654 
 4150.4067 | 08738.7848 | 18:03:37 | 221.862832 | 357.023362 
 4150.4022 | 08738.7848 | 18:03:38 | 221.862873 | 357.018186 
 4150.3979 | 08738.7845 | 18:03:39 | 221.863171 | 357.013242 
 4150.3936 | 08738.7838 | 18:03:40 | 221.863812 | 357.008300 
 4150.3948 | 08738.7858 | 18:03:41 | 221.862081 | 357.009667 
 4150.3924 | 08738.7856 | 18:03:42 | 221.862275 | 357.006908 
 4150.3903 | 08738.7857 | 18:03:43 | 221.862208 | 357.004491 
 4150.3883 | 08738.7855 | 18:03:44 | 221.862399 | 357.002192 
 4150.3862 | 08738.7854 | 18:03:45 | 221.862504 | 356.999778 
 4150.3843 | 08738.7853 | 18:03:46 | 221.862608 | 356.997593 
 4150.3823 | 08738.7852 | 18:03:47 | 221.862712 | 356.995293 
 4150.3803 | 08738.7852 | 18:03:48 | 221.862730 | 356.992992 
 4150.3787 | 08738.7858 | 18:03:49 | 221.862229 | 356.991148 
 4150.3789 | 08738.7909 | 18:03:50 | 221.857840 | 356.991343 
 4150.3856 | 08738.7925 | 18:03:51 | 221.856403 | 356.999039 
 4150.3851 | 08738.7937 | 18:03:52 | 221.855375 | 356.998455 
 4150.3833 | 08738.7954 | 18:03:53 | 221.853929 | 356.996373 
 4150.3827 | 08738.7967 | 18:03:54 | 221.852817 | 356.995674 
 4150.3822 | 08738.7981 | 18:03:55 | 221.851617 | 356.995089 
 4150.3817 | 08738.7995 | 18:03:56 | 221.850417 | 356.994504 
 4150.3858 | 08738.8005 | 18:03:57 | 221.849520 | 356.999214 
 4150.3859 | 08738.8017 | 18:03:58 | 221.848486 | 356.999320 
 4150.3859 | 08738.8027 | 18:03:59 | 221.847626 | 356.999313 
 4150.3863 | 08738.8034 | 18:04:00 | 221.847020 | 356.999769 
 4150.3864 | 08738.8035 | 18:04:01 | 221.846934 | 356.999883 
 4150.3867 | 08738.8043 | 18:04:02 | 221.846243 | 357.000223 
 4150.3864 | 08738.8057 | 18:04:03 | 221.845041 | 356.999868 
 4150.3862 | 08738.8068 | 18:04:04 | 221.844097 | 356.999630 
 4150.3863 | 08738.8079 | 18:04:05 | 221.843150 | 356.999738 
 4150.3866 | 08738.8090 | 18:04:06 | 221.842201 | 357.000075 
 4150.3831 | 08738.8080 | 18:04:07 | 221.843093 | 356.996056 
 4150.3824 | 08738.8087 | 18:04:08 | 221.842497 | 356.995246 
 4150.3822 | 08738.8093 | 18:04:09 | 221.841983 | 356.995012 
 4150.3817 | 08738.8100 | 18:04:10 | 221.841386 | 356.994432 
 4150.3812 | 08738.8107 | 18:04:11 | 221.840788 | 356.993852 
 4150.3807 | 08738.8113 | 18:04:12 | 221.840277 | 356.993273 
 4150.3802 | 08738.8121 | 18:04:13 | 221.839593 | 356.992692 
 4150.3796 | 08738.8124 | 18:04:14 | 221.839341 | 356.992000 
 4150.3790 | 08738.8127 | 18:04:15 | 221.839088 | 356.991308 
 4150.3786 | 08738.8129 | 18:04:16 | 221.838920 | 356.990847 
 4150.3780 | 08738.8131 | 18:04:17 | 221.838753 | 356.990155 
 4150.3780 | 08738.8136 | 18:04:18 | 221.838323 | 356.990152 
 4150.3772 | 08738.8135 | 18:04:19 | 221.838417 | 356.989232 
 4150.3764 | 08738.8133 | 18:04:20 | 221.838596 | 356.988313 
 4150.3741 | 08738.8135 | 18:04:21 | 221.838445 | 356.985666 
 4150.3617 | 08738.8076 | 18:04:22 | 221.843634 | 356.971444 
 4150.3590 | 08738.8070 | 18:04:23 | 221.844175 | 356.968342 
 4150.3572 | 08738.8068 | 18:04:24 | 221.844363 | 356.966273 
 4150.3580 | 08738.8080 | 18:04:25 | 221.843324 | 356.967185 
 4150.3562 | 08738.8080 | 18:04:26 | 221.843340 | 356.965115 
 4150.3549 | 08738.8079 | 18:04:27 | 221.843438 | 356.963620 
 4150.3541 | 08738.8076 | 18:04:28 | 221.843704 | 356.962702 
 4150.3532 | 08738.8072 | 18:04:29 | 221.844056 | 356.961669 
 4150.3523 | 08738.8070 | 18:04:30 | 221.844237 | 356.960636 
 4150.3517 | 08738.8067 | 18:04:31 | 221.844500 | 356.959948 
 4150.3508 | 08738.8061 | 18:04:32 | 221.845024 | 356.958916 
 4150.3512 | 08738.8058 | 18:04:33 | 221.845279 | 356.959379 
 4150.3502 | 08738.8048 | 18:04:34 | 221.846148 | 356.958235 
 4150.3490 | 08738.8045 | 18:04:35 | 221.846417 | 356.956857 
 4150.3477 | 08738.8040 | 18:04:36 | 221.846859 | 356.955365 
 4150.3466 | 08738.8034 | 18:04:37 | 221.847386 | 356.954104 
 4150.3455 | 08738.8028 | 18:04:38 | 221.847912 | 356.952843 
 4150.3443 | 08738.8023 | 18:04:39 | 221.848353 | 356.951466 
 4150.3434 | 08738.8014 | 18:04:40 | 221.849135 | 356.950437 
 4150.3423 | 08738.8003 | 18:04:41 | 221.850092 | 356.949179 
 4150.3414 | 08738.7994 | 18:04:42 | 221.850874 | 356.948150 
 4150.3404 | 08738.7985 | 18:04:43 | 221.851657 | 356.947006 
 4150.3429 | 08738.7942 | 18:04:44 | 221.855333 | 356.949911 
 4150.3431 | 08738.7922 | 18:04:45 | 221.857052 | 356.950155 
 4150.3438 | 08738.7916 | 18:04:46 | 221.857561 | 356.950964 
 4150.3443 | 08738.7905 | 18:04:47 | 221.858503 | 356.951547 
 4150.3457 | 08738.7906 | 18:04:48 | 221.858404 | 356.953157 
 4150.3461 | 08738.7905 | 18:04:49 | 221.858486 | 356.953618 
 4150.3465 | 08738.7896 | 18:04:50 | 221.859257 | 356.954084 
 4150.3493 | 08738.7925 | 18:04:51 | 221.856736 | 356.957285 
 4150.3506 | 08738.7932 | 18:04:52 | 221.856122 | 356.958775 
 4150.3512 | 08738.7929 | 18:04:53 | 221.856375 | 356.959467 
 4150.3520 | 08738.7927 | 18:04:54 | 221.856540 | 356.960389 
 4150.3526 | 08738.7924 | 18:04:55 | 221.856792 | 356.961081 
 4150.3532 | 08738.7922 | 18:04:56 | 221.856959 | 356.961773 
 4150.3540 | 08738.7922 | 18:04:57 | 221.856951 | 356.962693 
 4150.3550 | 08738.7923 | 18:04:58 | 221.856856 | 356.963842 
 4150.3558 | 08738.7923 | 18:04:59 | 221.856849 | 356.964763 
 4150.3567 | 08738.7924 | 18:05:00 | 221.856754 | 356.965797 
 4150.3575 | 08738.7925 | 18:05:01 | 221.856661 | 356.966717 
 4150.3584 | 08738.7926 | 18:05:02 | 221.856567 | 356.967751 
 4150.3595 | 08738.7926 | 18:05:03 | 221.856557 | 356.969016 
 4150.3597 | 08738.7926 | 18:05:04 | 221.856555 | 356.969246 
 4150.3602 | 08738.7926 | 18:05:05 | 221.856550 | 356.969822 
 4150.3608 | 08738.7925 | 18:05:06 | 221.856631 | 356.970512 
 4150.3613 | 08738.7924 | 18:05:07 | 221.856712 | 356.971088 
 4150.3624 | 08738.7923 | 18:05:08 | 221.856788 | 356.972354 
 4150.3638 | 08738.7918 | 18:05:09 | 221.857205 | 356.973968 
 4150.3662 | 08738.7912 | 18:05:10 | 221.857699 | 356.976733 
 4150.3712 | 08738.7934 | 18:05:11 | 221.855761 | 356.982469 
 4150.3692 | 08738.7905 | 18:05:12 | 221.858274 | 356.980188 
 4150.3701 | 08738.7901 | 18:05:13 | 221.858610 | 356.981226 
 4150.3703 | 08738.7897 | 18:05:14 | 221.858952 | 356.981459 
 4150.3694 | 08738.7898 | 18:05:15 | 221.858874 | 356.980423 
 4150.3692 | 08738.7896 | 18:05:16 | 221.859048 | 356.980194 
 4150.3692 | 08738.7894 | 18:05:17 | 221.859220 | 356.980196 
 4150.3692 | 08738.7894 | 18:05:18 | 221.859220 | 356.980196 
 4150.3692 | 08738.7894 | 18:05:19 | 221.859220 | 356.980196 
 4150.3692 | 08738.7894 | 18:05:20 | 221.859220 | 356.980196 
 4150.3692 | 08738.7894 | 18:05:21 | 221.859220 | 356.980196 
 4150.3692 | 08738.7894 | 18:05:22 | 221.859220 | 356.980196 
 4150.3692 | 08738.7894 | 18:05:23 | 221.859220 | 356.980196 
 4150.3692 | 08738.7894 | 18:05:24 | 221.859220 | 356.980196 
 4150.3692 | 08738.7894 | 18:05:25 | 221.859220 | 356.980196 
 4150.3692 | 08738.7894 | 18:05:26 | 221.859220 | 356.980196 
 4150.3692 | 08738.7894 | 18:05:27 | 221.859220 | 356.980196 
 4150.3692 | 08738.7894 | 18:05:28 | 221.859220 | 356.980196 
 4150.3692 | 08738.7894 | 18:05:29 | 221.859220 | 356.980196 
 4150.3692 | 08738.7894 | 18:05: