 4152.4697 | 08738.9184 | 20:20:06 | 221.728993 | 359.395410 
 4152.4657 | 08738.9091 | 20:20:16 | 221.737024 | 359.390873 
 4152.4642 | 08738.9108 | 20:20:17 | 221.735577 | 359.389135 
 4152.4633 | 08738.9109 | 20:20:18 | 221.735499 | 359.388100 
 4152.4647 | 08738.9124 | 20:20:19 | 221.734197 | 359.389700 
 4152.4657 | 08738.9121 | 20:20:20 | 221.734445 | 359.390852 
 4152.4668 | 08738.9151 | 20:20:21 | 221.731856 | 359.392097 
 4152.4677 | 08738.9164 | 20:20:22 | 221.730730 | 359.393123 
 4152.4696 | 08738.9146 | 20:20:23 | 221.732260 | 359.395321 
 4152.4678 | 08738.9149 | 20:20:24 | 221.732019 | 359.393248 
 4152.4679 | 08738.9146 | 20:20:25 | 221.732276 | 359.393365 
 4152.4687 | 08738.9140 | 20:20:26 | 221.732784 | 359.394290 
 4152.4695 | 08738.9115 | 20:20:27 | 221.734926 | 359.395227 
 4152.4686 | 08738.9173 | 20:20:28 | 221.729948 | 359.394152 
 4152.4710 | 08738.9245 | 20:20:29 | 221.723737 | 359.396863 
 4152.4699 | 08738.9230 | 20:20:30 | 221.725036 | 359.395608 
 4152.4718 | 08738.9265 | 20:20:31 | 221.722010 | 359.397770 
 4152.4738 | 08738.9199 | 20:20:33 | 221.727665 | 359.400116 
 4152.4739 | 08738.9158 | 20:20:34 | 221.731189 | 359.400259 
 4152.4743 | 08738.9179 | 20:20:35 | 221.729380 | 359.400704 
 4152.4706 | 08738.9169 | 20:20:37 | 221.730274 | 359.396455 
 4152.4733 | 08738.9176 | 20:20:39 | 221.729647 | 359.399556 
 4152.4722 | 08738.9177 | 20:20:40 | 221.729571 | 359.398290 
 4152.4662 | 08738.9171 | 20:20:43 | 221.730142 | 359.391393 
 4152.4654 | 08738.9169 | 20:20:44 | 221.730322 | 359.390474 
 4152.4672 | 08738.9201 | 20:20:45 | 221.727554 | 359.392522 
 4152.4703 | 08738.9243 | 20:20:47 | 221.723915 | 359.396059 
 4152.4726 | 08738.9276 | 20:20:48 | 221.721057 | 359.398682 
 4152.4708 | 08738.9278 | 20:20:49 | 221.720901 | 359.396611 
 4152.4684 | 08738.9244 | 20:20:51 | 221.723846 | 359.393873 
 4152.4675 | 08738.9240 | 20:20:52 | 221.724198 | 359.392841 
 4152.4663 | 08738.9261 | 20:20:53 | 221.722404 | 359.391446 
 4152.4652 | 08738.9277 | 20:20:54 | 221.721039 | 359.390170 
 4152.4633 | 08738.9248 | 20:20:55 | 221.723549 | 359.388004 
 4152.4624 | 08738.9226 | 20:20:56 | 221.725449 | 359.386984 
 4152.4625 | 08738.9195 | 20:20:57 | 221.728113 | 359.387120 
 4152.4586 | 08738.9137 | 20:20:59 | 221.733135 | 359.382674 
 4152.4580 | 08738.9177 | 20:21:00 | 221.729702 | 359.381957 
 4152.4572 | 08738.9290 | 20:21:02 | 221.719995 | 359.380959 
 4152.4534 | 08738.9331 | 20:21:04 | 221.716505 | 359.376560 
 4152.4535 | 08738.9364 | 20:21:05 | 221.713667 | 359.376652 
 4152.4513 | 08738.9424 | 20:21:06 | 221.708529 | 359.374081 
 4152.4531 | 08738.9523 | 20:21:07 | 221.700001 | 359.376083 
 4152.4530 | 08738.9672 | 20:21:08 | 221.687193 | 359.375866 
 4152.4508 | 08738.9734 | 20:21:09 | 221.681883 | 359.373293 
 4152.4567 | 08738.9851 | 20:21:11 | 221.671770 | 359.379999 
 4152.4560 | 08738.9946 | 20:21:12 | 221.663610 | 359.379129 
 4152.4593 | 08739.0033 | 20:21:13 | 221.656100 | 359.382865 
 4152.4586 | 08739.0106 | 20:21:14 | 221.649831 | 359.382010 
 4152.4598 | 08739.0176 | 20:21:15 | 221.643802 | 359.383343 
 4152.4572 | 08739.0323 | 20:21:17 | 221.631188 | 359.380252 
 4152.4565 | 08739.0376 | 20:21:18 | 221.626638 | 359.379410 
 4152.4530 | 08739.0474 | 20:21:19 | 221.618245 | 359.375317 
 4152.4525 | 08739.0535 | 20:21:20 | 221.613006 | 359.374700 
 4152.4484 | 08739.0830 | 20:21:23 | 221.587682 | 359.369783 
 4152.4468 | 08739.0898 | 20:21:24 | 221.581851 | 359.367896 
 4152.4462 | 08739.0966 | 20:21:25 | 221.576011 | 359.367159 
 4152.4467 | 08739.1046 | 20:21:26 | 221.569129 | 359.367680 
 4152.4526 | 08739.1162 | 20:21:27 | 221.559102 | 359.374387 
 4152.4569 | 08739.1313 | 20:21:29 | 221.546082 | 359.379230 
 4152.4574 | 08739.1438 | 20:21:30 | 221.535331 | 359.379720 
 4152.4575 | 08739.1542 | 20:21:31 | 221.526389 | 359.379764 
 4152.4578 | 08739.1605 | 20:21:32 | 221.520970 | 359.380066 
 4152.4604 | 08739.1660 | 20:21:33 | 221.516218 | 359.383020 
 4152.4633 | 08739.1687 | 20:21:34 | 221.513871 | 359.386337 
 4152.4618 | 08739.1837 | 20:21:35 | 221.500989 | 359.384509 
 4152.4645 | 08739.2019 | 20:21:37 | 221.485318 | 359.387491 
 4152.4638 | 08739.2040 | 20:21:38 | 221.483519 | 359.386671 
 4152.4625 | 08739.2089 | 20:21:39 | 221.479318 | 359.385143 
 4152.4608 | 08739.2123 | 20:21:40 | 221.476411 | 359.383164 
 4152.4620 | 08739.2148 | 20:21:42 | 221.474251 | 359.384527 
 4152.4610 | 08739.2167 | 20:21:43 | 221.472627 | 359.383364 
 4152.4580 | 08739.2186 | 20:21:44 | 221.471020 | 359.379901 
 4152.4503 | 08739.2218 | 20:21:46 | 221.468340 | 359.371022 
 4152.4458 | 08739.2165 | 20:21:47 | 221.472937 | 359.365882 
 4152.4457 | 08739.2174 | 20:21:48 | 221.472164 | 359.365761 
 4152.4455 | 08739.2147 | 20:21:49 | 221.474487 | 359.365549 
 4152.4475 | 08739.2177 | 20:21:50 | 221.471890 | 359.367829 
 4152.4486 | 08739.2160 | 20:21:51 | 221.473341 | 359.369106 
 4152.4495 | 08739.2187 | 20:21:52 | 221.471012 | 359.370123 
 4152.4513 | 08739.2182 | 20:21:53 | 221.471425 | 359.372197 
 4152.4531 | 08739.2218 | 20:21:54 | 221.468314 | 359.374243 
 4152.4555 | 08739.2311 | 20:21:55 | 221.460297 | 359.376940 
 4152.4524 | 08739.2382 | 20:21:58 | 221.454221 | 359.373326 
 4152.4448 | 08739.4035 | 20:22:00 | 221.312183 | 359.363461 
 4152.4455 | 08739.4051 | 20:22:01 | 221.310801 | 359.364256 
 4152.4437 | 08739.4076 | 20:22:02 | 221.308668 | 359.362168 
 4152.4447 | 08739.4089 | 20:22:03 | 221.307542 | 359.363310 
 4152.4452 | 08739.4098 | 20:22:04 | 221.306763 | 359.363879 
 4152.4445 | 08739.4111 | 20:22:05 | 221.305652 | 359.363065 
 4152.4446 | 08739.4114 | 20:22:06 | 221.305393 | 359.363178 
 4152.4452 | 08739.4115 | 20:22:07 | 221.305302 | 359.363867 
 4152.4460 | 08739.4119 | 20:22:08 | 221.304951 | 359.364785 
 4152.4462 | 08739.4126 | 20:22:09 | 221.304347 | 359.365010 
 4152.4468 | 08739.4137 | 20:22:10 | 221.303396 | 359.365693 
 4152.4471 | 08739.4150 | 20:22:11 | 221.302276 | 359.366029 
 4152.4494 | 08739.4191 | 20:22:19 | 221.298730 | 359.368647 
 4152.4476 | 08739.4168 | 20:22:26 | 221.300724 | 359.366592 
 4152.4474 | 08739.4169 | 20:22:27 | 221.300640 | 359.366361 
 4152.4448 | 08739.4184 | 20:22:30 | 221.299374 | 359.363360 
 4152.4438 | 08739.4195 | 20:22:31 | 221.298437 | 359.362203 
 4152.4425 | 08739.4207 | 20:22:32 | 221.297417 | 359.360699 
 4152.4364 | 08739.4246 | 20:22:35 | 221.294120 | 359.353656 
 4152.4345 | 08739.4263 | 20:22:36 | 221.292675 | 359.351459 
 4152.4307 | 08739.4297 | 20:22:38 | 221.289787 | 359.347065 
 4152.4238 | 08739.4333 | 20:22:40 | 221.286755 | 359.339104 
 4152.4097 | 08739.4336 | 20:22:43 | 221.286624 | 359.322884 
 4152.4061 | 08739.4345 | 20:22:44 | 221.285883 | 359.318737 
 4152.4007 | 08739.4342 | 20:22:45 | 221.286190 | 359.312527 
 4152.3917 | 08739.4346 | 20:22:47 | 221.285928 | 359.302172 
 4152.3899 | 08739.4320 | 20:22:48 | 221.288179 | 359.300119 
 4152.3865 | 08739.4305 | 20:22:49 | 221.289500 | 359.296219 
 4152.3835 | 08739.4292 | 20:22:50 | 221.290644 | 359.292777 
 4152.3793 | 08739.4264 | 20:22:51 | 221.293090 | 359.287965 
 4152.3761 | 08739.4252 | 20:22:52 | 221.294150 | 359.284292 
 4152.3714 | 08739.4228 | 20:22:53 | 221.296256 | 359.278902 
 4152.3680 | 08739.4214 | 20:22:54 | 221.297491 | 359.275001 
 4152.3492 | 08739.4196 | 20:22:57 | 221.299209 | 359.253388 
 4152.3365 | 08739.4171 | 20:22:59 | 221.301473 | 359.238797 
 4152.3306 | 08739.4162 | 20:23:00 | 221.302300 | 359.232016 
 4152.3085 | 08739.4135 | 20:23:04 | 221.304822 | 359.206614 
 4152.2999 | 08739.4105 | 20:23:05 | 221.307479 | 359.196742 
 4152.2855 | 08739.4044 | 20:23:06 | 221.312854 | 359.180220 
 4152.2544 | 08739.3967 | 20:23:07 | 221.319756 | 359.144499 
 4152.2466 | 08739.3956 | 20:23:08 | 221.320772 | 359.135535 
 4152.2397 | 08739.3951 | 20:23:09 | 221.321265 | 359.127601 
 4152.2327 | 08739.3947 | 20:23:10 | 221.321672 | 359.119552 
 4152.2262 | 08739.3947 | 20:23:11 | 221.321731 | 359.112076 
 4152.2199 | 08739.3945 | 20:23:12 | 221.321960 | 359.104831 
 4152.2135 | 08739.3942 | 20:23:13 | 221.322276 | 359.097471 
 4152.2074 | 08739.3940 | 20:23:14 | 221.322503 | 359.090456 
 4152.2014 | 08739.3940 | 20:23:15 | 221.322558 | 359.083554 
 4152.1963 | 08739.3936 | 20:23:16 | 221.322948 | 359.077691 
 4152.1918 | 08739.3956 | 20:23:17 | 221.321269 | 359.072501 
 4152.1878 | 08739.3959 | 20:23:18 | 221.321047 | 359.067898 
 4152.1848 | 08739.3957 | 20:23:19 | 221.321247 | 359.064449 
 4152.1829 | 08739.3950 | 20:23:20 | 221.321866 | 359.062268 
 4152.1821 | 08739.3940 | 20:23:21 | 221.322733 | 359.061354 
 4152.1820 | 08739.3931 | 20:23:22 | 221.323507 | 359.061245 
 4152.1821 | 08739.3924 | 20:23:23 | 221.324108 | 359.061365 
 4152.1840 | 08739.4040 | 20:23:24 | 221.314118 | 359.063472 
 4152.1842 | 08739.4048 | 20:23:25 | 221.313428 | 359.063697 
 4152.1843 | 08739.4043 | 20:23:26 | 221.313857 | 359.063815 
 4152.1844 | 08739.4042 | 20:23:27 | 221.313942 | 359.063931 
 4152.1844 | 08739.4042 | 20:23:28 | 221.313942 | 359.063931 
 4152.1844 | 08739.4042 | 20:23:29 | 221.313942 | 359.063931 
 4152.1844 | 08739.4042 | 20:23:30 | 221.313942 | 359.063931 
 4152.1844 | 08739.4042 | 20:23:31 | 221.313942 | 359.063931 
 4152.1844 | 08739.4042 | 20:23:32 | 221.313942 | 359.063931 
 4152.1844 | 08739.4042 | 20:23:33 | 221.313942 | 359.063931 
 4152.1844 | 08739.4042 | 20:23:34 | 221.313942 | 359.063931 
 4152.1844 | 08739.4042 | 20:23:35 | 221.313942 | 359.063931 
 4152.1843 | 08739.4030 | 20:23:36 | 221.314975 | 359.063824 
 4152.1830 | 08739.4024 | 20:23:38 | 221.315503 | 359.062333 
 4152.1821 | 08739.4019 | 20:23:39 | 221.315941 | 359.061301 
 4152.1811 | 08739.4014 | 20:23:40 | 221.316380 | 359.060154 
 4152.1802 | 08739.4010 | 20:23:41 | 221.316732 | 359.059121 
 4152.1794 | 08739.4006 | 20:23:42 | 221.317083 | 359.058204 
 4152.1789 | 08739.4000 | 20:23:43 | 221.317603 | 359.057633 
 4152.1785 | 08739.3990 | 20:23:44 | 221.318467 | 359.057180 
 4152.1783 | 08739.3977 | 20:23:45 | 221.319586 | 359.056958 
 4152.1781 | 08739.3971 | 20:23:46 | 221.320104 | 359.056732 
 4152.1777 | 08739.3960 | 20:23:47 | 221.321053 | 359.056280 
 4152.1776 | 08739.3957 | 20:23:48 | 221.321312 | 359.056167 
 4152.1774 | 08739.3953 | 20:23:49 | 221.321658 | 359.055939 
 4152.1773 | 08739.3952 | 20:23:50 | 221.321745 | 359.055825 
 4152.1772 | 08739.3950 | 20:23:51 | 221.321917 | 359.055711 
 4152.1771 | 08739.3947 | 20:23:52 | 221.322176 | 359.055598 
 4152.1771 | 08739.3947 | 20:23:53 | 221.322176 | 359.055598 
 4152.1771 | 08739.3947 | 20:23:54 | 221.322176 | 359.055598 
 4152.1771 | 08739.3947 | 20:23:55 | 221.322176 | 359.055598 
 4152.1762 | 08739.3936 | 20:23:56 | 221.323130 | 359.054571 
 4152.1753 | 08739.3936 | 20:23:57 | 221.323138 | 359.053535 
 4152.1740 | 08739.3936 | 20:23:58 | 221.323150 | 359.052040 
 4152.1726 | 08739.3940 | 20:23:59 | 221.322819 | 359.050427 
 4152.1714 | 08739.3937 | 20:24:00 | 221.323088 | 359.049049 
 4152.1705 | 08739.3936 | 20:24:01 | 221.323182 | 359.048014 
 4152.1716 | 08739.4018 | 20:24:02 | 221.316122 | 359.049224 
 4152.1710 | 08739.4007 | 20:24:03 | 221.317073 | 359.048541 
 4152.1708 | 08739.4005 | 20:24:04 | 221.317247 | 359.048312 
 4152.1706 | 08739.4005 | 20:24:05 | 221.317249 | 359.048082 
 4152.1703 | 08739.4000 | 20:24:06 | 221.317681 | 359.047741 
 4152.1703 | 08739.4000 | 20:24:07 | 221.317681 | 359.047741 
 4152.1703 | 08739.4000 | 20:24:08 | 221.317681 | 359.047741 
 4152.1702 | 08739.4017 | 20:24:09 | 221.316220 | 359.047614 
 4152.1698 | 08739.4023 | 20:24:10 | 221.315708 | 359.047150 
 4152.1695 | 08739.4025 | 20:24:11 | 221.315539 | 359.046804 
 4152.1693 | 08739.4028 | 20:24:12 | 221.315283 | 359.046572 
 4152.1691 | 08739.4029 | 20:24:13 | 221.315199 | 359.046341 
 4152.1690 | 08739.4030 | 20:24:14 | 221.315114 | 359.046225 
 4152.1690 | 08739.4030 | 20:24:15 | 221.315114 | 359.046225 
 4152.1690 | 08739.4030 | 20:24:16 | 221.315114 | 359.046225 
 4152.1684 | 08739.4033 | 20:24:17 | 221.314861 | 359.045533 
 4152.1680 | 08739.4038 | 20:24:18 | 221.314435 | 359.045069 
 4152.1676 | 08739.4043 | 20:24:19 | 221.314009 | 359.044606 
 4152.1673 | 08739.4047 | 20:24:20 | 221.313668 | 359.044258 
 4152.1669 | 08739.4052 | 20:24:21 | 221.313241 | 359.043795 
 4152.1664 | 08739.4059 | 20:24:22 | 221.312644 | 359.043215 
 4152.1659 | 08739.4063 | 20:24:23 | 221.312305 | 359.042637 
 4152.1654 | 08739.4069 | 20:24:24 | 221.311793 | 359.042058 
 4152.1649 | 08739.4074 | 20:24:25 | 221.311368 | 359.041479 
 4152.1644 | 08739.4081 | 20:24:26 | 221.310771 | 359.040899 
 4152.1635 | 08739.4120 | 20:24:27 | 221.307426 | 359.039838 
 4152.1629 | 08739.4133 | 20:24:28 | 221.306313 | 359.039139 
 4152.1626 | 08739.4148 | 20:24:29 | 221.305027 | 359.038784 
 4152.1703 | 08739.4268 | 20:24:30 | 221.294640 | 359.047559 
 4152.1703 | 08739.4313 | 20:24:31 | 221.290771 | 359.047529 
 4152.1701 | 08739.4366 | 20:24:32 | 221.286216 | 359.047263 
 4152.1669 | 08739.4430 | 20:24:33 | 221.280742 | 359.043539 
 4152.1671 | 08739.4498 | 20:24:34 | 221.274894 | 359.043723 
 4152.1672 | 08739.4573 | 20:24:35 | 221.268445 | 359.043787 
 4152.1675 | 08739.4650 | 20:24:36 | 221.261822 | 359.044080 
 4152.1677 | 08739.4732 | 20:24:37 | 221.254771 | 359.044254 
 4152.1676 | 08739.4815 | 20:24:38 | 221.247636 | 359.044083 
 4152.1677 | 08739.4904 | 20:24:39 | 221.239983 | 359.044138 
 4152.1676 | 08739.4993 | 20:24:40 | 221.232332 | 359.043963 
 4152.1675 | 08739.5084 | 20:24:41 | 221.224509 | 359.043786 
 4152.1676 | 08739.5177 | 20:24:42 | 221.216512 | 359.043839 
 4152.1675 | 08739.5271 | 20:24:43 | 221.208432 | 359.043660 
 4152.1674 | 08739.5367 | 20:24:44 | 221.200179 | 359.043480 
 4152.1674 | 08739.5463 | 20:24:45 | 221.191925 | 359.043415 
 4152.1673 | 08739.5560 | 20:24:46 | 221.183586 | 359.043235 
 4152.1672 | 08739.5655 | 20:24:47 | 221.175420 | 359.043056 
 4152.1671 | 08739.5749 | 20:24:48 | 221.167339 | 359.042877 
 4152.1669 | 08739.5842 | 20:24:49 | 221.159345 | 359.042584 
 4152.1667 | 08739.5934 | 20:24:50 | 221.151437 | 359.042292 
 4152.1665 | 08739.6024 | 20:24:51 | 221.143701 | 359.042001 
 4152.1663 | 08739.6112 | 20:24:52 | 221.136137 | 359.041712 
 4152.1659 | 08739.6198 | 20:24:53 | 221.128747 | 359.041194 
 4152.1656 | 08739.6283 | 20:24:54 | 221.121441 | 359.040792 
 4152.1654 | 08739.6366 | 20:24:55 | 221.114307 | 359.040506 
 4152.1655 | 08739.6446 | 20:24:56 | 221.107428 | 359.040567 
 4152.1653 | 08739.6525 | 20:24:57 | 221.100638 | 359.040284 
 4152.1650 | 08739.6599 | 20:24:58 | 221.094278 | 359.039889 
 4152.1654 | 08739.6663 | 20:24:59 | 221.088772 | 359.040306 
 4152.1641 | 08739.6726 | 20:25:00 | 221.083368 | 359.038768 
 4152.1640 | 08739.6773 | 20:25:01 | 221.079328 | 359.038621 
 4152.1642 | 08739.6810 | 20:25:02 | 221.076145 | 359.038826 
 4152.1641 | 08739.6844 | 20:25:03 | 221.073222 | 359.038688 
 4152.1639 | 08739.6877 | 20:25:04 | 221.070387 | 359.038436 
 4152.1638 | 08739.6914 | 20:25:05 | 221.067207 | 359.038296 
 4152.1636 | 08739.6955 | 20:25:06 | 221.063684 | 359.038039 
 4152.1635 | 08739.7003 | 20:25:07 | 221.059558 | 359.037891 
 4152.1619 | 08739.7060 | 20:25:08 | 221.054671 | 359.036013 
 4152.1612 | 08739.7123 | 20:25:09 | 221.049261 | 359.035165 
 4152.1611 | 08739.7187 | 20:25:10 | 221.043760 | 359.035007 
 4152.1608 | 08739.7255 | 20:25:11 | 221.037916 | 359.034616 
 4152.1608 | 08739.7324 | 20:25:12 | 221.031984 | 359.034570 
 4152.1608 | 08739.7394 | 20:25:13 | 221.025965 | 359.034523 
 4152.1608 | 08739.7466 | 20:25:14 | 221.019775 | 359.034474 
 4152.1609 | 08739.7540 | 20:25:15 | 221.013412 | 359.034540 
 4152.1609 | 08739.7614 | 20:25:16 | 221.007050 | 359.034490 
 4152.1608 | 08739.7688 | 20:25:17 | 221.000689 | 359.034325 
 4152.1608 | 08739.7762 | 20:25:18 | 220.994326 | 359.034276 
 4152.1607 | 08739.7835 | 20:25:19 | 220.988051 | 359.034111 
 4152.1605 | 08739.7908 | 20:25:20 | 220.981777 | 359.033832 
 4152.1604 | 08739.7980 | 20:25:21 | 220.975587 | 359.033669 
 4152.1603 | 08739.8051 | 20:25:22 | 220.969484 | 359.033506 
 4152.1599 | 08739.8120 | 20:25:23 | 220.963555 | 359.033000 
 4152.1595 | 08739.8186 | 20:25:24 | 220.957884 | 359.032496 
 4152.1588 | 08739.8244 | 20:25:25 | 220.952904 | 359.031652 
 4152.1579 | 08739.8294 | 20:25:26 | 220.948613 | 359.030583 
 4152.1610 | 08739.8318 | 20:25:27 | 220.946522 | 359.034133 
 4152.1613 | 08739.8348 | 20:25:28 | 220.943940 | 359.034457 
 4152.1620 | 08739.8364 | 20:25:29 | 220.942558 | 359.035252 
 4152.1625 | 08739.8371 | 20:25:30 | 220.941952 | 359.035822 
 4152.1627 | 08739.8373 | 20:25:31 | 220.941778 | 359.036051 
 4152.1629 | 08739.8371 | 20:25:32 | 220.941948 | 359.036282 
 4152.1630 | 08739.8369 | 20:25:33 | 220.942119 | 359.036399 
 4152.1630 | 08739.8369 | 20:25:34 | 220.942119 | 359.036399 
 4152.1630 | 08739.8369 | 20:25:35 | 220.942119 | 359.036399 
 4152.1630 | 08739.8369 | 20:25:36 | 220.942119 | 359.036399 
 4152.1630 | 08739.8369 | 20:25:37 | 220.942119 | 359.036399 
 4152.1630 | 08739.8369 | 20:25:38 | 220.942119 | 359.036399 
 4152.1611 | 08739.8379 | 20:25:39 | 220.941277 | 359.034207 
 4152.1606 | 08739.8392 | 20:25:40 | 220.940163 | 359.033623 
 4152.1611 | 08739.8412 | 20:25:41 | 220.938439 | 359.034185 
 4152.1608 | 08739.8444 | 20:25:42 | 220.935691 | 359.033818 
 4152.1607 | 08739.8480 | 20:25:43 | 220.932597 | 359.033679 
 4152.1607 | 08739.8517 | 20:25:44 | 220.929416 | 359.033654 
 4152.1609 | 08739.8582 | 20:25:45 | 220.923825 | 359.033841 
 4152.1613 | 08739.8637 | 20:25:46 | 220.919093 | 359.034264 
 4152.1615 | 08739.8703 | 20:25:47 | 220.913417 | 359.034450 
 4152.1617 | 08739.8771 | 20:25:48 | 220.907569 | 359.034634 
 4152.1610 | 08739.8846 | 20:25:49 | 220.901127 | 359.033779 
 4152.1604 | 08739.8920 | 20:25:50 | 220.894770 | 359.033039 
 4152.1600 | 08739.8995 | 20:25:51 | 220.888325 | 359.032529 
 4152.1595 | 08739.9072 | 20:25:52 | 220.881710 | 359.031902 
 4152.1594 | 08739.9148 | 20:25:53 | 220.875176 | 359.031736 
 4152.1591 | 08739.9222 | 20:25:54 | 220.868817 | 359.031342 
 4152.1590 | 08739.9294 | 20:25:55 | 220.862628 | 359.031178 
 4152.1586 | 08739.9367 | 20:25:56 | 220.856355 | 359.030669 
 4152.1578 | 08739.9437 | 20:25:57 | 220.850344 | 359.029702 
 4152.1575 | 08739.9504 | 20:25:58 | 220.844586 | 359.029313 
 4152.1574 | 08739.9567 | 20:25:59 | 220.839171 | 359.029155 
 4152.1576 | 08739.9624 | 20:26:00 | 220.834268 | 359.029347 
 4152.1580 | 08739.9672 | 20:26:01 | 220.830138 | 359.029775 
 4152.1581 | 08739.9712 | 20:26:02 | 220.826698 | 359.029864 
 4152.1580 | 08739.9742 | 20:26:03 | 220.824119 | 359.029729 
 4152.1585 | 08739.9758 | 20:26:04 | 220.822739 | 359.030293 
 4152.1585 | 08739.9766 | 20:26:05 | 220.822051 | 359.030288 
 4152.1585 | 08739.9766 | 20:26:06 | 220.822051 | 359.030288 
 4152.1588 | 08739.9765 | 20:26:07 | 220.822135 | 359.030633 
 4152.1589 | 08739.9764 | 20:26:08 | 220.822220 | 359.030749 
 4152.1589 | 08739.9764 | 20:26:09 | 220.822220 | 359.030749 
 4152.1589 | 08739.9764 | 20:26:10 | 220.822220 | 359.030749 
 4152.1589 | 08739.9764 | 20:26:11 | 220.822220 | 359.030749 
 4152.1589 | 08739.9764 | 20:26:12 | 220.822220 | 359.030749 
 4152.1589 | 08739.9764 | 20:26:13 | 220.822220 | 359.030749 
 4152.1589 | 08739.9764 | 20:26:14 | 220.822220 | 359.030749 
 4152.1589 | 08739.9764 | 20:26:15 | 220.822220 | 359.030749 
 4152.1589 | 08739.9764 | 20:26:16 | 220.822220 | 359.030749 
 4152.1589 | 08739.9764 | 20:26:17 | 220.822220 | 359.030749 
 4152.1589 | 08739.9764 | 20:26:18 | 220.822220 | 359.030749 
 4152.1589 | 08739.9764 | 20:26:19 | 220.822220 | 359.030749 
 4152.1589 | 08739.9764 | 20:26:20 | 220.822220 | 359.030749 
 4152.1589 | 08739.9764 | 20:26:21 | 220.822220 | 359.030749 
 4152.1589 | 08739.9764 | 20:26:22 | 220.822220 | 359.030749 
 4152.1589 | 08739.9764 | 20:26:23 | 220.822220 | 359.030749 
 4152.1589 | 08739.9764 | 20:26:24 | 220.822220 | 359.030749 
 4152.1589 | 08739.9764 | 20:26:25 | 220.822220 | 359.030749 
 4152.1589 | 08739.9764 | 20:26:26 | 220.822220 | 359.030749 
 4152.1589 | 08739.9764 | 20:26:27 | 220.822220 | 359.030749 
 4152.1589 | 08739.9764 | 20:26:28 | 220.822220 | 359.030749 
 4152.1589 | 08739.9764 | 20:26:29 | 220.822220 | 359.030749 
 4152.1589 | 08739.9764 | 20:26:30 | 220.822220 | 359.030749 
 4152.1589 | 08739.9764 | 20:26:31 | 220.822220 | 359.030749 
 4152.1589 | 08739.9764 | 20:26:32 | 220.822220 | 359.030749 
 4152.1589 | 08739.9764 | 20:26:33 | 220.822220 | 359.030749 
 4152.1589 | 08739.9764 | 20:26:34 | 220.822220 | 359.030749 
 4152.1589 | 08739.9764 | 20:26:35 | 220.822220 | 359.030749 
 4152.1589 | 08739.9764 | 20:26:36 | 220.822220 | 359.030749 
 4152.1589 | 08739.9764 | 20:26:37 | 220.822220 | 359.030749 
 4152.1589 | 08739.9764 | 20:26:38 | 220.822220 | 359.030749 
 4152.1589 | 08739.9764 | 20:26:39 | 220.822220 | 359.030749 
 4152.1589 | 08739.9764 | 20:26:40 | 220.822220 | 359.030749 
 4152.1589 | 08739.9764 | 20:26:41 | 220.822220 | 359.030749 
 4152.1589 | 08739.9764 | 20:26:42 | 220.822220 | 359.030749 
 4152.1589 | 08739.9764 | 20:26:43 | 220.822220 | 359.030749 
 4152.1589 | 08739.9764 | 20:26:44 | 220.822220 | 359.030749 
 4152.1589 | 08739.9764 | 20:26:45 | 220.822220 | 359.030749 
 4152.1589 | 08739.9764 | 20:26:46 | 220.822220 | 359.030749 
 4152.1589 | 08739.9764 | 20:26:47 | 220.822220 | 359.030749 
 4152.1589 | 08739.9764 | 20:26:48 | 220.822220 | 359.030749 
 4152.1589 | 08739.9764 | 20:26:49 | 220.822220 | 359.030749 
 4152.1562 | 08739.9762 | 20:26:50 | 220.822416 | 359.027645 
 4152.1563 | 08739.9773 | 20:26:51 | 220.821469 | 359.027752 
 4152.1565 | 08739.9789 | 20:26:52 | 220.820092 | 359.027972 
 4152.1568 | 08739.9810 | 20:26:53 | 220.818284 | 359.028303 
 4152.1554 | 08739.9840 | 20:26:54 | 220.815717 | 359.026673 
 4152.1572 | 08739.9856 | 20:26:55 | 220.814325 | 359.028732 
 4152.1581 | 08739.9885 | 20:26:56 | 220.811824 | 359.029748 
 4152.1587 | 08739.9917 | 20:26:57 | 220.809067 | 359.030417 
 4152.1590 | 08739.9958 | 20:26:58 | 220.805540 | 359.030735 
 4152.1589 | 08740.0005 | 20:26:59 | 220.801500 | 359.030588 
 4152.1594 | 08740.0066 | 20:27:00 | 220.796251 | 359.031123 
 4152.1593 | 08740.0131 | 20:27:01 | 220.790663 | 359.030964 
 4152.1593 | 08740.0197 | 20:27:02 | 220.784989 | 359.030920 
 4152.1592 | 08740.0269 | 20:27:03 | 220.778799 | 359.030757 
 4152.1593 | 08740.0344 | 20:27:04 | 220.772350 | 359.030822 
 4152.1594 | 08740.0418 | 20:27:05 | 220.765987 | 359.030888 
 4152.1576 | 08740.0490 | 20:27:06 | 220.759813 | 359.028769 
 4152.1552 | 08740.0560 | 20:27:07 | 220.753816 | 359.025962 
 4152.1551 | 08740.0629 | 20:27:08 | 220.747885 | 359.025801 
 4152.1550 | 08740.0697 | 20:27:09 | 220.742039 | 359.025641 
 4152.1539 | 08740.0764 | 20:27:10 | 220.736289 | 359.024331 
 4152.1535 | 08740.0830 | 20:27:11 | 220.730618 | 359.023827 
 4152.1529 | 08740.0894 | 20:27:12 | 220.725121 | 359.023094 
 4152.1524 | 08740.0955 | 20:27:13 | 220.719881 | 359.022478 
 4152.1521 | 08740.1016 | 20:27:14 | 220.714639 | 359.022092 
 4152.1521 | 08740.1075 | 20:27:15 | 220.709566 | 359.022053 
 4152.1523 | 08740.1133 | 20:27:16 | 220.704578 | 359.022244 
 4152.1526 | 08740.1185 | 20:27:17 | 220.700104 | 359.022555 
 4152.1531 | 08740.1229 | 20:27:18 | 220.696317 | 359.023101 
 4152.1534 | 08740.1263 | 20:27:19 | 220.693391 | 359.023423 
 4152.1537 | 08740.1286 | 20:27:20 | 220.691411 | 359.023753 
 4152.1540 | 08740.1299 | 20:27:21 | 220.690291 | 359.024089 
 4152.1541 | 08740.1305 | 20:27:22 | 220.689774 | 359.024200 
 4152.1533 | 08740.1309 | 20:27:23 | 220.689437 | 359.023278 
 4152.1526 | 08740.1311 | 20:27:24 | 220.689271 | 359.022471 
 4152.1523 | 08740.1312 | 20:27:25 | 220.689188 | 359.022125 
 4152.1523 | 08740.1312 | 20:27:26 | 220.689188 | 359.022125 
 4152.1523 | 08740.1312 | 20:27:27 | 220.689188 | 359.022125 
 4152.1523 | 08740.1312 | 20:27:28 | 220.689188 | 359.022125 
 4152.1523 | 08740.1312 | 20:27:29 | 220.689188 | 359.022125 
 4152.1523 | 08740.1312 | 20:27:30 | 220.689188 | 359.022125 
 4152.1523 | 08740.1312 | 20:27:31 | 220.689188 | 359.022125 
 4152.1523 | 08740.1312 | 20:27:32 | 220.689188 | 359.022125 
 4152.1523 | 08740.1312 | 20:27:33 | 220.689188 | 359.022125 
 4152.1523 | 08740.1312 | 20:27:34 | 220.689188 | 359.022125 
 4152.1505 | 08740.1316 | 20:27:35 | 220.688860 | 359.020052 
 4152.1509 | 08740.1352 | 20:27:38 | 220.685761 | 359.020488 
 4152.1516 | 08740.1377 | 20:27:40 | 220.683606 | 359.021277 
 4152.1450 | 08740.1597 | 20:27:42 | 220.664750 | 359.013539 
 4152.1448 | 08740.1658 | 20:27:43 | 220.659507 | 359.013268 
 4152.1491 | 08740.1761 | 20:27:45 | 220.650613 | 359.018146 
 4152.1493 | 08740.1819 | 20:27:46 | 220.645625 | 359.018337 
 4152.1494 | 08740.1877 | 20:27:47 | 220.640637 | 359.018414 
 4152.1487 | 08740.2038 | 20:27:48 | 220.626802 | 359.017502 
 4152.1486 | 08740.2121 | 20:27:49 | 220.619666 | 359.017331 
 4152.1492 | 08740.2204 | 20:27:50 | 220.612525 | 359.017967 
 4152.1489 | 08740.2359 | 20:27:52 | 220.599201 | 359.017519 
 4152.1490 | 08740.2436 | 20:27:53 | 220.592580 | 359.017582 
 4152.1379 | 08740.2882 | 20:28:00 | 220.554334 | 359.004519 
 4152.1361 | 08740.2933 | 20:28:01 | 220.549965 | 359.002415 
 4152.1343 | 08740.2984 | 20:28:02 | 220.545596 | 359.000310 
 4152.1326 | 08740.3035 | 20:28:03 | 220.541226 | 358.998321 
 4152.1248 | 08740.3232 | 20:28:07 | 220.524358 | 358.989219 
 4152.1240 | 08740.3296 | 20:28:10 | 220.518862 | 358.988256 
 4152.1230 | 08740.3337 | 20:28:11 | 220.515346 | 358.987079 
 4152.1366 | 08740.3577 | 20:28:14 | 220.494592 | 359.002563 
 4152.1379 | 08740.3718 | 20:28:16 | 220.482457 | 359.003965 
 4152.1405 | 08740.4091 | 20:28:22 | 220.450365 | 359.006709 
 4152.1410 | 08740.4135 | 20:28:23 | 220.446578 | 359.007255 
 4152.1418 | 08740.4177 | 20:28:25 | 220.442960 | 359.008148 
 4152.1418 | 08740.4196 | 20:28:26 | 220.441326 | 359.008135 
 4152.1423 | 08740.4224 | 20:28:27 | 220.438914 | 359.008692 
 4152.1428 | 08740.4251 | 20:28:28 | 220.436589 | 359.009249 
 4152.1426 | 08740.4287 | 20:28:29 | 220.433495 | 359.008995 
 4152.1429 | 08740.4324 | 20:28:30 | 220.430312 | 359.009316 
 4152.1431 | 08740.4359 | 20:28:31 | 220.427301 | 359.009523 
 4152.1435 | 08740.4393 | 20:28:32 | 220.424374 | 359.009960 
 4152.1441 | 08740.4413 | 20:28:33 | 220.422649 | 359.010637 
 4152.1444 | 08740.4418 | 20:28:34 | 220.422217 | 359.010979 
 4152.1436 | 08740.4419 | 20:28:35 | 220.422138 | 359.010058 
 4152.1435 | 08740.4420 | 20:28:36 | 220.422053 | 359.009943 
 4152.1435 | 08740.4419 | 20:28:38 | 220.422139 | 359.009943 
 4152.1435 | 08740.4419 | 20:28:40 | 220.422139 | 359.009943 
 4152.1435 | 08740.4419 | 20:28:41 | 220.422139 | 359.009943 
 4152.1435 | 08740.4419 | 20:28:42 | 220.422139 | 359.009943 
 4152.1435 | 08740.4419 | 20:28:43 | 220.422139 | 359.009943 
 4152.1435 | 08740.4419 | 20:28:44 | 220.422139 | 359.009943 
 4152.1435 | 08740.4419 | 20:28:45 | 220.422139 | 359.009943 
 4152.1435 | 08740.4419 | 20:28:46 | 220.422139 | 359.009943 
 4152.1435 | 08740.4419 | 20:28:47 | 220.422139 | 359.009943 
 4152.1435 | 08740.4419 | 20:28:48 | 220.422139 | 359.009943 
 4152.1450 | 08740.4455 | 20:28:49 | 220.419030 | 359.011645 
 4152.1452 | 08740.4460 | 20:28:50 | 220.418598 | 359.011872 
 4152.1454 | 08740.4466 | 20:28:51 | 220.418081 | 359.012098 
 4152.1460 | 08740.4497 | 20:28:52 | 220.415410 | 359.012767 
 4152.1466 | 08740.4525 | 20:28:53 | 220.412998 | 359.013439 
 4152.1437 | 08740.4580 | 20:28:54 | 220.408295 | 359.010067 
 4152.1434 | 08740.4628 | 20:28:55 | 220.404170 | 359.009690 
 4152.1432 | 08740.4680 | 20:28:56 | 220.399701 | 359.009426 
 4152.1431 | 08740.4739 | 20:28:57 | 220.394630 | 359.009272 
 4152.1431 | 08740.4801 | 20:28:58 | 220.389299 | 359.009231 
 4152.1434 | 08740.4866 | 20:28:59 | 220.383708 | 359.009533 
 4152.1436 | 08740.4934 | 20:29:00 | 220.377860 | 359.009719 
 4152.1440 | 08740.5002 | 20:29:01 | 220.372010 | 359.010134 
 4152.1437 | 08740.5074 | 20:29:02 | 220.365822 | 359.009741 
 4152.1437 | 08740.5143 | 20:29:03 | 220.359890 | 359.009696 
 4152.1436 | 08740.5211 | 20:29:04 | 220.354045 | 359.009536 
 4152.1435 | 08740.5277 | 20:29:05 | 220.348371 | 359.009377 
 4152.1435 | 08740.5340 | 20:29:06 | 220.342954 | 359.009336 
 4152.1435 | 08740.5397 | 20:29:07 | 220.338054 | 359.009298 
 4152.1435 | 08740.5448 | 20:29:08 | 220.333669 | 359.009265 
 4152.1435 | 08740.5492 | 20:29:09 | 220.329886 | 359.009236 
 4152.1435 | 08740.5525 | 20:29:10 | 220.327049 | 359.009214 
 4152.1432 | 08740.5544 | 20:29:11 | 220.325418 | 359.008856 
 4152.1432 | 08740.5552 | 20:29:12 | 220.324730 | 359.008851 
 4152.1433 | 08740.5555 | 20:29:13 | 220.324471 | 359.008964 
 4152.1433 | 08740.5555 | 20:29:14 | 220.324471 | 359.008964 
 4152.1462 | 08740.5535 | 20:29:15 | 220.326165 | 359.012313 
 4152.1471 | 08740.5535 | 20:29:16 | 220.326157 | 359.013348 
 4152.1474 | 08740.5546 | 20:29:17 | 220.325209 | 359.013686 
 4152.1477 | 08740.5561 | 20:29:18 | 220.323917 | 359.014021 
 4152.1488 | 08740.5571 | 20:29:19 | 220.323047 | 359.015280 
 4152.1495 | 08740.5584 | 20:29:20 | 220.321923 | 359.016077 
 4152.1504 | 08740.5591 | 20:29:21 | 220.321314 | 359.017107 
 4152.1511 | 08740.5596 | 20:29:22 | 220.320878 | 359.017909 
 4152.1515 | 08740.5597 | 20:29:23 | 220.320788 | 359.018369 
 4152.1517 | 08740.5598 | 20:29:24 | 220.320700 | 359.018598 
 4152.1509 | 08740.5599 | 20:29:25 | 220.320621 | 359.017677 
 4152.1509 | 08740.5599 | 20:29:26 | 220.320621 | 359.017677 
 4152.1509 | 08740.5599 | 20:29:27 | 220.320621 | 359.017677 
 4152.1509 | 08740.5599 | 20:29:28 | 220.320621 | 359.017677 
 4152.1509 | 08740.5599 | 20:29:29 | 220.320621 | 359.017677 
 4152.1509 | 08740.5599 | 20:29:30 | 220.320621 | 359.017677 
 4152.1509 | 08740.5599 | 20:29:31 | 220.320621 | 359.017677 
 4152.1509 | 08740.5599 | 20:29:32 | 220.320621 | 359.017677 
 4152.1509 | 08740.5599 | 20:29:33 | 220.320621 | 359.017677 
 4152.1509 | 08740.5599 | 20:29:34 | 220.320621 | 359.017677 
 4152.1509 | 08740.5599 | 20:29:35 | 220.320621 | 359.017677 
 4152.1509 | 08740.5599 | 20:29:36 | 220.320621 | 359.017677 
 4152.1509 | 08740.5599 | 20:29:37 | 220.320621 | 359.017677 
 4152.1509 | 08740.5599 | 20:29:38 | 220.320621 | 359.017677 
 4152.1509 | 08740.5599 | 20:29:39 | 220.320621 | 359.017677 
 4152.1509 | 08740.5599 | 20:29:40 | 220.320621 | 359.017677 
 4152.1509 | 08740.5599 | 20:29:41 | 220.320621 | 359.017677 
 4152.1509 | 08740.5599 | 20:29:42 | 220.320621 | 359.017677 
 4152.1509 | 08740.5599 | 20:29:43 | 220.320621 | 359.017677 
 4152.1509 | 08740.5599 | 20:29:44 | 220.320621 | 359.017677 
 4152.1509 | 08740.5599 | 20:29:45 | 220.320621 | 359.017677 
 4152.1509 | 08740.5599 | 20:29:46 | 220.320621 | 359.017677 
 4152.1509 | 08740.5599 | 20:29:47 | 220.320621 | 359.017677 
 4152.1509 | 08740.5599 | 20:29:48 | 220.320621 | 359.017677 
 4152.1509 | 08740.5599 | 20:29:49 | 220.320621 | 359.017677 
 4152.1523 | 08740.5572 | 20:29:50 | 220.322931 | 359.019305 
 4152.1523 | 08740.5569 | 20:29:51 | 220.323188 | 359.019307 
 4152.1520 | 08740.5569 | 20:29:52 | 220.323191 | 359.018962 
 4152.1520 | 08740.5570 | 20:29:53 | 220.323105 | 359.018962 
 4152.1520 | 08740.5570 | 20:29:54 | 220.323105 | 359.018962 
 4152.1520 | 08740.5570 | 20:29:55 | 220.323105 | 359.018962 
 4152.1520 | 08740.5570 | 20:29:56 | 220.323105 | 359.018962 
 4152.1520 | 08740.5570 | 20:29:57 | 220.323105 | 359.018962 
 4152.1520 | 08740.5570 | 20:29:58 | 220.323105 | 359.018962 
 4152.1504 | 08740.5582 | 20:29:59 | 220.322087 | 359.017113 
 4152.1498 | 08740.5593 | 20:30:00 | 220.321147 | 359.016416 
 4152.1481 | 08740.5610 | 20:30:01 | 220.319700 | 359.014449 
 4152.1471 | 08740.5637 | 20:30:02 | 220.317388 | 359.013281 
 4152.1467 | 08740.5674 | 20:30:03 | 220.314210 | 359.012797 
 4152.1464 | 08740.5720 | 20:30:04 | 220.310258 | 359.012421 
 4152.1461 | 08740.5772 | 20:30:05 | 220.305790 | 359.012042 
 4152.1458 | 08740.5831 | 20:30:06 | 220.300720 | 359.011658 
 4152.1456 | 08740.5896 | 20:30:07 | 220.295133 | 359.011385 
 4152.1454 | 08740.5967 | 20:30:08 | 220.289031 | 359.011109 
 4152.1451 | 08740.6043 | 20:30:09 | 220.282499 | 359.010714 
 4152.1449 | 08740.6123 | 20:30:10 | 220.275623 | 359.010431 
 4152.1447 | 08740.6206 | 20:30:11 | 220.268489 | 359.010146 
 4152.1446 | 08740.6293 | 20:30:12 | 220.261010 | 359.009974 
 4152.1445 | 08740.6381 | 20:30:13 | 220.253445 | 359.009801 
 4152.1444 | 08740.6472 | 20:30:14 | 220.245622 | 359.009626 
 4152.1444 | 08740.6564 | 20:30:15 | 220.237712 | 359.009566 
 4152.1443 | 08740.6658 | 20:30:16 | 220.229631 | 359.009389 
 4152.1445 | 08740.6749 | 20:30:17 | 220.221805 | 359.009560 
 4152.1446 | 08740.6839 | 20:30:18 | 220.214067 | 359.009615 
 4152.1448 | 08740.6927 | 20:30:19 | 220.206499 | 359.009788 
 4152.1449 | 08740.7013 | 20:30:20 | 220.199104 | 359.009846 
 4152.1450 | 08740.7098 | 20:30:21 | 220.191795 | 359.009906 
 4152.1451 | 08740.7181 | 20:30:22 | 220.184658 | 359.009966 
 4152.1452 | 08740.7261 | 20:30:23 | 220.177779 | 359.010029 
 4152.1454 | 08740.7336 | 20:30:24 | 220.171329 | 359.010210 
 4152.1457 | 08740.7403 | 20:30:25 | 220.165566 | 359.010511 
 4152.1462 | 08740.7460 | 20:30:26 | 220.160661 | 359.011049 
 4152.1464 | 08740.7507 | 20:30:27 | 220.156619 | 359.011248 
 4152.1465 | 08740.7543 | 20:30:28 | 220.153523 | 359.011339 
 4152.1466 | 08740.7567 | 20:30:29 | 220.151458 | 359.011439 
 4152.1465 | 08740.7578 | 20:30:30 | 220.150514 | 359.011316 
 4152.1463 | 08740.7582 | 20:30:31 | 220.150171 | 359.011084 
 4152.1460 | 08740.7591 | 20:30:33 | 220.149400 | 359.010733 
 4152.1461 | 08740.7595 | 20:30:34 | 220.149055 | 359.010845 
 4152.1459 | 08740.7599 | 20:30:35 | 220.148713 | 359.010613 
 4152.1457 | 08740.7603 | 20:30:36 | 220.148371 | 359.010380 
 4152.1454 | 08740.7608 | 20:30:37 | 220.147944 | 359.010031 
 4152.1452 | 08740.7613 | 20:30:38 | 220.147516 | 359.009798 
 4152.1449 | 08740.7619 | 20:30:39 | 220.147003 | 359.009449 
 4152.1446 | 08740.7762 | 20:30:40 | 220.134711 | 359.009010 
 4152.1397 | 08740.7814 | 20:30:41 | 220.130283 | 359.003340 
 4152.1402 | 08740.7853 | 20:30:42 | 220.126925 | 359.003890 
 4152.1413 | 08740.7880 | 20:30:43 | 220.124594 | 359.005137 
 4152.1425 | 08740.7922 | 20:30:44 | 220.120973 | 359.006490 
 4152.1420 | 08740.7962 | 20:30:45 | 220.117538 | 359.005889 
 4152.1420 | 08740.8005 | 20:30:46 | 220.113841 | 359.005861 
 4152.1419 | 08740.8049 | 20:30:47 | 220.110059 | 359.005717 
 4152.1387 | 08740.8128 | 20:30:48 | 220.103295 | 359.001984 
 4152.1384 | 08740.8175 | 20:30:49 | 220.099257 | 359.001609 
 4152.1381 | 08740.8222 | 20:30:50 | 220.095218 | 359.001233 
 4152.1426 | 08740.8193 | 20:30:51 | 220.097672 | 359.006428 
 4152.1429 | 08740.8228 | 20:30:52 | 220.094661 | 359.006750 
 4152.1427 | 08740.8257 | 20:30:53 | 220.092169 | 359.006501 
 4152.1383 | 08740.8235 | 20:30:54 | 220.094099 | 359.001454 
 4152.1384 | 08740.8264 | 20:30:55 | 220.091605 | 359.001550 
 4152.1386 | 08740.8260 | 20:30:56 | 220.091947 | 359.001783 
 4152.1407 | 08740.8267 | 20:30:57 | 220.091327 | 359.004194 
 4152.1408 | 08740.8286 | 20:30:58 | 220.089692 | 359.004297 
 4152.1411 | 08740.8303 | 20:30:59 | 220.088228 | 359.004631 
 4152.1408 | 08740.8320 | 20:31:00 | 220.086769 | 359.004274 
 4152.1407 | 08740.8340 | 20:31:01 | 220.085051 | 359.004146 
 4152.1407 | 08740.8363 | 20:31:02 | 220.083073 | 359.004131 
 4152.1408 | 08740.8393 | 20:31:03 | 220.080493 | 359.004227 
 4152.1409 | 08740.8429 | 20:31:04 | 220.077397 | 359.004318 
 4152.1409 | 08740.8465 | 20:31:05 | 220.074302 | 359.004295 
 4152.1413 | 08740.8502 | 20:31:06 | 220.071117 | 359.004731 
 4152.1419 | 08740.8539 | 20:31:07 | 220.067931 | 359.005397 
 4152.1420 | 08740.8577 | 20:31:08 | 220.064663 | 359.005487 
 4152.1426 | 08740.8616 | 20:31:09 | 220.061305 | 359.006151 
 4152.1430 | 08740.8655 | 20:31:10 | 220.057948 | 359.006586 
 4152.1434 | 08740.8696 | 20:31:11 | 220.054419 | 359.007019 
 4152.1438 | 08740.8736 | 20:31:12 | 220.050977 | 359.007453 
 4152.1442 | 08740.8780 | 20:31:13 | 220.047190 | 359.007885 
 4152.1451 | 08740.8827 | 20:31:14 | 220.043142 | 359.008889 
 4152.1478 | 08740.9042 | 20:31:15 | 220.024633 | 359.011855 
 4152.1480 | 08740.9101 | 20:31:16 | 220.019559 | 359.012046 
 4152.1479 | 08740.9165 | 20:31:17 | 220.014057 | 359.011889 
 4152.1477 | 08740.9241 | 20:31:18 | 220.007525 | 359.011610 
 4152.1476 | 08740.9308 | 20:31:19 | 220.001765 | 359.011451 
 4152.1474 | 08740.9375 | 20:31:20 | 219.996007 | 359.011177 
 4152.1469 | 08740.9442 | 20:31:21 | 219.990251 | 359.010558 
 4152.1393 | 08740.9534 | 20:31:22 | 219.982407 | 359.001756 
 4152.1382 | 08740.9603 | 20:31:23 | 219.976484 | 359.000446 
 4152.1377 | 08740.9669 | 20:31:24 | 219.970814 | 358.999828 
 4152.1375 | 08740.9734 | 20:31:25 | 219.965228 | 358.999556 
 4152.1371 | 08740.9799 | 20:31:26 | 219.959643 | 358.999053 
 4152.1367 | 08740.9864 | 20:31:27 | 219.954058 | 358.998551 
 4152.1325 | 08740.9892 | 20:31:28 | 219.951687 | 358.993702 
 4152.1324 | 08740.9943 | 20:31:29 | 219.947303 | 358.993553 
 4152.1322 | 08740.9994 | 20:31:30 | 219.942920 | 358.993290 
 4152.1312 | 08741.0046 | 20:31:31 | 219.938458 | 358.992106 
 4152.1386 | 08741.0018 | 20:31:32 | 219.940801 | 359.000636 
 4152.1388 | 08741.0038 | 20:31:33 | 219.939080 | 359.000853 
 4152.1367 | 08741.0043 | 20:31:34 | 219.938668 | 358.998434 
 4152.1370 | 08741.0059 | 20:31:35 | 219.937290 | 358.998769 
 4152.1373 | 08741.0076 | 20:31:36 | 219.935825 | 358.999103 
 4152.1378 | 08741.0092 | 20:31:37 | 219.934446 | 358.999668 
 4152.1387 | 08741.0107 | 20:31:38 | 219.933148 | 359.000693 
 4152.1439 | 08741.0095 | 20:31:39 | 219.934134 | 359.006682 
 4152.1446 | 08741.0105 | 20:31:40 | 219.933269 | 359.007481 
 4152.1449 | 08741.0116 | 20:31:41 | 219.932320 | 359.007819 
 4152.1451 | 08741.0127 | 20:31:42 | 219.931373 | 359.008042 
 4152.1464 | 08741.0131 | 20:31:43 | 219.931018 | 359.009534 
 4152.1466 | 08741.0137 | 20:31:44 | 219.930500 | 359.009761 
 4152.1484 | 08741.0140 | 20:31:45 | 219.930226 | 359.011829 
 4152.1493 | 08741.0132 | 20:31:46 | 219.930906 | 359.012870 
 4152.1501 | 08741.0126 | 20:31:47 | 219.931415 | 359.013794 
 4152.1448 | 08740.9917 | 20:31:49 | 219.949430 | 359.007833 
 4152.1452 | 08740.9904 | 20:31:50 | 219.950545 | 359.008302 
 4152.1616 | 08740.9945 | 20:31:51 | 219.946877 | 359.027139 
 4152.1624 | 08740.9941 | 20:31:52 | 219.947214 | 359.028062 
 4152.1633 | 08740.9936 | 20:31:53 | 219.947636 | 359.029101 
 4152.1636 | 08740.9931 | 20:31:54 | 219.948063 | 359.029449 
 4152.1636 | 08740.9927 | 20:31:55 | 219.948407 | 359.029452 
 4152.1638 | 08740.9922 | 20:31:56 | 219.948835 | 359.029685 
 4152.1644 | 08740.9917 | 20:31:57 | 219.949260 | 359.030378 
 4152.1650 | 08740.9910 | 20:31:58 | 219.949856 | 359.031073 
 4152.1664 | 08740.9893 | 20:32:00 | 219.951306 | 359.032694 
 4152.1633 | 08740.9907 | 20:32:01 | 219.950129 | 359.029120 
 4152.1616 | 08740.9895 | 20:32:02 | 219.951175 | 359.027172 
 4152.1621 | 08740.9879 | 20:32:03 | 219.952547 | 359.027757 
 4152.1610 | 08740.9873 | 20:32:04 | 219.953072 | 359.026496 
 4152.1596 | 08740.9866 | 20:32:05 | 219.953686 | 359.024890 
 4152.1566 | 08740.9855 | 20:32:06 | 219.954658 | 359.021447 
 4152.1539 | 08740.9842 | 20:32:07 | 219.955799 | 359.018349 
 4152.1514 | 08740.9834 | 20:32:08 | 219.956509 | 359.015479 
 4152.1488 | 08740.9824 | 20:32:09 | 219.957391 | 359.012495 
 4152.1478 | 08740.9807 | 20:32:10 | 219.958862 | 359.011356 
 4152.1464 | 08740.9796 | 20:32:11 | 219.959820 | 359.009753 
 4152.1453 | 08740.9783 | 20:32:12 | 219.960947 | 359.008496 
 4152.1447 | 08740.9773 | 20:32:13 | 219.961812 | 359.007812 
 4152.1442 | 08740.9764 | 20:32:14 | 219.962590 | 359.007243 
 4152.1440 | 08740.9751 | 20:32:15 | 219.963709 | 359.007021 
 4152.1429 | 08740.9705 | 20:32:16 | 219.967674 | 359.005786 
 4152.1426 | 08740.9693 | 20:32:17 | 219.968708 | 359.005449 
 4152.1423 | 08740.9679 | 20:32:18 | 219.969914 | 359.005113 
 4152.1414 | 08740.9667 | 20:32:19 | 219.970954 | 359.004085 
 4152.1406 | 08740.9655 | 20:32:20 | 219.971993 | 359.003173 
 4152.1393 | 08740.9660 | 20:32:21 | 219.971574 | 359.001674 
 4152.1434 | 08740.9652 | 20:32:22 | 219.972226 | 359.006396 
 4152.1431 | 08740.9642 | 20:32:23 | 219.973089 | 359.006057 
 4152.1428 | 08740.9633 | 20:32:24 | 219.973865 | 359.005718 
 4152.1434 | 08740.9601 | 20:32:25 | 219.976611 | 359.006429 
 4152.1431 | 08740.9590 | 20:32:26 | 219.977559 | 359.006091 
 4152.1429 | 08740.9578 | 20:32:27 | 219.978593 | 359.005869 
 4152.1427 | 08740.9567 | 20:32:28 | 219.979540 | 359.005646 
 4152.1425 | 08740.9555 | 20:32:29 | 219.980574 | 359.005424 
 4152.1423 | 08740.9545 | 20:32:30 | 219.981435 | 359.005200 
 4152.1422 | 08740.9534 | 20:32:31 | 219.982382 | 359.005092 
 4152.1422 | 08740.9525 | 20:32:32 | 219.983156 | 359.005098 
 4152.1411 | 08740.9526 | 20:32:33 | 219.983079 | 359.003832 
 4152.1411 | 08740.9510 | 20:32:34 | 219.984455 | 359.003843 
 4152.1399 | 08740.9507 | 20:32:35 | 219.984723 | 359.002464 
 4152.1391 | 08740.9504 | 20:32:36 | 219