 4152.0327 | 08740.0083 | -5:41:14 | 220.795921 | 358.885374 | 3
 4152.0331 | 08740.0123 | -5:41:15 | 220.792478 | 358.885808 | 2
 4152.0318 | 08740.0157 | -5:41:16 | 220.789566 | 358.884290 | 2
 4152.0303 | 08740.0153 | -5:41:17 | 220.789924 | 358.882567 | 2
 4152.0335 | 08740.0144 | -5:41:18 | 220.790669 | 358.886254 | 2
 4152.0265 | 08740.0176 | -5:41:20 | 220.787980 | 358.878181 | 2
 4152.0254 | 08740.0217 | -5:41:21 | 220.784465 | 358.876888 | 2
 4152.0200 | 08740.0257 | -5:41:23 | 220.781074 | 358.870650 | 2
 4152.0197 | 08740.0280 | -5:41:24 | 220.779099 | 358.870290 | 2
 4151.9891 | 08740.0197 | -5:41:30 | 220.786508 | 358.835147 | 2
 4151.9857 | 08740.0239 | -5:41:31 | 220.782928 | 358.831208 | 2
 4151.9814 | 08740.0272 | -5:41:32 | 220.780129 | 358.826240 | 2
 4151.9794 | 08740.0363 | -5:41:33 | 220.772322 | 358.823879 | 2
 4151.9786 | 08740.0447 | -5:41:34 | 220.765107 | 358.822903 | 2
 4151.9804 | 08740.0433 | -5:41:35 | 220.766295 | 358.824983 | 2
 4151.9814 | 08740.0511 | -5:41:36 | 220.759580 | 358.826081 | 2
 4151.9787 | 08740.0595 | -5:41:37 | 220.752381 | 358.822919 | 2
 4151.9839 | 08740.0654 | -5:41:39 | 220.747262 | 358.828861 | 2
 4151.9814 | 08740.0701 | -5:41:40 | 220.743243 | 358.825954 | 2
 4151.9783 | 08740.0714 | -5:41:41 | 220.742153 | 358.822380 | 2
 4151.9764 | 08740.0728 | -5:41:42 | 220.740966 | 358.820185 | 2
 4151.9753 | 08740.0747 | -5:41:43 | 220.739343 | 358.818907 | 2
 4151.9714 | 08740.0757 | -5:41:44 | 220.738518 | 358.814414 | 2
 4151.9715 | 08740.0688 | -5:41:45 | 220.744449 | 358.814575 | 2
 4151.9683 | 08740.0727 | -5:41:46 | 220.741125 | 358.810869 | 2
 4151.9650 | 08740.0771 | -5:41:47 | 220.737371 | 358.807043 | 2
 4151.9617 | 08740.0822 | -5:41:48 | 220.733015 | 358.803214 | 2
 4151.9623 | 08740.0904 | -5:41:49 | 220.725960 | 358.803849 | 2
 4151.9612 | 08740.0935 | -5:41:50 | 220.723304 | 358.802563 | 2
 4151.9582 | 08740.0957 | -5:41:51 | 220.721439 | 358.799098 | 2
 4151.9573 | 08740.0956 | -5:41:52 | 220.721533 | 358.798063 | 2
 4151.9588 | 08740.0971 | -5:41:53 | 220.720230 | 358.799779 | 2
 4151.9586 | 08740.1027 | -5:41:54 | 220.715417 | 358.799511 | 2
 4151.9615 | 08740.1018 | -5:41:55 | 220.716165 | 358.802853 | 2
 4151.9596 | 08740.1069 | -5:41:57 | 220.711797 | 358.800634 | 2
 4151.9597 | 08740.1099 | -5:41:58 | 220.709217 | 358.800729 | 2
 4151.9614 | 08740.1116 | -5:41:59 | 220.707740 | 358.802673 | 2
 4151.9633 | 08740.1102 | -5:42:00 | 220.708927 | 358.804868 | 2
 4151.9638 | 08740.1116 | -5:42:01 | 220.707719 | 358.805433 | 2
 4151.9668 | 08740.1121 | -5:42:04 | 220.707262 | 358.808881 | 2
 4151.9677 | 08740.1149 | -5:42:05 | 220.704846 | 358.809897 | 2
 4151.9652 | 08740.1138 | -5:42:06 | 220.705814 | 358.807029 | 2
 4151.9659 | 08740.1111 | -5:42:07 | 220.708130 | 358.807852 | 2
 4151.9649 | 08740.1118 | -5:42:08 | 220.707537 | 358.806697 | 2
 4151.9648 | 08740.1122 | -5:42:10 | 220.707194 | 358.806580 | 2
 4151.9660 | 08740.1123 | -5:42:11 | 220.707097 | 358.807959 | 2
 4151.9656 | 08740.1140 | -5:42:12 | 220.705639 | 358.807488 | 2
 4151.9664 | 08740.1145 | -5:42:13 | 220.705202 | 358.808405 | 2
 4151.9652 | 08740.1158 | -5:42:15 | 220.704095 | 358.807016 | 2
 4151.9638 | 08740.1165 | -5:42:16 | 220.703505 | 358.805401 | 2
 4151.9614 | 08740.1131 | -5:42:17 | 220.706450 | 358.802663 | 2
 4151.9615 | 08740.1051 | -5:42:18 | 220.713328 | 358.802831 | 2
 4151.9622 | 08740.1064 | -5:42:19 | 220.712204 | 358.803628 | 2
 4151.9627 | 08740.1066 | -5:42:20 | 220.712027 | 358.804201 | 2
 4151.9655 | 08740.1097 | -5:42:21 | 220.709337 | 358.807401 | 2
 4151.9633 | 08740.1140 | -5:42:22 | 220.705659 | 358.804842 | 2
 4151.9636 | 08740.1132 | -5:42:23 | 220.706345 | 358.805193 | 2
 4151.9629 | 08740.1154 | -5:42:24 | 220.704459 | 358.804373 | 2
 4151.9623 | 08740.1154 | -5:42:25 | 220.704465 | 358.803683 | 2
 4151.9609 | 08740.1190 | -5:42:26 | 220.701382 | 358.802048 | 2
 4151.9611 | 08740.1214 | -5:42:27 | 220.699316 | 358.802262 | 2
 4151.9606 | 08740.1193 | -5:42:28 | 220.701127 | 358.801701 | 2
 4151.9617 | 08740.1199 | -5:42:29 | 220.700601 | 358.802963 | 2
 4151.9600 | 08740.1216 | -5:42:30 | 220.699154 | 358.800996 | 2
 4151.9602 | 08740.1233 | -5:42:31 | 220.697691 | 358.801215 | 2
 4151.9610 | 08740.1216 | -5:42:32 | 220.699145 | 358.802146 | 2
 4151.9605 | 08740.1227 | -5:42:33 | 220.698204 | 358.801564 | 2
 4151.9590 | 08740.1238 | -5:42:34 | 220.697272 | 358.799831 | 2
 4151.9595 | 08740.1227 | -5:42:35 | 220.698213 | 358.800413 | 2
 4151.9614 | 08740.1239 | -5:42:36 | 220.697164 | 358.802591 | 2
 4151.9599 | 08740.1253 | -5:42:37 | 220.695974 | 358.800856 | 2
 4151.9621 | 08740.1275 | -5:42:38 | 220.694063 | 358.803372 | 2
 4151.9635 | 08740.1286 | -5:42:39 | 220.693105 | 358.804975 | 2
 4151.9428 | 08740.0726 | -5:58:32 | 220.741438 | 358.781538 | 2
 4151.9425 | 08740.0725 | -5:58:33 | 220.741527 | 358.781193 | 2
 4151.9381 | 08740.0732 | -5:58:34 | 220.740964 | 358.776128 | 2
 4151.9378 | 08740.0738 | -5:58:35 | 220.740451 | 358.775779 | 2
 4151.9406 | 08740.0743 | -5:58:36 | 220.739996 | 358.778996 | 2
 4151.9411 | 08740.0747 | -5:58:37 | 220.739648 | 358.779568 | 2
 4151.9412 | 08740.0748 | -5:58:38 | 220.739561 | 358.779683 | 2
 4151.9411 | 08740.0749 | -5:58:39 | 220.739476 | 358.779567 | 2
 4151.9413 | 08740.0746 | -5:58:40 | 220.739732 | 358.779799 | 2
 4151.9412 | 08740.0743 | -5:58:41 | 220.739991 | 358.779686 | 2
 4151.9391 | 08740.0742 | -5:58:46 | 220.740095 | 358.777271 | 2
 4151.9396 | 08740.0730 | -5:58:47 | 220.741123 | 358.777854 | 2
 4151.9393 | 08740.0724 | -5:58:48 | 220.741641 | 358.777513 | 2
 4151.9390 | 08740.0720 | -5:58:49 | 220.741988 | 358.777171 | 2
 4151.9389 | 08740.0719 | -5:58:50 | 220.742075 | 358.777057 | 2
 4151.9387 | 08740.0720 | -5:58:51 | 220.741990 | 358.776826 | 2
 4151.9389 | 08740.0736 | -5:58:54 | 220.740613 | 358.777045 | 2
 4151.9378 | 08740.0750 | -5:58:55 | 220.739419 | 358.775771 | 2
 4151.9390 | 08740.0794 | -5:58:57 | 220.735625 | 358.777122 | 2
 4151.9392 | 08740.0815 | -5:58:58 | 220.733818 | 358.777338 | 2
 4151.9393 | 08740.0832 | -5:58:59 | 220.732355 | 358.777441 | 2
 4151.9394 | 08740.0848 | -5:59:00 | 220.730979 | 358.777546 | 2
 4151.9394 | 08740.0864 | -5:59:01 | 220.729603 | 358.777535 | 2
 4151.9395 | 08740.0880 | -5:59:02 | 220.728226 | 358.777639 | 2
 4151.9422 | 08740.0872 | -5:59:03 | 220.728890 | 358.780750 | 2
 4151.9436 | 08740.0889 | -5:59:04 | 220.727416 | 358.782349 | 2
 4151.9443 | 08740.0903 | -5:59:05 | 220.726206 | 358.783145 | 2
 4151.9458 | 08740.0925 | -5:59:07 | 220.724301 | 358.784856 | 2
 4151.9465 | 08740.0939 | -5:59:08 | 220.723091 | 358.785652 | 2
 4151.9472 | 08740.0953 | -5:59:09 | 220.721881 | 358.786448 | 2
 4151.9481 | 08740.0967 | -5:59:10 | 220.720669 | 358.787474 | 2
 4151.9532 | 08740.1023 | -5:59:11 | 220.715809 | 358.793303 | 2
 4151.9548 | 08740.1041 | -5:59:12 | 220.714247 | 358.795131 | 2
 4151.9564 | 08740.1059 | -5:59:13 | 220.712685 | 358.796959 | 2
 4151.9585 | 08740.1072 | -5:59:14 | 220.711549 | 358.799366 | 2
 4151.9733 | 08740.1008 | -5:59:15 | 220.716920 | 358.816433 | 2
 4151.9779 | 08740.0903 | -5:59:16 | 220.725907 | 358.821794 | 2
 4151.9812 | 08740.0898 | -5:59:17 | 220.726307 | 358.825593 | 2
 4151.9839 | 08740.0902 | -5:59:18 | 220.725939 | 358.828696 | 2
 4151.9869 | 08740.0904 | -5:59:19 | 220.725740 | 358.832145 | 2
 4151.9929 | 08740.0909 | -5:59:20 | 220.725257 | 358.839044 | 2
 4151.9960 | 08740.0911 | -5:59:21 | 220.725057 | 358.842608 | 2
 4152.0002 | 08740.0919 | -5:59:22 | 220.724332 | 358.847434 | 2
 4152.0008 | 08740.0921 | -5:59:23 | 220.724155 | 358.848123 | 2
 4152.0017 | 08740.0920 | -5:59:24 | 220.724233 | 358.849158 | 2
 4152.0033 | 08740.0917 | -5:59:25 | 220.724477 | 358.851001 | 2
 4152.0046 | 08740.0915 | -5:59:26 | 220.724637 | 358.852497 | 2
 4152.0050 | 08740.0923 | -5:59:27 | 220.723946 | 358.852952 | 2
 4152.0061 | 08740.0926 | -5:59:28 | 220.723678 | 358.854216 | 2
 4152.0072 | 08740.0929 | -5:59:29 | 220.723410 | 358.855479 | 2
 4152.0153 | 08740.0954 | -5:59:30 | 220.721188 | 358.864779 | 2
 4152.0185 | 08740.0972 | -5:59:31 | 220.719612 | 358.868448 | 2
 4152.0200 | 08740.1026 | -5:59:32 | 220.714956 | 358.870137 | 2
 4152.0161 | 08740.1116 | -5:59:33 | 220.707253 | 358.865591 | 2
 4152.0167 | 08740.1172 | -5:59:34 | 220.702432 | 358.866244 | 2
 4152.0175 | 08740.1234 | -5:59:35 | 220.697095 | 358.867123 | 2
 4152.0181 | 08740.1300 | -5:59:36 | 220.691415 | 358.867769 | 2
 4152.0189 | 08740.1373 | -5:59:37 | 220.685131 | 358.868641 | 2
 4152.0195 | 08740.1452 | -5:59:38 | 220.678333 | 358.869279 | 2
 4152.0202 | 08740.1532 | -5:59:39 | 220.671449 | 358.870031 | 2
 4152.0204 | 08740.1618 | -5:59:40 | 220.664053 | 358.870204 | 2
 4152.0211 | 08740.1700 | -5:59:41 | 220.656996 | 358.870954 | 2
 4152.0218 | 08740.1782 | -5:59:42 | 220.649940 | 358.871705 | 2
 4152.0215 | 08740.1848 | -5:59:43 | 220.644268 | 358.871316 | 2
 4152.0215 | 08740.1921 | -5:59:44 | 220.637992 | 358.871267 | 2
 4152.0219 | 08740.1992 | -5:59:45 | 220.631883 | 358.871680 | 2
 4152.0226 | 08740.2066 | -5:59:46 | 220.625515 | 358.872436 | 2
 4152.0227 | 08740.2139 | -5:59:47 | 220.619237 | 358.872503 | 2
 4152.0159 | 08740.2268 | -5:59:48 | 220.608207 | 358.864595 | 2
 4152.0158 | 08740.2342 | -5:59:49 | 220.601845 | 358.864431 | 2
 4152.0159 | 08740.2410 | -5:59:50 | 220.595998 | 358.864501 | 2
 4152.0158 | 08740.2523 | -5:59:52 | 220.586283 | 358.864311 | 2
 4152.0156 | 08740.2563 | -5:59:53 | 220.582845 | 358.864055 | 2
 4152.0153 | 08740.2592 | -5:59:54 | 220.580355 | 358.863690 | 2
 4152.0150 | 08740.2612 | -5:59:55 | 220.578638 | 358.863332 | 2
 4152.0146 | 08740.2627 | -5:59:56 | 220.577352 | 358.862862 | 2
 4152.0143 | 08740.2639 | -5:59:57 | 220.576323 | 358.862509 | 2
 4152.0140 | 08740.2649 | -5:59:58 | 220.575465 | 358.862157 | 2
 4152.0137 | 08740.2655 | -5:59:59 | 220.574952 | 358.861808 | 2
 4152.0189 | 08740.2614 | -4:00:00 | 220.578431 | 358.867817 | 2
 4152.0192 | 08740.2612 | -4:00:01 | 220.578601 | 358.868163 | 2
 4152.0193 | 08740.2611 | -4:00:02 | 220.578686 | 358.868279 | 2
 4152.0193 | 08740.2611 | -4:00:03 | 220.578686 | 358.868279 | 2
 4152.0193 | 08740.2611 | -4:00:04 | 220.578686 | 358.868279 | 2
 4152.0193 | 08740.2611 | -4:00:05 | 220.578686 | 358.868279 | 2
 4152.0194 | 08740.2618 | -4:00:06 | 220.578083 | 358.868389 | 2
 4152.0192 | 08740.2631 | -4:00:07 | 220.576967 | 358.868150 | 2
 4152.0190 | 08740.2657 | -4:00:08 | 220.574733 | 358.867903 | 2
 4152.0188 | 08740.2691 | -4:00:09 | 220.571812 | 358.867651 | 2
 4152.0188 | 08740.2733 | -4:00:10 | 220.568201 | 358.867623 | 2
 4152.0189 | 08740.2780 | -4:00:11 | 220.564159 | 358.867707 | 2
 4152.0188 | 08740.2834 | -4:00:12 | 220.559517 | 358.867556 | 2
 4152.0184 | 08740.2896 | -4:00:13 | 220.554190 | 358.867055 | 2
 4152.0181 | 08740.2966 | -4:00:14 | 220.548174 | 358.866663 | 2
 4152.0178 | 08740.3041 | -4:00:15 | 220.541728 | 358.866268 | 2
 4152.0177 | 08740.3122 | -4:00:16 | 220.534765 | 358.866100 | 2
 4152.0175 | 08740.3208 | -4:00:17 | 220.527372 | 358.865813 | 2
 4152.0173 | 08740.3297 | -4:00:18 | 220.519722 | 358.865524 | 2
 4152.0172 | 08740.3391 | -4:00:19 | 220.511641 | 358.865346 | 2
 4152.0170 | 08740.3487 | -4:00:20 | 220.503388 | 358.865053 | 2
 4152.0168 | 08740.3587 | -4:00:21 | 220.494792 | 358.864756 | 2
 4152.0167 | 08740.3690 | -4:00:22 | 220.485937 | 358.864573 | 2
 4152.0164 | 08740.3798 | -4:00:23 | 220.476654 | 358.864157 | 2
 4152.0163 | 08740.3909 | -4:00:24 | 220.467112 | 358.863968 | 2
 4152.0161 | 08740.4025 | -4:00:25 | 220.457140 | 358.863662 | 2
 4152.0159 | 08740.4143 | -4:00:26 | 220.446996 | 358.863354 | 2
 4152.0159 | 08740.4261 | -4:00:27 | 220.436850 | 358.863276 | 2
 4152.0159 | 08740.4381 | -4:00:28 | 220.426533 | 358.863196 | 2
 4152.0158 | 08740.4503 | -4:00:29 | 220.416044 | 358.863001 | 2
 4152.0157 | 08740.4625 | -4:00:30 | 220.405556 | 358.862805 | 2
 4152.0156 | 08740.4746 | -4:00:31 | 220.395153 | 358.862610 | 2
 4152.0154 | 08740.4865 | -4:00:32 | 220.384924 | 358.862302 | 2
 4152.0154 | 08740.4982 | -4:00:33 | 220.374864 | 358.862225 | 2
 4152.0153 | 08740.5098 | -4:00:34 | 220.364891 | 358.862033 | 2
 4152.0151 | 08740.5212 | -4:00:35 | 220.355091 | 358.861728 | 2
 4152.0151 | 08740.5322 | -4:00:36 | 220.345634 | 358.861655 | 2
 4152.0150 | 08740.5425 | -4:00:37 | 220.336779 | 358.861473 | 2
 4152.0148 | 08740.5519 | -4:00:38 | 220.328699 | 358.861181 | 2
 4152.0144 | 08740.5696 | -4:00:40 | 220.313484 | 358.860604 | 2
 4152.0141 | 08740.5785 | -4:00:41 | 220.305834 | 358.860200 | 2
 4152.0166 | 08740.5846 | -4:00:42 | 220.300568 | 358.863036 | 2
 4152.0200 | 08740.5850 | -4:00:43 | 220.300194 | 358.866944 | 2
 4152.0351 | 08740.5756 | -4:00:44 | 220.308143 | 358.884375 | 2
 4152.0394 | 08740.5755 | -4:00:45 | 220.308191 | 358.889321 | 2
 4152.0439 | 08740.5751 | -4:00:46 | 220.308495 | 358.894500 | 2
 4152.0483 | 08740.5747 | -4:00:47 | 220.308800 | 358.899564 | 2
 4152.0533 | 08740.5743 | -4:00:48 | 220.309100 | 358.905318 | 2
 4152.0580 | 08740.5739 | -4:00:49 | 220.309403 | 358.910727 | 2
 4152.0655 | 08740.5734 | -4:00:50 | 220.309767 | 358.919357 | 2
 4152.0793 | 08740.5729 | -4:00:52 | 220.310075 | 358.935234 | 2
 4152.0853 | 08740.5732 | -4:00:53 | 220.309764 | 358.942133 | 2
 4152.0913 | 08740.5735 | -4:00:54 | 220.309454 | 358.949033 | 2
 4152.0977 | 08740.5742 | -4:00:55 | 220.308795 | 358.956390 | 2
 4152.1199 | 08740.5761 | -4:00:56 | 220.306966 | 358.981913 | 2
 4152.1273 | 08740.5762 | -4:00:57 | 220.306815 | 358.990424 | 2
 4152.1335 | 08740.5764 | -4:00:58 | 220.306589 | 358.997554 | 2
 4152.1397 | 08740.5765 | -4:00:59 | 220.306448 | 359.004685 | 2
 4152.1458 | 08740.5767 | -4:01:00 | 220.306222 | 359.011700 | 2
 4152.1452 | 08740.5778 | -4:01:01 | 220.305282 | 359.011003 | 2
 4152.1466 | 08740.5784 | -4:01:02 | 220.304754 | 359.012609 | 2
 4152.1471 | 08740.5778 | -4:01:03 | 220.305265 | 359.013188 | 2
 4152.1481 | 08740.5775 | -4:01:04 | 220.305514 | 359.014341 | 2
 4152.1488 | 08740.5774 | -4:01:05 | 220.305594 | 359.015146 | 2
 4152.1493 | 08740.5773 | -4:01:06 | 220.305676 | 359.015722 | 2
 4152.1505 | 08740.5777 | -4:01:07 | 220.305321 | 359.017100 | 2
 4152.1516 | 08740.5788 | -4:01:08 | 220.304366 | 359.018358 | 2
 4152.1529 | 08740.5808 | -4:01:09 | 220.302635 | 359.019840 | 2
 4152.1544 | 08740.5826 | -4:01:10 | 220.301074 | 359.021554 | 2
 4152.1511 | 08740.5894 | -4:01:11 | 220.295257 | 359.017713 | 2
 4152.1515 | 08740.5943 | -4:01:12 | 220.291040 | 359.018141 | 2
 4152.1512 | 08740.5994 | -4:01:13 | 220.286658 | 359.017762 | 2
 4152.1508 | 08740.6050 | -4:01:14 | 220.281847 | 359.017265 | 2
 4152.1503 | 08740.6113 | -4:01:15 | 220.276435 | 359.016649 | 2
 4152.1500 | 08740.6180 | -4:01:16 | 220.270677 | 359.016260 | 2
 4152.1498 | 08740.6250 | -4:01:17 | 220.264661 | 359.015984 | 2
 4152.1498 | 08740.6328 | -4:01:18 | 220.257955 | 359.015932 | 2
 4152.1495 | 08740.6408 | -4:01:19 | 220.251079 | 359.015535 | 2
 4152.1492 | 08740.6489 | -4:01:20 | 220.244118 | 359.015136 | 2
 4152.1490 | 08740.6574 | -4:01:21 | 220.236812 | 359.014851 | 2
 4152.1488 | 08740.6661 | -4:01:22 | 220.229333 | 359.014563 | 2
 4152.1486 | 08740.6749 | -4:01:23 | 220.221769 | 359.014276 | 2
 4152.1493 | 08740.6842 | -4:01:24 | 220.213767 | 359.015020 | 2
 4152.1494 | 08740.6934 | -4:01:25 | 220.205857 | 359.015074 | 2
 4152.1492 | 08740.7026 | -4:01:26 | 220.197949 | 359.014784 | 2
 4152.1490 | 08740.7119 | -4:01:27 | 220.189955 | 359.014493 | 2
 4152.1489 | 08740.7214 | -4:01:28 | 220.181788 | 359.014316 | 2
 4152.1488 | 08740.7310 | -4:01:29 | 220.173535 | 359.014138 | 2
 4152.1490 | 08740.7408 | -4:01:30 | 220.165108 | 359.014303 | 2
 4152.1490 | 08740.7504 | -4:01:31 | 220.156854 | 359.014241 | 2
 4152.1489 | 08740.7599 | -4:01:32 | 220.148687 | 359.014063 | 2
 4152.1487 | 08740.7695 | -4:01:33 | 220.140435 | 359.013770 | 2
 4152.1486 | 08740.7792 | -4:01:34 | 220.132096 | 359.013592 | 2
 4152.1486 | 08740.7890 | -4:01:35 | 220.123671 | 359.013528 | 2
 4152.1487 | 08740.7987 | -4:01:36 | 220.115330 | 359.013579 | 2
 4152.1488 | 08740.8086 | -4:01:37 | 220.106818 | 359.013629 | 2
 4152.1488 | 08740.8182 | -4:01:38 | 220.098564 | 359.013567 | 2
 4152.1488 | 08740.8277 | -4:01:39 | 220.090396 | 359.013505 | 2
 4152.1489 | 08740.8371 | -4:01:40 | 220.082314 | 359.013558 | 2
 4152.1488 | 08740.8463 | -4:01:41 | 220.074405 | 359.013383 | 2
 4152.1487 | 08740.8553 | -4:01:42 | 220.066668 | 359.013209 | 2
 4152.1486 | 08740.8642 | -4:01:43 | 220.059017 | 359.013036 | 2
 4152.1485 | 08740.8730 | -4:01:44 | 220.051452 | 359.012863 | 2
 4152.1482 | 08740.8816 | -4:01:45 | 220.044060 | 359.012462 | 2
 4152.1479 | 08740.8900 | -4:01:46 | 220.036841 | 359.012062 | 2
 4152.1476 | 08740.8983 | -4:01:47 | 220.029708 | 359.011663 | 2
 4152.1475 | 08740.9066 | -4:01:48 | 220.022572 | 359.011494 | 2
 4152.1475 | 08740.9146 | -4:01:49 | 220.015694 | 359.011442 | 2
 4152.1475 | 08740.9224 | -4:01:50 | 220.008988 | 359.011391 | 2
 4152.1475 | 08740.9295 | -4:01:51 | 220.002884 | 359.011344 | 2
 4152.1484 | 08740.9415 | -4:01:53 | 219.992559 | 359.012301 | 2
 4152.1489 | 08740.9472 | -4:01:54 | 219.987654 | 359.012839 | 2
 4152.1495 | 08740.9527 | -4:01:55 | 219.982920 | 359.013494 | 2
 4152.1544 | 08740.9578 | -4:01:57 | 219.978493 | 359.019097 | 2
 4152.1632 | 08740.9683 | -4:02:03 | 219.969388 | 359.029150 | 2
 4152.1645 | 08740.9702 | -4:02:04 | 219.967744 | 359.030633 | 2
 4152.1685 | 08740.9741 | -4:02:09 | 219.964356 | 359.035209 | 2
 4152.1673 | 08740.9737 | -4:02:14 | 219.964710 | 359.033831 | 2
 4152.1533 | 08740.9597 | -4:02:18 | 219.976869 | 359.017819 | 2
 4152.1564 | 08740.9493 | -4:02:22 | 219.985783 | 359.021453 | 2
 4152.1571 | 08740.9485 | -4:02:23 | 219.986465 | 359.022263 | 2
 4152.1575 | 08740.9480 | -4:02:24 | 219.986891 | 359.022726 | 2
 4152.1575 | 08740.9480 | -4:02:26 | 219.986891 | 359.022726 | 2
 4152.1575 | 08740.9480 | -4:02:28 | 219.986891 | 359.022726 | 2
 4152.1277 | 08740.9576 | -4:03:06 | 219.978897 | 358.988386 | 2
 4152.1522 | 08740.9534 | -4:03:08 | 219.982295 | 359.016595 | 2
 4152.1471 | 08740.9611 | -4:03:13 | 219.975719 | 359.010678 | 2
 4152.1486 | 08740.9610 | -4:03:14 | 219.975792 | 359.012404 | 2
 4152.1490 | 08740.9615 | -4:03:15 | 219.975359 | 359.012861 | 2
 4152.1960 | 08740.9689 | -4:03:18 | 219.968587 | 359.066875 | 2
 4152.1539 | 08740.9526 | -4:03:33 | 219.982968 | 359.018555 | 2
 4152.1580 | 08740.9605 | -4:03:34 | 219.976140 | 359.023220 | 2
 4152.1575 | 08740.9639 | -4:03:36 | 219.973221 | 359.022623 | 2
 4152.1578 | 08740.9648 | -4:03:41 | 219.972445 | 359.022962 | 2
 4152.1570 | 08740.9642 | -4:03:43 | 219.972967 | 359.022046 | 2
 4152.1558 | 08740.9583 | -4:03:44 | 219.978050 | 359.020704 | 2
 4152.1559 | 08740.9584 | -4:03:45 | 219.977964 | 359.020818 | 2
 4152.1556 | 08740.9586 | -4:03:46 | 219.977794 | 359.020472 | 2
 4152.1550 | 08740.9595 | -4:03:56 | 219.977026 | 359.019776 | 2
 4152.1490 | 08740.9574 | -4:04:05 | 219.978884 | 359.012888 | 2
 4152.1477 | 08740.9585 | -4:04:06 | 219.977949 | 359.011385 | 2
