 4152.2849 | 08740.2195 | 12:32:37 | 220.612093 | 359.174062 
 4152.1543 | 08740.3109 | 12:32:47 | 220.534672 | 359.023233 
 4152.1698 | 08740.2986 | 12:32:48 | 220.545109 | 359.041143 
 4152.1619 | 08740.3059 | 12:32:49 | 220.538903 | 359.032008 
 4152.1587 | 08740.3156 | 12:32:50 | 220.530592 | 359.028262 
 4152.1581 | 08740.3153 | 12:32:51 | 220.530855 | 359.027574 
 4152.1562 | 08740.3146 | 12:32:54 | 220.531474 | 359.025393 
 4152.1246 | 08740.3207 | 12:32:57 | 220.526509 | 358.989005 
 4152.1112 | 08740.3257 | 12:33:00 | 220.522329 | 358.973559 
 4152.1121 | 08740.3114 | 12:33:01 | 220.534616 | 358.974689 
 4152.1112 | 08740.3105 | 12:33:02 | 220.535397 | 358.973659 
 4152.1068 | 08740.3091 | 12:33:04 | 220.536640 | 358.968607 
 4152.1057 | 08740.3102 | 12:33:05 | 220.535704 | 358.967335 
 4152.1010 | 08740.3056 | 12:33:06 | 220.539701 | 358.961959 
 4152.0979 | 08740.3051 | 12:33:07 | 220.540158 | 358.958397 
 4152.1003 | 08740.3107 | 12:33:08 | 220.535322 | 358.961120 
 4152.1017 | 08740.3264 | 12:33:09 | 220.521811 | 358.962627 
 4152.1034 | 08740.3246 | 12:33:13 | 220.523344 | 358.964594 
 4152.1039 | 08740.3250 | 12:33:14 | 220.522996 | 358.965166 
 4152.1052 | 08740.3250 | 12:33:15 | 220.522984 | 358.966662 
 4152.1050 | 08740.3251 | 12:33:16 | 220.522900 | 358.966431 
 4152.1060 | 08740.3245 | 12:33:17 | 220.523407 | 358.967585 
 4152.1065 | 08740.3236 | 12:33:18 | 220.524176 | 358.968166 
 4152.1063 | 08740.3180 | 12:33:20 | 220.528993 | 358.967973 
 4152.1067 | 08740.3161 | 12:33:21 | 220.530623 | 358.968446 
 4152.1063 | 08740.3148 | 12:33:22 | 220.531744 | 358.967995 
 4152.1056 | 08740.3133 | 12:33:23 | 220.533040 | 358.967199 
 4152.1029 | 08740.3152 | 12:33:24 | 220.531430 | 358.964081 
 4152.1026 | 08740.3146 | 12:33:25 | 220.531949 | 358.963740 
 4152.1031 | 08740.3141 | 12:33:26 | 220.532374 | 358.964318 
 4152.1055 | 08740.3205 | 12:33:27 | 220.526850 | 358.967037 
 4152.1034 | 08740.3226 | 12:33:28 | 220.525063 | 358.964607 
 4152.1032 | 08740.3235 | 12:33:29 | 220.524291 | 358.964371 
 4152.1038 | 08740.3235 | 12:33:30 | 220.524286 | 358.965061 
 4152.1036 | 08740.3246 | 12:33:31 | 220.523342 | 358.964824 
 4152.1039 | 08740.3257 | 12:33:32 | 220.522394 | 358.965162 
 4152.1047 | 08740.3255 | 12:33:33 | 220.522559 | 358.966083 
 4152.1055 | 08740.3253 | 12:33:34 | 220.522723 | 358.967005 
 4152.1074 | 08740.3229 | 12:33:35 | 220.524770 | 358.969206 
 4152.1082 | 08740.3225 | 12:33:36 | 220.525107 | 358.970129 
 4152.1093 | 08740.3220 | 12:33:37 | 220.525527 | 358.971398 
 4152.1103 | 08740.3215 | 12:33:38 | 220.525948 | 358.972551 
 4152.1113 | 08740.3210 | 12:33:39 | 220.526369 | 358.973705 
 4152.1123 | 08740.3203 | 12:33:40 | 220.526962 | 358.974860 
 4152.1134 | 08740.3196 | 12:33:41 | 220.527554 | 358.976130 
 4152.1159 | 08740.3179 | 12:33:44 | 220.528994 | 358.979016 
 4152.1172 | 08740.3170 | 12:33:45 | 220.529756 | 358.980518 
 4152.1202 | 08740.3141 | 12:33:48 | 220.532223 | 358.983988 
 4152.1213 | 08740.3123 | 12:33:49 | 220.533760 | 358.985265 
 4152.1195 | 08740.3090 | 12:33:52 | 220.536614 | 358.983216 
 4152.1200 | 08740.3064 | 12:33:53 | 220.538845 | 358.983809 
 4152.1209 | 08740.3030 | 12:33:54 | 220.541760 | 358.984866 
 4152.1238 | 08740.2976 | 12:33:57 | 220.546377 | 358.988238 
 4152.1265 | 08740.2930 | 12:33:59 | 220.550308 | 358.991374 
 4152.1290 | 08740.2900 | 12:34:00 | 220.552865 | 358.994270 
 4152.1316 | 08740.2827 | 12:34:03 | 220.559118 | 358.997309 
 4152.1326 | 08740.2793 | 12:34:04 | 220.562032 | 358.998481 
 4152.1369 | 08740.2709 | 12:34:07 | 220.569216 | 359.003483 
 4152.1378 | 08740.2686 | 12:34:08 | 220.571186 | 359.004534 
 4152.1391 | 08740.2650 | 12:34:09 | 220.574269 | 359.006053 
 4152.1425 | 08740.2586 | 12:34:12 | 220.579742 | 359.010006 
 4152.1448 | 08740.2547 | 12:34:14 | 220.583074 | 359.012678 
 4152.1456 | 08740.2526 | 12:34:15 | 220.584873 | 359.013612 
 4152.1462 | 08740.2504 | 12:34:16 | 220.586759 | 359.014317 
 4152.1464 | 08740.2485 | 12:34:17 | 220.588391 | 359.014559 
 4152.1471 | 08740.2451 | 12:34:19 | 220.591308 | 359.015387 
 4152.1472 | 08740.2445 | 12:34:20 | 220.591823 | 359.015506 
 4152.1478 | 08740.2419 | 12:34:22 | 220.594053 | 359.016213 
 4152.1494 | 08740.2298 | 12:34:29 | 220.604442 | 359.018134 
 4152.1481 | 08740.2302 | 12:34:30 | 220.604109 | 359.016636 
 4152.1496 | 08740.2209 | 12:34:38 | 220.612092 | 359.018423 
 4152.1496 | 08740.2187 | 12:34:39 | 220.613983 | 359.018438 
 4152.1541 | 08740.2103 | 12:34:44 | 220.621165 | 359.023670 
 4152.1174 | 08740.2012 | 12:34:45 | 220.629315 | 358.981516 
 4152.1142 | 08740.1951 | 12:34:47 | 220.634588 | 358.977876 
 4152.1120 | 08740.1868 | 12:34:49 | 220.641744 | 358.975400 
 4152.1079 | 08740.1790 | 12:34:51 | 220.648486 | 358.970736 
 4152.1080 | 08740.1771 | 12:34:52 | 220.650119 | 358.970864 
 4152.1069 | 08740.1748 | 12:34:53 | 220.652106 | 358.969614 
 4152.1079 | 08740.1818 | 12:34:54 | 220.646079 | 358.970718 
 4152.1078 | 08740.1808 | 12:34:55 | 220.646940 | 358.970609 
 4152.1079 | 08740.1808 | 12:34:56 | 220.646939 | 358.970724 
 4152.1078 | 08740.1812 | 12:34:57 | 220.646596 | 358.970607 
 4152.1017 | 08740.1896 | 12:35:00 | 220.639428 | 358.963534 
 4152.1026 | 08740.1870 | 12:35:01 | 220.641655 | 358.964587 
 4152.1030 | 08740.1820 | 12:35:02 | 220.645951 | 358.965080 
 4152.1051 | 08740.1722 | 12:35:03 | 220.654358 | 358.967561 
 4152.1159 | 08740.1286 | 12:35:04 | 220.691748 | 358.980273 
 4152.1197 | 08740.1192 | 12:35:05 | 220.699796 | 358.984707 
 4152.1226 | 08740.1121 | 12:35:06 | 220.705874 | 358.988090 
 4152.1307 | 08740.0976 | 12:35:08 | 220.718268 | 358.997504 
 4152.1328 | 08740.0917 | 12:35:09 | 220.723322 | 358.999958 
 4152.1283 | 08740.0860 | 12:35:10 | 220.728263 | 358.994820 
 4152.1257 | 08740.0813 | 12:35:12 | 220.732327 | 358.991861 
 4152.1278 | 08740.0844 | 12:35:13 | 220.729643 | 358.994256 
 4152.1300 | 08740.0878 | 12:35:14 | 220.726700 | 358.996764 
 4152.1296 | 08740.0850 | 12:35:15 | 220.729111 | 358.996322 
 4152.1316 | 08740.0890 | 12:35:16 | 220.725654 | 358.998596 
 4152.1340 | 08740.0941 | 12:35:17 | 220.721248 | 359.001323 
 4152.1435 | 08740.1195 | 12:35:18 | 220.699326 | 359.012081 
 4152.1440 | 08740.1196 | 12:35:19 | 220.699235 | 359.012655 
 4152.1443 | 08740.1232 | 12:35:20 | 220.696137 | 359.012976 
 4152.1445 | 08740.1230 | 12:35:21 | 220.696308 | 359.013208 
 4152.1448 | 08740.1227 | 12:35:22 | 220.696563 | 359.013555 
 4152.1458 | 08740.1211 | 12:35:25 | 220.697930 | 359.014716 
 4152.1468 | 08740.1204 | 12:35:28 | 220.698522 | 359.015871 
 4152.1472 | 08740.1209 | 12:35:29 | 220.698089 | 359.016328 
 4152.1520 | 08740.1172 | 12:35:36 | 220.701227 | 359.021873 
 4152.1536 | 08740.1167 | 12:35:37 | 220.701643 | 359.023717 
 4152.1603 | 08740.1151 | 12:35:40 | 220.702959 | 359.031434 
 4152.1636 | 08740.1159 | 12:35:41 | 220.702242 | 359.035225 
 4152.1642 | 08740.1142 | 12:35:42 | 220.703698 | 359.035926 
 4152.1650 | 08740.1066 | 12:35:43 | 220.710225 | 359.036897 
 4152.1643 | 08740.1078 | 12:35:44 | 220.709200 | 359.036084 
 4152.1626 | 08740.1088 | 12:35:45 | 220.708355 | 359.034122 
 4152.1612 | 08740.1087 | 12:35:46 | 220.708453 | 359.032512 
 4152.1604 | 08740.1074 | 12:35:47 | 220.709578 | 359.031601 
 4152.1601 | 08740.1079 | 12:35:48 | 220.709151 | 359.031252 
 4152.1568 | 08740.1044 | 12:35:50 | 220.712190 | 359.027480 
 4152.1544 | 08740.1044 | 12:35:51 | 220.712211 | 359.024719 
 4152.1540 | 08740.1063 | 12:35:52 | 220.710581 | 359.024246 
 4152.1397 | 08740.1035 | 12:35:53 | 220.713116 | 359.007817 
 4152.1359 | 08740.1028 | 12:35:54 | 220.713751 | 359.003450 
 4152.1309 | 08740.1000 | 12:35:55 | 220.716203 | 358.997718 
 4152.1280 | 08740.0989 | 12:35:56 | 220.717175 | 358.994389 
 4152.1310 | 08740.0890 | 12:35:57 | 220.725660 | 358.997906 
 4152.1295 | 08740.0864 | 12:35:58 | 220.727909 | 358.996198 
 4152.1286 | 08740.0860 | 12:35:59 | 220.728260 | 358.995165 
 4152.1281 | 08740.0862 | 12:36:00 | 220.728093 | 358.994589 
 4152.1260 | 08740.0859 | 12:36:01 | 220.728370 | 358.992175 
 4152.1249 | 08740.0866 | 12:36:02 | 220.727778 | 358.990905 
 4152.1239 | 08740.0879 | 12:36:03 | 220.726669 | 358.989746 
 4152.1227 | 08740.0891 | 12:36:04 | 220.725648 | 358.988358 
 4152.1209 | 08740.0887 | 12:36:05 | 220.726008 | 358.986290 
 4152.1200 | 08740.0898 | 12:36:06 | 220.725070 | 358.985248 
 4152.1198 | 08740.0919 | 12:36:07 | 220.723266 | 358.985004 
 4152.1197 | 08740.0933 | 12:36:08 | 220.722063 | 358.984879 
 4152.1199 | 08740.0940 | 12:36:09 | 220.721460 | 358.985105 
 4152.1209 | 08740.0949 | 12:36:10 | 220.720677 | 358.986249 
 4152.1210 | 08740.0956 | 12:36:11 | 220.720074 | 358.986359 
 4152.1209 | 08740.0993 | 12:36:12 | 220.716894 | 358.986220 
 4152.1212 | 08740.1021 | 12:36:13 | 220.714484 | 358.986546 
 4152.1211 | 08740.1065 | 12:36:14 | 220.710702 | 358.986402 
 4152.1206 | 08740.1097 | 12:36:15 | 220.707955 | 358.985805 
 4152.1145 | 08740.1130 | 12:36:16 | 220.705172 | 358.978767 
 4152.1213 | 08740.1354 | 12:36:17 | 220.685853 | 358.986440 
 4152.1237 | 08740.1689 | 12:36:18 | 220.657030 | 358.988977 
 4152.1246 | 08740.1704 | 12:36:19 | 220.655732 | 358.990003 
 4152.1254 | 08740.1701 | 12:36:20 | 220.655983 | 358.990925 
 4152.1233 | 08740.1721 | 12:36:23 | 220.654282 | 358.988496 
 4152.1333 | 08740.1655 | 12:36:24 | 220.659867 | 359.000042 
 4152.1355 | 08740.1587 | 12:36:25 | 220.665694 | 359.002618 
 4152.1391 | 08740.1553 | 12:36:26 | 220.668585 | 359.006782 
 4152.1426 | 08740.1545 | 12:36:27 | 220.669242 | 359.010813 
 4152.1439 | 08740.1538 | 12:36:28 | 220.669832 | 359.012313 
 4152.1448 | 08740.1520 | 12:36:29 | 220.671372 | 359.013360 
 4152.1450 | 08740.1529 | 12:36:30 | 220.670596 | 359.013584 
 4152.1462 | 08740.1524 | 12:36:31 | 220.671015 | 359.014968 
 4152.1404 | 08740.1534 | 12:36:32 | 220.670207 | 359.008290 
 4152.1413 | 08740.1562 | 12:36:33 | 220.667792 | 359.009306 
 4152.1417 | 08740.1568 | 12:36:34 | 220.667273 | 359.009762 
 4152.1426 | 08740.1576 | 12:36:35 | 220.666577 | 359.010792 
 4152.1420 | 08740.1568 | 12:36:36 | 220.667270 | 359.010107 
 4152.1417 | 08740.1560 | 12:36:37 | 220.667960 | 359.009768 
 4152.1418 | 08740.1555 | 12:36:38 | 220.668389 | 359.009886 
 4152.1421 | 08740.1555 | 12:36:39 | 220.668387 | 359.010231 
 4152.1422 | 08740.1553 | 12:36:40 | 220.668558 | 359.010347 
 4152.1424 | 08740.1551 | 12:36:41 | 220.668728 | 359.010579 
 4152.1427 | 08740.1551 | 12:36:42 | 220.668725 | 359.010924 
 4152.1429 | 08740.1550 | 12:36:43 | 220.668809 | 359.011155 
 4152.1430 | 08740.1548 | 12:36:44 | 220.668980 | 359.011271 
 4152.1431 | 08740.1547 | 12:36:45 | 220.669066 | 359.011387 
 4152.1430 | 08740.1544 | 12:36:46 | 220.669324 | 359.011274 
 4152.1429 | 08740.1541 | 12:36:47 | 220.669583 | 359.011161 
 4152.1428 | 08740.1538 | 12:36:48 | 220.669842 | 359.011048 
 4152.1429 | 08740.1538 | 12:36:49 | 220.669841 | 359.011163 
 4152.1430 | 08740.1539 | 12:36:50 | 220.669754 | 359.011277 
 4152.1430 | 08740.1539 | 12:36:51 | 220.669754 | 359.011277 
 4152.1433 | 08740.1549 | 12:36:52 | 220.668892 | 359.011615 
 4152.1434 | 08740.1550 | 12:36:53 | 220.668805 | 359.011730 
 4152.1435 | 08740.1567 | 12:36:54 | 220.667343 | 359.011833 
 4152.1442 | 08740.1581 | 12:36:55 | 220.666133 | 359.012629 
 4152.1443 | 08740.1583 | 12:36:56 | 220.665960 | 359.012743 
 4152.1443 | 08740.1584 | 12:36:57 | 220.665874 | 359.012742 
 4152.1446 | 08740.1597 | 12:36:58 | 220.664753 | 359.013079 
 4152.1447 | 08740.1605 | 12:36:59 | 220.664065 | 359.013188 
 4152.1448 | 08740.1606 | 12:37:00 | 220.663978 | 359.013303 
 4152.1450 | 08740.1609 | 12:37:01 | 220.663718 | 359.013531 
 4152.1453 | 08740.1611 | 12:37:02 | 220.663544 | 359.013875 
 4152.1452 | 08740.1642 | 12:37:03 | 220.660879 | 359.013739 
 4152.1454 | 08740.1653 | 12:37:04 | 220.659932 | 359.013962 
 4152.1457 | 08740.1658 | 12:37:05 | 220.659499 | 359.014303 
 4152.1449 | 08740.1664 | 12:37:06 | 220.658990 | 359.013379 
 4152.1449 | 08740.1669 | 12:37:07 | 220.658560 | 359.013376 
 4152.1449 | 08740.1664 | 12:37:08 | 220.658990 | 359.013379 
 4152.1450 | 08740.1657 | 12:37:09 | 220.659591 | 359.013499 
 4152.1453 | 08740.1657 | 12:37:10 | 220.659589 | 359.013844 
 4152.1456 | 08740.1657 | 12:37:11 | 220.659586 | 359.014189 
 4152.1456 | 08740.1652 | 12:37:12 | 220.660016 | 359.014192 
 4152.1452 | 08740.1648 | 12:37:13 | 220.660363 | 359.013735 
 4152.1451 | 08740.1647 | 12:37:14 | 220.660450 | 359.013621 
 4152.1442 | 08740.1640 | 12:37:15 | 220.661060 | 359.012590 
 4152.1441 | 08740.1638 | 12:37:16 | 220.661233 | 359.012476 
 4152.1436 | 08740.1630 | 12:37:17 | 220.661925 | 359.011907 
 4152.1438 | 08740.1617 | 12:37:18 | 220.663041 | 359.012145 
 4152.1439 | 08740.1611 | 12:37:19 | 220.663556 | 359.012264 
 4152.1439 | 08740.1609 | 12:37:20 | 220.663728 | 359.012266 
 4152.1439 | 08740.1601 | 12:37:21 | 220.664416 | 359.012271 
 4152.1438 | 08740.1597 | 12:37:22 | 220.664761 | 359.012159 
 4152.1437 | 08740.1592 | 12:37:23 | 220.665191 | 359.012047 
 4152.1436 | 08740.1589 | 12:37:24 | 220.665450 | 359.011934 
 4152.1433 | 08740.1580 | 12:37:25 | 220.666227 | 359.011595 
 4152.1435 | 08740.1577 | 12:37:26 | 220.666483 | 359.011827 
 4152.1436 | 08740.1577 | 12:37:27 | 220.666482 | 359.011942 
 4152.1432 | 08740.1579 | 12:37:28 | 220.666313 | 359.011480 
 4152.1441 | 08740.1560 | 12:37:29 | 220.667939 | 359.012528 
 4152.1434 | 08740.1536 | 12:37:30 | 220.670009 | 359.011739 
 4152.1431 | 08740.1523 | 12:37:31 | 220.671129 | 359.011403 
 4152.1427 | 08740.1519 | 12:37:32 | 220.671476 | 359.010945 
 4152.1425 | 08740.1513 | 12:37:33 | 220.671994 | 359.010719 
 4152.1418 | 08740.1509 | 12:37:34 | 220.672344 | 359.009917 
 4152.1418 | 08740.1509 | 12:37:35 | 220.672344 | 359.009917 
 4152.1418 | 08740.1509 | 12:37:36 | 220.672344 | 359.009917 
 4152.1418 | 08740.1509 | 12:37:37 | 220.672344 | 359.009917 
 4152.1418 | 08740.1509 | 12:37:38 | 220.672344 | 359.009917 
 4152.1418 | 08740.1509 | 12:37:39 | 220.672344 | 359.009917 
 4152.1418 | 08740.1509 | 12:37:40 | 220.672344 | 359.009917 
 4152.1418 | 08740.1509 | 12:37:41 | 220.672344 | 359.009917 
 4152.1418 | 08740.1509 | 12:37:42 | 220.672344 | 359.009917 
 4152.1418 | 08740.1509 | 12:37:43 | 220.672344 | 359.009917 
 4152.1418 | 08740.1509 | 12:37:44 | 220.672344 | 359.009917 
 4152.1418 | 08740.1509 | 12:37:45 | 220.672344 | 359.009917 
 4152.1418 | 08740.1509 | 12:37:46 | 220.672344 | 359.009917 
 4152.1418 | 08740.1509 | 12:37:47 | 220.672344 | 359.009917 
 4152.1418 | 08740.1509 | 12:37:48 | 220.672344 | 359.009917 
 4152.1418 | 08740.1509 | 12:37:49 | 220.672344 | 359.009917 
 4152.1418 | 08740.1509 | 12:37:50 | 220.672344 | 359.009917 
 4152.1418 | 08740.1509 | 12:37:51 | 220.672344 | 359.009917 
 4152.1418 | 08740.1509 | 12:37:52 | 220.672344 | 359.009917 
 4152.1418 | 08740.1509 | 12:37:53 | 220.672344 | 359.009917 
 4152.1418 | 08740.1509 | 12:37:54 | 220.672344 | 359.009917 
 4152.1418 | 08740.1509 | 12:37:55 | 220.672344 | 359.009917 
 4152.1418 | 08740.1509 | 12:37:56 | 220.672344 | 359.009917 
 4152.1418 | 08740.1509 | 12:37:57 | 220.672344 | 359.009917 
 4152.1418 | 08740.1509 | 12:37:58 | 220.672344 | 359.009917 
 4152.1418 | 08740.1509 | 12:37:59 | 220.672344 | 359.009917 
 4152.1418 | 08740.1509 | 12:38:00 | 220.672344 | 359.009917 
 4152.1418 | 08740.1509 | 12:38:01 | 220.672344 | 359.009917 
 4152.1415 | 08740.1495 | 12:38:02 | 220.673551 | 359.009581 
 4152.1416 | 08740.1491 | 12:38:03 | 220.673894 | 359.009698 
 4152.1426 | 08740.1514 | 12:38:04 | 220.671907 | 359.010833 
 4152.1428 | 08740.1513 | 12:38:05 | 220.671991 | 359.011064 
 4152.1424 | 08740.1546 | 12:38:06 | 220.669158 | 359.010582 
 4152.1436 | 08740.1523 | 12:38:07 | 220.671125 | 359.011978 
 4152.1422 | 08740.1586 | 12:38:08 | 220.665721 | 359.010325 
 4152.1417 | 08740.1581 | 12:38:09 | 220.666155 | 359.009754 
 4152.1417 | 08740.1581 | 12:38:10 | 220.666155 | 359.009754 
 4152.1417 | 08740.1581 | 12:38:11 | 220.666155 | 359.009754 
 4152.1417 | 08740.1581 | 12:38:12 | 220.666155 | 359.009754 
 4152.1417 | 08740.1581 | 12:38:13 | 220.666155 | 359.009754 
 4152.1417 | 08740.1581 | 12:38:14 | 220.666155 | 359.009754 
 4152.1417 | 08740.1581 | 12:38:15 | 220.666155 | 359.009754 
 4152.1417 | 08740.1581 | 12:38:16 | 220.666155 | 359.009754 
 4152.1417 | 08740.1581 | 12:38:17 | 220.666155 | 359.009754 
 4152.1417 | 08740.1581 | 12:38:18 | 220.666155 | 359.009754 
 4152.1417 | 08740.1581 | 12:38:19 | 220.666155 | 359.009754 
 4152.1417 | 08740.1581 | 12:38:20 | 220.666155 | 359.009754 
 4152.1417 | 08740.1581 | 12:38:21 | 220.666155 | 359.009754 
 4152.1426 | 08740.1496 | 12:38:22 | 220.673455 | 359.010845 
 4152.1433 | 08740.1464 | 12:38:23 | 220.676200 | 359.011672 
 4152.1442 | 08740.1404 | 12:38:26 | 220.681350 | 359.012747 
 4152.1441 | 08740.1565 | 12:38:27 | 220.667509 | 359.012525 
 4152.1441 | 08740.1568 | 12:38:28 | 220.667251 | 359.012523 
 4152.1442 | 08740.1575 | 12:38:29 | 220.666648 | 359.012633 
 4152.1442 | 08740.1575 | 12:38:30 | 220.666648 | 359.012633 
 4152.1442 | 08740.1575 | 12:38:31 | 220.666648 | 359.012633 
 4152.1442 | 08740.1575 | 12:38:32 | 220.666648 | 359.012633 
 4152.1442 | 08740.1575 | 12:38:33 | 220.666648 | 359.012633 
 4152.1442 | 08740.1575 | 12:38:34 | 220.666648 | 359.012633 
 4152.1442 | 08740.1575 | 12:38:35 | 220.666648 | 359.012633 
 4152.1442 | 08740.1575 | 12:38:36 | 220.666648 | 359.012633 
 4152.1442 | 08740.1575 | 12:38:37 | 220.666648 | 359.012633 
 4152.1442 | 08740.1575 | 12:38:38 | 220.666648 | 359.012633 
 4152.1442 | 08740.1575 | 12:38:39 | 220.666648 | 359.012633 
 4152.1442 | 08740.1575 | 12:38:40 | 220.666648 | 359.012633 
 4152.1442 | 08740.1575 | 12:38:41 | 220.666648 | 359.012633 
 4152.1442 | 08740.1575 | 12:38:42 | 220.666648 | 359.012633 
 4152.1442 | 08740.1575 | 12:38:43 | 220.666648 | 359.012633 
 4152.1442 | 08740.1575 | 12:38:44 | 220.666648 | 359.012633 
 4152.1442 | 08740.1575 | 12:38:45 | 220.666648 | 359.012633 
 4152.1442 | 08740.1575 | 12:38:46 | 220.666648 | 359.012633 
 4152.1442 | 08740.1575 | 12:38:47 | 220.666648 | 359.012633 
 4152.1442 | 08740.1575 | 12:38:48 | 220.666648 | 359.012633 
 4152.1442 | 08740.1575 | 12:38:49 | 220.666648 | 359.012633 
 4152.1442 | 08740.1575 | 12:38:50 | 220.666648 | 359.012633 
 4152.1442 | 08740.1575 | 12:38:51 | 220.666648 | 359.012633 
 4152.1442 | 08740.1575 | 12:38:54 | 220.666648 | 359.012633 
 4152.1439 | 08740.1640 | 12:38:55 | 220.661063 | 359.012245 
 4152.1454 | 08740.1669 | 12:38:56 | 220.658556 | 359.013951 
 4152.1454 | 08740.1675 | 12:38:57 | 220.658040 | 359.013947 
 4152.1448 | 08740.1647 | 12:38:59 | 220.660453 | 359.013276 
 4152.1431 | 08740.1666 | 12:39:00 | 220.658834 | 359.011307 
 4152.1428 | 08740.1658 | 12:39:01 | 220.659525 | 359.010968 
 4152.1434 | 08740.1646 | 12:39:02 | 220.660551 | 359.011666 
 4152.1437 | 08740.1643 | 12:39:03 | 220.660807 | 359.012013 
 4152.1439 | 08740.1638 | 12:39:04 | 220.661235 | 359.012246 
 4152.1435 | 08740.1622 | 12:39:05 | 220.662614 | 359.011797 
 4152.1434 | 08740.1582 | 12:39:06 | 220.666054 | 359.011708 
 4152.1434 | 08740.1548 | 12:39:07 | 220.668977 | 359.011731 
 4152.1432 | 08740.1532 | 12:39:08 | 220.670354 | 359.011512 
 4152.1427 | 08740.1523 | 12:39:09 | 220.671133 | 359.010942 
 4152.1421 | 08740.1520 | 12:39:10 | 220.671396 | 359.010254 
 4152.1416 | 08740.1517 | 12:39:11 | 220.671658 | 359.009681 
 4152.1410 | 08740.1513 | 12:39:12 | 220.672007 | 359.008994 
 4152.1350 | 08740.1505 | 12:39:13 | 220.672749 | 359.002097 
 4152.1338 | 08740.1491 | 12:39:14 | 220.673963 | 359.000727 
 4152.1336 | 08740.1480 | 12:39:15 | 220.674911 | 359.000504 
 4152.1335 | 08740.1473 | 12:39:16 | 220.675513 | 359.000393 
 4152.1318 | 08740.1510 | 12:39:17 | 220.672347 | 358.998413 
 4152.1293 | 08740.1512 | 12:39:18 | 220.672198 | 358.995536 
 4152.1289 | 08740.1522 | 12:39:19 | 220.671341 | 358.995070 
 4152.1286 | 08740.1533 | 12:39:20 | 220.670398 | 358.994717 
 4152.1287 | 08740.1552 | 12:39:21 | 220.668764 | 358.994820 
 4152.1290 | 08740.1580 | 12:39:22 | 220.666354 | 358.995146 
 4152.1292 | 08740.1601 | 12:39:23 | 220.664547 | 358.995362 
 4152.1295 | 08740.1624 | 12:39:24 | 220.662566 | 358.995692 
 4152.1294 | 08740.1632 | 12:39:25 | 220.661879 | 358.995572 
 4152.1293 | 08740.1640 | 12:39:26 | 220.661193 | 358.995451 
 4152.1280 | 08740.1636 | 12:39:27 | 220.661548 | 358.993959 
 4152.1272 | 08740.1629 | 12:39:28 | 220.662157 | 358.993043 
 4152.1270 | 08740.1627 | 12:39:29 | 220.662331 | 358.992814 
 4152.1266 | 08740.1615 | 12:39:30 | 220.663366 | 358.992362 
 4152.1261 | 08740.1603 | 12:39:31 | 220.664402 | 358.991795 
 4152.1257 | 08740.1587 | 12:39:32 | 220.665781 | 358.991346 
 4152.1255 | 08740.1566 | 12:39:33 | 220.667589 | 358.991130 
 4152.1256 | 08740.1545 | 12:39:34 | 220.669393 | 358.991259 
 4152.1254 | 08740.1536 | 12:39:35 | 220.670169 | 358.991034 
 4152.1258 | 08740.1513 | 12:39:36 | 220.672143 | 358.991510 
 4152.1261 | 08740.1484 | 12:39:37 | 220.674633 | 358.991874 
 4152.1262 | 08740.1450 | 12:39:38 | 220.677556 | 358.992012 
 4152.1268 | 08740.1422 | 12:39:39 | 220.679958 | 358.992721 
 4152.1265 | 08740.1396 | 12:39:40 | 220.682196 | 358.992393 
 4152.1259 | 08740.1360 | 12:39:41 | 220.685296 | 358.991727 
 4152.1259 | 08740.1327 | 12:39:42 | 220.688133 | 358.991749 
 4152.1257 | 08740.1294 | 12:39:43 | 220.690972 | 358.991541 
 4152.1264 | 08740.1253 | 12:39:44 | 220.694491 | 358.992373 
 4152.1265 | 08740.1224 | 12:39:45 | 220.696984 | 358.992507 
 4152.1259 | 08740.1211 | 12:39:46 | 220.698107 | 358.991826 
 4152.1261 | 08740.1188 | 12:39:47 | 220.700082 | 358.992071 
 4152.1266 | 08740.1163 | 12:39:48 | 220.702227 | 358.992663 
 4152.1259 | 08740.1132 | 12:39:49 | 220.704899 | 358.991878 
 4152.1254 | 08740.1114 | 12:39:50 | 220.706451 | 358.991315 
 4152.1247 | 08740.1081 | 12:39:51 | 220.709294 | 358.990532 
 4152.1243 | 08740.1071 | 12:39:52 | 220.710158 | 358.990079 
 4152.1234 | 08740.1060 | 12:39:53 | 220.711111 | 358.989051 
 4152.1228 | 08740.1005 | 12:39:54 | 220.715846 | 358.988397 
 4152.1300 | 08740.0810 | 12:39:57 | 220.732547 | 358.996809 
 4152.1316 | 08740.0765 | 12:39:58 | 220.736401 | 358.998679 
 4152.1344 | 08740.0688 | 12:39:59 | 220.742997 | 359.001951 
 4152.1365 | 08740.0632 | 12:40:00 | 220.747793 | 359.004404 
 4152.1417 | 08740.0808 | 12:40:01 | 220.732614 | 359.010268 
 4152.1452 | 08740.0800 | 12:40:02 | 220.733271 | 359.014299 
 4152.1423 | 08740.0902 | 12:40:03 | 220.724527 | 359.010896 
 4152.1437 | 08740.0915 | 12:40:04 | 220.723397 | 359.012497 
 4152.1442 | 08740.0915 | 12:40:05 | 220.723393 | 359.013073 
 4152.1442 | 08740.0915 | 12:40:06 | 220.723393 | 359.013073 
 4152.1442 | 08740.0915 | 12:40:07 | 220.723393 | 359.013073 
 4152.1442 | 08740.0915 | 12:40:09 | 220.723393 | 359.013073 
 4152.1442 | 08740.0915 | 12:40:10 | 220.723393 | 359.013073 
 4152.1442 | 08740.0915 | 12:40:11 | 220.723393 | 359.013073 
 4152.1442 | 08740.0915 | 12:40:12 | 220.723393 | 359.013073 
 4152.1442 | 08740.0915 | 12:40:13 | 220.723393 | 359.013073 
 4152.1442 | 08740.0915 | 12:40:14 | 220.723393 | 359.013073 
 4152.1442 | 08740.0915 | 12:40:15 | 220.723393 | 359.013073 
 4152.1442 | 08740.0915 | 12:40:16 | 220.723393 | 359.013073 
 4152.1442 | 08740.0915 | 12:40:17 | 220.723393 | 359.013073 
 4152.1442 | 08740.0915 | 12:40:18 | 220.723393 | 359.013073 
 4152.1442 | 08740.0915 | 12:40:19 | 220.723393 | 359.013073 
 4152.1426 | 08740.0833 | 12:40:20 | 220.730457 | 359.011287 
 4152.1435 | 08740.0823 | 12:40:21 | 220.731309 | 359.012329 
 4152.1446 | 08740.0810 | 12:40:22 | 220.732417 | 359.013603 
 4152.1457 | 08740.0798 | 12:40:23 | 220.733439 | 359.014876 
 4152.1474 | 08740.0779 | 12:40:24 | 220.735057 | 359.016844 
 4152.1402 | 08740.0846 | 12:40:26 | 220.729361 | 359.008518 
 4152.1406 | 08740.0839 | 12:40:27 | 220.729959 | 359.008982 
 4152.1414 | 08740.0832 | 12:40:28 | 220.730554 | 359.009907 
 4152.1423 | 08740.0840 | 12:40:31 | 220.729858 | 359.010937 
 4152.1424 | 08740.0833 | 12:40:32 | 220.730459 | 359.011057 
 4152.1376 | 08740.0773 | 12:40:33 | 220.735660 | 359.005576 
 4152.1382 | 08740.0766 | 12:40:35 | 220.736257 | 359.006270 
 4152.1382 | 08740.0758 | 12:40:36 | 220.736944 | 359.006276 
 4152.1380 | 08740.0753 | 12:40:37 | 220.737376 | 359.006049 
 4152.1379 | 08740.0749 | 12:40:38 | 220.737721 | 359.005937 
 4152.1379 | 08740.0756 | 12:40:39 | 220.737119 | 359.005932 
 4152.1379 | 08740.0764 | 12:40:40 | 220.736431 | 359.005927 
 4152.1380 | 08740.0765 | 12:40:41 | 220.736344 | 359.006041 
 4152.1379 | 08740.0764 | 12:40:43 | 220.736431 | 359.005927 
 4152.1411 | 08740.0800 | 12:40:44 | 220.733308 | 359.009583 
 4152.1415 | 08740.0802 | 12:40:45 | 220.733132 | 359.010042 
 4152.1421 | 08740.0805 | 12:40:46 | 220.732869 | 359.010730 
 4152.1426 | 08740.0807 | 12:40:47 | 220.732692 | 359.011304 
 4152.1432 | 08740.0808 | 12:40:48 | 220.732601 | 359.011994 
 4152.1425 | 08740.0786 | 12:40:49 | 220.734499 | 359.011203 
 4152.1421 | 08740.0776 | 12:40:50 | 220.735362 | 359.010750 
 4152.1417 | 08740.0765 | 12:40:51 | 220.736311 | 359.010297 
 4152.1401 | 08740.0731 | 12:40:52 | 220.739249 | 359.008479 
 4152.1400 | 08740.0727 | 12:40:53 | 220.739594 | 359.008367 
 4152.1433 | 08740.0757 | 12:40:54 | 220.736985 | 359.012143 
 4152.1431 | 08740.0748 | 12:40:55 | 220.737761 | 359.011919 
 4152.1445 | 08740.0761 | 12:40:56 | 220.736630 | 359.013520 
 4152.1563 | 08740.0876 | 12:40:57 | 220.726638 | 359.027017 
 4152.1964 | 08740.1261 | 12:40:59 | 220.693180 | 359.072885 
 4152.2012 | 08740.1333 | 12:41:00 | 220.686947 | 359.078359 
 4152.2013 | 08740.1335 | 12:41:01 | 220.686774 | 359.078472 
 4152.2070 | 08740.1434 | 12:41:04 | 220.678212 | 359.084963 
 4152.2115 | 08740.1530 | 12:41:05 | 220.669918 | 359.090075 
 4152.2137 | 08740.1570 | 12:41:06 | 220.666460 | 359.092579 
 4152.2174 | 08740.1656 | 12:41:07 | 220.659033 | 359.096778 
 4152.2179 | 08740.1660 | 12:41:08 | 220.658685 | 359.097350 
 4152.2179 | 08740.1658 | 12:41:09 | 220.658857 | 359.097352 
 4152.2188 | 08740.1662 | 12:41:10 | 220.658505 | 359.098384 
 4152.2213 | 08740.1668 | 12:41:13 | 220.657967 | 359.101256 
 4152.2201 | 08740.1650 | 12:41:14 | 220.659525 | 359.099887 
 4152.2181 | 08740.1624 | 12:41:15 | 220.661778 | 359.097604 
 4152.1506 | 08740.0960 | 12:41:17 | 220.719467 | 359.020404 
 4152.1606 | 08740.0858 | 12:41:18 | 220.728147 | 359.031975 
 4152.1525 | 08740.0856 | 12:41:19 | 220.728391 | 359.022659 
 4152.1489 | 08740.0810 | 12:41:20 | 220.732378 | 359.018549 
 4152.1381 | 08740.0607 | 12:41:24 | 220.749928 | 359.006261 
 4152.1312 | 08740.0441 | 12:41:27 | 220.764261 | 358.998435 
 4152.1311 | 08740.0370 | 12:41:28 | 220.770367 | 358.998368 
 4152.1309 | 08740.0305 | 12:41:29 | 220.775957 | 358.998181 
 4152.1642 | 08740.0532 | 12:41:30 | 220.756143 | 359.036333 
 4152.1632 | 08740.0518 | 12:41:31 | 220.757356 | 359.035192 
 4152.1623 | 08740.0505 | 12:41:32 | 220.758481 | 359.034165 
 4152.1614 | 08740.0490 | 12:41:33 | 220.759779 | 359.033140 
 4152.1606 | 08740.0475 | 12:41:34 | 220.761076 | 359.032230 
 4152.1598 | 08740.0458 | 12:41:35 | 220.762545 | 359.031321 
 4152.1584 | 08740.0434 | 12:41:36 | 220.764621 | 359.029727 
 4152.1406 | 08740.0128 | 12:41:37 | 220.791088 | 359.009456 
 4152.1391 | 08740.0107 | 12:41:38 | 220.792907 | 359.007745 
 4152.1375 | 08740.0080 | 12:41:39 | 220.795243 | 359.005923 
 4152.1370 | 08739.9999 | 12:41:40 | 220.802211 | 359.005402 
 4152.1355 | 08739.9975 | 12:41:41 | 220.804288 | 359.003692 
 4152.1344 | 08739.9953 | 12:41:42 | 220.806189 | 359.002442 
 4152.1338 | 08739.9938 | 12:41:43 | 220.807484 | 359.001762 
 4152.1336 | 08739.9950 | 12:41:44 | 220.806454 | 359.001524 
 4152.1322 | 08739.9934 | 12:41:45 | 220.807843 | 358.999924 
 4152.1325 | 08739.9935 | 12:41:46 | 220.807754 | 359.000268 
 4152.1317 | 08739.9927 | 12:41:47 | 220.808449 | 358.999353 
 4152.1382 | 08740.0021 | 12:41:48 | 220.800309 | 359.006767 
 4152.1382 | 08740.0015 | 12:41:49 | 220.800825 | 359.006771 
 4152.1378 | 08740.0002 | 12:41:50 | 220.801946 | 359.006320 
 4152.1379 | 08739.9998 | 12:41:51 | 220.802289 | 359.006438 
 4152.1380 | 08739.9996 | 12:41:52 | 220.802460 | 359.006554 
 4152.1380 | 08740.0006 | 12:41:53 | 220.801600 | 359.006547 
 4152.1382 | 08740.0023 | 12:41:54 | 220.800137 | 359.006766 
 4152.1385 | 08740.0029 | 12:41:55 | 220.799618 | 359.007107 
 4152.1419 | 08740.0054 | 12:41:56 | 220.797439 | 359.011001 
 4152.1442 | 08740.0164 | 12:42:03 | 220.787961 | 359.013573 
 4152.1445 | 08740.0186 | 12:42:04 | 220.786067 | 359.013904 
 4152.1454 | 08740.0199 | 12:42:05 | 220.784941 | 359.014930 
 4152.1662 | 08740.0633 | 12:42:08 | 220.747442 | 359.038566 
 4152.2322 | 08740.1788 | 12:42:09 | 220.647553 | 359.113714 
 4152.2298 | 08740.1758 | 12:42:12 | 220.650154 | 359.110973 
 4152.2339 | 08740.1833 | 12:42:13 | 220.643669 | 359.115639 
 4152.2382 | 08740.1909 | 12:42:14 | 220.637097 | 359.120535 
 4152.2382 | 08740.1910 | 12:42:15 | 220.637011 | 359.120534 
 4152.2383 | 08740.1918 | 12:42:16 | 220.636322 | 359.120644 
 4152.2442 | 08740.2018 | 12:42:36 | 220.627672 | 359.127364 
 4152.2442 | 08740.2018 | 12:42:37 | 220.627672 | 359.127364 
 4152.2442 | 08740.2018 | 12:42:38 | 220.627672 | 359.127364 
 4152.2435 | 08740.1995 | 12:43:25 | 220.629656 | 359.126574 
 4152.2433 | 08740.1990 | 12:43:26 | 220.630087 | 359.126347 
 4152.2433 | 08740.1990 | 12:43:27 | 220.630087 | 359.126347 
 4152.2433 | 08740.1990 | 12:43:28 | 220.630087 | 359.126347 
 4152.2433 | 08740.1990 | 12:43:30 | 220.630087 | 359.126347 
 4152.2440 | 08740.1949 | 12:43:31 | 220.633606 | 359.127180 
 4152.2433 | 08740.1942 | 12:43:32 | 220.634214 | 359.126379 
 4152.2420 | 08740.1918 | 12:43:34 | 220.636289 | 359.124900 
 4152.2405 | 08740.1891 | 12:43:35 | 220.638624 | 359.123192 
 4152.2345 | 08740.1778 | 12:43:36 | 220.648392 | 359.116366 
 4152.2332 | 08740.1750 | 12:43:37 | 220.650811 | 359.114889 
 4152.2309 | 08740.1704 | 12:43:38 | 220.654786 | 359.112274 
 4152.2292 | 08740.1665 | 12:43:39 | 220.658154 | 359.110345 
 4152.2223 | 08740.1531 | 12:43:40 | 220.669736 | 359.102497 
 4152.2203 | 08740.1491 | 12:43:41 | 220.673193 | 359.100223 
 4152.2186 | 08740.1459 | 12:43:42 | 220.675959 | 359.098289 
 4152.2118 | 08740.1342 | 12:43:43 | 220.686079 | 359.090545 
 4152.1798 | 08740.0748 | 12:43:44 | 220.737433 | 359.054133 
 4152.1740 | 08740.0698 | 12:43:45 | 220.741784 | 359.047495 
 4152.1678 | 08740.0646 | 12:43:46 | 220.746310 | 359.040398 
 4152.1701 | 08740.0661 | 12:43:47 | 220.745000 | 359.043033 
 4152.1672 | 08740.0595 | 12:43:48 | 220.750700 | 359.039742 
 4152.1644 | 08740.0547 | 12:43:49 | 220.754852 | 359.036553 
 4152.1618 | 08740.0501 | 12:43:50 | 220.758830 | 359.033593 
 4152.1739 | 08740.0697 | 12:43:51 | 220.741871 | 359.047380 
 4152.1749 | 08740.0693 | 12:43:52 | 220.742206 | 359.048533 
 4152.1756 | 08740.0675 | 12:43:53 | 220.743747 | 359.049350 
 4152.1760 | 08740.0657 | 12:43:54 | 220.745291 | 359.049823 
 4152.1765 | 08740.0637 | 12:43:55 | 220.747006 | 359.050411 
 4152.1735 | 08740.0706 | 12:43:56 | 220.741100 | 359.046914 
 4152.1732 | 08740.0700 | 12:43:57 | 220.741619 | 359.046573 
 4152.1728 | 08740.0692 | 12:43:58 | 220.742310 | 359.046118 
 4152.1724 | 08740.0686 | 12:43:59 | 220.742830 | 359.045662 
 4152.1719 | 08740.0680 | 12:44:00 | 220.743350 | 359.045091 
 4152.1714 | 08740.0673 | 12:44:01 | 220.743956 | 359.044521 
 4152.1709 | 08740.0665 | 12:44:02 | 220.744649 | 359.043951 
 4152.1705 | 08740.0657 | 12:44:03 | 220.745340 | 359.043496 
 4152.1701 | 08740.0648 | 12:44:04 | 220.746117 | 359.043042 
 4152.1695 | 08740.0642 | 12:44:05 | 220.746639 | 359.042356 
 4152.1688 | 08740.0632 | 12:44:06 | 220.747505 | 359.041557 
 4152.1704 | 08740.0670 | 12:44:07 | 220.744223 | 359.043372 
 4152.1719 | 08740.0701 | 12:44:08 | 220.741545 | 359.045077 
 4152.1715 | 08740.0699 | 12:44:09 | 220.741720 | 359.044618 
 4152.1611 | 08740.0618 | 12:44:10 | 220.748777 | 359.032710 
 4152.1673 | 08740.0680 | 12:44:11 | 220.743391 | 359.039800 
 4152.1671 | 08740.0686 | 12:44:12 | 220.742877 | 359.039566 
 4152.1666 | 08740.0694 | 12:44:13 | 220.742194 | 359.038985 
 4152.1668 | 08740.0708 | 12:44:14 | 220.740988 | 359.039206 
 4152.1665 | 08740.0716 | 12:44:15 | 220.740303 | 359.038856 
 4152.1667 | 08740.0716 | 12:44:16 | 220.740301 | 359.039086 
 4152.1668 | 08740.0715 | 12:44:17 | 220.740386 | 359.039202 
 4152.1668 | 08740.0714 | 12:44:18 | 220.740472 | 359.039202 
 4152.1666 | 08740.0722 | 12:44:19 | 220.739786 | 359.038967 
 4152.1665 | 08740.0727 | 12:44:20 | 220.739357 | 359.038848 
 4152.1665 | 08740.0730 | 12:44:21 | 220.739099 | 359.038846 
 4152.1645 | 08740.0733 | 12:44:22 | 220.738859 | 359.036544 
 4152.1640 | 08740.0738 | 12:44:23 | 220.738434 | 359.035965 
 4152.1633 | 08740.0742 | 12:44:24 | 220.738096 | 359.035158 
 4152.1627 | 08740.0748 | 12:44:25 | 220.737586 | 359.034464 
 4152.1599 | 08740.0694 | 12:44:26 | 220.742253 | 359.031279 
 4152.1590 | 08740.0697 | 12:44:27 | 220.742004 | 359.030242 
 4152.1601 | 08740.0674 | 12:44:28 | 220.743971 | 359.031522 
 4152.1597 | 08740.0669 | 12:44:29 | 220.744405 | 359.031065 
 4152.1593 | 08740.0658 | 12:44:30 | 220.745354 | 359.030613 
 4152.1590 | 08740.0655 | 12:44:31 | 220.745615 | 359.030270 
 4152.1605 | 08740.0688 | 12:44:32 | 220.742764 | 359.031973 
 4152.1599 | 08740.0673 | 12:44:33 | 220.744059 | 359.031293 
 4152.1596 | 08740.0668 | 12:44:34 | 220.744491 | 359.030951 
 4152.1598 | 08740.0672 | 12:44:35 | 220.744146 | 359.031178 
 4152.1593 | 08740.0688 | 12:44:36 | 220.742775 | 359.030593 
 4152.1585 | 08740.0681 | 12:44:37 | 220.743384 | 359.029677 
 4152.1608 | 08740.0686 | 12:44:38 | 220.742933 | 359.032319 
 4152.1607 | 08740.0693 | 12:44:39 | 220.742332 | 359.032200 
 4152.1602 | 08740.0707 | 12:44:41 | 220.741133 | 359.031615 
 4152.1600 | 08740.0713 | 12:44:42 | 220.740619 | 359.031381 
 4152.1599 | 08740.0719 | 12:44:43 | 220.740104 | 359.031262 
 4152.1599 | 08740.0725 | 12:44:44 | 220.739588 | 359.031258 
 4152.1599 | 08740.0733 | 12:44:45 | 220.738900 | 359.031253 
 4152.1618 | 08740.0695 | 12:44:46 | 220.742151 | 359.033464 
 4152.1627 | 08740.0681 | 12:44:47 | 220.743346 | 359.034508 
 4152.1629 | 08740.0677 | 12:44:48 | 220.743688 | 359.034741 
 4152.1629 | 08740.0677 | 12:44:49 | 220.743688 | 359.034741 
 4152.1629 | 08740.0677 | 12:44:51 | 220.743688 | 359.034741 
 4152.1629 | 08740.0677 | 12:44:52 | 220.743688 | 359.034741 
 4152.1629 | 08740.0677 | 12:44:53 | 220.743688 | 359.034741 
 4152.1629 | 08740.0677 | 12:44:54 | 220.743688 | 359.034741 
 4152.1629 | 08740.0677 | 12:44:55 | 220.743688 | 359.034741 
 4152.1629 | 08740.0677 | 12:44:56 | 220.743688 | 359.034741 
 4152.1629 | 08740.0677 | 12:44:57 | 220.743688 | 359.034741 
 4152.1629 | 08740.0677 | 12:44:58 | 220.743688 | 359.034741 
 4152.1629 | 08740.0677 | 12:44:59 | 220.743688 | 359.034741 
 4152.1629 | 08740.0677 | 12:45:00 | 220.743688 | 359.034741 
 4152.1629 | 08740.0677 | 12:45:01 | 220.743688 | 359.034741 
 4152.1629 | 08740.0677 | 12:45:02 | 220.743688 | 359.034741 
 4152.1629 | 08740.0677 | 12:45:03 | 220.743688 | 359.034741 
 4152.1629 | 08740.0677 | 12:45:04 | 220.743688 | 359.034741 
 4152.1629 | 08740.0677 | 12:45:05 | 220.743688 | 359.034741 
 4152.1629 | 08740.0677 | 12:45:06 | 220.743688 | 359.034741 
 4152.1629 | 08740.0677 | 12:45:07 | 220.743688 | 359.034741 
 4152.1629 | 08740.0677 | 12:45:08 | 220.743688 | 359.034741 
 4152.1629 | 08740.0677 | 12:45:09 | 220.743688 | 359.034741 
 4152.1629 | 08740.0677 | 12:45:10 | 220.743688 | 359.034741 
 4152.1629 | 08740.0677 | 12:45:11 | 220.743688 | 359.034741 
 4152.1629 | 08740.0677 | 12:45:12 | 220.743688 | 359.034741 
 4152.1629 | 08740.0677 | 12:45:13 | 220.743688 | 359.034741 
 4152.1629 | 08740.0677 | 12:45:14 | 220.743688 | 359.034741 
 4152.1629 | 08740.0677 | 12:45:15 | 220.743688 | 359.034741 
 4152.1629 | 08740.0677 | 12:45:16 | 220.743688 | 359.034741 
 4152.1629 | 08740.0677 | 12:45:17 | 220.743688 | 359.034741 
 4152.1629 | 08740.0677 | 12:45:18 | 220.743688 | 359.034741 
 4152.1629 | 08740.0677 | 12:45:19 | 220.743688 | 359.034741 
 4152.1629 | 08740.0677 | 12:45:20 | 220.743688 | 359.034741 
 4152.1629 | 08740.0677 | 12:45:21 | 220.743688 | 359.034741 
 4152.1629 | 08740.0677 | 12:45:22 | 220.743688 | 359.034741 
 4152.1629 | 08740.0677 | 12:45:23 | 220.743688 | 359.034741 
 4152.1629 | 08740.0677 | 12:45:24 | 220.743688 | 359.034741 
 4152.1629 | 08740.0677 | 12:45:25 | 220.743688 | 359.034741 
 4152.1629 | 08740.0677 | 12:45:26 | 220.743688 | 359.034741 
 4152.1629 | 08740.0677 | 12:45:27 | 220.743688 | 359.034741 
 4152.1629 | 08740.0677 | 12:45:28 | 220.743688 | 359.034741 
 4152.1629 | 08740.0677 | 12:45:29 | 220.743688 | 359.034741 
 4152.1629 | 08740.0677 | 12:45:30 | 220.743688 | 359.034741 
 4152.1629 | 08740.0677 | 12:45:31 | 220.743688 | 359.034741 
 4152.1629 | 08740.0677 | 12:45:32 | 220.743688 | 359.034741 
 4152.1629 | 08740.0677 | 12:45:33 | 220.743688 | 359.034741 
 4152.1629 | 08740.0677 | 12:45:34 | 220.743688 | 359.034741 
 4152.1629 | 08740.0677 | 12:45:35 | 220.743688 | 359.034741 
 4152.1629 | 08740.0677 | 12:45:36 | 220.743688 | 359.034741 
 4152.1629 | 08740.0677 | 12:45:37 | 220.743688 | 359.034741 
 4152.1629 | 08740.0677 | 12:45:38 | 220.743688 | 359.034741 
 4152.1629 | 08740.0677 | 12:45:39 | 220.743688 | 359.034741 
 4152.1598 | 08740.0670 | 12:45:40 | 220.744318 | 359.031180 
 4152.1594 | 08740.0671 | 12:45:41 | 220.744235 | 359.030719 
 4152.1587 | 08740.0654 | 12:45:42 | 220.745703 | 359.029925 
 4152.1585 | 08740.0653 | 12:45:43 | 220.745791 | 359.029696 
 4152.1585 | 08740.0649 | 12:45:44 | 220.746135 | 359.029698 
 4152.1581 | 08740.0653 | 12:45:45 | 220.745795 | 359.029236 
 4152.1580 | 08740.0653 | 12:45:46 | 220.745795 | 359.029121 
 4152.1579 | 08740.0652 | 12:45:47 | 220.745882 | 359.029006 
 4152.1565 | 08740.0639 | 12:45:48 | 220.747012 | 359.027405 
 4152.1561 | 08740.0636 | 12:45:49 | 220.747274 | 359.026946 
 4152.1558 | 08740.0633 | 12:45:50 | 220.747535 | 359.026603 
 4152.1544 | 08740.0612 | 12:45:51 | 220.749353 | 359.025007 
 4152.1547 | 08740.0604 | 12:45:52 | 220.750038 | 359.025357 
 4152.1544 | 08740.0599 | 12:45:53 | 220.750470 | 359.025016 
 4152.1542 | 08740.0594 | 12:45:54 | 220.750902 | 359.024789 
 4152.1519 | 08740.0567 | 12:45:55 | 220.753244 | 359.022161 
 4152.1507 | 08740.0546 | 12:45:56 | 220.755060 | 359.020795 
 4152.1507 | 08740.0537 | 12:45:57 | 220.755834 | 359.020801 
 4152.1505 | 08740.0528 | 12:45:58 | 220.756609 | 359.020577 
 4152.1505 | 08740.0518 | 12:45:59 | 220.757469 | 359.020584 
 4152.1507 | 08740.0509 | 12:46:00 | 220.758241 | 359.020820 
 4152.1504 | 08740.0496 | 12:46:01 | 220.759361 | 359.020483 
 4152.1500 | 08740.0481 | 12:46:02 | 220.760655 | 359.020033 
 4152.1503 | 08740.0473 | 12:46:03 | 220.761340 | 359.020384 
 4152.1499 | 08740.0480 | 12:46:04 | 220.760741 | 359.019919 
 4152.1491 | 08740.0435 | 12:46:08 | 220.764618 | 359.019029 
 4152.1556 | 08740.0469 | 12:46:09 | 220.761636 | 359.026483 
 4152.1543 | 08740.0458 | 12:46:10 | 220.762594 | 359.024995 
 4152.1530 | 08740.0445 | 12:46:11 | 220.763723 | 359.023508 
 4152.1517 | 08740.0431 | 12:46:12 | 220.764938 | 359.022022 
 4152.1487 | 08740.0415 | 12:46:14 | 220.766341 | 359.018582 
 4152.1472 | 08740.0404 | 12:46:15 | 220.767300 | 359.016864 
 4152.1459 | 08740.0389 | 12:46:16 | 220.768601 | 359.015379 
 4152.1446 | 08740.0372 | 12:46:17 | 220.770074 | 359.013895 
 4152.1435 | 08740.0353 | 12:46:18 | 220.771718 | 359.012642 
 4152.1427 | 08740.0325 | 12:46:19 | 220.774132 | 359.011741 
 4152.1434 | 08740.0295 | 12:46:20 | 220.776705 | 359.012566 
 4152.1436 | 08740.0261 | 12:46:21 | 220.779626 | 359.012818 
 4152.1470 | 08740.0245 | 12:46:22 | 220.780972 | 359.016740 
 4152.1513 | 08740.0026 | 12:46:23 | 220.799762 | 359.021832 
 4152.1526 | 08740.0003 | 12:46:24 | 220.801728 | 359.023343 
 4152.1535 | 08739.9974 | 12:46:25 | 220.804213 | 359.024398 
 4152.1542 | 08739.9941 | 12:46:26 | 220.807044 | 359.025225 
 4152.1546 | 08739.9908 | 12:46:27 | 220.809878 | 359.025707 
 4152.1563 | 08739.9908 | 12:46:28 | 220.809863 | 359.027662 
 4152.1569 | 08739.9881 | 12:46:29 | 220.812179 | 359.028370 
 4152.1579 | 08739.9858 | 12:46:30 | 220.814147 | 359.029536 
 4152.1557 | 08739.9921 | 12:46:31 | 220.808750 | 359.026963 
 4152.1557 | 08739.9911 | 12:46:32 | 220.809610 | 359.026970 
 4152.1559 | 08739.9897 | 12:46:33 | 220.810812 | 359.027210 
 4152.1561 | 08739.9883 | 12:46:34 | 220.812014 | 359.027449 
 4152.1563 | 08739.9868 | 12:46:35 | 220.813302 | 359.027689 
 4152.1566 | 08739.9854 | 12:46:36 | 220.814503 | 359.028043 
 4152.1568 | 08739.9840 | 12:46:37 | 220.815704 | 359.028283 
 4152.1572 | 08739.9825 | 12:46:38 | 220.816991 | 359.028753 
 4152.1576 | 08739.9808 | 12:46:40 | 220.818449 | 359.029224 
 4152.1578 | 08739.9796 | 12:46:41 | 220.819478 | 359.029463 
 4152.1582 | 08739.9773 | 12:46:42 | 220.821452 | 359.029938 
 4152.1588 | 08739.9760 | 12:46:43 | 220.822565 | 359.030637 
 4152.1604 | 08739.9713 | 12:46:47 | 220.826591 | 359.032509 
 4152.1611 | 08739.9711 | 12:46:48 | 220.826757 | 359.033315 
 4152.1635 | 08739.9685 | 12:46:52 | 220.828971 | 359.036093 
 4152.1650 | 08739.9715 | 12:46:53 | 220.826378 | 359.037798 
 4152.1667 | 08739.9735 | 12:46:54 | 220.824643 | 359.039740 
 4152.1688 | 08739.9758 | 12:46:55 | 220.822647 | 359.042141 
 4152.1785 | 08739.9836 | 12:46:57 | 220.815854 | 359.053246 
 4152.1861 | 08739.9889 | 12:46:58 | 220.811230 | 359.061953 
 4152.1932 | 08739.9927 | 12:47:00 | 220.807899 | 359.070094 
 4152.2072 | 08740.0057 | 12:47:01 | 220.796598 | 359.086111 
 4152.2243 | 08740.0165 | 12:47:02 | 220.787160 | 359.105708 
 4152.2314 | 08740.0135 | 12:47:03 | 220.789675 | 359.113895 
 4152.2358 | 08740.0113 | 12:47:04 | 220.791528 | 359.118970 
 4152.2396 | 08740.0096 | 12:47:05 | 220.792955 | 359.123353 
 4152.2449 | 08740.0076 | 12:47:06 | 220.794627 | 359.129462 
 4152.2499 | 08740.0056 | 12:47:07 | 220.796302 | 359.135227 
 4152.2561 | 08740.0041 | 12:47:09 | 220.797536 | 359.142369 
 4152.2602 | 08740.0027 | 12:47:10 | 220.798703 | 359.147094 
 4152.2669 | 08739.9987 | 12:47:11 | 220.802082 | 359.154827 
 4152.2711 | 08739.9968 | 12:47:12 | 220.803678 | 359.159671 
 4152.3027 | 08739.9880 | 12:47:17 | 220.810962 | 359.196078 
 4152.3191 | 08739.9840 | 12:47:20 | 220.814254 | 359.214969 
 4152.3244 | 08739.9834 | 12:47:21 | 220.814722 | 359.221069 
 4152.3299 | 08739.9826 | 12:47:22 | 220.815361 | 359.227401 
 4152.3358 | 08739.9821 | 12:47:23 | 220.815738 | 359.234191 
 4152.3380 | 08739.9874 | 12:47:24 | 220.811162 | 359.236686 
 4152.3584 | 08739.9850 | 12:47:28 | 220.813043 | 359.260167 
 4152.3765 | 08739.9823 | 12:47:32 | 220.815203 | 359.281005 
 4152.3763 | 08739.9768 | 12:47:33 | 220.819933 | 359.280811 
 4152.3803 | 08739.9761 | 12:47:34 | 220.820499 | 359.285417 
 4152.3843 | 08739.9754 | 12:47:35 | 220.821065 | 359.290023 
 4152.3878 | 08739.9762 | 12:47:36 | 220.820346 | 359.294043 
 4152.3918 | 08739.9756 | 12:47:37 | 220.820826 | 359.298648 
 4152.4002 | 08739.9751 | 12:47:39 | 220.821181 | 359.308314 
 4152.4041 | 08739.9757 | 12:47:40 | 220.820630 | 359.312796 
 4152.4404 | 08739.9732 | 12:47:48 | 220.822455 | 359.354567 
 4152.4417 | 08739.9796 | 12:47:49 | 220.816941 | 359.356019 
 4152.4467 | 08739.9795 | 12:47:50 | 220.816982 | 359.361771 
 4152.4577 | 08739.9817 | 12:47:53 | 220.814993 | 359.374409 
 4152.4583 | 08739.9863 | 12:47:54 | 220.811033 | 359.375069 
 4152.4619 | 08739.9848 | 12:47:55 | 220.812290 | 359.379220 
 4152.4649 | 08739.9831 | 12:47:56 | 220.813725 | 359.382682 
 4152.4713 | 08739.9760 | 12:47:57 | 220.819771 | 359.390091 
 4152.4723 | 08739.9768 | 12:47:59 | 220.819075 | 359.391236 
 4152.4674 | 08739.9778 | 12:48:00 | 220.818259 | 359.385593 
 4152.4650 | 08739.9780 | 12:48:01 | 220.818108 | 359.382831 
 4152.4635 | 08739.9778 | 12:48:02 | 220.818294 | 359.381107 
 4152.4625 | 08739.9771 | 12:48:03 | 220.818904 | 359.379961 
 4152.4631 | 08739.9763 | 12:48:04 | 220.819587 | 359.380657 
 4152.4641 | 08739.9754 | 12:48:05 | 220.820351 | 359.381813 
 4152.4657 | 08739.9746 | 12:48:06 | 220.821025 | 359.383659 
 4152.4666 | 08739.9738 | 12:48:07 | 220.821705 | 359.384699 
 4152.4669 | 08739.9727 | 12:48:08 | 220.822648 | 359.385052 
 4152.4669 | 08739.9717 | 12:48:09 | 220.823507 | 359.385058 
 4152.4671 | 08739.9707 | 12:48:10 | 220.824365 | 359.385295 
 4152.4666 | 08739.9696 | 12:48:11 | 220.825315 | 359.384727 
 4152.4665 | 08739.9683 | 12:48:12 | 220.826434 | 359.384621 
 4152.4666 | 08739.9663 | 12:48:13 | 220.828152 | 359.384749 
 4152.4678 | 08739.9640 | 12:48:14 | 220.830119 | 359.386145 
 4152.4668 | 08739.9625 | 12:48:15 | 220.831417 | 359.385005 
 4152.4663 | 08739.9600 | 12:48:16 | 220.833571 | 359.384446 
 4152.4671 | 08739.9560 | 12:48:18 | 220.837003 | 359.385393 
 4152.4666 | 08739.9536 | 12:48:19 | 220.839070 | 359.384834 
 4152.4670 | 08739.9495 | 12:48:20 | 220.842591 | 359.385322 
 4152.4660 | 08739.9452 | 12:48:21 | 220.846297 | 359.384200 
 4152.4638 | 08739.9384 | 12:48:22 | 220.852163 | 359.381715 
 4152.4641 | 08739.9344 | 12:48:23 | 220.855599 | 359.382087 
 4152.4637 | 08739.9274 | 12:48:24 | 220.861620 | 359.381674 
 4152.4623 | 08739.9161 | 12:48:25 | 220.871347 | 359.380139 
 4152.4597 | 08739.9029 | 12:48:26 | 220.882718 | 359.377237 
 4152.4586 | 08739.8928 | 12:48:27 | 220.891411 | 359.376039 
 4152.4582 | 08739.8832 | 12:48:28 | 220.899668 | 359.375643 
 4152.4493 | 08739.8522 | 12:48:29 | 220.926398 | 359.365614 
 4152.4494 | 08739.8465 | 12:48:30 | 220.931297 | 359.365767 
 4152.4496 | 08739.8392 | 12:48:31 | 220.937571 | 359.366046 
 4152.4496 | 08739.8327 | 12:48:32 | 220.943159 | 359.366089 
 4152.4559 | 08739.8088 | 12:48:34 | 220.963649 | 359.373496 
 4152.4569 | 08739.8001 | 12:48:35 | 220.971120 | 359.374705 
 4152.4578 | 08739.7827 | 12:48:37 | 220.986070 | 359.375857 
 4152.4584 | 08739.7739 | 12:48:38 | 220.993630 | 359.376606 
 4152.4589 | 08739.7652 | 12:48:39 | 221.001105 | 359.377240 
 4152.4591 | 08739.7565 | 12:48:40 | 221.008582 | 359.377528 
 4152.4590 | 08739.7475 | 12:48:41 | 221.016321 | 359.377474 
 4152.4592 | 08739.7386 | 12:48:42 | 221.023970 | 359.377763 
 4152.4602 | 08739.7305 | 12:48:43 | 221.030925 | 359.378968 
 4152.4618 | 08739.7148 | 12:48:45 | 221.044407 | 359.380914 
 4152.4617 | 08739.7075 | 12:48:46 | 221.050684 | 359.380848 
 4152.4620 | 08739.7011 | 12:48:47 | 221.056183 | 359.381236 
 4152.4626 | 08739.6956 | 12:48:48 | 221.060906 | 359.381963 
 4152.4645 | 08739.6928 | 12:48:49 | 221.063296 | 359.384168 
 4152.4650 | 08739.6903 | 12:48:50 | 221.065441 | 359.384760 
 4152.4573 | 08739.7181 | 12:48:51 | 221.041611 | 359.375716 
 4152.4589 | 08739.7168 | 12:48:52 | 221.042714 | 359.377565 
 4152.4398 | 08739.7158 | 12:48:53 | 221.043746 | 359.355602 
 4152.4386 | 08739.7148 | 12:48:54 | 221.044616 | 359.354228 
 4152.4370 | 08739.7137 | 12:48:55 | 221.045576 | 359.352395 
 4152.4358 | 08739.7128 | 12:48:56 | 221.046361 | 359.351021 
 4152.4410 | 08739.7165 | 12:48:57 | 221.043133 | 359.356977 
 4152.4401 | 08739.7164 | 12:48:58 | 221.043227 | 359.355943 
 4152.4394 | 08739.7163 | 12:48:59 | 221.043319 | 359.355138 
 4152.4392 | 08739.7169 | 12:49:00 | 221.042805 | 359.354904 
 4152.4383 | 08739.7170 | 12:49:01 | 221.042727 | 359.353868 
 4152.4377 | 08739.7171 | 12:49:02 | 221.042647 | 359.353178 
 4152.4389 | 08739.7163 | 12:49:03 | 221.043324 | 359.354563 
 4152.4487 | 08739.7153 | 12:49:04 | 221.044095 | 359.365842 
 4152.4517 | 08739.7146 | 12:49:05 | 221.044670 | 359.369298 
 4152.4527 | 08739.7133 | 12:49:06 | 221.045779 | 359.370457 
 4152.4544 | 08739.7118 | 12:49:07 | 221.047053 | 359.372422 
 4152.4559 | 08739.7100 | 12:49:08 | 221.048587 | 359.374160 
 4152.4576 | 08739.7085 | 12:49:09 | 221.049861 | 359.376125 
 4152.4592 | 08739.7070 | 12:49:10 | 221.051136 | 359.377976 
 4152.4609 | 08739.7056 | 12:49:11 | 221.052325 | 359.379941 
 4152.4623 | 08739.7033 | 12:49:12 | 221.054289 | 359.381567 
 4152.4632 | 08739.6990 | 12:49:13 | 221.057978 | 359.382631 
 4152.4637 | 08739.6910 | 12:49:14 | 221.064851 | 359.383260 
 4152.4641 | 08739.6835 | 12:49:15 | 221.071295 | 359.383770 
 4152.4649 | 08739.6772 | 12:49:16 | 221.076704 | 359.384733 
 4152.4653 | 08739.6692 | 12:49:17 | 221.083578 | 359.385247 
 4152.4650 | 08739.6582 | 12:49:18 | 221.093037 | 359.384976 
 4152.4637 | 08739.6440 | 12:49:19 | 221.105256 | 359.383576 
 4152.4671 | 08739.6143 | 12:49:21 | 221.130758 | 359.387687 
 4152.4691 | 08739.6037 | 12:49:22 | 221.139853 | 359.390059 
 4152.4705 | 08739.5845 | 12:49:24 | 221.156346 | 359.391799 
 4152.4735 | 08739.5674 | 12:49:25 | 221.171020 | 359.395365 
 4152.4737 | 08739.5517 | 12:49:26 | 221.184515 | 359.395701 
 4152.4724 | 08739.5348 | 12:49:27 | 221.199056 | 359.394320 
 4152.4723 | 08739.5194 | 12:49:28 | 221.212296 | 359.394309 
 4152.4551 | 08739.4736 | 12:49:30 | 221.251825 | 359.374834 
 4152.4551 | 08739.4616 | 12:49:31 | 221.262142 | 359.374916 
 4152.4552 | 08739.4502 | 12:49:32 | 221.271941 | 359.375108 
 4152.4553 | 08739.4395 | 12:49:33 | 221.281139 | 359.375295 
 4152.4553 | 08739.4294 | 12:49:34 | 221.289822 | 359.375364 
 4152.4552 | 08739.4202 | 12:49:35 | 221.297732 | 359.375311 
 4152.4561 | 08739.4167 | 12:49:36 | 221.300733 | 359.376370 
 4152.4561 | 08739.4107 | 12:49:37 | 221.305891 | 359.376410 
 4152.4425 | 08739.4271 | 12:49:38 | 221.291915 | 359.360656 
 4152.4400 | 08739.4242 | 12:49:39 | 221.294431 | 359.357800 
 4152.4375 | 08739.4223 | 12:49:40 | 221.296087 | 359.354937 
 4152.4352 | 08739.4204 | 12:49:41 | 221.297741 | 359.352304 
 4152.4331 | 08739.4185 | 12:49:42 | 221.299394 | 359.349902 
 4152.4307 | 08739.4167 | 12:49:43 | 221.300963 | 359.347153 
 4152.4285 | 08739.4149 | 12:49:44 | 221.302530 | 359.344635 
 4152.4264 | 08739.4139 | 12:49:45 | 221.303409 | 359.342226 
 4152.4208 | 08739.4096 | 12:49:48 | 221.307157 | 359.335814 
 4152.4200 | 08739.4092 | 12:49:49 | 221.307508 | 359.334896 
 4152.4475 | 08739.4291 | 12:49:50 | 221.290151 | 359.366394 
 4152.4473 | 08739.4293 | 12:49:51 | 221.289980 | 359.366162 
 4152.4471 | 08739.4296 | 12:49:52 | 221.289724 | 359.365930 
 4152.4471 | 08739.4296 | 12:49:53 | 221.289724 | 359.365930 
 4152.4471 | 08739.4296 | 12:49:54 | 221.289724 | 359.365930 
 4152.4471 | 08739.4296 | 12:49:55 | 221.289724 | 359.365930 
 4152.4471 | 08739.4296 | 12:49:56 | 221.289724 | 359.365930 
 4152.4471 | 08739.4296 | 12:49:57 | 221.289724 | 359.365930 
 4152.4471 | 08739.4296 | 12:49:58 | 221.289724 | 359.365930 
 4152.4471 | 08739.4296 | 12:49:59 | 221.289724 | 359.365930 
 4152.4471 | 08739.4296 | 12:50:00 | 221.289724 | 359.365930 
 4152.4471 | 08739.4296 | 12:50:01 | 221.289724 | 359.365930 
 4152.4471 | 08739.4296 | 12:50:02 | 221.289724 | 359.365930 
 4152.4471 | 08739.4296 | 12:50:03 | 221.289724 | 359.365930 
 4152.4471 | 08739.4296 | 12:50:04 | 221.289724 | 359.365930 
 4152.4471 | 08739.4296 | 12:50:05 | 221.289724 | 359.365930 
 4152.4471 | 08739.4296 | 12:50:06 | 221.289724 | 359.365930 
 4152.4471 | 08739.4296 | 12:50:07 | 221.289724 | 359.365930 
 4152.4471 | 08739.4296 | 12:50:08 | 221.289724 | 359.365930 
 4152.4471 | 08739.4296 | 12:50:09 | 221.289724 | 359.365930 
 4152.4471 | 08739.4296 | 12:50:10 | 221.289724 | 359.365930 
 4152.4471 | 08739.4296 | 12:50:11 | 221.289724 | 359.365930 
 4152.4471 | 08739.4296 | 12:50:12 | 221.289724 | 359.365930 
 4152.4471 | 08739.4296 | 12:50:13 | 221.289724 | 359.365930 
 4152.4471 | 08739.4296 | 12:50:14 | 221.289724 | 359.365930 
 4152.4471 | 08739.4296 | 12:50:15 | 221.289724 | 359.365930 
 4152.4471 | 08739.4296 | 12:50:16 | 221.289724 | 359.365930 
 4152.4471 | 08739.4296 | 12:50:17 | 221.289724 | 359.365930 
 4152.4471 | 08739.4296 | 12:50:18 | 221.289724 | 359.365930 
 4152.4471 | 08739.4296 | 12:50:21 | 221.289724 | 359.365930 
 4152.4471 | 08739.4296 | 12:50:22 | 221.289724 | 359.365930 
 4152.4471 | 08739.4296 | 12:50:24 | 221.289724 | 359.365930 
 4152.4608 | 08739.4193 | 12:50:25 | 221.298455 | 359.381758 
 4152.4620 | 08739.4166 | 12:50:26 | 221.300765 | 359.383157 
 4152.4628 | 08739.4124 | 12:50:27 | 221.304369 | 359.384106 
 4152.4637 | 08739.4088 | 12:50:28 | 221.307455 | 359.385165 
 4152.4645 | 08739.4049 | 12:50:29 | 221.310801 | 359.386112 
 4152.4654 | 08739.4014 | 12:50:30 | 221.313802 | 359.387171 
 4152.4664 | 08739.3980 | 12:50:31 | 221.316716 | 359.388344 
 4152.4664 | 08739.3920 | 12:50:32 | 221.321874 | 359.388385 
 4152.4668 | 08739.3869 | 12:50:33 | 221.326255 | 359.388879 
 4152.4684 | 08739.3779 | 12:50:35 | 221.333977 | 359.390781 
 4152.4691 | 08739.3723 | 12:50:36 | 221.338785 | 359.391624 
 4152.4691 | 08739.3637 | 12:50:37 | 221.346178 | 359.391682 
 4152.4691 | 08739.3541 | 12:50:38 | 221.354431 | 359.391747 
 4152.4685 | 08739.3474 | 12:50:39 | 221.360197 | 359.391103 
 4152.4669 | 08739.3318 | 12:50:40 | 221.373623 | 359.389368 
 4152.4665 | 08739.3212 | 12:50:41 | 221.382739 | 359.388980 
 4152.4668 | 08739.3109 | 12:50:42 | 221.391591 | 359.389395 
 4152.4673 | 08739.2991 | 12:50:43 | 221.401731 | 359.390050 
 4152.4682 | 08739.2908 | 12:50:44 | 221.408858 | 359.391142 
 4152.4688 | 08739.2777 | 12:50:45 | 221.420114 | 359.391921 
 4152.4669 | 08739.2606 | 12:50:46 | 221.434832 | 359.389852 
 4152.4657 | 08739.2468 | 12:50:47 | 221.446707 | 359.388566 
 4152.4663 | 08739.2353 | 12:50:48 | 221.456588 | 359.389334 
 4152.4659 | 08739.2230 | 12:50:49 | 221.467166 | 359.388958 
 4152.4661 | 08739.2124 | 12:50:50 | 221.476277 | 359.389260 
 4152.4624 | 08739.1905 | 12:50:51 | 221.495138 | 359.385153 
 4152.4645 | 08739.1533 | 12:50:54 | 221.527099 | 359.387822 
 4152.4647 | 08739.1437 | 12:50:55 | 221.535350 | 359.388118 
 4152.4616 | 08739.1363 | 12:50:56 | 221.541740 | 359.384602 
 4152.4617 | 08739.1282 | 12:50:57 | 221.548703 | 359.384773 
 4152.4615 | 08739.1116 | 12:50:59 | 221.562976 | 359.384656 
 4152.4622 | 08739.1044 | 12:51:00 | 221.569159 | 359.385510 
 4152.4634 | 08739.0986 | 12:51:01 | 221.574134 | 359.386930 
 4152.4631 | 08739.0914 | 12:51:02 | 221.580327 | 359.386634 
 4152.4648 | 08739.0861 | 12:51:03 | 221.584867 | 359.388626 
 4152.4562 | 08739.0861 | 12:51:04 | 221.584946 | 359.378734 
 4152.4553 | 08739.0818 | 12:51:05 | 221.588651 | 359.377728 
 4152.4541 | 08739.0782 | 12:51:06 | 221.591757 | 359.376372 
 4152.4538 | 08739.0787 | 12:51:07 | 221.591330 | 359.376024 
 4152.4534 | 08739.0755 | 12:51:08 | 221.594084 | 359.375585 
 4152.4514 | 08739.0725 | 12:51:09 | 221.596682 | 359.373305 
 4152.4537 | 08739.0782 | 12:51:10 | 221.591760 | 359.375912 
 4152.4517 | 08739.0811 | 12:51:11 | 221.589286 | 359.373592 
 4152.4532 | 08739.0826 | 12:51:12 | 221.587982 | 359.375307 
 4152.4516 | 08739.0865 | 12:51:13 | 221.584644 | 359.373440 
 4152.4499 | 08739.0891 | 12:51:14 | 221.582425 | 359.371467 
 4152.4491 | 08739.0921 | 12:51:15 | 221.579853 | 359.370526 
 4152.4481 | 08739.0907 | 12:51:16 | 221.581065 | 359.369385 
 4152.4495 | 08739.0960 | 12:51:17 | 221.576496 | 359.370959 
 4152.4511 | 08739.1024 | 12:51:18 | 221.570980 | 359.372756 
 4152.4521 | 08739.1065 | 12:51:19 | 221.567446 | 359.373878 
 4152.4530 | 08739.1093 | 12:51:20 | 221.565030 | 359.374894 
 4152.4531 | 08739.1116 | 12:51:21 | 221.563052 | 359.374994 
 4152.4530 | 08739.1141 | 12:51:22 | 221.560904 | 359.374862 
 4152.4523 | 08739.1151 | 12:51:23 | 221.560051 | 359.374050 
 4152.4518 | 08739.1160 | 12:51:24 | 221.559281 | 359.373468 
 4152.4520 | 08739.1179 | 12:51:25 | 221.557646 | 359.373685 
 4152.4524 | 08739.1195 | 12:51:26 | 221.556267 | 359.374135 
 4152.4541 | 08739.1282 | 12:51:27 | 221.548772 | 359.376031 
 4152.4539 | 08739.1282 | 12:51:28 | 221.548774 | 359.375801 
 4152.4541 | 08739.1284 | 12:51:29 | 221.548600 | 359.376029 
 4152.4547 | 08739.1283 | 12:51:30 | 221.548681 | 359.376720 
 4152.4559 | 08739.1253 | 12:51:31 | 221.551249 | 359.378121 
 4152.4558 | 08739.1247 | 12:51:32 | 221.551766 | 359.378010 
 4152.4558 | 08739.1247 | 12:51:33 | 221.551766 | 359.378010 
 4152.4558 | 08739.1247 | 12:51:34 | 221.551766 | 359.378010 
 4152.4558 | 08739.1247 | 12:51:35 | 221.551766 | 359.378010 
 4152.4558 | 08739.1247 | 12:51:36 | 221.551766 | 359.378010 
 4152.4558 | 08739.1247 | 12:51:37 | 221.551766 | 359.378010 
 4152.4558 | 08739.1247 | 12:51:38 | 221.551766 | 359.378010 
 4152.4558 | 08739.1247 | 12:51:39 | 221.551766 | 359.378010 
 4152.4558 | 08739.1247 | 12:51:40 | 221.551766 | 359.378010 
 4152.4558 | 08739.1247 | 12:51:41 | 221.551766 | 359.378010 
 4152.4558 | 08739.1247 | 12:51:42 | 221.551766 | 359.378010 
 4152.4558 | 08739.1247 | 12:51:43 | 221.551766 | 359.378010 
 4152.4558 | 08739.1247 | 12:51:44 | 221.551766 | 359.378010 
 4152.4558 | 08739.1247 | 12:51:45 | 221.551766 | 359.378010 
 4152.4558 | 08739.1247 | 12:51:46 | 221.551766 | 359.378010 
 4152.4558 | 08739.1247 | 12:51:47 | 221.551766 | 359.378010 
 4152.4558 | 08739.1247 | 12:51:48 | 221.551766 | 359.378010 
 4152.4558 | 08739.1247 | 12:51:49 | 221.551766 | 359.378010 
 4152.4596 | 08739.1181 | 12:51:50 | 221.557405 | 359.382426 
 4152.4593 | 08739.1159 | 12:51:51 | 221.559299 | 359.382096 
 4152.4592 | 08739.1134 | 12:51:52 | 221.561449 | 359.381998 
 4152.4596 | 08739.1114 | 12:51:53 | 221.563165 | 359.382472 
 4152.4598 | 08739.1096 | 12:51:54 | 221.564710 | 359.382714 
 4152.4603 | 08739.1064 | 12:51:55 | 221.567457 | 359.383311 
 4152.4612 | 08739.1036 | 12:51:56 | 221.569856 | 359.384365 
 4152.4597 | 08739.0836 | 12:51:59 | 221.587063 | 359.382777 
 4152.4594 | 08739.0748 | 12:52:00 | 221.594631 | 359.382492 
 4152.4591 | 08739.0659 | 12:52:01 | 221.602285 | 359.382207 
 4152.4584 | 08739.0578 | 12:52:02 | 221.609255 | 359.381458 
 4152.4591 | 08739.0525 | 12:52:03 | 221.613805 | 359.382299 
 4152.4585 | 08739.0463 | 12:52:04 | 221.619141 | 359.381651 
 4152.4578 | 08739.0385 | 12:52:05 | 221.625853 | 359.380899 
 4152.4580 | 08739.0317 | 12:52:06 | 221.631697 | 359.381176 
 4152.4578 | 08739.0239 | 12:52:07 | 221.638404 | 359.380999 
 4152.4584 | 08739.0142 | 12:52:08 | 221.646738 | 359.381756 
 4152.4574 | 08739.0009 | 12:52:10 | 221.658181 | 359.380696 
 4152.4578 | 08738.9781 | 12:52:15 | 221.677778 | 359.381313 
 4152.4592 | 08738.9735 | 12:52:16 | 221.681720 | 359.382954 
 4152.4602 | 08738.9644 | 12:52:18 | 221.689534 | 359.384167 
 4152.4611 | 08738.9637 | 12:52:19 | 221.690127 | 359.385207 
 4152.4621 | 08738.9603 | 12:52:20 | 221.693041 | 359.386381 
 4152.4635 | 08738.9567 | 12:52:21 | 221.696123 | 359.388016 
 4152.4647 | 08738.9543 | 12:52:22 | 221.698176 | 359.389412 
 4152.4658 | 08738.9523 | 12:52:23 | 221.699885 | 359.390691 
 4152.4653 | 08738.9505 | 12:52:24 | 221.701437 | 359.390129 
 4152.4650 | 08738.9519 | 12:52:25 | 221.700236 | 359.389774 
 4152.4646 | 08738.9540 | 12:52:26 | 221.698434 | 359.389299 
 4152.4640 | 08738.9555 | 12:52:27 | 221.697150 | 359.388599 
 4152.4641 | 08738.9531 | 12:52:28 | 221.699213 | 359.388730 
 4152.4631 | 08738.9582 | 12:52:29 | 221.694837 | 359.387545 
 4152.4637 | 08738.9581 | 12:52:30 | 221.694918 | 359.388236 
 4152.4639 | 08738.9588 | 12:52:31 | 221.694314 | 359.388461 
 4152.4639 | 08738.9600 | 12:52:32 | 221.693283 | 359.388453 
 4152.4637 | 08738.9601 | 12:52:33 | 221.693199 | 359.388222 
 4152.4635 | 08738.9580 | 12:52:34 | 221.695006 | 359.388007 
 4152.4611 | 08738.9531 | 12:52:35 | 221.699240 | 359.385280 
 4152.4605 | 08738.9507 | 12:52:36 | 221.701309 | 359.384606 
 4152.4601 | 08738.9473 | 12:52:37 | 221.704236 | 359.384169 
 4152.4595 | 08738.9432 | 12:52:38 | 221.707766 | 359.383507 
 4152.4588 | 08738.9389 | 12:52:39 | 221.711469 | 359.382731 
 4152.4579 | 08738.9340 | 12:52:40 | 221.715690 | 359.381730 
 4152.4575 | 08738.9306 | 12:52:41 | 221.718616 | 359.381293 
 4152.4577 | 08738.9264 | 12:52:42 | 221.722225 | 359.381552 
 4152.4567 | 08738.9203 | 12:52:43 | 221.727478 | 359.380443 
 4152.4560 | 08738.9147 | 12:52:44 | 221.732299 | 359.379677 
 4152.4551 | 08738.9047 | 12:52:46 | 221.740904 | 359.378710 
 4152.4518 | 08738.8819 | 12:52:50 | 221.760536 | 359.375071 
 4152.4504 | 08738.8746 | 12:52:51 | 221.766824 | 359.373510 
 4152.4501 | 08738.8700 | 12:52:52 | 221.770782 | 359.373197 
 4152.4498 | 08738.8656 | 12:52:53 | 221.774567 | 359.372882 
 4152.4496 | 08738.8612 | 12:52:54 | 221.778351 | 359.372682 
 4152.4495 | 08738.8573 | 12:52:55 | 221.781705 | 359.372594 
 4152.4494 | 08738.8536 | 12:52:56 | 221.784887 | 359.372504 
 4152.4492 | 08738.8503 | 12:52:57 | 221.787726 | 359.372297 
 4152.4490 | 08738.8472 | 12:52:58 | 221.790393 | 359.372088 
 4152.4486 | 08738.8441 | 12:52:59 | 221.793061 | 359.371649 
 4152.4488 | 08738.8421 | 12:53:00 | 221.794779 | 359.371893 
 4152.4485 | 08738.8369 | 12:53:02 | 221.799252 | 359.371584 
 4152.4480 | 08738.8345 | 12:53:03 | 221.801320 | 359.371025 
 4152.4475 | 08738.8318 | 12:53:04 | 221.803646 | 359.370469 
 4152.4494 | 08738.8275 | 12:53:06 | 221.807325 | 359.372684 
 4152.4503 | 08738.8269 | 12:53:07 | 221.807833 | 359.373723 
 4152.4509 | 08738.8258 | 12:53:08 | 221.808773 | 359.374421 
 4152.4514 | 08738.8249 | 12:53:09 | 221.809542 | 359.375002 
 4152.4514 | 08738.8245 | 12:53:10 | 221.809886 | 359.375005 
 4152.4509 | 08738.8231 | 12:53:11 | 221.811094 | 359.374439 
 4152.4512 | 08738.8230 | 12:53:13 | 221.811177 | 359.374785 
 4152.4512 | 08738.8278 | 12:53:14 | 221.807051 | 359.374752 
 4152.4517 | 08738.8284 | 12:53:15 | 221.806530 | 359.375323 
 4152.4504 | 08738.8278 | 12:53:16 | 221.807058 | 359.373832 
 4152.4501 | 08738.8267 | 12:53:17 | 221.808006 | 359.373494 
 4152.4496 | 08738.8262 | 12:53:18 | 221.808441 | 359.372923 
 4152.4501 | 08738.8257 | 12:53:19 | 221.808866 | 359.373501 
 4152.4460 | 08738.8255 | 12:53:22 | 221.809076 | 359.368787 
 4152.4308 | 08738.8346 | 12:53:23 | 221.801392 | 359.351240 
 4152.4290 | 08738.8331 | 12:53:24 | 221.802698 | 359.349180 
 4152.4271 | 08738.8318 | 12:53:25 | 221.803833 | 359.347003 
 4152.4203 | 08738.8387 | 12:53:26 | 221.797964 | 359.339134 
 4152.4163 | 08738.8387 | 12:53:27 | 221.798001 | 359.334533 
 4152.4126 | 08738.8398 | 12:53:28 | 221.797089 | 359.330270 
 4152.4083 | 08738.8405 | 12:53:29 | 221.796527 | 359.325319 
 4152.4037 | 08738.8409 | 12:53:30 | 221.796225 | 359.320025 
 4152.3988 | 08738.8411 | 12:53:31 | 221.796098 | 359.314387 
 4152.3923 | 08738.8383 | 12:53:32 | 221.798565 | 359.306930 
 4152.3873 | 08738.8380 | 12:53:33 | 221.798869 | 359.301181 
 4152.3817 | 08738.8384 | 12:53:34 | 221.798577 | 359.294737 
 4152.3756 | 08738.8377 | 12:53:35 | 221.799235 | 359.287725 
 4152.3630 | 08738.8356 | 12:53:37 | 221.801156 | 359.273246 
 4152.3559 | 08738.8341 | 12:53:38 | 221.802511 | 359.265090 
 4152.3504 | 08738.8337 | 12:53:39 | 221.802905 | 359.258766 
 4152.3451 | 08738.8337 | 12:53:40 | 221.802954 | 359.252670 
 4152.3399 | 08738.8339 | 12:53:41 | 221.802830 | 359.246687 
 4152.3348 | 08738.8342 | 12:53:42 | 221.802619 | 359.240819 
 4152.3258 | 08738.8347 | 12:53:44 | 221.802272 | 359.230463 
 4152.3213 | 08738.8344 | 12:53:45 | 221.802571 | 359.225289 
 4152.3176 | 08738.8347 | 12:53:46 | 221.802347 | 359.221031 
 4152.3143 | 08738.8346 | 12:53:47 | 221.802463 | 359.217236 
 4152.3108 | 08738.8335 | 12:53:48 | 221.803441 | 359.213217 
 4152.3042 | 08738.8329 | 12:53:50 | 221.804018 | 359.205630 
 4152.3015 | 08738.8324 | 12:53:51 | 221.804472 | 359.202528 
 4152.3002 | 08738.8326 | 12:53:52 | 221.804312 | 359.201031 
 4152.3023 | 08738.8347 | 12:53:53 | 221.802488 | 359.203432 
 4152.3021 | 08738.8334 | 12:53:54 | 221.803607 | 359.203211 
 4152.3025 | 08738.8343 | 12:53:55 | 221.802830 | 359.203665 
 4152.3002 | 08738.8336 | 12:53:56 | 221.803453 | 359.201024 
 4152.2877 | 08738.8296 | 12:54:03 | 221.807006 | 359.186673 
 4152.2890 | 08738.8274 | 12:54:04 | 221.808886 | 359.188184 
 4152.2918 | 08738.8248 | 12:54:05 | 221.811095 | 359.191422 
 4152.3030 | 08738.8218 | 12:54:06 | 221.813572 | 359.204326 
 4152.3126 | 08738.8308 | 12:54:07 | 221.805746 | 359.215306 
 4152.3119 | 08738.8299 | 12:54:08 | 221.806526 | 359.214507 
 4152.3113 | 08738.8293 | 12:54:09 | 221.807047 | 359.213821 
 4152.3107 | 08738.8289 | 12:54:10 | 221.807397 | 359.213134 
 4152.3102 | 08738.8284 | 12:54:11 | 221.807831 | 359.212562 
 4152.3095 | 08738.8279 | 12:54:12 | 221.808268 | 359.211761 
 4152.3089 | 08738.8277 | 12:54:13 | 221.808445 | 359.211072 
 4152.3082 | 08738.8277 | 12:54:14 | 221.808451 | 359.210267 
 4152.3077 | 08738.8277 | 12:54:15 | 221.808456 | 359.209691 
 4152.3072 | 08738.8276 | 12:54:16 | 221.808547 | 359.209117 
 4152.3070 | 08738.8281 | 12:54:17 | 221.808119 | 359.208884 
 4152.3064 | 08738.8286 | 12:54:18 | 221.807694 | 359.208190 
 4152.3057 | 08738.8293 | 12:54:19 | 221.807099 | 359.207380 
 4152.3052 | 08738.8300 | 12:54:20 | 221.806502 | 359.206800 
 4152.3043 | 08738.8302 | 12:54:21 | 221.806338 | 359.205763 
 4152.3034 | 08738.8304 | 12:54:22 | 221.806174 | 359.204727 
 4152.3036 | 08738.8313 | 12:54:23 | 221.805399 | 359.204951 
 4152.3029 | 08738.8315 | 12:54:24 | 221.805233 | 359.204144 
 4152.3029 | 08738.8319 | 12:54:25 | 221.804889 | 359.204141 
 4152.3160 | 08738.8875 | 12:55:29 | 221.756968 | 359.218828 
 4152.3145 | 08738.8864 | 12:55:30 | 221.757928 | 359.217110 
 4152.3115 | 08738.8929 | 12:55:31 | 221.752367 | 359.213615 
 4152.3142 | 08738.8835 | 12:55:32 | 221.760424 | 359.216785 
 4152.3149 | 08738.8855 | 12:55:33 | 221.758698 | 359.217576 
 4152.3134 | 08738.8865 | 12:55:34 | 221.757852 | 359.215844 
 4152.3150 | 08738.8969 | 12:55:35 | 221.748896 | 359.217613 
 4152.3150 | 08738.8977 | 12:55:36 | 221.748208 | 359.217608 
 4152.3155 | 08738.9020 | 12:55:37 | 221.744507 | 359.218153 
 4152.3155 | 08738.9027 | 12:55:38 | 221.743905 | 359.218148 
 4152.3153 | 08738.9033 | 12:55:39 | 221.743391 | 359.217914 
 4152.3151 | 08738.9038 | 12:55:40 | 221.742963 | 359.217681 
 4152.3149 | 08738.9044 | 12:55:41 | 221.742449 | 359.217447 
 4152.3148 | 08738.9052 | 12:55:42 | 221.741762 | 359.217326 
 4152.3144 | 08738.9055 | 12:55:43 | 221.741508 | 359.216864 
 4152.3139 | 08738.9060 | 12:55:44 | 221.741083 | 359.216285 
 4152.3133 | 08738.9065 | 12:55:45 | 221.740658 | 359.215592 
 4152.3114 | 08738.9060 | 12:55:46 | 221.741106 | 359.213410 
 4152.3108 | 08738.9063 | 12:55:47 | 221.740853 | 359.212718 
 4152.3103 | 08738.9068 | 12:55:48 | 221.740428 | 359.212139 
 4152.3096 | 08738.9066 | 12:55:49 | 221.740606 | 359.211335 
 4152.3089 | 08738.9060 | 12:55:50 | 221.741129 | 359.210534 
 4152.3085 | 08738.9062 | 12:55:51 | 221.740960 | 359.210073 
 4152.3082 | 08738.9064 | 12:55:52 | 221.740791 | 359.209726 
 4152.3076 | 08738.9046 | 12:55:53 | 221.742344 | 359.209048 
 4152.3064 | 08738.9024 | 12:55:55 | 221.744247 | 359.207683 
 4152.3061 | 08738.9011 | 12:55:56 | 221.745367 | 359.207347 
 4152.3058 | 08738.8996 | 12:55:57 | 221.746659 | 359.207012 
 4152.3047 | 08738.8965 | 12:55:58 | 221.749334 | 359.205768 
 4152.3039 | 08738.8952 | 12:55:59 | 221.750459 | 359.204857 
 4152.3053 | 08738.8949 | 12:56:00 | 221.750705 | 359.206469 
 4152.3048 | 08738.8931 | 12:56:01 | 221.752257 | 359.205907 
 4152.3056 | 08738.8930 | 12:56:02 | 221.752335 | 359.206827 
 4152.3054 | 08738.8923 | 12:56:03 | 221.752939 | 359.206602 
 4152.3054 | 08738.8909 | 12:56:04 | 221.754143 | 359.206612 
 4152.3054 | 08738.8897 | 12:56:05 | 221.755174 | 359.206620 
 4152.3050 | 08738.8890 | 12:56:06 | 221.755780 | 359.206165 
 4152.3036 | 08738.8895 | 12:56:07 | 221.755363 | 359.204551 
 4152.3020 | 08738.8910 | 12:56:08 | 221.754088 | 359.202700 
 4152.2992 | 08738.8913 | 12:56:09 | 221.753856 | 359.199478 
 4152.2978 | 08738.8924 | 12:56:10 | 221.752923 | 359.197860 
 4152.2967 | 08738.8929 | 12:56:11 | 221.752503 | 359.196591 
 4152.2951 | 08738.8941 | 12:56:12 | 221.751486 | 359.194742 
 4152.2939 | 08738.8947 | 12:56:13 | 221.750981 | 359.193358 
 4152.2927 | 08738.8952 | 12:56:14 | 221.750562 | 359.191974 
 4152.2913 | 08738.8962 | 12:56:15 | 221.749715 | 359.190357 
 4152.2940 | 08738.8892 | 12:56:16 | 221.755709 | 359.193511 
 4152.2929 | 08738.8892 | 12:56:17 | 221.755719 | 359.192245 
 4152.2916 | 08738.8892 | 12:56:18 | 221.755731 | 359.190750 
 4152.2812 | 08738.8987 | 12:56:19 | 221.747659 | 359.178722 
 4152.2798 | 08738.8990 | 12:56:20 | 221.747414 | 359.177110 
 4152.2785 | 08738.8992 | 12:56:21 | 221.747254 | 359.175613 
 4152.2772 | 08738.8996 | 12:56:22 | 221.746922 | 359.174115 
 4152.2762 | 08738.9005 | 12:56:23 | 221.746157 | 359.172959 
 4152.2813 | 08738.9085 | 12:56:24 | 221.739233 | 359.178770 
 4152.2808 | 08738.9094 | 12:56:25 | 221.738463 | 359.178189 
 4152.2801 | 08738.9105 | 12:56:26 | 221.737524 | 359.177376 
 4152.2794 | 08738.9114 | 12:56:27 | 221.736757 | 359.176565 
 4152.2786 | 08738.9123 | 12:56:28 | 221.735990 | 359.175638 
 4152.2779 | 08738.9133 | 12:56:29 | 221.735137 | 359.174826 
 4152.2773 | 08738.9142 | 12:56:30 | 221.734369 | 359.174130 
 4152.2759 | 08738.9171 | 12:56:31 | 221.731888 | 359.172500 
 4152.2746 | 08738.9190 | 12:56:32 | 221.730267 | 359.170991 
 4152.2762 | 08738.9143 | 12:56:33 | 221.734293 | 359.172864 
 4152.2757 | 08738.9158 | 12:56:34 | 221.733008 | 359.172278 
 4152.2754 | 08738.9187 | 12:56:35 | 221.730517 | 359.171914 
 4152.2747 | 08738.9197 | 12:56:36 | 221.729664 | 359.171102 
 4152.2740 | 08738.9218 | 12:56:37 | 221.727865 | 359.170282 
 4152.2732 | 08738.9232 | 12:56:38 | 221.726669 | 359.169352 
 4152.2725 | 08738.9240 | 12:56:39 | 221.725987 | 359.168541 
 4152.2726 | 08738.9206 | 12:56:40 | 221.728910 | 359.168680 
 4152.2719 | 08738.9209 | 12:56:41 | 221.728658 | 359.167873 
 4152.2715 | 08738.9212 | 12:56:42 | 221.728404 | 359.167410 
