 4145.7302 | 08811.8506 | 12:23:47 | 193.429923 | 351.508094 
 4145.7326 | 08811.8582 | 12:23:58 | 193.423374 | 351.510844 
 4145.7330 | 08811.8591 | 12:23:59 | 193.422598 | 351.511303 
 4145.7333 | 08811.8601 | 12:24:00 | 193.421736 | 351.511646 
 4145.7335 | 08811.8612 | 12:24:01 | 193.420789 | 351.511875 
 4145.7328 | 08811.8622 | 12:24:02 | 193.419929 | 351.511068 
 4145.7327 | 08811.8633 | 12:24:03 | 193.418982 | 351.510952 
 4145.7324 | 08811.8643 | 12:24:04 | 193.418121 | 351.510605 
 4145.7325 | 08811.8646 | 12:24:05 | 193.417863 | 351.510720 
 4145.7324 | 08811.8656 | 12:24:06 | 193.417002 | 351.510604 
 4145.7324 | 08811.8667 | 12:24:07 | 193.416054 | 351.510602 
 4145.7323 | 08811.8678 | 12:24:08 | 193.415107 | 351.510486 
 4145.7323 | 08811.8689 | 12:24:09 | 193.414160 | 351.510484 
 4145.7323 | 08811.8697 | 12:24:10 | 193.413471 | 351.510483 
 4145.7327 | 08811.8704 | 12:24:11 | 193.412867 | 351.510942 
 4145.7335 | 08811.8708 | 12:24:12 | 193.412521 | 351.511862 
 4145.7342 | 08811.8712 | 12:24:13 | 193.412176 | 351.512666 
 4145.7351 | 08811.8715 | 12:24:14 | 193.411916 | 351.513701 
 4145.7359 | 08811.8721 | 12:24:15 | 193.411398 | 351.514621 
 4145.7366 | 08811.8726 | 12:24:16 | 193.410966 | 351.515425 
 4145.7373 | 08811.8731 | 12:24:17 | 193.410534 | 351.516230 
 4145.7380 | 08811.8735 | 12:24:18 | 193.410188 | 351.517034 
 4145.7386 | 08811.8742 | 12:24:19 | 193.409584 | 351.517723 
 4145.7394 | 08811.8747 | 12:24:20 | 193.409152 | 351.518643 
 4145.7401 | 08811.8752 | 12:24:21 | 193.408720 | 351.519447 
 4145.7408 | 08811.8758 | 12:24:22 | 193.408202 | 351.520252 
 4145.7416 | 08811.8762 | 12:24:23 | 193.407856 | 351.521171 
 4145.7424 | 08811.8768 | 12:24:24 | 193.407338 | 351.522091 
 4145.7432 | 08811.8774 | 12:24:25 | 193.406820 | 351.523010 
 4145.7439 | 08811.8781 | 12:24:26 | 193.406216 | 351.523814 
 4145.7445 | 08811.8790 | 12:24:27 | 193.405440 | 351.524503 
 4145.7451 | 08811.8800 | 12:24:28 | 193.404578 | 351.525192 
 4145.7454 | 08811.8808 | 12:24:29 | 193.403888 | 351.525536 
 4145.7453 | 08811.8811 | 12:24:30 | 193.403630 | 351.525421 
 4145.7454 | 08811.8814 | 12:24:31 | 193.403371 | 351.525535 
 4145.7455 | 08811.8815 | 12:24:32 | 193.403285 | 351.525650 
 4145.7457 | 08811.8818 | 12:24:33 | 193.403026 | 351.525880 
 4145.7461 | 08811.8822 | 12:24:34 | 193.402681 | 351.526339 
 4145.7465 | 08811.8824 | 12:24:35 | 193.402508 | 351.526799 
 4145.7469 | 08811.8827 | 12:24:36 | 193.402249 | 351.527259 
 4145.7465 | 08811.8826 | 12:24:37 | 193.402336 | 351.526799 
 4145.7466 | 08811.8826 | 12:24:38 | 193.402336 | 351.526914 
 4145.7466 | 08811.8827 | 12:24:39 | 193.402250 | 351.526914 
 4145.7464 | 08811.8836 | 12:24:40 | 193.401475 | 351.526682 
 4145.7464 | 08811.8841 | 12:24:41 | 193.401044 | 351.526682 
 4145.7465 | 08811.8840 | 12:24:42 | 193.401130 | 351.526797 
 4145.7466 | 08811.8838 | 12:24:43 | 193.401302 | 351.526912 
 4145.7467 | 08811.8836 | 12:24:44 | 193.401474 | 351.527027 
 4145.7467 | 08811.8836 | 12:24:45 | 193.401474 | 351.527027 
 4145.7467 | 08811.8836 | 12:24:46 | 193.401474 | 351.527027 
 4145.7467 | 08811.8836 | 12:24:47 | 193.401474 | 351.527027 
 4145.7467 | 08811.8836 | 12:24:48 | 193.401474 | 351.527027 
 4145.7467 | 08811.8836 | 12:24:49 | 193.401474 | 351.527027 
 4145.7467 | 08811.8836 | 12:24:50 | 193.401474 | 351.527027 
 4145.7467 | 08811.8836 | 12:24:51 | 193.401474 | 351.527027 
 4145.7467 | 08811.8836 | 12:24:52 | 193.401474 | 351.527027 
 4145.7467 | 08811.8836 | 12:24:53 | 193.401474 | 351.527027 
 4145.7467 | 08811.8836 | 12:24:54 | 193.401474 | 351.527027 
 4145.7467 | 08811.8836 | 12:24:55 | 193.401474 | 351.527027 
 4145.7467 | 08811.8836 | 12:24:56 | 193.401474 | 351.527027 
 4145.7467 | 08811.8836 | 12:24:57 | 193.401474 | 351.527027 
 4145.7467 | 08811.8836 | 12:24:58 | 193.401474 | 351.527027 
 4145.7467 | 08811.8836 | 12:24:59 | 193.401474 | 351.527027 
 4145.7467 | 08811.8836 | 12:25:00 | 193.401474 | 351.527027 
 4145.7467 | 08811.8836 | 12:25:01 | 193.401474 | 351.527027 
 4145.7467 | 08811.8836 | 12:25:02 | 193.401474 | 351.527027 
 4145.7467 | 08811.8836 | 12:25:03 | 193.401474 | 351.527027 
 4145.7467 | 08811.8836 | 12:25:04 | 193.401474 | 351.527027 
 4145.7467 | 08811.8836 | 12:25:05 | 193.401474 | 351.527027 
 4145.7467 | 08811.8836 | 12:25:06 | 193.401474 | 351.527027 
 4145.7467 | 08811.8836 | 12:25:07 | 193.401474 | 351.527027 
 4145.7467 | 08811.8836 | 12:25:08 | 193.401474 | 351.527027 
 4145.7467 | 08811.8836 | 12:25:09 | 193.401474 | 351.527027 
 4145.7467 | 08811.8836 | 12:25:10 | 193.401474 | 351.527027 
 4145.7467 | 08811.8836 | 12:25:11 | 193.401474 | 351.527027 
 4145.7467 | 08811.8836 | 12:25:12 | 193.401474 | 351.527027 
 4145.7467 | 08811.8836 | 12:25:13 | 193.401474 | 351.527027 
 4145.7467 | 08811.8836 | 12:25:14 | 193.401474 | 351.527027 
 4145.7518 | 08811.8865 | 12:25:15 | 193.398968 | 351.532890 
 4145.7520 | 08811.8860 | 12:25:16 | 193.399398 | 351.533120 
 4145.7507 | 08811.8853 | 12:25:17 | 193.400003 | 351.531626 
 4145.7490 | 08811.8833 | 12:25:18 | 193.401729 | 351.529673 
 4145.7486 | 08811.8826 | 12:25:19 | 193.402332 | 351.529214 
 4145.7486 | 08811.8826 | 12:25:20 | 193.402332 | 351.529214 
 4145.7485 | 08811.8811 | 12:25:21 | 193.403624 | 351.529101 
 4145.7487 | 08811.8804 | 12:25:22 | 193.404227 | 351.529332 
 4145.7500 | 08811.8795 | 12:25:23 | 193.404999 | 351.530829 
 4145.7513 | 08811.8789 | 12:25:24 | 193.405514 | 351.532325 
 4145.7530 | 08811.8787 | 12:25:25 | 193.405683 | 351.534281 
 4145.7549 | 08811.8785 | 12:25:26 | 193.405852 | 351.536466 
 4145.7569 | 08811.8783 | 12:25:27 | 193.406020 | 351.538767 
 4145.7587 | 08811.8782 | 12:25:28 | 193.406103 | 351.540837 
 4145.7604 | 08811.8783 | 12:25:29 | 193.406014 | 351.542793 
 4145.7621 | 08811.8786 | 12:25:30 | 193.405752 | 351.544748 
 4145.7637 | 08811.8792 | 12:25:31 | 193.405233 | 351.546587 
 4145.7654 | 08811.8800 | 12:25:32 | 193.404541 | 351.548541 
 4145.7672 | 08811.8810 | 12:25:33 | 193.403676 | 351.550611 
 4145.7691 | 08811.8824 | 12:25:34 | 193.402467 | 351.552794 
 4145.7710 | 08811.8839 | 12:25:35 | 193.401172 | 351.554977 
 4145.7693 | 08811.8886 | 12:25:36 | 193.397128 | 351.553016 
 4145.7695 | 08811.8921 | 12:25:37 | 193.394113 | 351.553241 
 4145.7681 | 08811.8961 | 12:25:38 | 193.390671 | 351.551625 
 4145.7679 | 08811.9004 | 12:25:39 | 193.386968 | 351.551389 
 4145.7678 | 08811.9058 | 12:25:40 | 193.382318 | 351.551267 
 4145.7676 | 08811.9111 | 12:25:41 | 193.377754 | 351.551030 
 4145.7674 | 08811.9158 | 12:25:42 | 193.373707 | 351.550794 
 4145.7671 | 08811.9200 | 12:25:43 | 193.370091 | 351.550443 
 4145.7669 | 08811.9240 | 12:25:44 | 193.366646 | 351.550207 
 4145.7667 | 08811.9276 | 12:25:45 | 193.363546 | 351.549972 
 4145.7660 | 08811.9308 | 12:25:46 | 193.360792 | 351.549163 
 4145.7649 | 08811.9334 | 12:25:47 | 193.358555 | 351.547894 
 4145.7628 | 08811.9359 | 12:25:48 | 193.356406 | 351.545475 
 4145.7607 | 08811.9381 | 12:25:49 | 193.354515 | 351.543057 
 4145.7593 | 08811.9381 | 12:25:50 | 193.354517 | 351.541447 
 4145.7573 | 08811.9392 | 12:25:51 | 193.353574 | 351.539145 
 4145.7516 | 08811.9353 | 12:25:52 | 193.356942 | 351.532594 
 4145.7477 | 08811.9349 | 12:25:53 | 193.357294 | 351.528108 
 4145.7447 | 08811.9335 | 12:25:54 | 193.358505 | 351.524660 
 4145.7420 | 08811.9321 | 12:25:55 | 193.359716 | 351.521556 
 4145.7395 | 08811.9307 | 12:25:56 | 193.360926 | 351.518682 
 4145.7370 | 08811.9296 | 12:25:57 | 193.361877 | 351.515808 
 4145.7345 | 08811.9287 | 12:25:58 | 193.362657 | 351.512934 
 4145.7319 | 08811.9288 | 12:25:59 | 193.362576 | 351.509943 
 4145.7303 | 08811.9289 | 12:26:00 | 193.362492 | 351.508103 
 4145.7295 | 08811.9287 | 12:26:01 | 193.362666 | 351.507183 
 4145.7284 | 08811.9290 | 12:26:02 | 193.362410 | 351.505917 
 4145.7274 | 08811.9293 | 12:26:03 | 193.362153 | 351.504766 
 4145.7270 | 08811.9293 | 12:26:04 | 193.362154 | 351.504306 
 4145.7261 | 08811.9294 | 12:26:05 | 193.362069 | 351.503271 
 4145.7260 | 08811.9305 | 12:26:06 | 193.361122 | 351.503155 
 4145.7266 | 08811.9314 | 12:26:07 | 193.360346 | 351.503843 
 4145.7272 | 08811.9328 | 12:26:08 | 193.359139 | 351.504532 
 4145.7259 | 08811.9383 | 12:26:09 | 193.354405 | 351.503029 
 4145.7264 | 08811.9410 | 12:26:10 | 193.352079 | 351.503601 
 4145.7272 | 08811.9433 | 12:26:11 | 193.350097 | 351.504518 
 4145.7259 | 08811.9501 | 12:26:12 | 193.344243 | 351.503013 
 4145.7256 | 08811.9555 | 12:26:13 | 193.339593 | 351.502661 
 4145.7237 | 08811.9651 | 12:26:14 | 193.331329 | 351.500463 
 4145.7231 | 08811.9715 | 12:26:15 | 193.325819 | 351.499764 
 4145.7227 | 08811.9773 | 12:26:16 | 193.320825 | 351.499296 
 4145.7225 | 08811.9829 | 12:26:17 | 193.316002 | 351.499058 
 4145.7222 | 08811.9887 | 12:26:18 | 193.311008 | 351.498706 
 4145.7217 | 08811.9947 | 12:26:19 | 193.305842 | 351.498122 
 4145.7219 | 08812.0000 | 12:26:20 | 193.301277 | 351.498345 
 4145.7223 | 08812.0057 | 12:26:21 | 193.296367 | 351.498798 
 4145.7232 | 08812.0106 | 12:26:22 | 193.292146 | 351.499827 
 4145.7248 | 08812.0156 | 12:26:23 | 193.287837 | 351.501660 
 4145.7266 | 08812.0203 | 12:26:24 | 193.283787 | 351.503724 
 4145.7284 | 08812.0251 | 12:26:25 | 193.279650 | 351.505788 
 4145.7306 | 08812.0301 | 12:26:26 | 193.275340 | 351.508312 
 4145.7321 | 08812.0350 | 12:26:27 | 193.271117 | 351.510031 
 4145.7336 | 08812.0400 | 12:26:28 | 193.266809 | 351.511750 
 4145.7348 | 08812.0450 | 12:26:29 | 193.262501 | 351.513123 
 4145.7356 | 08812.0500 | 12:26:30 | 193.258193 | 351.514037 
 4145.7360 | 08812.0546 | 12:26:31 | 193.254231 | 351.514491 
 4145.7366 | 08812.0586 | 12:26:32 | 193.250785 | 351.515176 
 4145.7369 | 08812.0617 | 12:26:33 | 193.248115 | 351.515517 
 4145.7375 | 08812.0638 | 12:26:34 | 193.246306 | 351.516204 
 4145.7378 | 08812.0657 | 12:26:35 | 193.244669 | 351.516547 
 4145.7384 | 08812.0678 | 12:26:36 | 193.242859 | 351.517234 
 4145.7391 | 08812.0695 | 12:26:37 | 193.241394 | 351.518037 
 4145.7410 | 08812.0713 | 12:26:38 | 193.239841 | 351.520220 
 4145.7427 | 08812.0727 | 12:26:39 | 193.238632 | 351.522173 
 4145.7441 | 08812.0736 | 12:26:40 | 193.237854 | 351.523783 
 4145.7454 | 08812.0740 | 12:26:41 | 193.237508 | 351.525277 
 4145.7458 | 08812.0744 | 12:26:42 | 193.237162 | 351.525737 
 4145.7464 | 08812.0748 | 12:26:43 | 193.236817 | 351.526427 
 4145.7471 | 08812.0752 | 12:26:44 | 193.236471 | 351.527231 
 4145.7477 | 08812.0752 | 12:26:45 | 193.236470 | 351.527921 
 4145.7484 | 08812.0752 | 12:26:46 | 193.236469 | 351.528726 
 4145.7487 | 08812.0749 | 12:26:47 | 193.236727 | 351.529072 
 4145.7491 | 08812.0747 | 12:26:48 | 193.236898 | 351.529532 
 4145.7494 | 08812.0747 | 12:26:49 | 193.236898 | 351.529877 
 4145.7487 | 08812.0741 | 12:26:50 | 193.237416 | 351.529073 
 4145.7486 | 08812.0741 | 12:26:51 | 193.237416 | 351.528958 
 4145.7487 | 08812.0741 | 12:26:52 | 193.237416 | 351.529073 
 4145.7487 | 08812.0741 | 12:26:53 | 193.237416 | 351.529073 
 4145.7487 | 08812.0741 | 12:26:54 | 193.237416 | 351.529073 
 4145.7487 | 08812.0741 | 12:26:55 | 193.237416 | 351.529073 
 4145.7487 | 08812.0741 | 12:26:56 | 193.237416 | 351.529073 
 4145.7487 | 08812.0741 | 12:26:57 | 193.237416 | 351.529073 
 4145.7487 | 08812.0741 | 12:26:58 | 193.237416 | 351.529073 
 4145.7487 | 08812.0741 | 12:26:59 | 193.237416 | 351.529073 
 4145.7487 | 08812.0741 | 12:27:00 | 193.237416 | 351.529073 
 4145.7487 | 08812.0741 | 12:27:01 | 193.237416 | 351.529073 
 4145.7487 | 08812.0741 | 12:27:02 | 193.237416 | 351.529073 
 4145.7487 | 08812.0741 | 12:27:03 | 193.237416 | 351.529073 
 4145.7487 | 08812.0741 | 12:27:04 | 193.237416 | 351.529073 
 4145.7487 | 08812.0741 | 12:27:05 | 193.237416 | 351.529073 
 4145.7487 | 08812.0741 | 12:27:06 | 193.237416 | 351.529073 
 4145.7487 | 08812.0741 | 12:27:07 | 193.237416 | 351.529073 
 4145.7487 | 08812.0741 | 12:27:08 | 193.237416 | 351.529073 
 4145.7487 | 08812.0741 | 12:27:09 | 193.237416 | 351.529073 
 4145.7487 | 08812.0741 | 12:27:10 | 193.237416 | 351.529073 
 4145.7487 | 08812.0741 | 12:27:11 | 193.237416 | 351.529073 
 4145.7487 | 08812.0741 | 12:27:12 | 193.237416 | 351.529073 
 4145.7487 | 08812.0741 | 12:27:13 | 193.237416 | 351.529073 
 4145.7487 | 08812.0741 | 12:27:14 | 193.237416 | 351.529073 
 4145.7487 | 08812.0741 | 12:27:15 | 193.237416 | 351.529073 
 4145.7487 | 08812.0741 | 12:27:16 | 193.237416 | 351.529073 
 4145.7487 | 08812.0741 | 12:27:17 | 193.237416 | 351.529073 
 4145.7487 | 08812.0741 | 12:27:18 | 193.237416 | 351.529073 
 4145.7474 | 08812.0724 | 12:27:19 | 193.238882 | 351.527580 
 4145.7470 | 08812.0725 | 12:27:20 | 193.238797 | 351.527120 
 4145.7460 | 08812.0724 | 12:27:21 | 193.238884 | 351.525970 
 4145.7456 | 08812.0722 | 12:27:22 | 193.239057 | 351.525510 
 4145.7453 | 08812.0722 | 12:27:23 | 193.239058 | 351.525165 
 4145.7451 | 08812.0720 | 12:27:24 | 193.239230 | 351.524935 
 4145.7451 | 08812.0720 | 12:27:25 | 193.239230 | 351.524935 
 4145.7451 | 08812.0720 | 12:27:26 | 193.239230 | 351.524935 
 4145.7451 | 08812.0720 | 12:27:27 | 193.239230 | 351.524935 
 4145.7451 | 08812.0720 | 12:27:28 | 193.239230 | 351.524935 
 4145.7451 | 08812.0720 | 12:27:29 | 193.239230 | 351.524935 
 4145.7451 | 08812.0720 | 12:27:30 | 193.239230 | 351.524935 
 4145.7451 | 08812.0720 | 12:27:31 | 193.239230 | 351.524935 
 4145.7446 | 08812.0700 | 12:27:32 | 193.240954 | 351.524362 
 4145.7441 | 08812.0706 | 12:27:33 | 193.240438 | 351.523787 
 4145.7427 | 08812.0702 | 12:27:34 | 193.240785 | 351.522177 
 4145.7412 | 08812.0700 | 12:27:35 | 193.240960 | 351.520452 
 4145.7439 | 08812.0702 | 12:27:36 | 193.240783 | 351.523557 
 4145.7438 | 08812.0701 | 12:27:37 | 193.240869 | 351.523442 
 4145.7434 | 08812.0700 | 12:27:38 | 193.240956 | 351.522982 
 4145.7434 | 08812.0700 | 12:27:39 | 193.240956 | 351.522982 
 4145.7434 | 08812.0700 | 12:27:40 | 193.240956 | 351.522982 
 4145.7434 | 08812.0700 | 12:27:41 | 193.240956 | 351.522982 
 4145.7434 | 08812.0700 | 12:27:42 | 193.240956 | 351.522982 
 4145.7434 | 08812.0700 | 12:27:43 | 193.240956 | 351.522982 
 4145.7434 | 08812.0700 | 12:27:44 | 193.240956 | 351.522982 
 4145.7434 | 08812.0700 | 12:27:45 | 193.240956 | 351.522982 
 4145.7434 | 08812.0700 | 12:27:46 | 193.240956 | 351.522982 
 4145.7434 | 08812.0700 | 12:27:47 | 193.240956 | 351.522982 
 4145.7434 | 08812.0700 | 12:27:48 | 193.240956 | 351.522982 
 4145.7434 | 08812.0700 | 12:27:49 | 193.240956 | 351.522982 
 4145.7434 | 08812.0700 | 12:27:50 | 193.240956 | 351.522982 
 4145.7434 | 08812.0700 | 12:27:51 | 193.240956 | 351.522982 
 4145.7434 | 08812.0700 | 12:27:52 | 193.240956 | 351.522982 
 4145.7434 | 08812.0700 | 12:27:53 | 193.240956 | 351.522982 
 4145.7434 | 08812.0700 | 12:27:54 | 193.240956 | 351.522982 
 4145.7434 | 08812.0700 | 12:27:55 | 193.240956 | 351.522982 
 4145.7459 | 08812.0709 | 12:27:56 | 193.240176 | 351.525857 
 4145.7456 | 08812.0709 | 12:27:57 | 193.240177 | 351.525512 
 4145.7468 | 08812.0710 | 12:27:58 | 193.240089 | 351.526892 
 4145.7468 | 08812.0710 | 12:27:59 | 193.240089 | 351.526892 
 4145.7468 | 08812.0710 | 12:28:00 | 193.240089 | 351.526892 
 4145.7468 | 08812.0710 | 12:28:01 | 193.240089 | 351.526892 
 4145.7468 | 08812.0710 | 12:28:02 | 193.240089 | 351.526892 
 4145.7468 | 08812.0710 | 12:28:03 | 193.240089 | 351.526892 
 4145.7468 | 08812.0710 | 12:28:04 | 193.240089 | 351.526892 
 4145.7468 | 08812.0710 | 12:28:05 | 193.240089 | 351.526892 
 4145.7468 | 08812.0710 | 12:28:06 | 193.240089 | 351.526892 
 4145.7468 | 08812.0710 | 12:28:07 | 193.240089 | 351.526892 
 4145.7468 | 08812.0710 | 12:28:08 | 193.240089 | 351.526892 
 4145.7468 | 08812.0710 | 12:28:09 | 193.240089 | 351.526892 
 4145.7468 | 08812.0710 | 12:28:10 | 193.240089 | 351.526892 
 4145.7468 | 08812.0710 | 12:28:11 | 193.240089 | 351.526892 
 4145.7468 | 08812.0710 | 12:28:12 | 193.240089 | 351.526892 
 4145.7468 | 08812.0710 | 12:28:13 | 193.240089 | 351.526892 
 4145.7468 | 08812.0710 | 12:28:14 | 193.240089 | 351.526892 
 4145.7468 | 08812.0710 | 12:28:15 | 193.240089 | 351.526892 
 4145.7468 | 08812.0710 | 12:28:16 | 193.240089 | 351.526892 
 4145.7468 | 08812.0710 | 12:28:17 | 193.240089 | 351.526892 
 4145.7468 | 08812.0710 | 12:28:18 | 193.240089 | 351.526892 
 4145.7468 | 08812.0710 | 12:28:19 | 193.240089 | 351.526892 
 4145.7468 | 08812.0710 | 12:28:20 | 193.240089 | 351.526892 
 4145.7468 | 08812.0710 | 12:28:21 | 193.240089 | 351.526892 
 4145.7468 | 08812.0710 | 12:28:22 | 193.240089 | 351.526892 
 4145.7492 | 08812.0725 | 12:28:23 | 193.238793 | 351.529650 
 4145.7481 | 08812.0732 | 12:28:24 | 193.238192 | 351.528384 
 4145.7537 | 08812.0713 | 12:28:25 | 193.239818 | 351.534828 
 4145.7563 | 08812.0713 | 12:28:26 | 193.239813 | 351.537818 
 4145.7591 | 08812.0708 | 12:28:27 | 193.240239 | 351.541040 
 4145.7618 | 08812.0704 | 12:28:28 | 193.240579 | 351.544146 
 4145.7646 | 08812.0711 | 12:28:29 | 193.239971 | 351.547365 
 4145.7676 | 08812.0722 | 12:28:30 | 193.239018 | 351.550815 
 4145.7705 | 08812.0734 | 12:28:31 | 193.237980 | 351.554149 
 4145.7733 | 08812.0748 | 12:28:32 | 193.236769 | 351.557368 
 4145.7751 | 08812.0781 | 12:28:33 | 193.233924 | 351.559434 
 4145.7764 | 08812.0839 | 12:28:34 | 193.228927 | 351.560921 
 4145.7722 | 08812.0939 | 12:28:35 | 193.220323 | 351.556077 
 4145.7713 | 08812.0999 | 12:28:36 | 193.215157 | 351.555034 
 4145.7703 | 08812.1070 | 12:28:37 | 193.209045 | 351.553874 
 4145.7692 | 08812.1143 | 12:28:38 | 193.202760 | 351.552599 
 4145.7683 | 08812.1220 | 12:28:39 | 193.196131 | 351.551554 
 4145.7674 | 08812.1305 | 12:28:40 | 193.188812 | 351.550508 
 4145.7666 | 08812.1393 | 12:28:41 | 193.181235 | 351.549576 
 4145.7654 | 08812.1482 | 12:28:42 | 193.173573 | 351.548184 
 4145.7642 | 08812.1575 | 12:28:43 | 193.165566 | 351.546792 
 4145.7628 | 08812.1670 | 12:28:44 | 193.157387 | 351.545169 
 4145.7618 | 08812.1765 | 12:28:45 | 193.149208 | 351.544006 
 4145.7603 | 08812.1858 | 12:28:46 | 193.141201 | 351.542269 
 4145.7597 | 08812.1961 | 12:28:47 | 193.132332 | 351.541565 
 4145.7583 | 08812.2058 | 12:28:48 | 193.123981 | 351.539942 
 4145.7570 | 08812.2155 | 12:28:49 | 193.115630 | 351.538434 
 4145.7562 | 08812.2257 | 12:28:50 | 193.106847 | 351.537501 
 4145.7552 | 08812.2355 | 12:28:51 | 193.098410 | 351.536338 
 4145.7542 | 08812.2452 | 12:28:52 | 193.090058 | 351.535175 
 4145.7531 | 08812.2540 | 12:28:53 | 193.082481 | 351.533899 
 4145.7524 | 08812.2632 | 12:28:54 | 193.074560 | 351.533082 
 4145.7516 | 08812.2721 | 12:28:55 | 193.066897 | 351.532150 
 4145.7512 | 08812.2808 | 12:28:56 | 193.059405 | 351.531679 
 4145.7513 | 08812.2890 | 12:28:57 | 193.052343 | 351.531783 
 4145.7510 | 08812.2965 | 12:28:58 | 193.045885 | 351.531428 
 4145.7509 | 08812.3032 | 12:28:59 | 193.040115 | 351.531305 
 4145.7505 | 08812.3085 | 12:29:00 | 193.035551 | 351.530838 
 4145.7501 | 08812.3134 | 12:29:01 | 193.031332 | 351.530372 
 4145.7500 | 08812.3180 | 12:29:02 | 193.027371 | 351.530251 
 4145.7498 | 08812.3230 | 12:29:03 | 193.023066 | 351.530014 
 4145.7490 | 08812.3268 | 12:29:04 | 193.019794 | 351.529089 
 4145.7490 | 08812.3263 | 12:29:05 | 193.020225 | 351.529090 
 4145.7488 | 08812.3267 | 12:29:06 | 193.019881 | 351.528859 
 4145.7491 | 08812.3272 | 12:29:07 | 193.019450 | 351.529204 
 4145.7493 | 08812.3278 | 12:29:08 | 193.018933 | 351.529433 
 4145.7495 | 08812.3282 | 12:29:09 | 193.018588 | 351.529662 
 4145.7497 | 08812.3284 | 12:29:10 | 193.018415 | 351.529892 
 4145.7499 | 08812.3288 | 12:29:11 | 193.018071 | 351.530122 
 4145.7501 | 08812.3296 | 12:29:12 | 193.017381 | 351.530351 
 4145.7500 | 08812.3296 | 12:29:13 | 193.017381 | 351.530236 
 4145.7501 | 08812.3288 | 12:29:14 | 193.018070 | 351.530352 
 4145.7501 | 08812.3288 | 12:29:15 | 193.018070 | 351.530352 
 4145.7501 | 08812.3288 | 12:29:16 | 193.018070 | 351.530352 
 4145.7501 | 08812.3288 | 12:29:17 | 193.018070 | 351.530352 
 4145.7501 | 08812.3288 | 12:29:18 | 193.018070 | 351.530352 
 4145.7501 | 08812.3288 | 12:29:19 | 193.018070 | 351.530352 
 4145.7501 | 08812.3288 | 12:29:20 | 193.018070 | 351.530352 
 4145.7501 | 08812.3288 | 12:29:21 | 193.018070 | 351.530352 
 4145.7501 | 08812.3288 | 12:29:22 | 193.018070 | 351.530352 
 4145.7501 | 08812.3288 | 12:29:23 | 193.018070 | 351.530352 
 4145.7501 | 08812.3288 | 12:29:24 | 193.018070 | 351.530352 
 4145.7501 | 08812.3288 | 12:29:25 | 193.018070 | 351.530352 
 4145.7501 | 08812.3288 | 12:29:26 | 193.018070 | 351.530352 
 4145.7501 | 08812.3288 | 12:29:27 | 193.018070 | 351.530352 
 4145.7501 | 08812.3288 | 12:29:28 | 193.018070 | 351.530352 
 4145.7501 | 08812.3288 | 12:29:29 | 193.018070 | 351.530352 
 4145.7501 | 08812.3288 | 12:29:30 | 193.018070 | 351.530352 
 4145.7501 | 08812.3288 | 12:29:31 | 193.018070 | 351.530352 
 4145.7501 | 08812.3288 | 12:29:32 | 193.018070 | 351.530352 
 4145.7501 | 08812.3288 | 12:29:33 | 193.018070 | 351.530352 
 4145.7501 | 08812.3288 | 12:29:34 | 193.018070 | 351.530352 
 4145.7501 | 08812.3288 | 12:29:35 | 193.018070 | 351.530352 
 4145.7501 | 08812.3288 | 12:29:36 | 193.018070 | 351.530352 
 4145.7501 | 08812.3288 | 12:29:37 | 193.018070 | 351.530352 
 4145.7501 | 08812.3288 | 12:29:38 | 193.018070 | 351.530352 
 4145.7501 | 08812.3288 | 12:29:39 | 193.018070 | 351.530352 
 4145.7501 | 08812.3288 | 12:29:40 | 193.018070 | 351.530352 
 4145.7501 | 08812.3288 | 12:29:41 | 193.018070 | 351.530352 
 4145.7501 | 08812.3288 | 12:29:42 | 193.018070 | 351.530352 
 4145.7501 | 08812.3288 | 12:29:43 | 193.018070 | 351.530352 
 4145.7501 | 08812.3288 | 12:29:44 | 193.018070 | 351.530352 
 4145.7501 | 08812.3288 | 12:29:45 | 193.018070 | 351.530352 
 4145.7501 | 08812.3288 | 12:29:46 | 193.018070 | 351.530352 
 4145.7501 | 08812.3288 | 12:29:47 | 193.018070 | 351.530352 
 4145.7501 | 08812.3288 | 12:29:48 | 193.018070 | 351.530352 
 4145.7501 | 08812.3288 | 12:29:49 | 193.018070 | 351.530352 
 4145.7501 | 08812.3288 | 12:29:50 | 193.018070 | 351.530352 
 4145.7501 | 08812.3288 | 12:29:51 | 193.018070 | 351.530352 
 4145.7501 | 08812.3288 | 12:29:52 | 193.018070 | 351.530352 
 4145.7501 | 08812.3288 | 12:29:53 | 193.018070 | 351.530352 
 4145.7501 | 08812.3288 | 12:29:54 | 193.018070 | 351.530352 
 4145.7501 | 08812.3288 | 12:29:55 | 193.018070 | 351.530352 
 4145.7501 | 08812.3288 | 12:29:56 | 193.018070 | 351.530352 
 4145.7501 | 08812.3288 | 12:29:57 | 193.018070 | 351.530352 
 4145.7501 | 08812.3288 | 12:29:58 | 193.018070 | 351.530352 
 4145.7501 | 08812.3288 | 12:29:59 | 193.018070 | 351.530352 
 4145.7501 | 08812.3288 | 12:30:00 | 193.018070 | 351.530352 
 4145.7501 | 08812.3288 | 12:30:01 | 193.018070 | 351.530352 
 4145.7501 | 08812.3288 | 12:30:02 | 193.018070 | 351.530352 
 4145.7501 | 08812.3288 | 12:30:03 | 193.018070 | 351.530352 
 4145.7501 | 08812.3288 | 12:30:04 | 193.018070 | 351.530352 
 4145.7501 | 08812.3288 | 12:30:05 | 193.018070 | 351.530352 
 4145.7501 | 08812.3288 | 12:30:06 | 193.018070 | 351.530352 
 4145.7501 | 08812.3288 | 12:30:07 | 193.018070 | 351.530352 
 4145.7501 | 08812.3288 | 12:30:08 | 193.018070 | 351.530352 
 4145.7501 | 08812.3288 | 12:30:09 | 193.018070 | 351.530352 
 4145.7501 | 08812.3288 | 12:30:10 | 193.018070 | 351.530352 
 4145.7501 | 08812.3288 | 12:30:11 | 193.018070 | 351.530352 
 4145.7501 | 08812.3288 | 12:30:12 | 193.018070 | 351.530352 
 4145.7501 | 08812.3288 | 12:30:13 | 193.018070 | 351.530352 
 4145.7533 | 08812.3232 | 12:30:14 | 193.022887 | 351.534040 
 4145.7531 | 08812.3226 | 12:30:15 | 193.023404 | 351.533810 
 4145.7532 | 08812.3221 | 12:30:16 | 193.023835 | 351.533926 
 4145.7534 | 08812.3219 | 12:30:17 | 193.024007 | 351.534156 
 4145.7534 | 08812.3219 | 12:30:18 | 193.024007 | 351.534156 
 4145.7531 | 08812.3231 | 12:30:19 | 193.022974 | 351.533810 
 4145.7526 | 08812.3240 | 12:30:20 | 193.022200 | 351.533234 
 4145.7516 | 08812.3254 | 12:30:21 | 193.020996 | 351.532082 
 4145.7503 | 08812.3276 | 12:30:22 | 193.019103 | 351.530583 
 4145.7486 | 08812.3302 | 12:30:23 | 193.016867 | 351.528625 
 4145.7468 | 08812.3327 | 12:30:24 | 193.014717 | 351.526551 
 4145.7449 | 08812.3360 | 12:30:25 | 193.011879 | 351.524361 
 4145.7430 | 08812.3394 | 12:30:26 | 193.008954 | 351.522172 
 4145.7413 | 08812.3435 | 12:30:27 | 193.005426 | 351.520211 
 4145.7452 | 08812.3683 | 12:30:28 | 192.984062 | 351.524665 
 4145.7462 | 08812.3828 | 12:30:29 | 192.971573 | 351.525797 
 4145.7484 | 08812.4016 | 12:30:30 | 192.955379 | 351.528304 
 4145.7480 | 08812.4119 | 12:30:31 | 192.946510 | 351.527831 
 4145.7471 | 08812.4209 | 12:30:32 | 192.938760 | 351.526784 
 4145.7463 | 08812.4301 | 12:30:33 | 192.930839 | 351.525852 
 4145.7449 | 08812.4396 | 12:30:34 | 192.922660 | 351.524230 
 4145.7438 | 08812.4503 | 12:30:35 | 192.913447 | 351.522951 
 4145.7426 | 08812.4605 | 12:30:36 | 192.904665 | 351.521558 
 4145.7413 | 08812.4706 | 12:30:37 | 192.895969 | 351.520050 
 4145.7401 | 08812.4808 | 12:30:38 | 192.887187 | 351.518657 
 4145.7389 | 08812.4910 | 12:30:39 | 192.878405 | 351.517264 
 4145.7378 | 08812.5010 | 12:30:40 | 192.869795 | 351.515986 
 4145.7365 | 08812.5116 | 12:30:41 | 192.860669 | 351.514478 
 4145.7352 | 08812.5218 | 12:30:42 | 192.851887 | 351.512970 
 4145.7340 | 08812.5320 | 12:30:43 | 192.843105 | 351.511577 
 4145.7331 | 08812.5416 | 12:30:44 | 192.834839 | 351.510529 
 4145.7320 | 08812.5515 | 12:30:45 | 192.826315 | 351.509252 
 4145.7307 | 08812.5617 | 12:30:46 | 192.817533 | 351.507744 
 4145.7343 | 08812.5559 | 12:30:47 | 192.822522 | 351.511892 
 4145.7342 | 08812.5614 | 12:30:48 | 192.817786 | 351.511770 
 4145.7206 | 08812.5617 | 12:30:49 | 192.817550 | 351.496127 
 4145.7191 | 08812.5667 | 12:30:50 | 192.813246 | 351.494395 
 4145.7234 | 08812.5841 | 12:30:51 | 192.798255 | 351.499320 
 4145.7227 | 08812.5903 | 12:30:52 | 192.792916 | 351.498507 
 4145.7218 | 08812.5954 | 12:30:53 | 192.788526 | 351.497465 
 4145.7217 | 08812.5988 | 12:30:54 | 192.785598 | 351.497346 
 4145.7215 | 08812.6022 | 12:30:55 | 192.782670 | 351.497112 
 4145.7217 | 08812.6047 | 12:30:56 | 192.780517 | 351.497339 
 4145.7220 | 08812.6067 | 12:30:57 | 192.778794 | 351.497681 
 4145.7225 | 08812.6086 | 12:30:58 | 192.777157 | 351.498254 
 4145.7231 | 08812.6105 | 12:30:59 | 192.775520 | 351.498942 
 4145.7234 | 08812.6124 | 12:31:00 | 192.773883 | 351.499285 
 4145.7236 | 08812.6145 | 12:31:01 | 192.772074 | 351.499512 
 4145.7210 | 08812.6082 | 12:31:02 | 192.777504 | 351.496529 
 4145.7210 | 08812.6090 | 12:31:03 | 192.776815 | 351.496528 
 4145.7213 | 08812.6095 | 12:31:04 | 192.776384 | 351.496873 
 4145.7215 | 08812.6099 | 12:31:05 | 192.776039 | 351.497102 
 4145.7215 | 08812.6105 | 12:31:06 | 192.775522 | 351.497102 
 4145.7216 | 08812.6108 | 12:31:07 | 192.775264 | 351.497216 
 4145.7217 | 08812.6110 | 12:31:08 | 192.775091 | 351.497331 
 4145.7218 | 08812.6113 | 12:31:09 | 192.774833 | 351.497446 
 4145.7219 | 08812.6114 | 12:31:10 | 192.774747 | 351.497561 
 4145.7189 | 08812.6061 | 12:31:11 | 192.779316 | 351.494116 
 4145.7147 | 08812.5989 | 12:31:12 | 192.785523 | 351.489294 
 4145.7142 | 08812.5985 | 12:31:13 | 192.785869 | 351.488720 
 4145.7161 | 08812.6011 | 12:31:14 | 192.783626 | 351.490902 
 4145.7172 | 08812.6026 | 12:31:15 | 192.782333 | 351.492165 
 4145.7174 | 08812.6030 | 12:31:16 | 192.781988 | 351.492395 
 4145.7174 | 08812.6030 | 12:31:17 | 192.781988 | 351.492395 
 4145.7174 | 08812.6030 | 12:31:18 | 192.781988 | 351.492395 
 4145.7174 | 08812.6030 | 12:31:19 | 192.781988 | 351.492395 
 4145.7174 | 08812.6030 | 12:31:20 | 192.781988 | 351.492395 
 4145.7174 | 08812.6030 | 12:31:21 | 192.781988 | 351.492395 
 4145.7174 | 08812.6030 | 12:31:22 | 192.781988 | 351.492395 
 4145.7174 | 08812.6030 | 12:31:23 | 192.781988 | 351.492395 
 4145.7193 | 08812.6057 | 12:31:24 | 192.779660 | 351.494577 
 4145.7192 | 08812.6061 | 12:31:25 | 192.779315 | 351.494461 
 4145.7191 | 08812.6064 | 12:31:26 | 192.779057 | 351.494346 
 4145.7199 | 08812.6066 | 12:31:27 | 192.778884 | 351.495266 
 4145.7204 | 08812.6064 | 12:31:28 | 192.779055 | 351.495841 
 4145.7208 | 08812.6059 | 12:31:29 | 192.779485 | 351.496302 
 4145.7208 | 08812.6059 | 12:31:30 | 192.779485 | 351.496302 
 4145.7208 | 08812.6059 | 12:31:31 | 192.779485 | 351.496302 
 4145.7208 | 08812.6059 | 12:31:32 | 192.779485 | 351.496302 
 4145.7202 | 08812.6055 | 12:31:33 | 192.779830 | 351.495612 
 4145.7197 | 08812.6062 | 12:31:34 | 192.779228 | 351.495036 
 4145.7192 | 08812.6071 | 12:31:35 | 192.778454 | 351.494460 
 4145.7187 | 08812.6080 | 12:31:36 | 192.777680 | 351.493884 
 4145.7195 | 08812.6112 | 12:31:37 | 192.774923 | 351.494800 
 4145.7149 | 08812.6131 | 12:31:38 | 192.773294 | 351.489507 
 4145.7123 | 08812.6145 | 12:31:39 | 192.772093 | 351.486515 
 4145.7081 | 08812.6198 | 12:31:40 | 192.767535 | 351.481677 
 4145.7052 | 08812.6210 | 12:31:41 | 192.766507 | 351.478340 
 4145.7022 | 08812.6223 | 12:31:42 | 192.765392 | 351.474888 
 4145.6993 | 08812.6234 | 12:31:43 | 192.764450 | 351.471551 
 4145.6914 | 08812.6176 | 12:31:44 | 192.769457 | 351.462471 
 4145.6868 | 08812.6174 | 12:31:45 | 192.769637 | 351.457180 
 4145.6824 | 08812.6163 | 12:31:46 | 192.770592 | 351.452121 
 4145.6792 | 08812.6155 | 12:31:47 | 192.771286 | 351.448441 
 4145.6767 | 08812.6148 | 12:31:48 | 192.771893 | 351.445566 
 4145.6746 | 08812.6150 | 12:31:49 | 192.771724 | 351.443151 
 4145.6726 | 08812.6152 | 12:31:50 | 192.771555 | 351.440850 
 4145.6705 | 08812.6152 | 12:31:51 | 192.771559 | 351.438434 
 4145.6684 | 08812.6155 | 12:31:52 | 192.771304 | 351.436019 
 4145.6672 | 08812.6167 | 12:31:53 | 192.770272 | 351.434637 
 4145.6653 | 08812.6173 | 12:31:54 | 192.769759 | 351.432451 
 4145.6638 | 08812.6148 | 12:31:55 | 192.771914 | 351.430728 
 4145.6622 | 08812.6146 | 12:31:56 | 192.772089 | 351.428888 
 4145.6653 | 08812.6154 | 12:31:57 | 192.771395 | 351.432453 
 4145.6649 | 08812.6168 | 12:31:58 | 192.770190 | 351.431991 
 4145.6640 | 08812.6168 | 12:31:59 | 192.770192 | 351.430956 
 4145.6631 | 08812.6166 | 12:32:00 | 192.770365 | 351.429921 
 4145.6636 | 08812.6184 | 12:32:01 | 192.768814 | 351.430494 
 4145.6621 | 08812.6180 | 12:32:02 | 192.769161 | 351.428769 
 4145.6604 | 08812.6183 | 12:32:03 | 192.768906 | 351.426813 
 4145.6567 | 08812.6088 | 12:32:04 | 192.777093 | 351.422569 
 4145.6558 | 08812.6052 | 12:32:05 | 192.780195 | 351.421539 
 4145.6552 | 08812.6011 | 12:32:06 | 192.783727 | 351.420853 
 4145.6539 | 08812.5957 | 12:32:07 | 192.788380 | 351.419365 
 4145.6526 | 08812.5902 | 12:32:08 | 192.793118 | 351.417876 
 4145.6511 | 08812.5852 | 12:32:09 | 192.797427 | 351.416157 
 4145.6498 | 08812.5788 | 12:32:10 | 192.802941 | 351.414670 
 4145.6481 | 08812.5730 | 12:32:11 | 192.807938 | 351.412722 
 4145.6464 | 08812.5674 | 12:32:12 | 192.812764 | 351.410773 
 4145.6445 | 08812.5623 | 12:32:13 | 192.817159 | 351.408594 
 4145.6426 | 08812.5578 | 12:32:14 | 192.821038 | 351.406414 
 4145.6405 | 08812.5534 | 12:32:15 | 192.824831 | 351.404004 
 4145.6384 | 08812.5494 | 12:32:16 | 192.828279 | 351.401594 
 4145.6361 | 08812.5453 | 12:32:17 | 192.831814 | 351.398953 
 4145.6341 | 08812.5416 | 12:32:18 | 192.835004 | 351.396658 
 4145.6320 | 08812.5378 | 12:32:19 | 192.838280 | 351.394247 
 4145.6298 | 08812.5325 | 12:32:20 | 192.842848 | 351.391723 
 4145.6277 | 08812.5284 | 12:32:21 | 192.846382 | 351.389313 
 4145.6258 | 08812.5248 | 12:32:22 | 192.849486 | 351.387132 
 4145.6240 | 08812.5213 | 12:32:23 | 192.852503 | 351.385066 
 4145.6301 | 08812.5285 | 12:32:24 | 192.846292 | 351.392073 
 4145.6319 | 08812.5283 | 12:32:25 | 192.846461 | 351.394144 
 4145.6316 | 08812.5249 | 12:32:26 | 192.849390 | 351.393803 
 4145.6336 | 08812.5220 | 12:32:27 | 192.851884 | 351.396107 
 4145.6379 | 08812.5262 | 12:32:28 | 192.848260 | 351.401048 
 4145.6398 | 08812.5242 | 12:32:29 | 192.849979 | 351.403235 
 4145.6417 | 08812.5217 | 12:32:30 | 192.852129 | 351.405424 
 4145.6440 | 08812.5194 | 12:32:31 | 192.854106 | 351.408072 
 4145.6505 | 08812.5239 | 12:32:32 | 192.850220 | 351.415543 
 4145.6535 | 08812.5235 | 12:32:33 | 192.850559 | 351.418994 
 4145.6567 | 08812.5225 | 12:32:34 | 192.851415 | 351.422676 
 4145.6596 | 08812.5213 | 12:32:35 | 192.852444 | 351.426013 
 4145.6625 | 08812.5202 | 12:32:36 | 192.853386 | 351.429351 
 4145.6651 | 08812.5193 | 12:32:37 | 192.854157 | 351.432342 
 4145.6676 | 08812.5181 | 12:32:38 | 192.855186 | 351.435219 
 4145.6702 | 08812.5171 | 12:32:39 | 192.856043 | 351.438211 
 4145.6718 | 08812.5148 | 12:32:40 | 192.858021 | 351.440054 
 4145.6736 | 08812.5136 | 12:32:41 | 192.859051 | 351.442126 
 4145.6732 | 08812.5091 | 12:32:42 | 192.862927 | 351.441672 
 4145.6732 | 08812.5052 | 12:32:43 | 192.866286 | 351.441677 
 4145.6728 | 08812.4990 | 12:32:44 | 192.871626 | 351.441224 
 4145.6728 | 08812.4950 | 12:32:45 | 192.875071 | 351.441229 
 4145.6737 | 08812.4944 | 12:32:46 | 192.875586 | 351.442265 
 4145.6741 | 08812.4919 | 12:32:47 | 192.877739 | 351.442728 
 4145.6744 | 08812.4898 | 12:32:48 | 192.879547 | 351.443076 
 4145.6749 | 08812.4878 | 12:32:49 | 192.881268 | 351.443654 
 4145.6750 | 08812.4852 | 12:32:50 | 192.883507 | 351.443772 
 4145.6753 | 08812.4823 | 12:32:51 | 192.886004 | 351.444121 
 4145.6755 | 08812.4793 | 12:32:52 | 192.888587 | 351.444355 
 4145.6757 | 08812.4766 | 12:32:53 | 192.890912 | 351.444588 
 4145.6758 | 08812.4742 | 12:32:54 | 192.892979 | 351.444706 
 4145.6758 | 08812.4716 | 12:32:55 | 192.895218 | 351.444709 
 4145.6763 | 08812.4702 | 12:32:56 | 192.896423 | 351.445286 
 4145.6766 | 08812.4684 | 12:32:57 | 192.897973 | 351.445633 
 4145.6769 | 08812.4669 | 12:32:58 | 192.899264 | 351.445980 
 4145.6771 | 08812.4654 | 12:32:59 | 192.900555 | 351.446212 
 4145.6772 | 08812.4639 | 12:33:00 | 192.901847 | 351.446329 
 4145.6774 | 08812.4627 | 12:33:01 | 192.902880 | 351.446561 
 4145.6776 | 08812.4616 | 12:33:02 | 192.903827 | 351.446792 
 4145.6779 | 08812.4605 | 12:33:03 | 192.904774 | 351.447139 
 4145.6779 | 08812.4594 | 12:33:04 | 192.905721 | 351.447140 
 4145.6777 | 08812.4583 | 12:33:05 | 192.906669 | 351.446911 
 4145.6772 | 08812.4572 | 12:33:06 | 192.907617 | 351.446338 
 4145.6765 | 08812.4562 | 12:33:07 | 192.908479 | 351.445534 
 4145.6755 | 08812.4540 | 12:33:08 | 192.910376 | 351.444386 
 4145.6748 | 08812.4528 | 12:33:09 | 192.911410 | 351.443583 
 4145.6740 | 08812.4519 | 12:33:10 | 192.912187 | 351.442664 
 4145.6736 | 08812.4511 | 12:33:11 | 192.912876 | 351.442205 
 4145.6727 | 08812.4505 | 12:33:12 | 192.913395 | 351.441170 
 4145.6722 | 08812.4497 | 12:33:13 | 192.914084 | 351.440596 
 4145.6717 | 08812.4488 | 12:33:14 | 192.914860 | 351.440022 
 4145.6710 | 08812.4477 | 12:33:15 | 192.915809 | 351.439218 
 4145.6703 | 08812.4469 | 12:33:16 | 192.916499 | 351.438414 
 4145.6689 | 08812.4453 | 12:33:17 | 192.917879 | 351.436806 
 4145.6679 | 08812.4444 | 12:33:18 | 192.918656 | 351.435657 
 4145.6669 | 08812.4435 | 12:33:19 | 192.919433 | 351.434508 
 4145.6659 | 08812.4426 | 12:33:20 | 192.920210 | 351.433359 
 4145.6649 | 08812.4419 | 12:33:21 | 192.920814 | 351.432209 
 4145.6638 | 08812.4410 | 12:33:22 | 192.921591 | 351.430945 
 4145.6625 | 08812.4399 | 12:33:23 | 192.922540 | 351.429451 
 4145.6609 | 08812.4390 | 12:33:24 | 192.923318 | 351.427612 
 4145.6589 | 08812.4385 | 12:33:25 | 192.923752 | 351.425312 
 4145.6570 | 08812.4377 | 12:33:26 | 192.924444 | 351.423128 
 4145.6553 | 08812.4370 | 12:33:27 | 192.925050 | 351.421173 
 4145.6535 | 08812.4364 | 12:33:28 | 192.925570 | 351.419104 
 4145.6515 | 08812.4360 | 12:33:29 | 192.925918 | 351.416804 
 4145.6492 | 08812.4362 | 12:33:30 | 192.925749 | 351.414158 
 4145.6472 | 08812.4362 | 12:33:31 | 192.925753 | 351.411858 
 4145.6456 | 08812.4362 | 12:33:32 | 192.925755 | 351.410017 
 4145.6445 | 08812.4365 | 12:33:33 | 192.925499 | 351.408752 
 4145.6437 | 08812.4369 | 12:33:34 | 192.925156 | 351.407831 
 4145.6432 | 08812.4374 | 12:33:35 | 192.924726 | 351.407255 
 4145.6429 | 08812.4383 | 12:33:36 | 192.923951 | 351.406909 
 4145.6427 | 08812.4388 | 12:33:37 | 192.923521 | 351.406678 
 4145.6426 | 08812.4395 | 12:33:38 | 192.922918 | 351.406562 
 4145.6424 | 08812.4403 | 12:33:39 | 192.922230 | 351.406331 
 4145.6422 | 08812.4413 | 12:33:40 | 192.921369 | 351.406100 
 4145.6425 | 08812.4413 | 12:33:41 | 192.921368 | 351.406445 
 4145.6425 | 08812.4413 | 12:33:42 | 192.921368 | 351.406445 
 4145.6431 | 08812.4413 | 12:33:43 | 192.921367 | 351.407135 
 4145.6431 | 08812.4419 | 12:33:44 | 192.920851 | 351.407134 
 4145.6434 | 08812.4422 | 12:33:45 | 192.920592 | 351.407479 
 4145.6437 | 08812.4429 | 12:33:46 | 192.919989 | 351.407823 
 4145.6440 | 08812.4439 | 12:33:47 | 192.919127 | 351.408167 
 4145.6444 | 08812.4450 | 12:33:48 | 192.918179 | 351.408626 
 4145.6448 | 08812.4461 | 12:33:49 | 192.917231 | 351.409085 
 4145.6458 | 08812.4476 | 12:33:50 | 192.915937 | 351.410233 
 4145.6462 | 08812.4490 | 12:33:51 | 192.914731 | 351.410691 
 4145.6457 | 08812.4504 | 12:33:52 | 192.913526 | 351.410114 
 4145.6451 | 08812.4499 | 12:33:53 | 192.913958 | 351.409425 
 4145.6457 | 08812.4501 | 12:33:54 | 192.913784 | 351.410115 
 4145.6459 | 08812.4500 | 12:33:55 | 192.913870 | 351.410345 
 4145.6459 | 08812.4500 | 12:33:56 | 192.913870 | 351.410345 
 4145.6459 | 08812.4500 | 12:33:57 | 192.913870 | 351.410345 
 4145.6459 | 08812.4500 | 12:33:58 | 192.913870 | 351.410345 
 4145.6459 | 08812.4500 | 12:33:59 | 192.913870 | 351.410345 
 4145.6459 | 08812.4500 | 12:34:00 | 192.913870 | 351.410345 
 4145.6459 | 08812.4500 | 12:34:01 | 192.913870 | 351.410345 
 4145.6430 | 08812.4509 | 12:34:02 | 192.913100 | 351.407008 
 4145.6423 | 08812.4504 | 12:34:03 | 192.913532 | 351.406204 
 4145.6417 | 08812.4500 | 12:34:04 | 192.913877 | 351.405514 
 4145.6412 | 08812.4499 | 12:34:05 | 192.913964 | 351.404939 
 4145.6413 | 08812.4497 | 12:34:06 | 192.914136 | 351.405054 
 4145.6419 | 08812.4508 | 12:34:07 | 192.913188 | 351.405743 
 4145.6415 | 08812.4508 | 12:34:08 | 192.913189 | 351.405283 
 4145.6429 | 08812.4495 | 12:34:09 | 192.914306 | 351.406895 
 4145.6440 | 08812.4468 | 12:34:10 | 192.916629 | 351.408163 
 4145.6439 | 08812.4466 | 12:34:11 | 192.916802 | 351.408049 
 4145.6441 | 08812.4464 | 12:34:12 | 192.916974 | 351.408279 
 4145.6443 | 08812.4459 | 12:34:13 | 192.917404 | 351.408510 
 4145.6443 | 08812.4459 | 12:34:14 | 192.917404 | 351.408510 
 4145.6443 | 08812.4459 | 12:34:15 | 192.917404 | 351.408510 
 4145.6443 | 08812.4459 | 12:34:16 | 192.917404 | 351.408510 
 4145.6443 | 08812.4459 | 12:34:17 | 192.917404 | 351.408510 
 4145.6471 | 08812.4455 | 12:34:18 | 192.917744 | 351.411731 
 4145.6473 | 08812.4450 | 12:34:19 | 192.918174 | 351.411961 
 4145.6477 | 08812.4449 | 12:34:20 | 192.918259 | 351.412422 
 4145.6481 | 08812.4454 | 12:34:21 | 192.917828 | 351.412881 
 4145.6484 | 08812.4457 | 12:34:22 | 192.917569 | 351.413226 
 4145.6489 | 08812.4460 | 12:34:23 | 192.917310 | 351.413801 
 4145.6494 | 08812.4464 | 12:34:24 | 192.916965 | 351.414375 
 4145.6498 | 08812.4467 | 12:34:25 | 192.916706 | 351.414835 
 4145.6503 | 08812.4470 | 12:34:26 | 192.916446 | 351.415410 
 4145.6507 | 08812.4471 | 12:34:27 | 192.916360 | 351.415870 
 4145.6530 | 08812.4486 | 12:34:28 | 192.915064 | 351.418513 
 4145.6537 | 08812.4491 | 12:34:29 | 192.914632 | 351.419318 
 4145.6543 | 08812.4495 | 12:34:30 | 192.914287 | 351.420007 
 4145.6546 | 08812.4496 | 12:34:31 | 192.914200 | 351.420352 
 4145.6490 | 08812.4466 | 12:34:32 | 192.916793 | 351.413915 
 4145.6489 | 08812.4466 | 12:34:33 | 192.916793 | 351.413800 
 4145.6493 | 08812.4474 | 12:34:34 | 192.916104 | 351.414259 
 4145.6482 | 08812.4460 | 12:34:35 | 192.917311 | 351.412995 
 4145.6484 | 08812.4461 | 12:34:36 | 192.917225 | 351.413225 
 4145.6482 | 08812.4463 | 12:34:37 | 192.917053 | 351.412995 
 4145.6483 | 08812.4466 | 12:34:38 | 192.916794 | 351.413110 
 4145.6476 | 08812.4484 | 12:34:39 | 192.915245 | 351.412302 
 4145.6477 | 08812.4492 | 12:34:40 | 192.914556 | 351.412416 
 4145.6479 | 08812.4501 | 12:34:41 | 192.913781 | 351.412645 
 4145.6490 | 08812.4515 | 12:34:42 | 192.912573 | 351.413909 
 4145.6494 | 08812.4527 | 12:34:43 | 192.911539 | 351.414367 
 4145.6497 | 08812.4537 | 12:34:44 | 192.910677 | 351.414711 
 4145.6501 | 08812.4547 | 12:34:45 | 192.909816 | 351.415170 
 4145.6504 | 08812.4558 | 12:34:46 | 192.908868 | 351.415514 
 4145.6492 | 08812.4592 | 12:34:47 | 192.905942 | 351.414129 
 4145.6492 | 08812.4592 | 12:34:48 | 192.905942 | 351.414129 
 4145.6493 | 08812.4602 | 12:34:49 | 192.905080 | 351.414243 
 4145.6496 | 08812.4615 | 12:34:50 | 192.903960 | 351.414586 
 4145.6518 | 08812.4587 | 12:34:51 | 192.906368 | 351.417120 
 4145.6525 | 08812.4590 | 12:34:52 | 192.906108 | 351.417925 
 4145.6531 | 08812.4590 | 12:34:53 | 192.906107 | 351.418615 
 4145.6542 | 08812.4585 | 12:34:54 | 192.906536 | 351.419881 
 4145.6549 | 08812.4586 | 12:34:55 | 192.906449 | 351.420686 
 4145.6557 | 08812.4587 | 12:34:56 | 192.906361 | 351.421606 
 4145.6565 | 08812.4588 | 12:34:57 | 192