 4145.3503 | 08812.1816 | 15:45:12 | 193.145533 | 351.070684 
 4145.3504 | 08812.1825 | 15:45:23 | 193.144757 | 351.070797 
 4145.3504 | 08812.1825 | 15:45:24 | 193.144757 | 351.070797 
 4145.3504 | 08812.1825 | 15:45:25 | 193.144757 | 351.070797 
 4145.3504 | 08812.1825 | 15:45:26 | 193.144757 | 351.070797 
 4145.3504 | 08812.1825 | 15:45:27 | 193.144757 | 351.070797 
 4145.3504 | 08812.1825 | 15:45:28 | 193.144757 | 351.070797 
 4145.3504 | 08812.1825 | 15:45:29 | 193.144757 | 351.070797 
 4145.3504 | 08812.1825 | 15:45:30 | 193.144757 | 351.070797 
 4145.3504 | 08812.1825 | 15:45:31 | 193.144757 | 351.070797 
 4145.3504 | 08812.1825 | 15:45:32 | 193.144757 | 351.070797 
 4145.3504 | 08812.1825 | 15:45:33 | 193.144757 | 351.070797 
 4145.3504 | 08812.1825 | 15:45:34 | 193.144757 | 351.070797 
 4145.3504 | 08812.1825 | 15:45:35 | 193.144757 | 351.070797 
 4145.3504 | 08812.1825 | 15:45:36 | 193.144757 | 351.070797 
 4145.3504 | 08812.1825 | 15:45:37 | 193.144757 | 351.070797 
 4145.3530 | 08812.1818 | 15:45:38 | 193.145356 | 351.073789 
 4145.3499 | 08812.1787 | 15:45:39 | 193.148031 | 351.070227 
 4145.3500 | 08812.1771 | 15:45:40 | 193.149409 | 351.070344 
 4145.3502 | 08812.1755 | 15:45:41 | 193.150787 | 351.070577 
 4145.3503 | 08812.1738 | 15:45:42 | 193.152251 | 351.070694 
 4145.3499 | 08812.1681 | 15:45:43 | 193.157161 | 351.070241 
 4145.3510 | 08812.1646 | 15:45:44 | 193.160173 | 351.071511 
 4145.3514 | 08812.1617 | 15:45:45 | 193.162670 | 351.071975 
 4145.3514 | 08812.1587 | 15:45:46 | 193.165254 | 351.071979 
 4145.3518 | 08812.1558 | 15:45:47 | 193.167751 | 351.072443 
 4145.3518 | 08812.1535 | 15:45:48 | 193.169732 | 351.072446 
 4145.3518 | 08812.1509 | 15:45:49 | 193.171971 | 351.072449 
 4145.3516 | 08812.1483 | 15:45:50 | 193.174211 | 351.072222 
 4145.3512 | 08812.1460 | 15:45:51 | 193.176192 | 351.071765 
 4145.3511 | 08812.1436 | 15:45:52 | 193.178260 | 351.071653 
 4145.3502 | 08812.1477 | 15:45:53 | 193.174730 | 351.070613 
 4145.3497 | 08812.1477 | 15:45:54 | 193.174731 | 351.070038 
 4145.3495 | 08812.1478 | 15:45:55 | 193.174645 | 351.069808 
 4145.3481 | 08812.1474 | 15:45:56 | 193.174992 | 351.068198 
 4145.3481 | 08812.1474 | 15:45:57 | 193.174992 | 351.068198 
 4145.3477 | 08812.1471 | 15:45:58 | 193.175251 | 351.067738 
 4145.3477 | 08812.1470 | 15:45:59 | 193.175337 | 351.067738 
 4145.3475 | 08812.1467 | 15:46:00 | 193.175596 | 351.067509 
 4145.3471 | 08812.1484 | 15:46:01 | 193.174132 | 351.067046 
 4145.3471 | 08812.1484 | 15:46:02 | 193.174132 | 351.067046 
 4145.3457 | 08812.1487 | 15:46:03 | 193.173877 | 351.065436 
 4145.3447 | 08812.1485 | 15:46:04 | 193.174051 | 351.064286 
 4145.3441 | 08812.1479 | 15:46:05 | 193.174568 | 351.063596 
 4145.3433 | 08812.1479 | 15:46:06 | 193.174570 | 351.062676 
 4145.3414 | 08812.1476 | 15:46:07 | 193.174831 | 351.060491 
 4145.3395 | 08812.1476 | 15:46:08 | 193.174835 | 351.058306 
 4145.3374 | 08812.1476 | 15:46:09 | 193.174838 | 351.055890 
 4145.3345 | 08812.1476 | 15:46:10 | 193.174844 | 351.052555 
 4145.3308 | 08812.1477 | 15:46:11 | 193.174764 | 351.048299 
 4145.3268 | 08812.1479 | 15:46:12 | 193.174599 | 351.043697 
 4145.3225 | 08812.1481 | 15:46:13 | 193.174434 | 351.038751 
 4145.3182 | 08812.1485 | 15:46:14 | 193.174097 | 351.033805 
 4145.3139 | 08812.1488 | 15:46:15 | 193.173846 | 351.028858 
 4145.3095 | 08812.1492 | 15:46:16 | 193.173509 | 351.023797 
 4145.3054 | 08812.1494 | 15:46:17 | 193.173344 | 351.019081 
 4145.3017 | 08812.1494 | 15:46:18 | 193.173351 | 351.014825 
 4145.2985 | 08812.1493 | 15:46:19 | 193.173442 | 351.011144 
 4145.2959 | 08812.1492 | 15:46:20 | 193.173533 | 351.008154 
 4145.2940 | 08812.1490 | 15:46:21 | 193.173709 | 351.005969 
 4145.2928 | 08812.1490 | 15:46:22 | 193.173711 | 351.004588 
 4145.2923 | 08812.1490 | 15:46:23 | 193.173712 | 351.004013 
 4145.2922 | 08812.1490 | 15:46:24 | 193.173712 | 351.003898 
 4145.2923 | 08812.1490 | 15:46:25 | 193.173712 | 351.004013 
 4145.2923 | 08812.1490 | 15:46:26 | 193.173712 | 351.004013 
 4145.2923 | 08812.1490 | 15:46:27 | 193.173712 | 351.004013 
 4145.2923 | 08812.1490 | 15:46:28 | 193.173712 | 351.004013 
 4145.2923 | 08812.1490 | 15:46:29 | 193.173712 | 351.004013 
 4145.2923 | 08812.1490 | 15:46:30 | 193.173712 | 351.004013 
 4145.2923 | 08812.1490 | 15:46:31 | 193.173712 | 351.004013 
 4145.2923 | 08812.1490 | 15:46:32 | 193.173712 | 351.004013 
 4145.2923 | 08812.1490 | 15:46:33 | 193.173712 | 351.004013 
 4145.2923 | 08812.1490 | 15:46:34 | 193.173712 | 351.004013 
 4145.2923 | 08812.1490 | 15:46:35 | 193.173712 | 351.004013 
 4145.2923 | 08812.1490 | 15:46:36 | 193.173712 | 351.004013 
 4145.2923 | 08812.1490 | 15:46:37 | 193.173712 | 351.004013 
 4145.2923 | 08812.1490 | 15:46:38 | 193.173712 | 351.004013 
 4145.2923 | 08812.1490 | 15:46:39 | 193.173712 | 351.004013 
 4145.2923 | 08812.1490 | 15:46:40 | 193.173712 | 351.004013 
 4145.2923 | 08812.1490 | 15:46:41 | 193.173712 | 351.004013 
 4145.2923 | 08812.1490 | 15:46:42 | 193.173712 | 351.004013 
 4145.2923 | 08812.1490 | 15:46:43 | 193.173712 | 351.004013 
 4145.2923 | 08812.1490 | 15:46:44 | 193.173712 | 351.004013 
 4145.2923 | 08812.1490 | 15:46:45 | 193.173712 | 351.004013 
 4145.2923 | 08812.1490 | 15:46:46 | 193.173712 | 351.004013 
 4145.2923 | 08812.1490 | 15:46:47 | 193.173712 | 351.004013 
 4145.2923 | 08812.1490 | 15:46:48 | 193.173712 | 351.004013 
 4145.2923 | 08812.1490 | 15:46:49 | 193.173712 | 351.004013 
 4145.2923 | 08812.1490 | 15:46:50 | 193.173712 | 351.004013 
 4145.2923 | 08812.1490 | 15:46:51 | 193.173712 | 351.004013 
 4145.2923 | 08812.1490 | 15:46:52 | 193.173712 | 351.004013 
 4145.2923 | 08812.1490 | 15:46:53 | 193.173712 | 351.004013 
 4145.2923 | 08812.1490 | 15:46:54 | 193.173712 | 351.004013 
 4145.2923 | 08812.1490 | 15:46:55 | 193.173712 | 351.004013 
 4145.2923 | 08812.1490 | 15:46:56 | 193.173712 | 351.004013 
 4145.2923 | 08812.1490 | 15:46:57 | 193.173712 | 351.004013 
 4145.2923 | 08812.1490 | 15:46:58 | 193.173712 | 351.004013 
 4145.2923 | 08812.1490 | 15:46:59 | 193.173712 | 351.004013 
 4145.2923 | 08812.1490 | 15:47:00 | 193.173712 | 351.004013 
 4145.2923 | 08812.1490 | 15:47:01 | 193.173712 | 351.004013 
 4145.2923 | 08812.1490 | 15:47:02 | 193.173712 | 351.004013 
 4145.2923 | 08812.1490 | 15:47:03 | 193.173712 | 351.004013 
 4145.2923 | 08812.1490 | 15:47:04 | 193.173712 | 351.004013 
 4145.2923 | 08812.1490 | 15:47:05 | 193.173712 | 351.004013 
 4145.2923 | 08812.1490 | 15:47:06 | 193.173712 | 351.004013 
 4145.2923 | 08812.1490 | 15:47:07 | 193.173712 | 351.004013 
 4145.2923 | 08812.1490 | 15:47:08 | 193.173712 | 351.004013 
 4145.2923 | 08812.1490 | 15:47:09 | 193.173712 | 351.004013 
 4145.2923 | 08812.1490 | 15:47:10 | 193.173712 | 351.004013 
 4145.2923 | 08812.1490 | 15:47:11 | 193.173712 | 351.004013 
 4145.2923 | 08812.1490 | 15:47:12 | 193.173712 | 351.004013 
 4145.2923 | 08812.1490 | 15:47:13 | 193.173712 | 351.004013 
 4145.2923 | 08812.1490 | 15:47:14 | 193.173712 | 351.004013 
 4145.2886 | 08812.1581 | 15:47:15 | 193.165880 | 350.999746 
 4145.2885 | 08812.1583 | 15:47:16 | 193.165708 | 350.999630 
 4145.2885 | 08812.1585 | 15:47:17 | 193.165536 | 350.999630 
 4145.2885 | 08812.1587 | 15:47:18 | 193.165364 | 350.999630 
 4145.2885 | 08812.1587 | 15:47:19 | 193.165364 | 350.999630 
 4145.2885 | 08812.1587 | 15:47:20 | 193.165364 | 350.999630 
 4145.2885 | 08812.1587 | 15:47:21 | 193.165364 | 350.999630 
 4145.2885 | 08812.1587 | 15:47:22 | 193.165364 | 350.999630 
 4145.2885 | 08812.1587 | 15:47:23 | 193.165364 | 350.999630 
 4145.2885 | 08812.1587 | 15:47:24 | 193.165364 | 350.999630 
 4145.2885 | 08812.1587 | 15:47:25 | 193.165364 | 350.999630 
 4145.2885 | 08812.1587 | 15:47:26 | 193.165364 | 350.999630 
 4145.2885 | 08812.1587 | 15:47:27 | 193.165364 | 350.999630 
 4145.2885 | 08812.1587 | 15:47:28 | 193.165364 | 350.999630 
 4145.2885 | 08812.1587 | 15:47:29 | 193.165364 | 350.999630 
 4145.2885 | 08812.1587 | 15:47:30 | 193.165364 | 350.999630 
 4145.2885 | 08812.1587 | 15:47:31 | 193.165364 | 350.999630 
 4145.2885 | 08812.1587 | 15:47:32 | 193.165364 | 350.999630 
 4145.2885 | 08812.1587 | 15:47:33 | 193.165364 | 350.999630 
 4145.2885 | 08812.1587 | 15:47:34 | 193.165364 | 350.999630 
 4145.2885 | 08812.1587 | 15:47:35 | 193.165364 | 350.999630 
 4145.2885 | 08812.1587 | 15:47:36 | 193.165364 | 350.999630 
 4145.2885 | 08812.1587 | 15:47:37 | 193.165364 | 350.999630 
 4145.2885 | 08812.1587 | 15:47:38 | 193.165364 | 350.999630 
 4145.2885 | 08812.1587 | 15:47:39 | 193.165364 | 350.999630 
 4145.2885 | 08812.1587 | 15:47:40 | 193.165364 | 350.999630 
 4145.2885 | 08812.1587 | 15:47:41 | 193.165364 | 350.999630 
 4145.2885 | 08812.1587 | 15:47:42 | 193.165364 | 350.999630 
 4145.2885 | 08812.1587 | 15:47:43 | 193.165364 | 350.999630 
 4145.2885 | 08812.1587 | 15:47:44 | 193.165364 | 350.999630 
 4145.2885 | 08812.1587 | 15:47:45 | 193.165364 | 350.999630 
 4145.2885 | 08812.1587 | 15:47:46 | 193.165364 | 350.999630 
 4145.2885 | 08812.1587 | 15:47:47 | 193.165364 | 350.999630 
 4145.2885 | 08812.1587 | 15:47:48 | 193.165364 | 350.999630 
 4145.2885 | 08812.1587 | 15:47:49 | 193.165364 | 350.999630 
 4145.2885 | 08812.1587 | 15:47:50 | 193.165364 | 350.999630 
 4145.2885 | 08812.1587 | 15:47:51 | 193.165364 | 350.999630 
 4145.2887 | 08812.1593 | 15:47:52 | 193.164847 | 350.999859 
 4145.2876 | 08812.1590 | 15:47:53 | 193.165107 | 350.998594 
 4145.2887 | 08812.1505 | 15:47:54 | 193.172426 | 350.999871 
 4145.2854 | 08812.1490 | 15:47:55 | 193.173724 | 350.996077 
 4145.2818 | 08812.1474 | 15:47:56 | 193.175108 | 350.991938 
 4145.2785 | 08812.1455 | 15:47:57 | 193.176750 | 350.988145 
 4145.2742 | 08812.1437 | 15:47:58 | 193.178308 | 350.983201 
 4145.2720 | 08812.1378 | 15:47:59 | 193.183393 | 350.980679 
 4145.2704 | 08812.1319 | 15:48:00 | 193.188478 | 350.978846 
 4145.2694 | 08812.1251 | 15:48:01 | 193.194336 | 350.977705 
 4145.2695 | 08812.1181 | 15:48:02 | 193.200365 | 350.977829 
 4145.2699 | 08812.1114 | 15:48:03 | 193.206135 | 350.978298 
 4145.2703 | 08812.1048 | 15:48:04 | 193.211819 | 350.978767 
 4145.2723 | 08812.0946 | 15:48:05 | 193.220601 | 350.981080 
 4145.2763 | 08812.0883 | 15:48:06 | 193.226020 | 350.985690 
 4145.2793 | 08812.0790 | 15:48:07 | 193.234024 | 350.989153 
 4145.2824 | 08812.0700 | 15:48:08 | 193.241770 | 350.992730 
 4145.2859 | 08812.0609 | 15:48:09 | 193.249602 | 350.996768 
 4145.2915 | 08812.0509 | 15:48:10 | 193.258205 | 351.003223 
 4145.2962 | 08812.0409 | 15:48:11 | 193.266809 | 351.008642 
 4145.3007 | 08812.0301 | 15:48:12 | 193.276103 | 351.013832 
 4145.3045 | 08812.0193 | 15:48:13 | 193.285398 | 351.018217 
 4145.3082 | 08812.0084 | 15:48:14 | 193.294780 | 351.022488 
 4145.3120 | 08811.9973 | 15:48:15 | 193.304333 | 351.026873 
 4145.3160 | 08811.9859 | 15:48:16 | 193.314145 | 351.031489 
 4145.3200 | 08811.9743 | 15:48:17 | 193.324128 | 351.036106 
 4145.3241 | 08811.9627 | 15:48:18 | 193.334112 | 351.040837 
 4145.3280 | 08811.9512 | 15:48:19 | 193.344009 | 351.045339 
 4145.3320 | 08811.9396 | 15:48:20 | 193.353993 | 351.049955 
 4145.3357 | 08811.9285 | 15:48:21 | 193.363547 | 351.054226 
 4145.3382 | 08811.9162 | 15:48:22 | 193.374136 | 351.057118 
 4145.3420 | 08811.9046 | 15:48:23 | 193.384120 | 351.061504 
 4145.3456 | 08811.8923 | 15:48:24 | 193.394707 | 351.065662 
 4145.3496 | 08811.8802 | 15:48:25 | 193.405121 | 351.070279 
 4145.3534 | 08811.8673 | 15:48:26 | 193.416224 | 351.074667 
 4145.3576 | 08811.8543 | 15:48:27 | 193.427413 | 351.079516 
 4145.3620 | 08811.8411 | 15:48:28 | 193.438774 | 351.084595 
 4145.3660 | 08811.8273 | 15:48:29 | 193.450652 | 351.089215 
 4145.3702 | 08811.8139 | 15:48:30 | 193.462186 | 351.094064 
 4145.3743 | 08811.8007 | 15:48:31 | 193.473547 | 351.098798 
 4145.3785 | 08811.7874 | 15:48:32 | 193.484994 | 351.103647 
 4145.3827 | 08811.7741 | 15:48:33 | 193.496441 | 351.108496 
 4145.3869 | 08811.7608 | 15:48:34 | 193.507888 | 351.113345 
 4145.3903 | 08811.7464 | 15:48:35 | 193.520284 | 351.117276 
 4145.3939 | 08811.7317 | 15:48:36 | 193.532938 | 351.121437 
 4145.3980 | 08811.7175 | 15:48:37 | 193.545160 | 351.126172 
 4145.4020 | 08811.7038 | 15:48:38 | 193.556952 | 351.130792 
 4145.4060 | 08811.6898 | 15:48:39 | 193.569002 | 351.135413 
 4145.4090 | 08811.6753 | 15:48:40 | 193.581485 | 351.138883 
 4145.4130 | 08811.6613 | 15:48:41 | 193.593535 | 351.143504 
 4145.4168 | 08811.6473 | 15:48:42 | 193.605586 | 351.147894 
 4145.4210 | 08811.6331 | 15:48:43 | 193.617808 | 351.152745 
 4145.4255 | 08811.6189 | 15:48:44 | 193.630029 | 351.157941 
 4145.4300 | 08811.6047 | 15:48:45 | 193.642251 | 351.163136 
 4145.4382 | 08811.5895 | 15:48:46 | 193.655326 | 351.172590 
 4145.4423 | 08811.5744 | 15:48:47 | 193.668324 | 351.177327 
 4145.4480 | 08811.5595 | 15:48:48 | 193.681145 | 351.183904 
 4145.4534 | 08811.5443 | 15:48:49 | 193.694226 | 351.190137 
 4145.4588 | 08811.5262 | 15:48:50 | 193.709805 | 351.196373 
 4145.4640 | 08811.5105 | 15:48:51 | 193.723316 | 351.202377 
 4145.4708 | 08811.4967 | 15:48:52 | 193.735189 | 351.210218 
 4145.4772 | 08811.4821 | 15:48:53 | 193.747751 | 351.217600 
 4145.4822 | 08811.4663 | 15:48:54 | 193.761349 | 351.223373 
 4145.4874 | 08811.4507 | 15:48:55 | 193.774774 | 351.229377 
 4145.4924 | 08811.4356 | 15:48:56 | 193.787769 | 351.235150 
 4145.4976 | 08811.4205 | 15:48:57 | 193.800764 | 351.241152 
 4145.5024 | 08811.4058 | 15:48:58 | 193.813415 | 351.246694 
 4145.5071 | 08811.3912 | 15:48:59 | 193.825980 | 351.252121 
 4145.5115 | 08811.3769 | 15:49:00 | 193.838288 | 351.257203 
 4145.5156 | 08811.3637 | 15:49:01 | 193.849648 | 351.261938 
 4145.5203 | 08811.3511 | 15:49:02 | 193.860490 | 351.267362 
 4145.5249 | 08811.3386 | 15:49:03 | 193.871247 | 351.272671 
 4145.5295 | 08811.3266 | 15:49:04 | 193.881573 | 351.277979 
 4145.5335 | 08811.3193 | 15:49:05 | 193.887852 | 351.282591 
 4145.5380 | 08811.3106 | 15:49:06 | 193.895336 | 351.287780 
 4145.5420 | 08811.3027 | 15:49:07 | 193.902132 | 351.292392 
 4145.5456 | 08811.2961 | 15:49:08 | 193.907809 | 351.296542 
 4145.5490 | 08811.2903 | 15:49:09 | 193.912798 | 351.300461 
 4145.5519 | 08811.2853 | 15:49:10 | 193.917098 | 351.303804 
 4145.5542 | 08811.2808 | 15:49:11 | 193.920969 | 351.306456 
 4145.5560 | 08811.2771 | 15:49:12 | 193.924152 | 351.308532 
 4145.5575 | 08811.2752 | 15:49:13 | 193.925786 | 351.310260 
 4145.5589 | 08811.2740 | 15:49:14 | 193.926816 | 351.311872 
 4145.5597 | 08811.2731 | 15:49:15 | 193.927590 | 351.312794 
 4145.5603 | 08811.2728 | 15:49:16 | 193.927847 | 351.313484 
 4145.5605 | 08811.2728 | 15:49:17 | 193.927847 | 351.313714 
 4145.5609 | 08811.2726 | 15:49:18 | 193.928018 | 351.314175 
 4145.5610 | 08811.2725 | 15:49:19 | 193.928104 | 351.314290 
 4145.5610 | 08811.2728 | 15:49:20 | 193.927846 | 351.314290 
 4145.5609 | 08811.2733 | 15:49:21 | 193.927415 | 351.314174 
 4145.5608 | 08811.2737 | 15:49:22 | 193.927071 | 351.314058 
 4145.5608 | 08811.2737 | 15:49:23 | 193.927071 | 351.314058 
 4145.5608 | 08811.2737 | 15:49:24 | 193.927071 | 351.314058 
 4145.5608 | 08811.2737 | 15:49:25 | 193.927071 | 351.314058 
 4145.5608 | 08811.2737 | 15:49:26 | 193.927071 | 351.314058 
 4145.5608 | 08811.2737 | 15:49:27 | 193.927071 | 351.314058 
 4145.5608 | 08811.2737 | 15:49:28 | 193.927071 | 351.314058 
 4145.5608 | 08811.2737 | 15:49:29 | 193.927071 | 351.314058 
 4145.5608 | 08811.2737 | 15:49:30 | 193.927071 | 351.314058 
 4145.5608 | 08811.2737 | 15:49:31 | 193.927071 | 351.314058 
 4145.5608 | 08811.2737 | 15:49:32 | 193.927071 | 351.314058 
 4145.5608 | 08811.2737 | 15:49:33 | 193.927071 | 351.314058 
 4145.5608 | 08811.2737 | 15:49:34 | 193.927071 | 351.314058 
 4145.5608 | 08811.2737 | 15:49:35 | 193.927071 | 351.314058 
 4145.5608 | 08811.2737 | 15:49:36 | 193.927071 | 351.314058 
 4145.5608 | 08811.2737 | 15:49:37 | 193.927071 | 351.314058 
 4145.5608 | 08811.2737 | 15:49:38 | 193.927071 | 351.314058 
 4145.5608 | 08811.2737 | 15:49:39 | 193.927071 | 351.314058 
 4145.5608 | 08811.2737 | 15:49:40 | 193.927071 | 351.314058 
 4145.5608 | 08811.2737 | 15:49:41 | 193.927071 | 351.314058 
 4145.5608 | 08811.2737 | 15:49:42 | 193.927071 | 351.314058 
 4145.5608 | 08811.2737 | 15:49:43 | 193.927071 | 351.314058 
 4145.5608 | 08811.2737 | 15:49:44 | 193.927071 | 351.314058 
 4145.5608 | 08811.2737 | 15:49:45 | 193.927071 | 351.314058 
 4145.5608 | 08811.2737 | 15:49:46 | 193.927071 | 351.314058 
 4145.5608 | 08811.2737 | 15:49:47 | 193.927071 | 351.314058 
 4145.5608 | 08811.2737 | 15:49:48 | 193.927071 | 351.314058 
 4145.5608 | 08811.2737 | 15:49:49 | 193.927071 | 351.314058 
 4145.5608 | 08811.2737 | 15:49:50 | 193.927071 | 351.314058 
 4145.5608 | 08811.2737 | 15:49:51 | 193.927071 | 351.314058 
 4145.5608 | 08811.2737 | 15:49:52 | 193.927071 | 351.314058 
 4145.5608 | 08811.2737 | 15:49:53 | 193.927071 | 351.314058 
 4145.5608 | 08811.2737 | 15:49:54 | 193.927071 | 351.314058 
 4145.5608 | 08811.2737 | 15:49:55 | 193.927071 | 351.314058 
 4145.5608 | 08811.2737 | 15:49:56 | 193.927071 | 351.314058 
 4145.5608 | 08811.2737 | 15:49:57 | 193.927071 | 351.314058 
 4145.5608 | 08811.2737 | 15:49:58 | 193.927071 | 351.314058 
 4145.5608 | 08811.2737 | 15:49:59 | 193.927071 | 351.314058 
 4145.5608 | 08811.2737 | 15:50:00 | 193.927071 | 351.314058 
 4145.5608 | 08811.2737 | 15:50:01 | 193.927071 | 351.314058 
 4145.5608 | 08811.2737 | 15:50:02 | 193.927071 | 351.314058 
 4145.5608 | 08811.2737 | 15:50:03 | 193.927071 | 351.314058 
 4145.5608 | 08811.2737 | 15:50:04 | 193.927071 | 351.314058 
 4145.5608 | 08811.2737 | 15:50:05 | 193.927071 | 351.314058 
 4145.5608 | 08811.2737 | 15:50:06 | 193.927071 | 351.314058 
 4145.5608 | 08811.2737 | 15:50:07 | 193.927071 | 351.314058 
 4145.5608 | 08811.2737 | 15:50:08 | 193.927071 | 351.314058 
 4145.5608 | 08811.2737 | 15:50:09 | 193.927071 | 351.314058 
 4145.5608 | 08811.2737 | 15:50:10 | 193.927071 | 351.314058 
 4145.5608 | 08811.2737 | 15:50:11 | 193.927071 | 351.314058 
 4145.5608 | 08811.2737 | 15:50:12 | 193.927071 | 351.314058 
 4145.5608 | 08811.2737 | 15:50:13 | 193.927071 | 351.314058 
 4145.5608 | 08811.2737 | 15:50:14 | 193.927071 | 351.314058 
 4145.5608 | 08811.2737 | 15:50:15 | 193.927071 | 351.314058 
 4145.5611 | 08811.2707 | 15:50:16 | 193.929654 | 351.314408 
 4145.5637 | 08811.2681 | 15:50:17 | 193.931888 | 351.317402 
 4145.5662 | 08811.2648 | 15:50:18 | 193.934725 | 351.320282 
 4145.5696 | 08811.2611 | 15:50:19 | 193.937905 | 351.324199 
 4145.5741 | 08811.2561 | 15:50:20 | 193.942203 | 351.329382 
 4145.5790 | 08811.2514 | 15:50:21 | 193.946241 | 351.335025 
 4145.5840 | 08811.2467 | 15:50:22 | 193.950279 | 351.340783 
 4145.5894 | 08811.2416 | 15:50:23 | 193.954661 | 351.347001 
 4145.5954 | 08811.2363 | 15:50:24 | 193.959213 | 351.353910 
 4145.6016 | 08811.2311 | 15:50:25 | 193.963680 | 351.361049 
 4145.6078 | 08811.2265 | 15:50:26 | 193.967629 | 351.368188 
 4145.6139 | 08811.2222 | 15:50:27 | 193.971320 | 351.375210 
 4145.6201 | 08811.2182 | 15:50:28 | 193.974753 | 351.382347 
 4145.6260 | 08811.2143 | 15:50:29 | 193.978100 | 351.389139 
 4145.6320 | 08811.2108 | 15:50:30 | 193.981103 | 351.396046 
 4145.6378 | 08811.2076 | 15:50:31 | 193.983847 | 351.402722 
 4145.6435 | 08811.2046 | 15:50:32 | 193.986420 | 351.409283 
 4145.6488 | 08811.2020 | 15:50:33 | 193.988648 | 351.415383 
 4145.6536 | 08811.2000 | 15:50:34 | 193.990361 | 351.420907 
 4145.6573 | 08811.1983 | 15:50:35 | 193.991818 | 351.425165 
 4145.6607 | 08811.1971 | 15:50:36 | 193.992845 | 351.429077 
 4145.6642 | 08811.1962 | 15:50:37 | 193.993613 | 351.433104 
 4145.6661 | 08811.1955 | 15:50:38 | 193.994212 | 351.435291 
 4145.6685 | 08811.1946 | 15:50:39 | 193.994983 | 351.438053 
 4145.6718 | 08811.1937 | 15:50:40 | 193.995751 | 351.441850 
 4145.6755 | 08811.1925 | 15:50:41 | 193.996777 | 351.446107 
 4145.6799 | 08811.1912 | 15:50:42 | 193.997888 | 351.451170 
 4145.6846 | 08811.1900 | 15:50:43 | 193.998912 | 351.456578 
 4145.6895 | 08811.1891 | 15:50:44 | 193.999678 | 351.462216 
 4145.6944 | 08811.1883 | 15:50:45 | 194.000357 | 351.467853 
 4145.6994 | 08811.1878 | 15:50:46 | 194.000778 | 351.473605 
 4145.7046 | 08811.1871 | 15:50:47 | 194.001371 | 351.479587 
 4145.7091 | 08811.1867 | 15:50:48 | 194.001706 | 351.484763 
 4145.7131 | 08811.1863 | 15:50:49 | 194.002043 | 351.489365 
 4145.7167 | 08811.1859 | 15:50:50 | 194.002380 | 351.493506 
 4145.7200 | 08811.1854 | 15:50:51 | 194.002804 | 351.497303 
 4145.7231 | 08811.1850 | 15:50:52 | 194.003143 | 351.500869 
 4145.7267 | 08811.1843 | 15:50:53 | 194.003739 | 351.505011 
 4145.7293 | 08811.1842 | 15:50:54 | 194.003820 | 351.508002 
 4145.7318 | 08811.1842 | 15:50:55 | 194.003815 | 351.510877 
 4145.7348 | 08811.1837 | 15:50:56 | 194.004239 | 351.514329 
 4145.7374 | 08811.1835 | 15:50:57 | 194.004407 | 351.517319 
 4145.7396 | 08811.1833 | 15:50:58 | 194.004574 | 351.519850 
 4145.7411 | 08811.1830 | 15:50:59 | 194.004830 | 351.521576 
 4145.7420 | 08811.1829 | 15:51:00 | 194.004914 | 351.522611 
 4145.7428 | 08811.1829 | 15:51:01 | 194.004913 | 351.523531 
 4145.7436 | 08811.1829 | 15:51:02 | 194.004911 | 351.524452 
 4145.7445 | 08811.1830 | 15:51:03 | 194.004823 | 351.525487 
 4145.7457 | 08811.1828 | 15:51:04 | 194.004993 | 351.526867 
 4145.7468 | 08811.1828 | 15:51:05 | 194.004991 | 351.528132 
 4145.7479 | 08811.1829 | 15:51:06 | 194.004903 | 351.529398 
 4145.7489 | 08811.1829 | 15:51:07 | 194.004901 | 351.530548 
 4145.7501 | 08811.1830 | 15:51:08 | 194.004812 | 351.531928 
 4145.7525 | 08811.1825 | 15:51:09 | 194.005238 | 351.534689 
 4145.7549 | 08811.1824 | 15:51:10 | 194.005319 | 351.537450 
 4145.7576 | 08811.1823 | 15:51:11 | 194.005400 | 351.540556 
 4145.7618 | 08811.1823 | 15:51:12 | 194.005392 | 351.545387 
 4145.7660 | 08811.1823 | 15:51:13 | 194.005384 | 351.550218 
 4145.7709 | 08811.1822 | 15:51:14 | 194.005460 | 351.555854 
 4145.7756 | 08811.1820 | 15:51:15 | 194.005623 | 351.561260 
 4145.7803 | 08811.1817 | 15:51:16 | 194.005872 | 351.566667 
 4145.7851 | 08811.1815 | 15:51:17 | 194.006035 | 351.572188 
 4145.7899 | 08811.1812 | 15:51:18 | 194.006284 | 351.577709 
 4145.7944 | 08811.1807 | 15:51:19 | 194.006706 | 351.582886 
 4145.7975 | 08811.1812 | 15:51:20 | 194.006269 | 351.586451 
 4145.8014 | 08811.1812 | 15:51:21 | 194.006261 | 351.590937 
 4145.8053 | 08811.1813 | 15:51:22 | 194.006168 | 351.595423 
 4145.8093 | 08811.1815 | 15:51:23 | 194.005988 | 351.600023 
 4145.8138 | 08811.1810 | 15:51:24 | 194.006409 | 351.605200 
 4145.8199 | 08811.1809 | 15:51:25 | 194.006483 | 351.612217 
 4145.8248 | 08811.1807 | 15:51:26 | 194.006646 | 351.617853 
 4145.8301 | 08811.1806 | 15:51:27 | 194.006722 | 351.623949 
 4145.8353 | 08811.1805 | 15:51:28 | 194.006798 | 351.629931 
 4145.8406 | 08811.1805 | 15:51:29 | 194.006787 | 351.636027 
 4145.8460 | 08811.1805 | 15:51:30 | 194.006777 | 351.642238 
 4145.8510 | 08811.1803 | 15:51:31 | 194.006939 | 351.647989 
 4145.8559 | 08811.1801 | 15:51:32 | 194.007102 | 351.653626 
 4145.8606 | 08811.1794 | 15:51:33 | 194.007695 | 351.659033 
 4145.8652 | 08811.1786 | 15:51:34 | 194.008375 | 351.664325 
 4145.8669 | 08811.1800 | 15:51:35 | 194.007166 | 351.666278 
 4145.8702 | 08811.1804 | 15:51:36 | 194.006815 | 351.670073 
 4145.8734 | 08811.1809 | 15:51:37 | 194.006378 | 351.673753 
 4145.8766 | 08811.1813 | 15:51:38 | 194.006028 | 351.677434 
 4145.8750 | 08811.1809 | 15:51:39 | 194.006375 | 351.675594 
 4145.8766 | 08811.1808 | 15:51:40 | 194.006458 | 351.677434 
 4145.8776 | 08811.1808 | 15:51:41 | 194.006456 | 351.678585 
 4145.8783 | 08811.1807 | 15:51:42 | 194.006541 | 351.679390 
 4145.8790 | 08811.1808 | 15:51:43 | 194.006453 | 351.680195 
 4145.8796 | 08811.1810 | 15:51:44 | 194.006280 | 351.680885 
 4145.8803 | 08811.1811 | 15:51:45 | 194.006193 | 351.681690 
 4145.8810 | 08811.1812 | 15:51:46 | 194.006105 | 351.682495 
 4145.8815 | 08811.1815 | 15:51:47 | 194.005846 | 351.683069 
 4145.8747 | 08811.1808 | 15:51:48 | 194.006462 | 351.675249 
 4145.8747 | 08811.1809 | 15:51:49 | 194.006376 | 351.675249 
 4145.8743 | 08811.1810 | 15:51:50 | 194.006290 | 351.674788 
 4145.8740 | 08811.1809 | 15:51:51 | 194.006377 | 351.674444 
 4145.8740 | 08811.1809 | 15:51:52 | 194.006377 | 351.674444 
 4145.8740 | 08811.1809 | 15:51:53 | 194.006377 | 351.674444 
 4145.8740 | 08811.1809 | 15:51:54 | 194.006377 | 351.674444 
 4145.8740 | 08811.1809 | 15:51:55 | 194.006377 | 351.674444 
 4145.8721 | 08811.1807 | 15:51:56 | 194.006553 | 351.672258 
 4145.8715 | 08811.1805 | 15:51:57 | 194.006727 | 351.671569 
 4145.8713 | 08811.1806 | 15:51:58 | 194.006641 | 351.671338 
 4145.8711 | 08811.1807 | 15:51:59 | 194.006555 | 351.671108 
 4145.8729 | 08811.1811 | 15:52:00 | 194.006207 | 351.673178 
 4145.8732 | 08811.1812 | 15:52:01 | 194.006120 | 351.673523 
 4145.8735 | 08811.1814 | 15:52:02 | 194.005948 | 351.673868 
 4145.8735 | 08811.1814 | 15:52:03 | 194.005948 | 351.673868 
 4145.8735 | 08811.1814 | 15:52:04 | 194.005948 | 351.673868 
 4145.8735 | 08811.1814 | 15:52:05 | 194.005948 | 351.673868 
 4145.8735 | 08811.1814 | 15:52:06 | 194.005948 | 351.673868 
 4145.8735 | 08811.1814 | 15:52:07 | 194.005948 | 351.673868 
 4145.8735 | 08811.1814 | 15:52:08 | 194.005948 | 351.673868 
 4145.8735 | 08811.1814 | 15:52:09 | 194.005948 | 351.673868 
 4145.8735 | 08811.1814 | 15:52:10 | 194.005948 | 351.673868 
 4145.8735 | 08811.1814 | 15:52:11 | 194.005948 | 351.673868 
 4145.8735 | 08811.1814 | 15:52:12 | 194.005948 | 351.673868 
 4145.8735 | 08811.1814 | 15:52:13 | 194.005948 | 351.673868 
 4145.8735 | 08811.1814 | 15:52:14 | 194.005948 | 351.673868 
 4145.8735 | 08811.1814 | 15:52:15 | 194.005948 | 351.673868 
 4145.8735 | 08811.1814 | 15:52:16 | 194.005948 | 351.673868 
 4145.8735 | 08811.1814 | 15:52:17 | 194.005948 | 351.673868 
 4145.8735 | 08811.1814 | 15:52:18 | 194.005948 | 351.673868 
 4145.8735 | 08811.1814 | 15:52:19 | 194.005948 | 351.673868 
 4145.8735 | 08811.1814 | 15:52:20 | 194.005948 | 351.673868 
 4145.8735 | 08811.1814 | 15:52:21 | 194.005948 | 351.673868 
 4145.8735 | 08811.1814 | 15:52:22 | 194.005948 | 351.673868 
 4145.8735 | 08811.1814 | 15:52:23 | 194.005948 | 351.673868 
 4145.8735 | 08811.1814 | 15:52:24 | 194.005948 | 351.673868 
 4145.8735 | 08811.1814 | 15:52:25 | 194.005948 | 351.673868 
 4145.8735 | 08811.1814 | 15:52:26 | 194.005948 | 351.673868 
 4145.8735 | 08811.1814 | 15:52:27 | 194.005948 | 351.673868 
 4145.8735 | 08811.1814 | 15:52:28 | 194.005948 | 351.673868 
 4145.8735 | 08811.1814 | 15:52:29 | 194.005948 | 351.673868 
 4145.8735 | 08811.1814 | 15:52:30 | 194.005948 | 351.673868 
 4145.8735 | 08811.1814 | 15:52:31 | 194.005948 | 351.673868 
 4145.8788 | 08811.1819 | 15:52:32 | 194.005507 | 351.679963 
 4145.8812 | 08811.1814 | 15:52:33 | 194.005932 | 351.682724 
 4145.8835 | 08811.1814 | 15:52:34 | 194.005928 | 351.685370 
 4145.8865 | 08811.1819 | 15:52:35 | 194.005491 | 351.688820 
 4145.8894 | 08811.1827 | 15:52:36 | 194.004797 | 351.692154 
 4145.8970 | 08811.1811 | 15:52:37 | 194.006160 | 351.700898 
 4145.9025 | 08811.1813 | 15:52:38 | 194.005977 | 351.707224 
 4145.9082 | 08811.1817 | 15:52:39 | 194.005621 | 351.713780 
 4145.9154 | 08811.1812 | 15:52:40 | 194.006037 | 351.722062 
 4145.9221 | 08811.1812 | 15:52:41 | 194.006024 | 351.729769 
 4145.9292 | 08811.1807 | 15:52:42 | 194.006441 | 351.737936 
 4145.9364 | 08811.1802 | 15:52:43 | 194.006857 | 351.746219 
 4145.9437 | 08811.1797 | 15:52:44 | 194.007274 | 351.754616 
 4145.9512 | 08811.1794 | 15:52:45 | 194.007517 | 351.763243 
 4145.9606 | 08811.1783 | 15:52:46 | 194.008446 | 351.774057 
 4145.9692 | 08811.1779 | 15:52:47 | 194.008773 | 351.783949 
 4145.9778 | 08811.1777 | 15:52:48 | 194.008929 | 351.793841 
 4145.9865 | 08811.1777 | 15:52:49 | 194.008912 | 351.803848 
 4145.9954 | 08811.1772 | 15:52:50 | 194.009325 | 351.814086 
 4146.0042 | 08811.1770 | 15:52:51 | 194.009480 | 351.824208 
 4146.0129 | 08811.1768 | 15:52:52 | 194.009635 | 351.834216 
 4146.0214 | 08811.1768 | 15:52:53 | 194.009618 | 351.843992 
 4146.0300 | 08811.1766 | 15:52:54 | 194.009773 | 351.853885 
 4146.0385 | 08811.1767 | 15:52:55 | 194.009671 | 351.863661 
 4146.0470 | 08811.1765 | 15:52:56 | 194.009826 | 351.873439 
 4146.0542 | 08811.1782 | 15:52:57 | 194.008348 | 351.881718 
 4146.0622 | 08811.1788 | 15:52:58 | 194.007816 | 351.890919 
 4146.0698 | 08811.1793 | 15:52:59 | 194.007370 | 351.899660 
 4146.0772 | 08811.1778 | 15:53:00 | 194.008647 | 351.908173 
 4146.0843 | 08811.1778 | 15:53:01 | 194.008633 | 351.916340 
 4146.0912 | 08811.1781 | 15:53:02 | 194.008361 | 351.924276 
 4146.0979 | 08811.1776 | 15:53:03 | 194.008779 | 351.931983 
 4146.1042 | 08811.1773 | 15:53:04 | 194.009025 | 351.939230 
 4146.1101 | 08811.1767 | 15:53:05 | 194.009530 | 351.946017 
 4146.1158 | 08811.1767 | 15:53:06 | 194.009519 | 351.952574 
 4146.1213 | 08811.1762 | 15:53:07 | 194.009938 | 351.958901 
 4146.1248 | 08811.1770 | 15:53:08 | 194.009242 | 351.962925 
 4146.1290 | 08811.1769 | 15:53:09 | 194.009320 | 351.967756 
 4146.1331 | 08811.1768 | 15:53:10 | 194.009398 | 351.972472 
 4146.1363 | 08811.1771 | 15:53:11 | 194.009134 | 351.976153 
 4146.1398 | 08811.1768 | 15:53:12 | 194.009385 | 351.980179 
 4146.1431 | 08811.1764 | 15:53:13 | 194.009723 | 351.983975 
 4146.1461 | 08811.1760 | 15:53:14 | 194.010062 | 351.987426 
 4146.1495 | 08811.1756 | 15:53:15 | 194.010399 | 351.991338 
 4146.1527 | 08811.1755 | 15:53:16 | 194.010479 | 351.995019 
 4146.1561 | 08811.1758 | 15:53:17 | 194.010214 | 351.998929 
 4146.1602 | 08811.1761 | 15:53:18 | 194.009948 | 352.003644 
 4146.1642 | 08811.1766 | 15:53:19 | 194.009509 | 352.008245 
 4146.1682 | 08811.1772 | 15:53:20 | 194.008985 | 352.012845 
 4146.1747 | 08811.1766 | 15:53:21 | 194.009489 | 352.020322 
 4146.1824 | 08811.1751 | 15:53:22 | 194.010765 | 352.029181 
 4146.1885 | 08811.1751 | 15:53:23 | 194.010753 | 352.036197 
 4146.1949 | 08811.1751 | 15:53:24 | 194.010741 | 352.043559 
 4146.2013 | 08811.1751 | 15:53:25 | 194.010728 | 352.050920 
 4146.2079 | 08811.1754 | 15:53:26 | 194.010457 | 352.058511 
 4146.2144 | 08811.1756 | 15:53:27 | 194.010272 | 352.065987 
 4146.2212 | 08811.1758 | 15:53:28 | 194.010086 | 352.073809 
 4146.2279 | 08811.1763 | 15:53:29 | 194.009642 | 352.081514 
 4146.2347 | 08811.1769 | 15:53:30 | 194.009112 | 352.089335 
 4146.2415 | 08811.1776 | 15:53:31 | 194.008496 | 352.097155 
 4146.2545 | 08811.1742 | 15:53:32 | 194.011398 | 352.112113 
 4146.2629 | 08811.1740 | 15:53:33 | 194.011554 | 352.121776 
 4146.2707 | 08811.1744 | 15:53:34 | 194.011194 | 352.130747 
 4146.2786 | 08811.1743 | 15:53:35 | 194.011265 | 352.139834 
 4146.2866 | 08811.1743 | 15:53:36 | 194.011249 | 352.149035 
 4146.2947 | 08811.1742 | 15:53:37 | 194.011319 | 352.158352 
 4146.3029 | 08811.1743 | 15:53:38 | 194.011217 | 352.167784 
 4146.3111 | 08811.1744 | 15:53:39 | 194.011115 | 352.177216 
 4146.3195 | 08811.1745 | 15:53:40 | 194.011012 | 352.186877 
 4146.3280 | 08811.1748 | 15:53:41 | 194.010737 | 352.196654 
 4146.3367 | 08811.1746 | 15:53:42 | 194.010892 | 352.206661 
 4146.3453 | 08811.1744 | 15:53:43 | 194.011048 | 352.216553 
 4146.3539 | 08811.1744 | 15:53:44 | 194.011031 | 352.226445 
 4146.3625 | 08811.1744 | 15:53:45 | 194.011014 | 352.236337 
 4146.3711 | 08811.1744 | 15:53:46 | 194.010997 | 352.246229 
 4146.3797 | 08811.1744 | 15:53:47 | 194.010980 | 352.256121 
 4146.3880 | 08811.1746 | 15:53:48 | 194.010791 | 352.265668 
 4146.3967 | 08811.1744 | 15:53:49 | 194.010946 | 352.275675 
 4146.4054 | 08811.1744 | 15:53:50 | 194.010929 | 352.285682 
 4146.4141 | 08811.1744 | 15:53:51 | 194.010912 | 352.295689 
 4146.4227 | 08811.1745 | 15:53:52 | 194.010809 | 352.305581 
 4146.4315 | 08811.1746 | 15:53:53 | 194.010706 | 352.315702 
 4146.4403 | 08811.1733 | 15:53:54 | 194.011808 | 352.325826 
 4146.4494 | 08811.1722 | 15:53:55 | 194.012737 | 352.336295 
 4146.4583 | 08811.1718 | 15:53:56 | 194.013064 | 352.346533 
 4146.4673 | 08811.1722 | 15:53:57 | 194.012702 | 352.356884 
 4146.4763 | 08811.1725 | 15:53:58 | 194.012426 | 352.367236 
 4146.4861 | 08811.1725 | 15:53:59 | 194.012407 | 352.378508 
 4146.4958 | 08811.1725 | 15:54:00 | 194.012387 | 352.389665 
 4146.5056 | 08811.1723 | 15:54:01 | 194.012540 | 352.400937 
 4146.5153 | 08811.1722 | 15:54:02 | 194.012607 | 352.412095 
 4146.5251 | 08811.1722 | 15:54:03 | 194.012588 | 352.423367 
 4146.5349 | 08811.1723 | 15:54:04 | 194.012483 | 352.434639 
 4146.5447 | 08811.1725 | 15:54:05 | 194.012291 | 352.445911 
 4146.5554 | 08811.1724 | 15:54:06 | 194.012356 | 352.458219 
 4146.5658 | 08811.1726 | 15:54:07 | 194.012164 | 352.470181 
 4146.5782 | 08811.1707 | 15:54:08 | 194.013775 | 352.484446 
 4146.5892 | 08811.1701 | 15:54:09 | 194.014270 | 352.497100 
 4146.5998 | 08811.1695 | 15:54:10 | 194.014766 | 352.509293 
 4146.6101 | 08811.1663 | 15:54:11 | 194.017501 | 352.521145 
 4146.6203 | 08811.1636 | 15:54:12 | 194.019805 | 352.532881 
 4146.6305 | 08811.1606 | 15:54:13 | 194.022368 | 352.544618 
 4146.6403 | 08811.1576 | 15:54:14 | 194.024932 | 352.555894 
 4146.6502 | 08811.1530 | 15:54:15 | 194.028873 | 352.567288 
 4146.6604 | 08811.1483 | 15:54:16 | 194.032899 | 352.579028 
 4146.6708 | 08811.1432 | 15:54:17 | 194.037270 | 352.590998 
 4146.6780 | 08811.1347 | 15:54:18 | 194.044574 | 352.599292 
 4146.6851 | 08811.1275 | 15:54:19 | 194.050759 | 352.607469 
 4146.6926 | 08811.1201 | 15:54:20 | 194.057115 | 352.616107 
 4146.7004 | 08811.1126 | 15:54:21 | 194.063557 | 352.625090 
 4146.7080 | 08811.1047 | 15:54:22 | 194.070344 | 352.633843 
 4146.7158 | 08811.0969 | 15:54:23 | 194.077044 | 352.642826 
 4146.7394 | 08811.0738 | 15:54:26 | 194.096885 | 352.670006 
 4146.7472 | 08811.0660 | 15:54:27 | 194.103585 | 352.678989 
 4146.7498 | 08811.0550 | 15:54:28 | 194.113050 | 352.681996 
 4146.7537 | 08811.0470 | 15:54:29 | 194.119930 | 352.686494 
 4146.7588 | 08811.0386 | 15:54:30 | 194.127152 | 352.692373 
 4146.7645 | 08811.0327 | 15:54:31 | 194.132220 | 352.698938 
 4146.7700 | 08811.0265 | 15:54:32 | 194.137547 | 352.705274 
 4146.7771 | 08811.0209 | 15:54:33 | 194.142354 | 352.713449 
 4146.7833 | 08811.0148 | 15:54:34 | 194.147594 | 352.720589 
 4146.7898 | 08811.0087 | 15:54:35 | 194.152833 | 352.728075 
 4146.7961 | 08810.9999 | 15:54:36 | 194.160396 | 352.735334 
 4146.8021 | 08810.9918 | 15:54:37 | 194.167358 | 352.742248 
 4146.8079 | 08810.9821 | 15:54:38 | 194.175697 | 352.748934 
 4146.7980 | 08810.9768 | 15:54:39 | 194.180280 | 352.737554 
 4146.7996 | 08810.9673 | 15:54:40 | 194.188456 | 352.739409 
 4146.8007 | 08810.9581 | 15:54:41 | 194.196375 | 352.740688 
 4146.8018 | 08810.9489 | 15:54:42 | 194.204293 | 352.741967 
 4146.8054 | 08810.9351 | 15:54:43 | 194.216167 | 352.746129 
 4146.8080 | 08810.9241 | 15:54:44 | 194.225632 | 352.749136 
 4146.8103 | 08810.9135 | 15:54:45 | 194.234753 | 352.751798 
 4146.8122 | 08810.9029 | 15:54:46 | 194.243876 | 352.753999 
 4146.8137 | 08810.8925 | 15:54:47 | 194.252826 | 352.755741 
 4146.8150 | 08810.8822 | 15:54:48 | 194.261691 | 352.757252 
 4146.8161 | 08810.8718 | 15:54:49 | 194.270643 | 352.758533 
 4146.8171 | 08810.8632 | 15:54:50 | 194.278045 | 352.759696 
 4146.8183 | 08810.8539 | 15:54:51 | 194.286049 | 352.761090 
 4146.8194 | 08810.8445 | 15:54:52 | 194.294140 | 352.762370 
 4146.8213 | 08810.8370 | 15:54:53 | 194.300593 | 352.764567 
 4146.8227 | 08810.8290 | 15:54:54 | 194.307478 | 352.766189 
 4146.8242 | 08810.8216 | 15:54:55 | 194.313846 | 352.767926 
 4146.8270 | 08810.8134 | 15:54:56 | 194.320900 | 352.771159 
 4146.8295 | 08810.8055 | 15:54:57 | 194.327696 | 352.774047 
 4146.8317 | 08810.7976 | 15:54:58 | 194.334493 | 352.776590 
 4146.8339 | 08810.7896 | 15:54:59 | 194.341376 | 352.779132 
 4146.8364 | 08810.7814 | 15:55:00 | 194.348431 | 352.782021 
 4146.8388 | 08810.7733 | 15:55:01 | 194.355399 | 352.784794 
 4146.8413 | 08810.7651 | 15:55:02 | 194.362454 | 352.787682 
 4146.8440 | 08810.7555 | 15:55:03 | 194.370713 | 352.790802 
 4146.8467 | 08810.7460 | 15:55:04 | 194.378887 | 352.793922 
 4146.8495 | 08810.7366 | 15:55:05 | 194.386974 | 352.797158 
 4146.8523 | 08810.7272 | 15:55:06 | 194.395061 | 352.800393 
 4146.8551 | 08810.7178 | 15:55:07 | 194.403148 | 352.803628 
 4146.8579 | 08810.7083 | 15:55:08 | 194.411321 | 352.806863 
 4146.8608 | 08810.6986 | 15:55:09 | 194.419666 | 352.810214 
 4146.8636 | 08810.6889 | 15:55:10 | 194.428011 | 352.813450 
 4146.8666 | 08810.6789 | 15:55:11 | 194.436614 | 352.816916 
 4146.8696 | 08810.6687 | 15:55:12 | 194.445390 | 352.820382 
 4146.8726 | 08810.6584 | 15:55:13 | 194.454251 | 352.823849 
 4146.8758 | 08810.6479 | 15:55:14 | 194.463284 | 352.827546 
 4146.8780 | 08810.6356 | 15:55:15 | 194.473869 | 352.830096 
 4146.8812 | 08810.6240 | 15:55:16 | 194.483849 | 352.833795 
 4146.8843 | 08810.6123 | 15:55:17 | 194.493915 | 352.837379 
 4146.8876 | 08810.6005 | 15:55:18 | 194.504067 | 352.841193 
 4146.8910 | 08810.5883 | 15:55:19 | 194.514564 | 352.845123 
 4146.8945 | 08810.5759 | 15:55:20 | 194.525232 | 352.849168 
 4146.8981 | 08810.5635 | 15:55:21 | 194.535900 | 352.853329 
 4146.9018 | 08810.5511 | 15:55:22 | 194.546567 | 352.857604 
 4146.9054 | 08810.5386 | 15:55:23 | 194.557321 | 352.861765 
 4146.9091 | 08810.5261 | 15:55:24 | 194.568075 | 352.866040 
 4146.9128 | 08810.5134 | 15:55:25 | 194.579001 | 352.870316 
 4146.9165 | 08810.5008 | 15:55:26 | 194.589841 | 352.874592 
 4146.9201 | 08810.4847 | 15:55:27 | 194.603694 | 352.878758 
 4146.9237 | 08810.4712 | 15:55:28 | 194.615309 | 352.882920 
 4146.9274 | 08810.4579 | 15:55:29 | 194.626751 | 352.887197 
 4146.9311 | 08810.4447 | 15:55:30 | 194.638107 | 352.891474 
 4146.9348 | 08810.4318 | 15:55:31 | 194.649205 | 352.895751 
 4146.9385 | 08810.4189 | 15:55:32 | 194.660303 | 352.900027 
 4146.9421 | 08810.4060 | 15:55:33 | 194.671401 | 352.904189 
 4146.9456 | 08810.3942 | 15:55:34 | 194.681553 | 352.908233 
 4146.9491 | 08810.3824 | 15:55:35 | 194.691704 | 352.912278 
 4146.9525 | 08810.3706 | 15:55:36 | 194.701855 | 352.916208 
 4146.9558 | 08810.3589 | 15:55:37 | 194.711921 | 352.920022 
 4146.9591 | 08810.3473 | 15:55:38 | 194.721901 | 352.923837 
 4146.9625 | 08810.3359 | 15:55:39 | 194.731708 | 352.927766 
 4146.9659 | 08810.3244 | 15:55:40 | 194.741601 | 352.931695 
 4146.9693 | 08810.3129 | 15:55:41 | 194.751494 | 352.935625 
 4146.9727 | 08810.3009 | 15:55:42 | 194.761817 | 352.939555 
 4146.9763 | 08810.2890 | 15:55:43 | 194.772055 | 352.943715 
 4146.9798 | 08810.2769 | 15:55:44 | 194.782464 | 352.947760 
 4146.9834 | 08810.2648 | 15:55:45 | 194.792873 | 352.951921 
 4146.9869 | 08810.2525 | 15:55:46 | 194.803455 | 352.955966 
 4146.9904 | 08810.2405 | 15:55:47 | 194.813778 | 352.960012 
 4146.9940 | 08810.2282 | 15:55:48 | 194.824359 | 352.964173 
 4146.9976 | 08810.2157 | 15:55:49 | 194.835113 | 352.968334 
 4147.0012 | 08810.2030 | 15:55:50 | 194.846038 | 352.972495 
 4147.0048 | 08810.1902 | 15:55:51 | 194.857050 | 352.976657 
 4147.0085 | 08810.1774 | 15:55:52 | 194.868061 | 352.980934 
 4147.0121 | 08810.1650 | 15:55:53 | 194.878729 | 352.985095 
 4147.0156 | 08810.1527 | 15:55:54 | 194.889310 | 352.989141 
 4147.0191 | 08810.1406 | 15:55:55 | 194.899719 | 352.993187 
 4147.0225 | 08810.1288 | 15:55:56 | 194.909870 | 352.997117 
 4147.0259 | 08810.1170 | 15:55:57 | 194.920022 | 353.001047 
 4147.0292 | 08810.1056 | 15:55:58 | 194.929828 | 353.004862 
 4147.0325 | 08810.0941 | 15:55:59 | 194.939721 | 353.008677 
 4147.0358 | 08810.0825 | 15:56:00 | 194.949701 | 353.012491 
 4147.0391 | 08810.0709 | 15:56:01 | 194.959680 | 353.016306 
 4147.0425 | 08810.0590 | 15:56:02 | 194.969917 | 353.020237 
 4147.0458 | 08810.0474 | 15:56:03 | 194.979896 | 353.024052 
 4147.0491 | 08810.0358 | 15:56:04 | 194.989875 | 353.027867 
 4147.0524 | 08810.0243 | 15:56:05 | 194.999768 | 353.031682 
 4147.0559 | 08810.0127 | 15:56:06 | 195.009746 | 353.035727 
 4147.0592 | 08810.0002 | 15:56:07 | 195.020500 | 353.039544 
 4147.0627 | 08809.9875 | 15:56:08 | 195.031426 | 353.043591 
 4147.0665 | 08809.9747 | 15:56:09 | 195.042436 | 353.047983 
 4147.0706 | 08809.9611 | 15:56:10 | 195.054135 | 353.052721 
 4147.0748 | 08809.9471 | 15:56:11 | 195.066178 | 353.057576 
 4147.0791 | 08809.9327 | 15:56:12 | 195.078565 | 353.062546 
 4147.0834 | 08809.9178 | 15:56:13 | 195.091383 | 353.067517 
 4147.0882 | 08809.9029 | 15:56:14 | 195.104199 | 353.073063 
 4147.0929 | 08809.8878 | 15:56:15 | 195.117188 | 353.078495 
 4147.0976 | 08809.8711 | 15:56:16 | 195.131554 | 353.083929 
 4147.1025 | 08809.8546 | 15:56:17 | 195.145748 | 353.089593 
 4147.1087 | 08809.8388 | 15:56:18 | 195.159336 | 353.096751 
 4147.1136 | 08809.8229 | 15:56:19 | 195.173012 | 353.102414 
 4147.1183 | 08809.8070 | 15:56:20 | 195.186690 | 353.107847 
 4147.1230 | 08809.7911 | 15:56:21 | 195.200367 | 353.113281 
 4147.1274 | 08809.7750 | 15:56:22 | 195.214217 | 353.118369 
 4147.1316 | 08809.7589 | 15:56:23 | 195.228068 | 353.123227 
 4147.1346 | 08809.7420 | 15:56:24 | 195.242609 | 353.126707 
 4147.1378 | 08809.7257 | 15:56:25 | 195.256634 | 353.130416 
 4147.1409 | 08809.7097 | 15:56:26 | 195.270401 | 353.134009 
 4147.1436 | 08809.6939 | 15:56:27 | 195.283997 | 353.137142 
 4147.1461 | 08809.6782 | 15:56:28 | 195.297507 | 353.140044 
 4147.1482 | 08809.6646 | 15:56:29 | 195.309210 | 353.142483 
 4147.1496 | 08809.6502 | 15:56:30 | 195.321603 | 353.144118 
 4147.1509 | 08809.6362 | 15:56:31 | 195.333652 | 353.145638 
 4147.1521 | 08809.6222 | 15:56:32 | 195.345702 | 353.147042 
 4147.1531 | 08809.6082 | 15:56:33 | 195.357751 | 353.148217 
 4147.1538 | 08809.5943 | 15:56:34 | 195.369716 | 353.149046 
 4147.1543 | 08809.5805 | 15:56:35 | 195.381595 | 353.149645 
 4147.1546 | 08809.5676 | 15:56:36 | 195.392699 | 353.150013 
 4147.1546 | 08809.5542 | 15:56:37 | 195.404235 | 353.150036 
 4147.1549 | 08809.5426 | 15:56:38 | 195.414220 | 353.150401 
 4147.1544 | 08809.5296 | 15:56:39 | 195.425413 | 353.149849 
 4147.1538 | 08809.5166 | 15:56:40 | 195.436605 | 353.149181 
 4147.1531 | 08809.5036 | 15:56:41 | 195.447798 | 353.148399 
 4147.1525 | 08809.4904 | 15:56:42 | 195.459163 | 353.147732 
 4147.1522 | 08809.4774 | 15:56:43 | 195.470355 | 353.147410 
 4147.1519 | 08809.4641 | 15:56:44 | 195.481805 | 353.147088 
 4147.1517 | 08809.4510 | 15:56:45 | 195.493083 | 353.146881 
 4147.1515 | 08809.4386 | 15:56:46 | 195.503759 | 353.146673 
 4147.1513 | 08809.4265 | 15:56:47 | 195.514176 | 353.146464 
 4147.1512 | 08809.4146 | 15:56:48 | 195.524420 | 353.146370 
 4147.1510 | 08809.4031 | 15:56:49 | 195.534321 | 353.146160 
 4147.1508 | 08809.3919 | 15:56:50 | 195.543963 | 353.145950 
 4147.1505 | 08809.3812 | 15:56:51 | 195.553175 | 353.145624 
 4147.1501 | 08809.3710 | 15:56:52 | 195.561957 | 353.145182 
 4147.1498 | 08809.3614 | 15:56:53 | 195.570222 | 353.144854 
 4147.1495 | 08809.3522 | 15:56:54 | 195.578142 | 353.144525 
 4147.1492 | 08809.3434 | 15:56:55 | 195.585719 | 353.144196 
 4147.1489 | 08809.3352 | 15:56:56 | 195.592779 | 353.143865 
 4147.1487 | 08809.3273 | 15:56:57 | 195.599580 | 353.143649 
 4147.1486 | 08809.3198 | 15:56:58 | 195.606037 | 353.143548 
 4147.1481 | 08809.3133 | 15:56:59 | 195.611634 | 353.142984 
 4147.1476 | 08809.3073 | 15:57:00 | 195.616800 | 353.142420 
 4147.1475 | 08809.3015 | 15:57:01 | 195.621793 | 353.142315 
 4147.1474 | 08809.2963 | 15:57:02 | 195.626270 | 353.142209 
 4147.1473 | 08809.2917 | 15:57:03 | 195.630230 | 353.142103 
 4147.1470 | 08809.2881 | 15:57:04 | 195.633330 | 353.141764 
 4147.1469 | 08809.2853 | 15:57:05 | 195.635741 | 353.141654 
 4147.1468 | 08809.2835 | 15:57:06 | 195.637291 | 353.141542 
 4147.1464 | 08809.2832 | 15:57:07 | 195.637550 | 353.141083 
 4147.1462 | 08809.2826 | 15:57:08 | 195.638067 | 353.140854 
 4147.1458 | 08809.2833 | 15:57:09 | 195.637465 | 353.140392 
 4147.1456 | 08809.2836 | 15:57:10 | 195.637207 | 353.140162 
 4147.1453 | 08809.2837 | 15:57:11 | 195.637122 | 353.139816 
 4147.1453 | 08809.2837 | 15:57:12 | 195.637122 | 353.139816 
 4147.1453 | 08809.2837 | 15:57:13 | 195.637122 | 353.139816 
 4147.1453 | 08809.2837 | 15:57:14 | 195.637122 | 353.139816 
 4147.1453 | 08809.2837 | 15:57:15 | 195.637122 | 353.139816 
 4147.1453 | 08809.2837 | 15:57:16 | 195.637122 | 353.139816 
 4147.1453 | 08809.2837 | 15:57:17 | 195.637122 | 353.139816 
 4147.1453 | 08809.2837 | 15:57:18 | 195.637122 | 353.139816 
 4147.1439 | 08809.2775 | 15:57:19 | 195.642463 | 353.138217 
 4147.1437 | 08809.2722 | 15:57:20 | 195.647026 | 353.137997 
 4147.1435 | 08809.2663 | 15:57:21 | 195.652106 | 353.137777 
 4147.1437 | 08809.2594 | 15:57:22 | 195.658045 | 353.138020 
 4147.1438 | 08809.2519 | 15:57:23 | 195.664501 | 353.138148 
 4147.1439 | 08809.2435 | 15:57:24 | 195.671732 | 353.138278 
 4147.1437 | 08809.2342 | 15:57:25 | 195.679739 | 353.138065 
 4147.1436 | 08809.2241 | 15:57:26 | 195.688434 | 353.137968 
 4147.1435 | 08809.2131 | 15:57:27 | 195.697904 | 353.137873 
 4147.1432 | 08809.2013 | 15:57:28 | 195.708063 | 353.137549 
 4147.1430 | 08809.1892 | 15:57:29 | 195.718480 | 353.137341 
 4147.1428 | 08809.1771 | 15:57:30 | 195.728897 | 353.137132 
 4147.1425 | 08809.1648 | 15:57:31 | 195.739486 | 353.136810 
 4147.1422 | 08809.1523 | 15:57:32 | 195.750248 | 353.136487 
 4147.1419 | 08809.1396 | 15:57:33 | 195.761182 | 353.136165 
 4147.1417 | 08809.1267 | 15:57:34 | 195.772288 | 353.135958 
 4147.1414 | 08809.1138 | 15:57:35 | 195.783394 | 353.135637 
 4147.1411 | 08809.1007 | 15:57:36 | 195.794672 | 353.135316 
 4147.1412 | 08809.0871 | 15:57:37 | 195.806379 | 353.135455 
 4147.1409 | 08809.0739 | 15:57:38 | 195.817744 | 353.135134 
 4147.1406 | 08809.0609 | 15:57:39 | 195.828936 | 353.134813 
 4147.1403 | 08809.0478 | 15:57:40 | 195.840214 | 353.134492 
 4147.1401 | 08809.0348 | 15:57:41 | 195.851406 | 353.134286 
 4147.1403 | 08809.0213 | 15:57:42 | 195.863027 | 353.134540 
 4147.1405 | 08809.0079 | 15:57:43 | 195.874562 | 353.134795 
 4147.1404 | 08808.9946 | 15:57:44 | 195.886012 | 353.134704 
 4147.1403 | 08808.9815 | 15:57:45 | 195.897290 | 353.134613 
 4147.1402 | 08808.9686 | 15:57:46 | 195.908395 | 353.134522 
 4147.1401 | 08808.9561 | 15:57:47 | 195.919156 | 353.134430 
 4147.1401 | 08808.9440 | 15:57:48 | 195.929573 | 353.134452 
 4147.1400 | 08808.9324 | 15:57:49 | 195.939559 | 353.134359 
 4147.1401 | 08808.9212 | 15:57:50 | 195.949201 | 353.134494 
 4147.1403 | 08808.9106 | 15:57:51 | 195.958325 | 353.134744 
 4147.1403 | 08808.9006 | 15:57:52 | 195.966934 | 353.134763 
 4147.1402 | 08808.8915 | 15:57:53 | 195.974768 | 353.134664 
 4147.1400 | 08808.8827 | 15:57:54 | 195.982344 | 353.134451 
 4147.1398 | 08808.8740 | 15:57:55 | 195.989835 | 353.134237 
 4147.1395 | 08808.8653 | 15:57:56 | 195.997325 | 353.133908 
 4147.1395 | 08808.8629 | 15:57:57 | 195.999391 | 353.133912 
 4147.1393 | 08808.8575 | 15:57:58 | 196.004040 | 353.133692 
 4147.1393 | 08808.8534 | 15:57:59 | 196.007570 | 353.133700 
 4147.1392 | 08808.8503 | 15:58:00 | 196.010239 | 353.133591 
 4147.1390 | 08808.8482 | 15:58:01 | 196.012047 | 353.133365 
 4147.1390 | 08808.8475 | 15:58:02 | 196.012650 | 353.133366 
 4147.1389 | 08808.8471 | 15:58:03 | 196.012994 | 353.133252 
 4147.1386 | 08808.8471 | 15:58:04 | 196.012995 | 353.132907 
 4147.1383 | 08808.8472 | 15:58:05 | 196.012910 | 353.132561 
 4147.1383 | 08808.8472 | 15:58:06 | 196.012910 | 353.132561 
 4147.1383 | 08808.8472 | 15:58:07 | 196.012910 | 353.132561 
 4147.1383 | 08808.8472 | 15:58:08 | 196.012910 | 353.132561 
 4147.1383 | 08808.8472 | 15:58:09 | 196.012910 | 353.132561 
 4147.1383 | 08808.8472 | 15:58:10 | 196.012910 | 353.132561 
 4147.1383 | 08808.8472 | 15:58:11 | 196.012910 | 353.132561 
 4147.1383 | 08808.8472 | 15:58:12 | 196.012910 | 353.132561 
 4147.1383 | 08808.8472 | 15:58:13 | 196.012910 | 353.132561 
 4147.1383 | 08808.8472 | 15:58:14 | 196.012910 | 353.132561 
 4147.1383 | 08808.8472 | 15:58:15 | 196.012910 | 353.132561 
 4147.1383 | 08808.8472 | 15:58:16 | 196.012910 | 353.132561 
 4147.1383 | 08808.8472 | 15:58:17 | 196.012910 | 353.132561 
 4147.1383 | 08808.8472 | 15:58:18 | 196.012910 | 353.132561 
 4147.1383 | 08808.8472 | 15:58:19 | 196.012910 | 353.132561 
 4147.1383 | 08808.8472 | 15:58:20 | 196.012910 | 353.132561 
 4147.1383 | 08808.8472 | 15:58:21 | 196.012910 | 353.132561 
 4147.1383 | 08808.8472 | 15:58:22 | 196.012910 | 353.132561 
 4147.1383 | 08808.8472 | 15:58:23 | 196.012910 | 353.132561 
 4147.1383 | 08808.8472 | 15:58:24 | 196.012910 | 353.132561 
 4147.1383 | 08808.8472 | 15:58:25 | 196.012910 | 353.132561 
 4147.1383 | 08808.8472 | 15:58:26 | 196.012910 | 353.132561 
 4147.1383 | 08808.8472 | 15:58:27 | 196.012910 | 353.132561 
 4147.1383 | 08808.8472 | 15:58:28 | 196.012910 | 353.132561 
 4147.1383 | 08808.8472 | 15:58:29 | 196.012910 | 353.132561 
 4147.1383 | 08808.8472 | 15:58:30 | 196.012910 | 353.132561 
 4147.1383 | 08808.8472 | 15:58:31 | 196.012910 | 353.132561 
 4147.1383 | 08808.8472 | 15:58:32 | 196.012910 | 353.132561 
 4147.1383 | 08808.8472 | 15:58:33 | 196.012910 | 353.132561 
 4147.1383 | 08808.8472 | 15:58:34 | 196.012910 | 353.132561 
 4147.1383 | 08808.8472 | 15:58:35 | 196.012910 | 353.132561 
 4147.1383 | 08808.8472 | 15:58:36 | 196.012910 | 353.132561 
 4147.1383 | 08808.8472 | 15:58:37 | 196.012910 | 353.132561 
 4147.1383 | 08808.8472 | 15:58:38 | 196.012910 | 353.132561 
 4147.1383 | 08808.8472 | 15:58:39 | 196.012910 | 353.132561 
 4147.1383 | 08808.8472 | 15:58:40 | 196.012910 | 353.132561 
 4147.1383 | 08808.8472 | 15:58:41 | 196.012910 | 353.132561 
 4147.1383 | 08808.8472 | 15:58:42 | 196.012910 | 353.132561 
 4147.1383 | 08808.8472 | 15:58:43 | 196.012910 | 353.132561 
 4147.1383 | 08808.8472 | 15:58:44 | 196.012910 | 353.132561 
 4147.1383 | 08808.8472 | 15:58:45 | 196.012910 | 353.132561 
 4147.1383 | 08808.8472 | 15:58:46 | 196.012910 | 353.132561 
 4147.1383 | 08808.8472 | 15:58:47 | 196.012910 | 353.132561 
 4147.1383 | 08808.8472 | 15:58:48 | 196.012910 | 353.132561 
 4147.1383 | 08808.8472 | 15:58:49 | 196.012910 | 353.132561 
 4147.1383 | 08808.8472 | 15:58:50 | 196.012910 | 353.132561 
 4147.1383 | 08808.8472 | 15:58:51 | 196.012910 | 353.132561 
 4147.1383 | 08808.8472 | 15:58:52 | 196.012910 | 353.132561 
 4147.1383 | 08808.8472 | 15:58:53 | 196.012910 | 353.132561 
 4147.1383 | 08808.8472 | 15:58:54 | 196.012910 | 353.132561 
 4147.1383 | 08808.8472 | 15:58:55 | 196.012910 | 353.132561 
 4147.1383 | 08808.8472 | 15:58:56 | 196.012910 | 353.132561 
 4147.1383 | 08808.8472 | 15:58:57 | 196.012910 | 353.132561 
 4147.1386 | 08808.8492 | 15:58:58 | 196.011187 | 353.132903 
 4147.1387 | 08808.8475 | 15:58:59 | 196.012650 | 353.133021 
 4147.1387 | 08808.8442 | 15:59:00 | 196.015491 | 353.133027 
 4147.1387 | 08808.8396 | 15:59:01 | 196.019451 | 353.133036 
 4147.1388 | 08808.8340 | 15:59:02 | 196.024272 | 353.133161 
 4147.1390 | 08808.8276 | 15:59:03 | 196.029781 | 353.133403 
 4147.1391 | 08808.8204 | 15:59:04 | 196.035979 | 353.133531 
 4147.1392 | 08808.8120 | 15:59:05 | 196.043210 | 353.133662 
 4147.1393 | 08808.8032 | 15:59:06 | 196.050786 | 353.133794 
 4147.1395 | 08808.7939 | 15:59:07 | 196.058791 | 353.134041 
 4147.1397 | 08808.7835 | 15:59:08 | 196.067744 | 353.134291 
 4147.1399 | 08808.7734 | 15:59:09 | 196.076438 | 353.134539 
 4147.1403 | 08808.7633 | 15:59:10 | 196.085132 | 353.135018 
 4147.1406 | 08808.7532 | 15:59:11 | 196.093826 | 353.135383 
 4147.1417 | 08808.7422 | 15:59:12 | 196.103293 | 353.136668 
 4147.1413 | 08808.7309 | 15:59:13 | 196.113022 | 353.136230 
 4147.1414 | 08808.7190 | 15:59:14 | 196.123266 | 353.136367 
 4147.1416 | 08808.7072 | 15:59:15 | 196.133424 | 353.136619 
 4147.1419 | 08808.6956 | 15:59:16 | 196.143409 | 353.136986 
 4147.1425 | 08808.6842 | 15:59:17 | 196.153221 | 353.137698 
 4147.1429 | 08808.6726 | 15:59:18 | 196.163206 | 353.138180 
 4147.1431 | 08808.6597 | 15:59:19 | 196.174311 | 353.138434 
 4147.1434 | 08808.6466 | 15:59:20 | 196.185588 | 353.138804 
 4147.1437 | 08808.6343 | 15:59:21 | 196.196176 | 353.139173 
 4147.1441 | 08808.6212 | 15:59:22 | 196.207452 | 353.139657 
 4147.1444 | 08808.6088 | 15:59:23 | 196.218126 | 353.140026 
 4147.1445 | 08808.5968 | 15:59:24 | 196.228456 | 353.140164 
 4147.1446 | 08808.5845 | 15:59:25 | 196.239045 | 353.140302 
 4147.1445 | 08808.5712 | 15:59:26 | 196.250495 | 353.140213 
 4147.1443 | 08808.5586 | 15:59:27 | 196.261342 | 353.140007 
 4147.1442 | 08808.5462 | 15:59:28 | 196.272017 | 353.139915 
 4147.1445 | 08808.5331 | 15:59:29 | 196.283294 | 353.140285 
 4147.1446 | 08808.5203 | 15:59:30 | 196.294313 | 353.140425 
 4147.1448 | 08808.5074 | 15:59:31 | 196.305418 | 353.140680 
 4147.1447 | 08808.4946 | 15:59:32 | 196.316437 | 353.140589 
 4147.1446 | 08808.4818 | 15:59:33 | 196.327456 | 353.140499 
 4147.1447 | 08808.4694 | 15:59:34 | 196.338131 | 353.140638 
 4147.1449 | 08808.4565 | 15:59:35 | 196.349236 | 353.140893 
 4147.1449 | 08808.4436 | 15:59:36 | 196.360341 | 353.140918 
 4147.1449 | 08808.4307 | 15:59:37 | 196.371446 | 353.140942 
 4147.1449 | 08808.4177 | 15:59:38 | 196.382637 | 353.140968 
 4147.1448 | 08808.4046 | 15:59:39 | 196.393915 | 353.140878 
 4147.1449 | 08808.3912 | 15:59:40 | 196.405450 | 353.141019 
 4147.1449 | 08808.3782 | 15:59:41 | 196.416642 | 353.141044 
 4147.1449 | 08808.3653 | 15:59:42 | 196.427747 | 353.141069 
 4147.1440 | 08808.3505 | 15:59:43 | 196.440490 | 353.140063 
 4147.1437 | 08808.3370 | 15:59:44 | 196.452113 | 353.139744 
 4147.1435 | 08808.3237 | 15:59:45 | 196.463563 | 353.139540 
 4147.1434 | 08808.3106 | 15:59:46 | 196.474841 | 353.139450 
 4147.1433 | 08808.2975 | 15:59:47 | 196.486118 | 353.139361 
 4147.1432 | 08808.2850 | 15:59:48 | 196.496879 | 353.139270 
 4147.1434 | 08808.2727 | 15:59:49 | 196.507468 | 353.139524 
 4147.1434 | 08808.2602 | 15:59:50 | 196.518228 | 353.139549 
 4147.1434 | 08808.2481 | 15:59:51 | 196.528645 | 353.139572 
 4147.1437 | 08808.2362 | 15:59:52 | 196.538889 | 353.139941 
 4147.1445 | 08808.2249 | 15:59:53 | 196.548614 | 353.140883 
 4147.1455 | 08808.2140 | 15:59:54 | 196.557995 | 353.142055 
 4147.1466 | 08808.2036 | 15:59:55 | 196.566945 | 353.143341 
 4147.1487 | 08808.1925 | 15:59:56 | 196.576496 | 353.145778 
 4147.1502 | 08808.1820 | 15:59:57 | 196.585531 | 353.147524 
 4147.1514 | 08808.1714 | 15:59:58 | 196.594653 | 353.148925 
 4147.1539 | 08808.1612 | 15:59:59 | 196.603427 | 353.151821 
 4147.1560 | 08808.1508 | 16:00:00 | 196.612375 | 353.154257 
 4147.1584 | 08808.1406 | 16:00:01 | 196.621149 | 353.157038 
 4147.1620 | 08808.1309 | 16:00:02 | 196.629490 | 353.161198 
 4147.1677 | 08808.1281 | 16:00:03 | 196.631885 | 353.167759 
 4147.1850 | 08808.1226 | 16:00:04 | 196.636574 | 353.187669 
 4147.2011 | 08808.1127 | 16:00:05 | 196.645054 | 353.206208 
 4147.2135 | 08808.1086 | 16:00:06 | 196.648551 | 353.220478 
 4147.2216 | 08808.1002 | 16:00:07 | 196.655760 | 353.229812 
 4147.2289 | 08808.0922 | 16:00:08 | 196.662628 | 353.238225 
 4147.2355 | 08808.0846 | 16:00:09 | 196.669153 | 353.245831 
 4147.2425 | 08808.0769 | 16:00:10 | 196.675763 | 353.253898 
 4147.2493 | 08808.0690 | 16:00:11 | 196.682545 | 353.261735 
 4147.2560 | 08808.0610 | 16:00:12 | 196.689414 | 353.269458 
 4147.2630 | 08808.0528 | 16:00:13 | 196.696455 | 353.277526 
 4147.2697 | 08808.0450 | 16:00:14 | 196.703151 | 353.285248 
 4147.2766 | 08808.0368 | 16:00:15 | 196.710192 | 353.293201 
 4147.2832 | 08808.0286 | 16:00:16 | 196.717233 | 353.300809 
 4147.2900 | 08808.0205 | 16:00:17 | 196.724188 | 353.308646 
 4147.2972 | 08808.0125 | 16:00:18 | 196.731055 | 353.316944 
 4147.3043 | 08808.0041 | 16:00:19 | 196.738267 | 353.325127 
 4147.3113 | 08807.9956 | 16:00:20 | 196.745566 | 353.333196 
 4147.3193 | 08807.9876 | 16:00:21 | 196.752431 | 353.342414 
 4147.3268 | 08807.9792 | 16:00:22 | 196.759642 | 353.351057 
 4147.3342 | 08807.9708 | 16:00:23 | 196.766853 | 353.359586 
 4147.3423 | 08807.9622 | 16:00:24 | 196.774234 | 353.368920 
 4147.3503 | 08807.9541 | 16:00:25 | 196.781186 | 353.378138 
 4147.3579 | 08807.9456 | 16:00:26 | 196.788482 | 353.386897 
 4147.3654 | 08807.9369 | 16:00:27 | 196.795951 | 353.395541 
 4147.3731 | 08807.9283 | 16:00:28 | 196.803333 | 353.404415 
 4147.3809 | 08807.9196 | 16:00:29 | 196.810802 | 353.413405 
 4147.3888 | 08807.9108 | 16:00:30 | 196.818356 | 353.422509 
 4147.3966 | 08807.9019 | 16:00:31 | 196.825996 | 353.431499 
 4147.4046 | 08807.8931 | 16:00:32 | 196.833549 | 353.440718 
 4147.4124 | 08807.8838 | 16:00:33 | 196.841534 | 353.449709 
 4147.4232 | 08807.8755 | 16:00:34 | 196.848649 | 353.462148 
 4147.4317 | 08807.8666 | 16:00:35 | 196.856288 | 353.471943 
 4147.4380 | 08807.8561 | 16:00:36 | 196.865309 | 353.479211 
 4147.4449 | 08807.8455 | 16:00:37 | 196.874415 | 353.487169 
 4147.4519 | 08807.8351 | 16:00:38 | 196.883348 | 353.495242 
 4147.4583 | 08807.8244 | 16:00:39 | 196.892541 | 353.502625 
 4147.4646 | 08807.8139 | 16:00:40 | 196.901563 | 353.509893 
 4147.4709 | 08807.8037 | 16:00:41 | 196.910326 | 353.517160 
 4147.4773 | 08807.7935 | 16:00:42 | 196.919088 | 353.524542 
 4147.4837 | 08807.7833 | 16:00:43 | 196.927851 | 353.531924 
 4147.4900 | 08807.7726 | 16:00:44 | 196.937044 | 353.539193 
 4147.4954 | 08807.7634 | 16:00:45 | 196.944949 | 353.545423 
 4147.5015 | 08807.7534 | 16:00:46 | 196.953540 | 353.552459 
 4147.5076 | 08807.7434 | 16:00:47 | 196.962132 | 353.559496 
 4147.5136 | 08807.7335 | 16:00:48 | 196.970637 | 353.566418 
 4147.5195 | 08807.7238 | 16:00:49 | 196.978970 | 353.573224 
 4147.5190 | 08807.7221 | 16:00:50 | 196.980435 | 353.572652 
 4147.5240 | 08807.7138 | 16:00:51 | 196.987566 | 353.578421 
 4147.5294 | 08807.7058 | 16:00:52 | 196.994438 | 353.584648 
 4147.5350 | 08807.6972 | 16:00:53 | 197.001825 | 353.591107 
 4147.5402 | 08807.6891 | 16:00:54 | 197.008783 | 353.597105 
 4147.5453 | 08807.6810 | 16:00:55 | 197.015741 | 353.602988 
 4147.5507 | 08807.6730 | 16:00:56 | 197.022613 | 353.609216 
 4147.5556 | 08807.6654 | 16:00:57 | 197.029141 | 353.614867 
 4147.5641 | 08807.6552 | 16:00:58 | 197.037898 | 353.624665 
 4147.5624 | 08807.6520 | 16:00:59 | 197.040657 | 353.622716 
 4147.5683 | 08807.6439 | 16:01:00 | 197.047613 | 353.629519 
 4147.5747 | 08807.6356 | 16:01:01 | 197.054740 | 353.636898 
 4147.5812 | 08807.6272 | 16:01:02 | 197.061952 | 353.644392 
 4147.5878 | 08807.6192 | 16:01:03 | 197.068820 | 353.652000 
 4147.5940 | 08807.6115 | 16:01:04 | 197.075431 | 353.659147 
 4147.6011 | 08807.6038 | 16:01:05 | 197.082039 | 353.667330 
 4147.6078 | 08807.5967 | 16:01:06 | 197.088132 | 353.675051 
 4147.6140 | 08807.5891 | 16:01:07 | 197.094657 | 353.682198 
 4147.6205 | 08807.5814 | 16:01:08 | 197.101267 | 353.689691 
 4147.6272 | 08807.5737 | 16:01:09 | 197.107876 | 353.697413 
 4147.6330 | 08807.5682 | 16:01:10 | 197.112594 | 353.704096 
 4147.6393 | 08807.5619 | 16:01:11 | 197.118000 | 353.711355 
 4147.6458 | 08807.5549 | 16:01:12 | 197.124007 | 353.718846 
 4147.6523 | 08807.5477 | 16:01:13 | 197.130186 | 353.726338 
 4147.6590 | 08807.5404 | 16:01:14 | 197.136451 | 353.734060 
 4147.6658 | 08807.5334 | 16:01:15 | 197.142458 | 353.741896 
 4147.6726 | 08807.5261 | 16:01:16 | 197.148722 | 353.749732 
 4147.6793 | 08807.5184 | 16:01:17 | 197.155332 | 353.757455 
 4147.6855 | 08807.5106 | 16:01:18 | 197.162028 | 353.764603 
 4147.6920 | 08807.5017 | 16:01:19 | 197.169671 | 353.772098 
 4147.6984 | 08807.4929 | 16:01:20 | 197.177227 | 353.779478 
 4147.7047 | 08807.4838 | 16:01:21 | 197.185043 | 353.786743 
 4147.7109 | 08807.4744 | 16:01:22 | 197.193116 | 353.793894 
 4147.7170 | 08807.4650 | 16:01:23 | 197.201190 | 353.800930 
 4147.7247 | 08807.4544 | 16:01:24 | 197.210293 | 353.809809 
 4147.7268 | 08807.4422 | 16:01:25 | 197.220788 | 353.812250 
 4147.7325 | 08807.4304 | 16:01:26 | 197.230929 | 353.818831 
 4147.7366 | 08807.4191 | 16:01:27 | 197.240643 | 353.823571 
 4147.7410 | 08807.4076 | 16:01:28 | 197.250530 | 353.828656 
 4147.7455 | 08807.3960 | 16:01:29 | 197.260501 | 353.833856 
 4147.7497 | 08807.3848 | 16:01:30 | 197.270130 | 353.838711 
 4147.7539 | 08807.3736 | 16:01:31 | 197.279758 | 353.843565 
 4147.7580 | 08807.3623 | 16:01:32 | 197.289473 | 353.848305 
 4147.7621 | 08807.3511 | 16:01:33 | 197.299102 | 353.853045 
 4147.7666 | 08807.3445 | 16:01:34 | 197.304770 | 353.858235 
 4147.7700 | 08807.3355 | 16:01:35 | 197.312507 | 353.862165 
 4147.7741 | 08807.3275 | 16:01:36 | 197.319381 | 353.866897 
 4147.7780 | 08807.3200 | 16:01:37 | 197.325826 | 353.871399 
 4147.7521 | 08807.3166 | 16:01:38 | 197.328825 | 353.841615 
 4147.7500 | 08807.3103 | 16:01:39 | 197.334254 | 353.839213 
 4147.7498 | 08807.3039 | 16:01:40 | 197.339763 | 353.838997 
 4147.7500 | 08807.2974 | 16:01:41 | 197.345357 | 353.839241 
 4147.7503 | 08807.2909 | 16:01:42 | 197.350951 | 353.839599 
 4147.7521 | 08807.2840 | 16:01:43 | 197.356885 | 353.841684 
 4147.7524 | 08807.2772 | 16:01:44 | 197.362738 | 353.842044 
 4147.7521 | 08807.2680 | 16:01:45 | 197.370657 | 353.841718 
 4147.7523 | 08807.2615 | 16:01:46 | 197.376251 | 353.841962 
 4147.7524 | 08807.2539 | 16:01:47 | 197.382793 | 353.842093 
 4147.7526 | 08807.2467 | 16:01:48 | 197.388989 | 353.842339 
 4147.7528 | 08807.2398 | 16:01:49 | 197.394928 | 353.842584 
 4147.7529 | 08807.2331 | 16:01:50 | 197.400695 | 353.842713 
 4147.7531 | 08807.2274 | 16:01:51 | 197.405600 | 353.842955 
 4147.7531 | 08807.2221 | 16:01:52 | 197.410162 | 353.842966 
 4147.7530 | 08807.2173 | 16:01:53 | 197.414294 | 353.842862 
 4147.7531 | 08807.2126 | 16:01:54 | 197.418339 | 353.842987 
 4147.7531 | 08807.2082 | 16:01:55 | 197.422126 | 353.842996 
 4147.7531 | 08807.2043 | 16:01:56 | 197.425483 | 353.843004 
 4147.7530 | 08807.2010 | 16:01:57 | 197.428324 | 353.842896 
 4147.7530 | 08807.1984 | 16:01:58 | 197.430562 | 353.842902 
 4147.7530 | 08807.1960 | 16:01:59 | 197.432628 | 353.842907 
 4147.7529 | 08807.1938 | 16:02:00 | 197.434521 | 353.842797 
 4147.7524 | 08807.1959 | 16:02:01 | 197.432715 | 353.842217 
 4147.7519 | 08807.1968 | 16:02:02 | 197.431942 | 353.841640 
 4147.7515 | 08807.1978 | 16:02:03 | 197.431082 | 353.841178 
 4147.7515 | 08807.1978 | 16:02:04 | 197.431082 | 353.841178 
 4147.7515 | 08807.1978 | 16:02:05 | 197.431082 | 353.841178 
 4147.7515 | 08807.1978 | 16:02:06 | 197.431082 | 353.841178 
 4147.7515 | 08807.1978 | 16:02:07 | 197.431082 | 353.841178 
 4147.7515 | 08807.1978 | 16:02:08 | 197.431082 | 353.841178 
 4147.7515 | 08807.1978 | 16:02:09 | 197.431082 | 353.841178 
 4147.7515 | 08807.1978 | 16:02:10 | 197.431082 | 353.841178 
 4147.7515 | 08807.1978 | 16:02:11 | 197.431082 | 353.841178 
 4147.7515 | 08807.1978 | 16:02:12 | 197.431082 | 353.841178 
 4147.7515 | 08807.1978 | 16:02:13 | 197.431082 | 353.841178 
 4147.7515 | 08807.1978 | 16:02:14 | 197.431082 | 353.841178 
 4147.7515 | 08807.1978 | 16:02:15 | 197.431082 | 353.841178 
 4147.7515 | 08807.1978 | 16:02:16 | 197.431082 | 353.841178 
 4147.7515 | 08807.1978 | 16:02:17 | 197.431082 | 353.841178 
 4147.7515 | 08807.1978 | 16:02:18 | 197.431082 | 353.841178 
 4147.7515 | 08807.1978 | 16:02:19 | 197.431082 | 353.841178 
 4147.7515 | 08807.1978 | 16:02:20 | 197.431082 | 353.841178 
 4147.7515 | 08807.1978 | 16:02:21 | 197.431082 | 353.841178 
 4147.7487 | 08807.1974 | 16:02:22 | 197.431435 | 353.837958 
 4147.7486 | 08807.1966 | 16:02:23 | 197.432124 | 353.837845 
 4147.7484 | 08807.1957 | 16:02:24 | 197.432899 | 353.837617 
 4147.7483 | 08807.1950 | 16:02:25 | 197.433502 | 353.837503 
 4147.7482 | 08807.1945 | 16:02:26 | 197.433932 | 353.837389 
 4147.7481 | 08807.1939 | 16:02:27 | 197.434449 | 353.837275 
 4147.7479 | 08807.1933 | 16:02:28 | 197.434966 | 353.837047 
 4147.7478 | 08807.1930 | 16:02:29 | 197.435225 | 353.836932 
 4147.7477 | 08807.1926 | 16:02:30 | 197.435569 | 353.836818 
 4147.7476 | 08807.1916 | 16:02:31 | 197.436430 | 353.836705 
 4147.7498 | 08807.1957 | 16:02:32 | 197.432895 | 353.839227 
 4147.7498 | 08807.1958 | 16:02:33 | 197.432809 | 353.839227 
 4147.7510 | 08807.1953 | 16:02:34 | 197.433236 | 353.840608 
 4147.7510 | 08807.1953 | 16:02:35 | 197.433236 | 353.840608 
 4147.7510 | 08807.1953 | 16:02:36 | 197.433236 | 353.840608 
 4147.7510 | 08807.1953 | 16:02:37 | 197.433236 | 353.840608 
 4147.7510 | 08807.1953 | 16:02:38 | 197.433236 | 353.840608 
 4147.7510 | 08807.1953 | 16:02:39 | 197.433236 | 353.840608 
 4147.7510 | 08807.1953 | 16:02:40 | 197.433236 | 353.840608 
 4147.7510 | 08807.1953 | 16:02:41 | 197.433236 | 353.840608 
 4147.7510 | 08807.1953 | 16:02:42 | 197.433236 | 353.840608 
 4147.7510 | 08807.1953 | 16:02:43 | 197.433236 | 353.840608 
 4147.7510 | 08807.1953 | 16:02:44 | 197.433236 | 353.840608 
 4147.7510 | 08807.1953 | 16:02:45 | 197.433236 | 353.840608 
 4147.7510 | 08807.1953 | 16:02:46 | 197.433236 | 353.840608 
 4147.7510 | 08807.1953 | 16:02:47 | 197.433236 | 353.840608 
 4147.7510 | 08807.1953 | 16:02:48 | 197.433236 | 353.840608 
 4147.7510 | 08807.1953 | 16:02:49 | 197.433236 | 353.840608 
 4147.7510 | 08807.1953 | 16:02:50 | 197.433236 | 353.840608 
 4147.7510 | 08807.1953 | 16:02:51 | 197.433236 | 353.840608 
 4147.7510 | 08807.1953 | 16:02:52 | 197.433236 | 353.840608 
 4147.7510 | 08807.1953 | 16:02:53 | 197.433236 | 353.840608 
 4147.7510 | 08807.1953 | 16:02:54 | 197.433236 | 353.840608 
 4147.7510 | 08807.1953 | 16:02:55 | 197.433236 | 353.840608 
 4147.7510 | 08807.1953 | 16:02:56 | 197.433236 | 353.840608 
 4147.7530 | 08807.1959 | 16:02:57 | 197.432714 | 353.842907 
 4147.7530 | 08807.1952 | 16:02:58 | 197.433316 | 353.842909 
 4147.7534 | 08807.1923 | 16:02:59 | 197.435811 | 353.843375 
 4147.7535 | 08807.1886 | 16:03:00 | 197.438996 | 353.843498 
 4147.7538 | 08807.1843 | 16:03:01 | 197.442696 | 353.843852 
 4147.7541 | 08807.1800 | 16:03:02 | 197.446396 | 353.844207 
 4147.7541 | 08807.1733 | 16:03:03 | 197.452163 | 353.844221 
 4147.7545 | 08807.1674 | 16:03:04 | 197.457240 | 353.844694 
 4147.7550 | 08807.1614 | 16:03:05 | 197.462403 | 353.845282 
 4147.7550 | 08807.1515 | 16:03:06 | 197.470925 | 353.845303 
 4147.7551 | 08807.1401 | 16:03:07 | 197.480737 | 353.845442 
 4147.7555 | 08807.1305 | 16:03:08 | 197.488999 | 353.845923 
 4147.7559 | 08807.1204 | 16:03:09 | 197.497691 | 353.846405 
 4147.7565 | 08807.1100 | 16:03:10 | 197.506641 | 353.847117 
 4147.7569 | 08807.1003 | 16:03:11 | 197.514989 | 353.847598 
 4147.7574 | 08807.0913 | 16:03:12 | 197.522734 | 353.848193 
 4147.7579 | 08807.0828 | 16:03:13 | 197.530049 | 353.848786 
 4147.7585 | 08807.0746 | 16:03:14 | 197.537105 | 353.849494 
 4147.7591 | 08807.0665 | 16:03:15 | 197.544075 | 353.850202 
 4147.7596 | 08807.0586 | 16:03:16 | 197.550874 | 353.850794 
 4147.7600 | 08807.0509 | 16:03:17 | 197.557500 | 353.851270 
 4147.7604 | 08807.0432 | 16:03:18 | 197.564127 | 353.851747 
 4147.7609 | 08807.0353 | 16:03:19 | 197.570925 | 353.852339 
 4147.7613 | 08807.0272 | 16:03:20 | 197.577896 | 353.852817 
 4147.7617 | 08807.0186 | 16:03:21 | 197.585297 | 353.853296 
 4147.7622 | 08807.0096 | 16:03:22 | 197.593042 | 353.853890 
 4147.7626 | 08807.0003 | 16:03:23 | 197.601046 | 353.854371 
 4147.7631 | 08806.9908 | 16:03:24 | 197.609221 | 353.854966 
 4147.7635 | 08806.9813 | 16:03:25 | 197.617397 | 353.855447 
 4147.7639 | 08806.9710 | 16:03:26 | 197.626261 | 353.855930 
 4147.7644 | 08806.9610 | 16:03:27 | 197.634867 | 353.856526 
 4147.7649 | 08806.9510 | 16:03:28 | 197.643473 | 353.857123 
 4147.7654 | 08806.9405 | 16:03:29 | 197.652509 | 353.857721 
 4147.7658 | 08806.9298 | 16:03:30 | 197.661718 | 353.858205 
 4147.7662 | 08806.9187 | 16:03:31 | 197.671271 | 353.858689 
 4147.7667 | 08806.9074 | 16:03:32 | 197.680996 | 353.859289 
 4147.7671 | 08806.8959 | 16:03:33 | 197.690893 | 353.859774 
 4147.7677 | 08806.8843 | 16:03:34 | 197.700876 | 353.860490 
 4147.7682 | 08806.8727 | 16:03:35 | 197.710859 | 353.861090 
 4147.7687 | 08806.8608 | 16:03:36 | 197.721100 | 353.861691 
 4147.7693 | 08806.8488 | 16:03:37 | 197.731427 | 353.862408 
 4147.7699 | 08806.8368 | 16:03:38 | 197.741754 | 353.863124 
 4147.7705 | 08806.8251 | 16:03:39 | 197.751823 | 353.863840 
 4147.7711 | 08806.8135 | 16:03:40 | 197.761806 | 353.864556 
 4147.7717 | 08806.8019 | 16:03:41 | 197.771788 | 353.865271 
 4147.7723 | 08806.7907 | 16:03:42 | 197.781427 | 353.865986 
 4147.7728 | 08806.7795 | 16:03:43 | 197.791066 | 353.866586 
 4147.7734 | 08806.7682 | 16:03:44 | 197.800790 | 353.867301 
 4147.7740 | 08806.7569 | 16:03:45 | 197.810515 | 353.868016 
 4147.7745 | 08806.7457 | 16:03:46 | 197.820153 | 353.868616 
 4147.7751 | 08806.7344 | 16:03:47 | 197.829878 | 353.869331 
 4147.7756 | 08806.7231 | 16:03:48 | 197.839603 | 353.869931 
 4147.7761 | 08806.7116 | 16:03:49 | 197.849499 | 353.870532 
 4147.7767 | 08806.7000 | 16:03:50 | 197.859482 | 353.871248 
 4147.7773 | 08806.6884 | 16:03:51 | 197.869465 | 353.871964 
 4147.7778 | 08806.6768 | 16:03:52 | 197.879448 | 353.872565 
 4147.7784 | 08806.6653 | 16:03:53 | 197.889344 | 353.873280 
 4147.7789 | 08806.6541 | 16:03:54 | 197.898983 | 353.873880 
 4147.7795 | 08806.6433 | 16:03:55 | 197.908277 | 353.874595 
 4147.7799 | 08806.6335 | 16:03:56 | 197.916711 | 353.875076 
 4147.7803 | 08806.6250 | 16:03:57 | 197.924026 | 353.875556 
 4147.7803 | 08806.6180 | 16:03:58 | 197.930051 | 353.875571 
 4147.7797 | 08806.6126 | 16:03:59 | 197.934701 | 353.874893 
 4147.7788 | 08806.6079 | 16:04:00 | 197.938749 | 353.873868 
 4147.7778 | 08806.6033 | 16:04:01 | 197.942711 | 353.872728 
 4147.7718 | 08806.6056 | 16:04:02 | 197.940750 | 353.865822 
 4147.7678 | 08806.6052 | 16:04:03 | 197.941106 | 353.861222 
 4147.7612 | 08806.6047 | 16:04:04 | 197.941556 | 353.853631 
 4147.7559 | 08806.6046 | 16:04:05 | 197.941658 | 353.847535 
 4147.7505 | 08806.6042 | 16:04:06 | 197.942018 | 353.841325 
 4147.7452 | 08806.6038 | 16:04:07 | 197.942378 | 353.835230 
 4147.7399 | 08806.6031 | 16:04:08 | 197.942997 | 353.829135 
 4147.7344 | 08806.6024 | 16:04:09 | 197.943616 | 353.822810 
 4147.7286 | 08806.6015 | 16:04:10 | 197.944408 | 353.816141 
 4147.7199 | 08806.6036 | 16:04:11 | 197.942626 | 353.806129 
 4147.7125 | 08806.6040 | 16:04:12 | 197.942304 | 353.797617 
 4147.7051 | 08806.6039 | 16:04:13 | 197.942412 | 353.789105 
 4147.6978 | 08806.6036 | 16:04:14 | 197.942692 | 353.780709 
 4147.6907 | 08806.6031 | 16:04:15 | 197.943144 | 353.772544 
 4147.6837 | 08806.6026 | 16:04:16 | 197.943595 | 353.764493 
 4147.6768 | 08806.6020 | 16:04:17 | 197.944132 | 353.756558 
 4147.6700 | 08806.6013 | 16:04:18 | 197.944755 | 353.748738 
 4147.6630 | 08806.6005 | 16:04:19 | 197.945465 | 353.740688 
 4147.6557 | 08806.5998 | 16:04:20 | 197.946089 | 353.732293 
 4147.6483 | 08806.5990 | 16:04:21 | 197.946800 | 353.723783 
 4147.6409 | 08806.5981 | 16:04:22 | 197.947596 | 353.715274 
 4147.6335 | 08806.5971 | 16:04:23 | 197.948479 | 353.706764 
 4147.6262 | 08806.5960 | 16:04:24 | 197.949448 | 353.698370 
 4147.6189 | 08806.5954 | 16:04:25 | 197.949986 | 353.689975 
 4147.6119 | 08806.5949 | 16:04:26 | 197.950438 | 353.681924 
 4147.6047 | 08806.5940 | 16:04:27 | 197.951234 | 353.673645 
 4147.5976 | 08806.5931 | 16:04:28 | 197.952030 | 353.665480 
 4147.5905 | 08806.5922 | 16:04:29 | 197.952826 | 353.657315 
 4147.5846 | 08806.5923 | 16:04:30 | 197.952757 | 353.650529 
 4147.5781 | 08806.5917 | 16:04:31 | 197.953293 | 353.643054 
 4147.5723 | 08806.5899 | 16:04:32 | 197.954860 | 353.636386 
 4147.5686 | 08806.5910 | 16:04:33 | 197.953924 | 353.632128 
 4147.5645 | 08806.5903 | 16:04:34 | 197.954539 | 353.627414 
 4147.5618 | 08806.5900 | 16:04:35 | 197.954805 | 353.624309 
 4147.5598 | 08806.5902 | 16:04:36 | 197.954639 | 353.622008 
 4147.5581 | 08806.5907 | 16:04:37 | 197.954214 | 353.620051 
 4147.5568 | 08806.5915 | 16:04:38 | 197.953529 | 353.618554 
 4147.5556 | 08806.5924 | 16:04:39 | 197.952758 | 353.617172 
 4147.5540 | 08806.5951 | 16:04:40 | 197.950438 | 353.615325 
 4147.5522 | 08806.5976 | 16:04:41 | 197.948292 | 353.613249 
 4147.5507 | 08806.5995 | 16:04:42 | 197.946661 | 353.611520 
 4147.5520 | 08806.6158 | 16:04:43 | 197.932626 | 353.612979 
 4147.5511 | 08806.6222 | 16:04:44 | 197.927120 | 353.611929 
 4147.5500 | 08806.6285 | 16:04:45 | 197.921700 | 353.610650 
 4147.5488 | 08806.6349 | 16:04:46 | 197.916195 | 353.609255 
 4147.5458 | 08806.6861 | 16:04:54 | 197.872132 | 353.605691 
 4147.5407 | 08806.6867 | 16:04:55 | 197.871630 | 353.599823 
 4147.5395 | 08806.6909 | 16:04:56 | 197.868019 | 353.598434 
 4147.5242 | 08806.6680 | 16:04:57 | 197.887776 | 353.580886 
 4147.5240 | 08806.6671 | 16:04:58 | 197.888551 | 353.580658 
 4147.5263 | 08806.6677 | 16:04:59 | 197.888028 | 353.583302 
 4147.5255 | 08806.6672 | 16:05:00 | 197.888461 | 353.582383 
 4147.5251 | 08806.6669 | 16:05:01 | 197.888720 | 353.581924 
 4147.5244 | 08806.6666 | 16:05:02 | 197.888981 | 353.581119 
 4147.5237 | 08806.6663 | 16:05:03 | 197.889241 | 353.580315 
 4147.5230 | 08806.6661 | 16:05:04 | 197.889415 | 353.579510 
 4147.5214 | 08806.6656 | 16:05:06 | 197.889850 | 353.577671 
 4147.5208 | 08806.6654 | 16:05:07 | 197.890024 | 353.576981 
 4147.5199 | 08806.6639 | 16:05:10 | 197.891318 | 353.575949 
 4147.5273 | 08806.6644 | 16:05:11 | 197.890866 | 353.584460 
 4147.5275 | 08806.6651 | 16:05:12 | 197.890263 | 353.584688 
 4147.5275 | 08806.6651 | 16:05:13 | 197.890263 | 353.584688 
 4147.5275 | 08806.6651 | 16:05:14 | 197.890263 | 353.584688 
 4147.5275 | 08806.6651 | 16:05:15 | 197.890263 | 353.584688 
 4147.5275 | 08806.6651 | 16:05:16 | 197.890263 | 353.584688 
 4147.5275 | 08806.6651 | 16:05:17 | 197.890263 | 353.584688 
 4147.5275 | 08806.6651 | 16:05:18 | 197.890263 | 353.584688 
 4147.5275 | 08806.6651 | 16:05:19 | 197.890263 | 353.584688 
 4147.5275 | 08806.6651 | 16:05:20 | 197.890263 | 353.584688 
 4147.5275 | 08806.6651 | 16:05:21 | 197.890263 | 353.584688 
 4147.5275 | 08806.6651 | 16:05:22 | 197.890263 | 353.584688 
 4147.5275