 4147.5440 | 08806.6697 | 11:33:39 | 197.886254 | 353.603657 
 4147.5426 | 08806.6695 | 11:33:42 | 197.886430 | 353.602047 
 4147.5416 | 08806.6676 | 11:33:50 | 197.888069 | 353.600901 
 4147.5417 | 08806.6676 | 11:33:52 | 197.888068 | 353.601016 
 4147.5417 | 08806.6677 | 11:33:54 | 197.887982 | 353.601016 
 4147.5418 | 08806.6677 | 11:33:55 | 197.887982 | 353.601131 
 4147.5570 | 08806.6822 | 11:34:04 | 197.875456 | 353.618582 
 4147.5573 | 08806.6833 | 11:34:05 | 197.874508 | 353.618925 
 4147.5630 | 08806.6932 | 11:34:10 | 197.865969 | 353.625459 
 4147.5683 | 08806.7092 | 11:34:16 | 197.852181 | 353.631520 
 4147.5677 | 08806.7144 | 11:34:17 | 197.847707 | 353.630818 
 4147.5619 | 08806.7481 | 11:34:25 | 197.818716 | 353.624072 
 4147.5598 | 08806.7551 | 11:34:26 | 197.812696 | 353.621641 
 4147.5577 | 08806.7618 | 11:34:27 | 197.806935 | 353.619211 
 4147.5434 | 08806.7985 | 11:34:28 | 197.775387 | 353.602682 
 4147.5426 | 08806.8200 | 11:34:32 | 197.756882 | 353.601714 
 4147.5424 | 08806.8254 | 11:34:33 | 197.752235 | 353.601472 
 4147.5411 | 08806.8641 | 11:34:40 | 197.718926 | 353.599892 
 4147.5393 | 08806.8855 | 11:34:44 | 197.700511 | 353.597775 
 4147.5391 | 08806.8908 | 11:34:45 | 197.695949 | 353.597533 
 4147.5389 | 08806.8956 | 11:34:46 | 197.691818 | 353.597292 
 4147.5394 | 08806.9002 | 11:34:47 | 197.687857 | 353.597857 
 4147.5564 | 08806.8868 | 11:34:49 | 197.699342 | 353.617441 
 4147.5569 | 08806.8879 | 11:34:50 | 197.698394 | 353.618013 
 4147.5577 | 08806.8890 | 11:34:51 | 197.697444 | 353.618931 
 4147.5591 | 08806.8911 | 11:34:53 | 197.695633 | 353.620537 
 4147.5600 | 08806.8921 | 11:34:54 | 197.694769 | 353.621570 
 4147.5621 | 08806.8942 | 11:34:56 | 197.692955 | 353.623981 
 4147.5637 | 08806.8952 | 11:34:57 | 197.692090 | 353.625819 
 4147.5682 | 08806.8951 | 11:34:58 | 197.692163 | 353.630995 
 4147.6152 | 08806.8866 | 11:34:59 | 197.699342 | 353.685075 
 4147.6213 | 08806.8881 | 11:35:00 | 197.698033 | 353.692088 
 4147.6271 | 08806.8879 | 11:35:01 | 197.698188 | 353.698759 
 4147.6315 | 08806.8884 | 11:35:02 | 197.697745 | 353.703819 
 4147.6364 | 08806.8887 | 11:35:03 | 197.697472 | 353.709455 
 4147.6412 | 08806.8891 | 11:35:04 | 197.697114 | 353.714975 
 4147.6456 | 08806.8901 | 11:35:05 | 197.696241 | 353.720034 
 4147.6500 | 08806.8916 | 11:35:06 | 197.694937 | 353.725092 
 4147.6544 | 08806.8935 | 11:35:07 | 197.693288 | 353.730148 
 4147.6589 | 08806.8958 | 11:35:08 | 197.691295 | 353.735319 
 4147.6634 | 08806.8981 | 11:35:09 | 197.689302 | 353.740490 
 4147.6644 | 08806.8996 | 11:35:11 | 197.688008 | 353.741637 
 4147.6672 | 08806.8985 | 11:35:12 | 197.688947 | 353.744860 
 4147.6694 | 08806.8985 | 11:35:13 | 197.688941 | 353.747391 
 4147.6696 | 08806.9176 | 11:35:18 | 197.672500 | 353.747579 
 4147.6713 | 08806.9209 | 11:35:19 | 197.669654 | 353.749527 
 4147.6733 | 08806.9239 | 11:35:20 | 197.667066 | 353.751821 
 4147.6756 | 08806.9267 | 11:35:21 | 197.664649 | 353.754461 
 4147.6778 | 08806.9296 | 11:35:22 | 197.662147 | 353.756985 
 4147.6794 | 08806.9319 | 11:35:23 | 197.660162 | 353.758820 
 4147.6874 | 08806.9298 | 11:35:24 | 197.661947 | 353.768027 
 4147.6913 | 08806.9301 | 11:35:25 | 197.661677 | 353.772512 
 4147.6957 | 08806.9301 | 11:35:26 | 197.661664 | 353.777573 
 4147.7001 | 08806.9304 | 11:35:27 | 197.661393 | 353.782633 
 4147.7021 | 08806.9302 | 11:35:28 | 197.661559 | 353.784934 
 4147.7065 | 08806.9301 | 11:35:29 | 197.661633 | 353.789995 
 4147.7107 | 08806.9301 | 11:35:30 | 197.661620 | 353.794826 
 4147.7149 | 08806.9302 | 11:35:31 | 197.661522 | 353.799657 
 4147.7234 | 08806.9305 | 11:35:33 | 197.661239 | 353.809433 
 4147.7277 | 08806.9308 | 11:35:34 | 197.660968 | 353.814379 
 4147.7333 | 08806.9297 | 11:35:35 | 197.661899 | 353.820822 
 4147.7380 | 08806.9294 | 11:35:36 | 197.662143 | 353.826229 
 4147.7426 | 08806.9293 | 11:35:37 | 197.662216 | 353.831520 
 4147.7467 | 08806.9298 | 11:35:38 | 197.661774 | 353.836235 
 4147.7515 | 08806.9303 | 11:35:39 | 197.661329 | 353.841755 
 4147.7548 | 08806.9310 | 11:35:40 | 197.660717 | 353.845550 
 4147.7584 | 08806.9315 | 11:35:41 | 197.660276 | 353.849689 
 4147.7621 | 08806.9320 | 11:35:42 | 197.659835 | 353.853944 
 4147.7654 | 08806.9321 | 11:35:43 | 197.659740 | 353.857740 
 4147.7681 | 08806.9322 | 11:35:44 | 197.659646 | 353.860845 
 4147.7698 | 08806.9324 | 11:35:45 | 197.659468 | 353.862800 
 4147.7703 | 08806.9325 | 11:35:46 | 197.659381 | 353.863375 
 4147.7708 | 08806.9325 | 11:35:47 | 197.659380 | 353.863950 
 4147.7708 | 08806.9325 | 11:35:48 | 197.659380 | 353.863950 
 4147.7713 | 08806.9324 | 11:35:49 | 197.659464 | 353.864525 
 4147.7715 | 08806.9324 | 11:35:50 | 197.659464 | 353.864755 
 4147.7715 | 08806.9324 | 11:35:51 | 197.659464 | 353.864755 
 4147.7715 | 08806.9324 | 11:35:52 | 197.659464 | 353.864755 
 4147.7715 | 08806.9324 | 11:35:53 | 197.659464 | 353.864755 
 4147.7715 | 08806.9324 | 11:35:54 | 197.659464 | 353.864755 
 4147.7715 | 08806.9324 | 11:35:55 | 197.659464 | 353.864755 
 4147.7715 | 08806.9324 | 11:35:56 | 197.659464 | 353.864755 
 4147.7715 | 08806.9324 | 11:35:57 | 197.659464 | 353.864755 
 4147.7715 | 08806.9324 | 11:35:58 | 197.659464 | 353.864755 
 4147.7718 | 08806.9323 | 11:35:59 | 197.659549 | 353.865101 
 4147.7733 | 08806.9325 | 11:36:00 | 197.659372 | 353.866825 
 4147.7745 | 08806.9334 | 11:36:01 | 197.658594 | 353.868204 
 4147.7758 | 08806.9346 | 11:36:02 | 197.657557 | 353.869696 
 4147.7762 | 08806.9363 | 11:36:03 | 197.656093 | 353.870153 
 4147.7752 | 08806.9511 | 11:36:06 | 197.643357 | 353.868970 
 4147.7745 | 08806.9573 | 11:36:07 | 197.638023 | 353.868152 
 4147.7742 | 08806.9640 | 11:36:08 | 197.632257 | 353.867792 
 4147.7741 | 08806.9709 | 11:36:09 | 197.626318 | 353.867662 
 4147.7743 | 08806.9779 | 11:36:10 | 197.620292 | 353.867877 
 4147.7741 | 08806.9944 | 11:36:12 | 197.606091 | 353.867611 
 4147.7742 | 08807.0034 | 11:36:13 | 197.598344 | 353.867707 
 4147.7742 | 08807.0123 | 11:36:14 | 197.590683 | 353.867687 
 4147.7743 | 08807.0210 | 11:36:15 | 197.583195 | 353.867783 
 4147.7745 | 08807.0301 | 11:36:16 | 197.575361 | 353.867994 
 4147.7745 | 08807.0386 | 11:36:17 | 197.568045 | 353.867975 
 4147.7745 | 08807.0472 | 11:36:18 | 197.560643 | 353.867957 
 4147.7746 | 08807.0554 | 11:36:19 | 197.553585 | 353.868054 
 4147.7746 | 08807.0636 | 11:36:20 | 197.546527 | 353.868036 
 4147.7745 | 08807.0717 | 11:36:21 | 197.539555 | 353.867904 
 4147.7743 | 08807.0785 | 11:36:22 | 197.533703 | 353.867659 
 4147.7741 | 08807.0857 | 11:36:23 | 197.527506 | 353.867414 
 4147.7660 | 08807.0931 | 11:36:24 | 197.521160 | 353.858081 
 4147.7643 | 08807.0998 | 11:36:25 | 197.515398 | 353.856111 
 4147.7635 | 08807.1055 | 11:36:26 | 197.510494 | 353.855178 
 4147.7625 | 08807.1113 | 11:36:27 | 197.505505 | 353.854016 
 4147.7613 | 08807.1169 | 11:36:28 | 197.500688 | 353.852623 
 4147.7608 | 08807.1217 | 11:36:29 | 197.496558 | 353.852038 
 4147.7605 | 08807.1258 | 11:36:30 | 197.493030 | 353.851684 
 4147.7568 | 08807.1349 | 11:36:34 | 197.485208 | 353.847409 
 4147.7557 | 08807.1361 | 11:36:35 | 197.484178 | 353.846141 
 4147.7539 | 08807.1383 | 11:36:37 | 197.482289 | 353.844066 
 4147.7532 | 08807.1392 | 11:36:38 | 197.481517 | 353.843259 
 4147.7525 | 08807.1401 | 11:36:39 | 197.480744 | 353.842452 
 4147.7519 | 08807.1413 | 11:36:40 | 197.479713 | 353.841759 
 4147.7507 | 08807.1433 | 11:36:42 | 197.477995 | 353.840374 
 4147.7501 | 08807.1442 | 11:36:43 | 197.477222 | 353.839682 
 4147.7497 | 08807.1456 | 11:36:44 | 197.476018 | 353.839219 
 4147.7484 | 08807.1423 | 11:36:45 | 197.478862 | 353.837731 
 4147.7478 | 08807.1428 | 11:36:46 | 197.478434 | 353.837040 
 4147.7472 | 08807.1432 | 11:36:47 | 197.478091 | 353.836349 
 4147.7466 | 08807.1436 | 11:36:48 | 197.477748 | 353.835658 
 4147.7460 | 08807.1439 | 11:36:49 | 197.477492 | 353.834967 
 4147.7455 | 08807.1442 | 11:36:50 | 197.477235 | 353.834391 
 4147.7450 | 08807.1444 | 11:36:51 | 197.477064 | 353.833816 
 4147.7445 | 08807.1445 | 11:36:52 | 197.476980 | 353.833240 
 4147.7435 | 08807.1436 | 11:36:53 | 197.477757 | 353.832092 
 4147.7431 | 08807.1435 | 11:36:54 | 197.477845 | 353.831632 
 4147.7424 | 08807.1428 | 11:36:55 | 197.478449 | 353.830829 
 4147.7417 | 08807.1420 | 11:36:56 | 197.479140 | 353.830025 
 4147.7490 | 08807.1406 | 11:36:57 | 197.480324 | 353.838425 
 4147.7503 | 08807.1398 | 11:36:58 | 197.481009 | 353.839922 
 4147.7506 | 08807.1391 | 11:36:59 | 197.481610 | 353.840268 
 4147.7536 | 08807.1473 | 11:37:00 | 197.474544 | 353.843701 
 4147.7549 | 08807.1477 | 11:37:01 | 197.474196 | 353.845196 
 4147.7553 | 08807.1491 | 11:37:02 | 197.472989 | 353.845653 
 4147.7563 | 08807.1493 | 11:37:03 | 197.472814 | 353.846803 
 4147.7532 | 08807.1548 | 11:37:04 | 197.468089 | 353.843225 
 4147.7543 | 08807.1553 | 11:37:05 | 197.467656 | 353.844489 
 4147.7555 | 08807.1559 | 11:37:06 | 197.467136 | 353.845868 
 4147.7564 | 08807.1571 | 11:37:07 | 197.466100 | 353.846901 
 4147.7567 | 08807.1611 | 11:37:08 | 197.462657 | 353.847238 
 4147.7581 | 08807.1619 | 11:37:09 | 197.461964 | 353.848846 
 4147.7590 | 08807.1634 | 11:37:10 | 197.460670 | 353.849878 
 4147.7598 | 08807.1655 | 11:37:11 | 197.458861 | 353.850794 
 4147.7643 | 08807.1685 | 11:37:12 | 197.456265 | 353.855963 
 4147.7649 | 08807.1722 | 11:37:13 | 197.453079 | 353.856646 
 4147.7653 | 08807.1769 | 11:37:14 | 197.449032 | 353.857096 
 4147.7651 | 08807.1824 | 11:37:15 | 197.444299 | 353.856854 
 4147.7492 | 08807.2147 | 11:37:16 | 197.416543 | 353.838496 
 4147.7495 | 08807.2396 | 11:37:17 | 197.395109 | 353.838788 
 4147.7502 | 08807.2464 | 11:37:18 | 197.389254 | 353.839579 
 4147.7538 | 08807.2630 | 11:37:19 | 197.374956 | 353.843684 
 4147.7552 | 08807.2725 | 11:37:20 | 197.366775 | 353.845275 
 4147.7452 | 08807.2946 | 11:37:21 | 197.347781 | 353.833725 
 4147.7438 | 08807.3067 | 11:37:22 | 197.337370 | 353.832089 
 4147.7428 | 08807.3188 | 11:37:23 | 197.326958 | 353.830914 
 4147.7424 | 08807.3302 | 11:37:24 | 197.317147 | 353.830429 
 4147.7411 | 08807.3430 | 11:37:25 | 197.306133 | 353.828907 
 4147.7398 | 08807.3543 | 11:37:26 | 197.296410 | 353.827388 
 4147.7392 | 08807.3658 | 11:37:27 | 197.286514 | 353.826673 
 4147.7385 | 08807.3774 | 11:37:28 | 197.276531 | 353.825844 
 4147.7368 | 08807.3877 | 11:37:29 | 197.267670 | 353.823867 
 4147.7354 | 08807.3983 | 11:37:30 | 197.258550 | 353.822234 
 4147.7339 | 08807.4088 | 11:37:31 | 197.249517 | 353.820487 
 4147.7322 | 08807.4190 | 11:37:32 | 197.240742 | 353.818510 
 4147.7304 | 08807.4293 | 11:37:33 | 197.231881 | 353.816418 
 4147.7285 | 08807.4396 | 11:37:34 | 197.223021 | 353.814211 
 4147.7266 | 08807.4500 | 11:37:35 | 197.214075 | 353.812004 
 4147.7247 | 08807.4603 | 11:37:36 | 197.205214 | 353.809797 
 4147.7229 | 08807.4705 | 11:37:37 | 197.196440 | 353.807705 
 4147.7212 | 08807.4803 | 11:37:38 | 197.188009 | 353.805729 
 4147.7246 | 08807.4784 | 11:37:39 | 197.189635 | 353.809644 
 4147.7236 | 08807.4866 | 11:37:40 | 197.182580 | 353.808476 
 4147.7217 | 08807.4959 | 11:37:41 | 197.174580 | 353.806272 
 4147.7013 | 08807.5078 | 11:37:42 | 197.164394 | 353.782782 
 4147.6953 | 08807.5173 | 11:37:43 | 197.156234 | 353.775861 
 4147.6899 | 08807.5260 | 11:37:44 | 197.148760 | 353.769632 
 4147.6846 | 08807.5347 | 11:37:45 | 197.141287 | 353.763517 
 4147.6781 | 08807.5435 | 11:37:46 | 197.133730 | 353.756022 
 4147.6723 | 08807.5519 | 11:37:47 | 197.126516 | 353.749334 
 4147.6639 | 08807.5583 | 11:37:48 | 197.121030 | 353.739658 
 4147.6566 | 08807.5657 | 11:37:49 | 197.114681 | 353.731246 
 4147.6593 | 08807.5583 | 11:37:50 | 197.121043 | 353.734367 
 4147.6532 | 08807.5645 | 11:37:51 | 197.115723 | 353.727338 
 4147.6470 | 08807.5708 | 11:37:52 | 197.110318 | 353.720194 
 4147.6406 | 08807.5771 | 11:37:53 | 197.104913 | 353.712819 
 4147.6345 | 08807.5834 | 11:37:54 | 197.099507 | 353.705790 
 4147.6282 | 08807.5895 | 11:37:55 | 197.094273 | 353.698531 
 4147.6217 | 08807.5943 | 11:37:56 | 197.090160 | 353.691044 
 4147.6164 | 08807.6021 | 11:37:57 | 197.083460 | 353.684932 
 4147.6105 | 08807.6084 | 11:37:58 | 197.078054 | 353.678132 
 4147.6042 | 08807.6146 | 11:37:59 | 197.072735 | 353.670873 
 4147.5996 | 08807.6193 | 11:38:00 | 197.068702 | 353.665572 
 4147.5938 | 08807.6254 | 11:38:01 | 197.063467 | 353.658888 
 4147.5866 | 08807.6346 | 11:38:02 | 197.055568 | 353.650588 
 4147.5802 | 08807.6415 | 11:38:03 | 197.049646 | 353.643212 
 4147.5736 | 08807.6482 | 11:38:04 | 197.043897 | 353.635607 
 4147.5671 | 08807.6552 | 11:38:05 | 197.037889 | 353.628116 
 4147.5612 | 08807.6628 | 11:38:06 | 197.031364 | 353.621314 
 4147.5550 | 08807.6702 | 11:38:07 | 197.025011 | 353.614167 
 4147.5506 | 08807.6815 | 11:38:08 | 197.015296 | 353.609083 
 4147.5445 | 08807.6889 | 11:38:09 | 197.008943 | 353.602051 
 4147.5406 | 08807.6981 | 11:38:10 | 197.001035 | 353.597547 
 4147.5354 | 08807.7062 | 11:38:11 | 196.994077 | 353.591549 
 4147.5301 | 08807.7144 | 11:38:12 | 196.987033 | 353.585436 
 4147.5248 | 08807.7227 | 11:38:13 | 196.979903 | 353.579323 
 4147.5195 | 08807.7311 | 11:38:14 | 196.972687 | 353.573209 
 4147.5142 | 08807.7394 | 11:38:15 | 196.965557 | 353.567096 
 4147.5095 | 08807.7479 | 11:38:16 | 196.958253 | 353.561673 
 4147.5045 | 08807.7565 | 11:38:17 | 196.950864 | 353.555904 
 4147.4998 | 08807.7653 | 11:38:18 | 196.943302 | 353.550480 
 4147.4947 | 08807.7740 | 11:38:19 | 196.935827 | 353.544596 
 4147.4895 | 08807.7836 | 11:38:20 | 196.927577 | 353.538595 
 4147.4844 | 08807.7925 | 11:38:21 | 196.919930 | 353.532711 
 4147.4797 | 08807.8008 | 11:38:22 | 196.912798 | 353.527288 
 4147.4746 | 08807.8097 | 11:38:23 | 196.905151 | 353.521404 
 4147.4672 | 08807.8227 | 11:38:24 | 196.893981 | 353.512865 
 4147.4602 | 08807.8332 | 11:38:25 | 196.884961 | 353.504792 
 4147.4547 | 08807.8417 | 11:38:26 | 196.877659 | 353.498449 
 4147.4491 | 08807.8501 | 11:38:27 | 196.870444 | 353.491991 
 4147.4434 | 08807.8589 | 11:38:28 | 196.862884 | 353.485417 
 4147.4335 | 08807.8722 | 11:38:29 | 196.851462 | 353.474002 
 4147.4271 | 08807.8809 | 11:38:30 | 196.843990 | 353.466623 
 4147.4205 | 08807.8895 | 11:38:31 | 196.836605 | 353.459014 
 4147.4136 | 08807.8983 | 11:38:32 | 196.829049 | 353.451060 
 4147.4069 | 08807.9069 | 11:38:33 | 196.821664 | 353.443336 
 4147.3994 | 08807.9157 | 11:38:34 | 196.814109 | 353.434692 
 4147.3919 | 08807.9247 | 11:38:35 | 196.806382 | 353.426047 
 4147.3854 | 08807.9327 | 11:38:36 | 196.799513 | 353.418554 
 4147.3787 | 08807.9409 | 11:38:37 | 196.792472 | 353.410831 
 4147.3720 | 08807.9490 | 11:38:38 | 196.785517 | 353.403108 
 4147.3654 | 08807.9570 | 11:38:39 | 196.778649 | 353.395501 
 4147.3583 | 08807.9660 | 11:38:40 | 196.770920 | 353.387316 
 4147.3516 | 08807.9741 | 11:38:41 | 196.763966 | 353.379593 
 4147.3453 | 08807.9817 | 11:38:42 | 196.757440 | 353.372332 
 4147.3388 | 08807.9892 | 11:38:43 | 196.751001 | 353.364840 
 4147.3325 | 08807.9968 | 11:38:44 | 196.744476 | 353.357578 
 4147.3260 | 08808.0048 | 11:38:45 | 196.737607 | 353.350086 
 4147.3198 | 08808.0121 | 11:38:46 | 196.731339 | 353.342940 
 4147.3135 | 08808.0193 | 11:38:47 | 196.725158 | 353.335679 
 4147.3070 | 08808.0267 | 11:38:48 | 196.718805 | 353.328188 
 4147.3048 | 08808.0213 | 11:38:49 | 196.723460 | 353.325668 
 4147.2986 | 08808.0281 | 11:38:50 | 196.717622 | 353.318523 
 4147.2921 | 08808.0353 | 11:38:51 | 196.711442 | 353.311032 
 4147.2855 | 08808.0426 | 11:38:52 | 196.705175 | 353.303426 
 4147.2789 | 08808.0499 | 11:38:53 | 196.698909 | 353.295820 
 4147.2724 | 08808.0569 | 11:38:54 | 196.692900 | 353.288330 
 4147.2659 | 08808.0642 | 11:38:55 | 196.686633 | 353.280839 
 4147.2593 | 08808.0717 | 11:38:56 | 196.680195 | 353.273232 
 4147.2526 | 08808.0794 | 11:38:57 | 196.673584 | 353.265510 
 4147.2458 | 08808.0869 | 11:38:58 | 196.667146 | 353.257674 
 4147.2402 | 08808.0913 | 11:38:59 | 196.663373 | 353.251224 
 4147.2341 | 08808.0986 | 11:39:00 | 196.657105 | 353.244193 
 4147.2278 | 08808.1061 | 11:39:01 | 196.650665 | 353.236932 
 4147.2215 | 08808.1139 | 11:39:02 | 196.643967 | 353.229670 
 4147.2156 | 08808.1215 | 11:39:03 | 196.637440 | 353.222868 
 4147.2098 | 08808.1290 | 11:39:04 | 196.630999 | 353.216182 
 4147.2040 | 08808.1363 | 11:39:05 | 196.624730 | 353.209496 
 4147.1982 | 08808.1439 | 11:39:06 | 196.618203 | 353.202810 
 4147.1927 | 08808.1515 | 11:39:07 | 196.611675 | 353.196469 
 4147.1882 | 08808.1568 | 11:39:08 | 196.607124 | 353.191282 
 4147.1834 | 08808.1645 | 11:39:09 | 196.600508 | 353.185746 
 4147.1790 | 08808.1719 | 11:39:10 | 196.594150 | 353.180670 
 4147.1766 | 08808.1734 | 11:39:11 | 196.592865 | 353.177907 
 4147.1729 | 08808.1799 | 11:39:12 | 196.587279 | 353.173638 
 4147.1694 | 08808.1864 | 11:39:13 | 196.581692 | 353.169600 
 4147.1658 | 08808.1932 | 11:39:14 | 196.575848 | 353.165445 
 4147.1624 | 08808.1997 | 11:39:15 | 196.570261 | 353.161522 
 4147.1599 | 08808.2045 | 11:39:16 | 196.566136 | 353.158637 
 4147.1579 | 08808.2085 | 11:39:17 | 196.562697 | 353.156328 
 4147.1585 | 08808.1985 | 11:39:18 | 196.571305 | 353.157038 
 4147.1640 | 08808.1860 | 11:39:19 | 196.582051 | 353.163389 
 4147.1631 | 08808.1875 | 11:39:20 | 196.580762 | 353.162351 
 4147.1613 | 08808.1915 | 11:39:21 | 196.577323 | 353.160273 
 4147.1592 | 08808.1955 | 11:39:22 | 196.573885 | 353.157849 
 4147.1575 | 08808.1994 | 11:39:23 | 196.570532 | 353.155886 
 4147.1558 | 08808.2054 | 11:39:24 | 196.565372 | 353.153919 
 4147.1541 | 08808.2102 | 11:39:25 | 196.561244 | 353.151954 
 4147.1527 | 08808.2150 | 11:39:26 | 196.557115 | 353.150334 
 4147.1521 | 08808.2210 | 11:39:27 | 196.551952 | 353.149633 
 4147.1516 | 08808.2270 | 11:39:28 | 196.546788 | 353.149046 
 4147.1519 | 08808.2382 | 11:39:29 | 196.537145 | 353.149369 
 4147.1522 | 08808.2464 | 11:39:30 | 196.530085 | 353.149698 
 4147.1528 | 08808.2542 | 11:39:31 | 196.523369 | 353.150373 
 4147.1534 | 08808.2622 | 11:39:32 | 196.516481 | 353.151047 
 4147.1540 | 08808.2702 | 11:39:33 | 196.509592 | 353.151721 
 4147.1568 | 08808.2766 | 11:39:34 | 196.504075 | 353.154930 
 4147.1546 | 08808.2902 | 11:39:35 | 196.492373 | 353.152372 
 4147.1557 | 08808.2988 | 11:39:36 | 196.484967 | 353.153621 
 4147.1563 | 08808.3081 | 11:39:37 | 196.476959 | 353.154293 
 4147.1522 | 08808.3250 | 11:39:38 | 196.462421 | 353.149544 
 4147.1528 | 08808.3347 | 11:39:39 | 196.454069 | 353.150215 
 4147.1538 | 08808.3437 | 11:39:40 | 196.446319 | 353.151348 
 4147.1544 | 08808.3531 | 11:39:41 | 196.438225 | 353.152020 
 4147.1550 | 08808.3625 | 11:39:42 | 196.430131 | 353.152692 
 4147.1556 | 08808.3719 | 11:39:43 | 196.422038 | 353.153364 
 4147.1499 | 08808.3915 | 11:39:44 | 196.405179 | 353.146769 
 4147.1483 | 08808.4040 | 11:39:45 | 196.394423 | 353.144905 
 4147.1472 | 08808.4155 | 11:39:46 | 196.384525 | 353.143617 
 4147.1472 | 08808.4250 | 11:39:47 | 196.376347 | 353.143599 
 4147.1465 | 08808.4339 | 11:39:48 | 196.368687 | 353.142777 
 4147.1465 | 08808.4434 | 11:39:49 | 196.360509 | 353.142758 
 4147.1464 | 08808.4528 | 11:39:50 | 196.352417 | 353.142625 
 4147.1465 | 08808.4622 | 11:39:51 | 196.344325 | 353.142722 
 4147.1467 | 08808.4717 | 11:39:52 | 196.336146 | 353.142934 
 4147.1470 | 08808.4811 | 11:39:53 | 196.328053 | 353.143261 
 4147.1473 | 08808.4905 | 11:39:54 | 196.319960 | 353.143588 
 4147.1476 | 08808.4997 | 11:39:55 | 196.312039 | 353.143915 
 4147.1479 | 08808.5092 | 11:39:56 | 196.303860 | 353.144242 
 4147.1483 | 08808.5185 | 11:39:57 | 196.295853 | 353.144684 
 4147.1489 | 08808.5276 | 11:39:58 | 196.288017 | 353.145357 
 4147.1494 | 08808.5369 | 11:39:59 | 196.280010 | 353.145914 
 4147.1499 | 08808.5464 | 11:40:00 | 196.271831 | 353.146471 
 4147.1504 | 08808.5559 | 11:40:01 | 196.263651 | 353.147028 
 4147.1511 | 08808.5653 | 11:40:02 | 196.255557 | 353.147815 
 4147.1516 | 08808.5751 | 11:40:03 | 196.247119 | 353.148372 
 4147.1522 | 08808.5848 | 11:40:04 | 196.238767 | 353.149044 
 4147.1528 | 08808.5945 | 11:40:05 | 196.230415 | 353.149715 
 4147.1533 | 08808.6041 | 11:40:06 | 196.222150 | 353.150272 
 4147.1542 | 08808.6129 | 11:40:07 | 196.214572 | 353.151291 
 4147.1548 | 08808.6219 | 11:40:08 | 196.206822 | 353.151964 
 4147.1550 | 08808.6313 | 11:40:09 | 196.198730 | 353.152176 
 4147.1552 | 08808.6407 | 11:40:10 | 196.190637 | 353.152388 
 4147.1554 | 08808.6499 | 11:40:11 | 196.182717 | 353.152601 
 4147.1552 | 08808.6594 | 11:40:12 | 196.174539 | 353.152353 
 4147.1549 | 08808.6691 | 11:40:13 | 196.166189 | 353.151989 
 4147.1550 | 08808.6775 | 11:40:14 | 196.158958 | 353.152088 
 4147.1550 | 08808.6864 | 11:40:15 | 196.151296 | 353.152072 
 4147.1550 | 08808.6952 | 11:40:16 | 196.143720 | 353.152055 
 4147.1548 | 08808.7045 | 11:40:17 | 196.135715 | 353.151807 
 4147.1545 | 08808.7135 | 11:40:18 | 196.127968 | 353.151445 
 4147.1541 | 08808.7227 | 11:40:19 | 196.120049 | 353.150968 
 4147.1536 | 08808.7318 | 11:40:20 | 196.112216 | 353.150376 
 4147.1528 | 08808.7412 | 11:40:21 | 196.104126 | 353.149438 
 4147.1522 | 08808.7500 | 11:40:22 | 196.096552 | 353.148731 
 4147.1512 | 08808.7588 | 11:40:23 | 196.088978 | 353.147564 
 4147.1505 | 08808.7671 | 11:40:24 | 196.081835 | 353.146744 
 4147.1498 | 08808.7750 | 11:40:25 | 196.075036 | 353.145924 
 4147.1473 | 08808.7854 | 11:40:26 | 196.066089 | 353.143029 
 4147.1464 | 08808.7927 | 11:40:27 | 196.059807 | 353.141980 
 4147.1499 | 08808.7933 | 11:40:28 | 196.059282 | 353.146004 
 4147.1488 | 08808.7999 | 11:40:29 | 196.053603 | 353.144727 
 4147.1471 | 08808.8068 | 11:40:30 | 196.047667 | 353.142759 
 4147.1454 | 08808.8130 | 11:40:31 | 196.042334 | 353.140792 
 4147.1501 | 08808.8030 | 11:40:32 | 196.050931 | 353.146216 
 4147.1485 | 08808.8077 | 11:40:33 | 196.046889 | 353.144367 
 4147.1469 | 08808.8119 | 11:40:34 | 196.043277 | 353.142519 
 4147.1451 | 08808.8163 | 11:40:35 | 196.039494 | 353.140440 
 4147.1434 | 08808.8205 | 11:40:36 | 196.035882 | 353.138477 
 4147.1546 | 08808.8029 | 11:40:37 | 196.051006 | 353.151393 
 4147.1545 | 08808.8033 | 11:40:38 | 196.050662 | 353.151277 
 4147.1549 | 08808.8003 | 11:40:39 | 196.053243 | 353.151743 
 4147.1547 | 08808.8004 | 11:40:40 | 196.053158 | 353.151512 
 4147.1545 | 08808.8007 | 11:40:41 | 196.052900 | 353.151282 
 4147.1544 | 08808.8009 | 11:40:42 | 196.052728 | 353.151166 
 4147.1537 | 08808.8019 | 11:40:43 | 196.051869 | 353.150359 
 4147.1527 | 08808.8032 | 11:40:44 | 196.050752 | 353.149207 
 4147.1527 | 08808.8032 | 11:40:45 | 196.050752 | 353.149207 
 4147.1526 | 08808.8032 | 11:40:46 | 196.050752 | 353.149092 
 4147.1526 | 08808.8032 | 11:40:47 | 196.050752 | 353.149092 
 4147.1526 | 08808.8032 | 11:40:48 | 196.050752 | 353.149092 
 4147.1526 | 08808.8032 | 11:40:49 | 196.050752 | 353.149092 
 4147.1526 | 08808.8032 | 11:40:50 | 196.050752 | 353.149092 
 4147.1526 | 08808.8032 | 11:40:51 | 196.050752 | 353.149092 
 4147.1526 | 08808.8032 | 11:40:52 | 196.050752 | 353.149092 
 4147.1526 | 08808.8032 | 11:40:53 | 196.050752 | 353.149092 
 4147.1526 | 08808.8032 | 11:40:54 | 196.050752 | 353.149092 
 4147.1526 | 08808.8032 | 11:40:55 | 196.050752 | 353.149092 
 4147.1526 | 08808.8032 | 11:40:56 | 196.050752 | 353.149092 
 4147.1510 | 08808.8063 | 11:40:57 | 196.048088 | 353.147245 
 4147.1513 | 08808.8082 | 11:40:58 | 196.046451 | 353.147587 
 4147.1522 | 08808.8100 | 11:40:59 | 196.044899 | 353.148619 
 4147.1509 | 08808.8161 | 11:41:00 | 196.039651 | 353.147112 
 4147.1513 | 08808.8207 | 11:41:01 | 196.035690 | 353.147564 
 4147.1522 | 08808.8254 | 11:41:02 | 196.031642 | 353.148590 
 4147.1504 | 08808.8349 | 11:41:03 | 196.023468 | 353.146502 
 4147.1508 | 08808.8417 | 11:41:04 | 196.017613 | 353.146949 
 4147.1513 | 08808.8488 | 11:41:05 | 196.011500 | 353.147511 
 4147.1522 | 08808.8561 | 11:41:06 | 196.005213 | 353.148533 
 4147.1532 | 08808.8637 | 11:41:07 | 195.998668 | 353.149669 
 4147.1543 | 08808.8716 | 11:41:08 | 195.991865 | 353.150920 
 4147.1556 | 08808.8796 | 11:41:09 | 195.984975 | 353.152400 
 4147.1572 | 08808.8880 | 11:41:10 | 195.977739 | 353.154225 
 4147.1586 | 08808.8966 | 11:41:11 | 195.970332 | 353.155819 
 4147.1599 | 08808.9056 | 11:41:12 | 195.962581 | 353.157298 
 4147.1610 | 08808.9150 | 11:41:13 | 195.954486 | 353.158546 
 4147.1497 | 08808.9474 | 11:41:14 | 195.926622 | 353.145488 
 4147.1498 | 08808.9587 | 11:41:15 | 195.916894 | 353.145582 
 4147.1477 | 08808.9732 | 11:41:16 | 195.904417 | 353.143140 
 4147.1476 | 08808.9849 | 11:41:17 | 195.894345 | 353.143004 
 4147.1469 | 08808.9965 | 11:41:18 | 195.884360 | 353.142177 
 4147.1456 | 08809.0098 | 11:41:19 | 195.872914 | 353.140658 
 4147.1452 | 08809.0218 | 11:41:20 | 195.862584 | 353.140175 
 4147.1446 | 08809.0334 | 11:41:21 | 195.852600 | 353.139464 
 4147.1443 | 08809.0454 | 11:41:22 | 195.842270 | 353.139097 
 4147.1441 | 08809.0573 | 11:41:23 | 195.832026 | 353.138845 
 4147.1439 | 08809.0694 | 11:41:24 | 195.821610 | 353.138593 
 4147.1500 | 08809.0829 | 11:41:25 | 195.809974 | 353.145585 
 4147.1508 | 08809.0953 | 11:41:26 | 195.799297 | 353.146483 
 4147.1511 | 08809.1076 | 11:41:27 | 195.788707 | 353.146805 
 4147.1516 | 08809.1200 | 11:41:28 | 195.778031 | 353.147358 
 4147.1518 | 08809.1322 | 11:41:29 | 195.767528 | 353.147566 
 4147.1519 | 08809.1445 | 11:41:30 | 195.756939 | 353.147658 
 4147.1520 | 08809.1568 | 11:41:31 | 195.746350 | 353.147751 
 4147.1526 | 08809.1683 | 11:41:32 | 195.736449 | 353.148421 
 4147.1533 | 08809.1797 | 11:41:33 | 195.726633 | 353.149205 
 4147.1531 | 08809.1928 | 11:41:34 | 195.715356 | 353.148951 
 4147.1533 | 08809.2052 | 11:41:35 | 195.704681 | 353.149159 
 4147.1548 | 08809.2161 | 11:41:36 | 195.695294 | 353.150865 
 4147.1554 | 08809.2280 | 11:41:37 | 195.685048 | 353.151534 
 4147.1559 | 08809.2398 | 11:41:38 | 195.674889 | 353.152088 
 4147.1563 | 08809.2518 | 11:41:39 | 195.664558 | 353.152526 
 4147.1563 | 08809.2643 | 11:41:40 | 195.653797 | 353.152504 
 4147.1562 | 08809.2768 | 11:41:41 | 195.643036 | 353.152366 
 4147.1566 | 08809.2888 | 11:41:42 | 195.632705 | 353.152805 
 4147.1570 | 08809.3009 | 11:41:43 | 195.622287 | 353.153243 
 4147.1574 | 08809.3133 | 11:41:44 | 195.611612 | 353.153681 
 4147.1581 | 08809.3254 | 11:41:45 | 195.601193 | 353.154465 
 4147.1582 | 08809.3382 | 11:41:46 | 195.590174 | 353.154557 
 4147.1587 | 08809.3502 | 11:41:47 | 195.579842 | 353.155111 
 4147.1589 | 08809.3629 | 11:41:48 | 195.568909 | 353.155318 
 4147.1594 | 08809.3755 | 11:41:49 | 195.558061 | 353.155871 
 4147.1592 | 08809.3893 | 11:41:50 | 195.546181 | 353.155617 
 4147.1596 | 08809.4021 | 11:41:51 | 195.535161 | 353.156054 
 4147.1605 | 08809.4134 | 11:41:52 | 195.525431 | 353.157069 
 4147.1608 | 08809.4261 | 11:41:53 | 195.514498 | 353.157392 
 4147.1609 | 08809.4386 | 11:41:54 | 195.503736 | 353.157485 
 4147.1611 | 08809.4505 | 11:41:55 | 195.493492 | 353.157694 
 4147.1610 | 08809.4628 | 11:41:56 | 195.482903 | 353.157557 
 4147.1618 | 08809.4732 | 11:41:57 | 195.473948 | 353.158459 
 4147.1618 | 08809.4849 | 11:41:58 | 195.463876 | 353.158439 
 4147.1619 | 08809.4966 | 11:41:59 | 195.453804 | 353.158533 
 4147.1614 | 08809.5091 | 11:42:00 | 195.443044 | 353.157936 
 4147.1616 | 08809.5204 | 11:42:01 | 195.433316 | 353.158147 
 4147.1619 | 08809.5315 | 11:42:02 | 195.423760 | 353.158472 
 4147.1619 | 08809.5430 | 11:42:03 | 195.413860 | 353.158452 
 4147.1618 | 08809.5550 | 11:42:04 | 195.403529 | 353.158316 
 4147.1618 | 08809.5667 | 11:42:05 | 195.393457 | 353.158296 
 4147.1614 | 08809.5789 | 11:42:06 | 195.382956 | 353.157815 
 4147.1612 | 08809.5909 | 11:42:07 | 195.372626 | 353.157564 
 4147.1609 | 08809.6031 | 11:42:08 | 195.362124 | 353.157197 
 4147.1606 | 08809.6151 | 11:42:09 | 195.351794 | 353.156831 
 4147.1602 | 08809.6273 | 11:42:10 | 195.341292 | 353.156350 
 4147.1592 | 08809.6396 | 11:42:11 | 195.330706 | 353.155179 
 4147.1580 | 08809.6520 | 11:42:12 | 195.320034 | 353.153777 
 4147.1539 | 08809.6685 | 11:42:13 | 195.305839 | 353.149033 
 4147.1520 | 08809.6819 | 11:42:14 | 195.294308 | 353.146824 
 4147.1500 | 08809.6949 | 11:42:15 | 195.283121 | 353.144501 
 4147.1478 | 08809.7080 | 11:42:16 | 195.271849 | 353.141948 
 4147.1452 | 08809.7212 | 11:42:17 | 195.260491 | 353.138935 
 4147.1428 | 08809.7342 | 11:42:18 | 195.249305 | 353.136152 
 4147.1399 | 08809.7478 | 11:42:19 | 195.237604 | 353.132793 
 4147.1369 | 08809.7612 | 11:42:20 | 195.226075 | 353.129320 
 4147.1331 | 08809.7735 | 11:42:21 | 195.215495 | 353.124928 
 4147.1296 | 08809.7864 | 11:42:22 | 195.204398 | 353.120880 
 4147.1263 | 08809.7992 | 11:42:23 | 195.193386 | 353.117063 
 4147.1227 | 08809.8118 | 11:42:24 | 195.182548 | 353.112900 
 4147.1184 | 08809.8251 | 11:42:25 | 195.171108 | 353.107932 
 4147.1147 | 08809.8382 | 11:42:26 | 195.159839 | 353.103654 
 4147.1111 | 08809.8512 | 11:42:27 | 195.148655 | 353.099491 
 4147.1075 | 08809.8640 | 11:42:28 | 195.137644 | 353.095328 
 4147.1036 | 08809.8766 | 11:42:29 | 195.126806 | 353.090821 
 4147.0998 | 08809.8889 | 11:42:30 | 195.116226 | 353.086429 
 4147.0960 | 08809.9012 | 11:42:31 | 195.105645 | 353.082038 
 4147.0921 | 08809.9133 | 11:42:32 | 195.095237 | 353.077532 
 4147.0894 | 08809.9234 | 11:42:33 | 195.086549 | 353.074409 
 4147.0863 | 08809.9333 | 11:42:34 | 195.078033 | 353.070827 
 4147.0831 | 08809.9436 | 11:42:35 | 195.069173 | 353.067129 
 4147.0799 | 08809.9539 | 11:42:36 | 195.060313 | 353.063431 
 4147.0764 | 08809.9633 | 11:42:37 | 195.052228 | 353.059389 
 4147.0767 | 08809.9673 | 11:42:38 | 195.048784 | 353.059727 
 4147.0746 | 08809.9752 | 11:42:39 | 195.041988 | 353.057299 
 4147.0728 | 08809.9818 | 11:42:40 | 195.036310 | 353.055217 
 4147.0711 | 08809.9874 | 11:42:41 | 195.031493 | 353.053253 
 4147.0697 | 08809.9925 | 11:42:42 | 195.027106 | 353.051634 
 4147.0685 | 08809.9970 | 11:42:43 | 195.023234 | 353.050246 
 4147.0674 | 08810.0010 | 11:42:44 | 195.019793 | 353.048974 
 4147.0664 | 08810.0044 | 11:42:45 | 195.016868 | 353.047818 
 4147.0655 | 08810.0072 | 11:42:46 | 195.014460 | 353.046778 
 4147.0649 | 08810.0094 | 11:42:47 | 195.012567 | 353.046084 
 4147.0642 | 08810.0111 | 11:42:48 | 195.011105 | 353.045276 
 4147.0637 | 08810.0123 | 11:42:49 | 195.010073 | 353.044699 
 4147.0633 | 08810.0133 | 11:42:50 | 195.009213 | 353.044238 
 4147.0630 | 08810.0140 | 11:42:51 | 195.008611 | 353.043891 
 4147.0632 | 08810.0137 | 11:42:52 | 195.008869 | 353.044122 
 4147.0620 | 08810.0130 | 11:42:53 | 195.009474 | 353.042743 
 4147.0619 | 08810.0131 | 11:42:54 | 195.009389 | 353.042628 
 4147.0619 | 08810.0131 | 11:42:55 | 195.009389 | 353.042628 
 4147.0619 | 08810.0131 | 11:42:56 | 195.009389 | 353.042628 
 4147.0619 | 08810.0131 | 11:42:57 | 195.009389 | 353.042628 
 4147.0619 | 08810.0131 | 11:42:58 | 195.009389 | 353.042628 
 4147.0619 | 08810.0131 | 11:42:59 | 195.009389 | 353.042628 
 4147.0619 | 08810.0131 | 11:43:00 | 195.009389 | 353.042628 
 4147.0619 | 08810.0131 | 11:43:01 | 195.009389 | 353.042628 
 4147.0619 | 08810.0131 | 11:43:02 | 195.009389 | 353.042628 
 4147.0619 | 08810.0131 | 11:43:03 | 195.009389 | 353.042628 
 4147.0619 | 08810.0131 | 11:43:04 | 195.009389 | 353.042628 
 4147.0619 | 08810.0131 | 11:43:05 | 195.009389 | 353.042628 
 4147.0619 | 08810.0131 | 11:43:06 | 195.009389 | 353.042628 
 4147.0619 | 08810.0131 | 11:43:07 | 195.009389 | 353.042628 
 4147.0619 | 08810.0131 | 11:43:08 | 195.009389 | 353.042628 
 4147.0619 | 08810.0131 | 11:43:09 | 195.009389 | 353.042628 
 4147.0619 | 08810.0131 | 11:43:10 | 195.009389 | 353.042628 
 4147.0619 | 08810.0131 | 11:43:11 | 195.009389 | 353.042628 
 4147.0619 | 08810.0131 | 11:43:12 | 195.009389 | 353.042628 
 4147.0619 | 08810.0131 | 11:43:13 | 195.009389 | 353.042628 
 4147.0624 | 08810.0116 | 11:43:14 | 195.010679 | 353.043205 
 4147.0618 | 08810.0135 | 11:43:15 | 195.009044 | 353.042512 
 4147.0611 | 08810.0160 | 11:43:16 | 195.006894 | 353.041703 
 4147.0606 | 08810.0185 | 11:43:17 | 195.004743 | 353.041123 
 4147.0584 | 08810.0245 | 11:43:18 | 194.999582 | 353.038583 
 4147.0569 | 08810.0298 | 11:43:19 | 194.995023 | 353.036849 
 4147.0558 | 08810.0348 | 11:43:20 | 194.990721 | 353.035575 
 4147.0547 | 08810.0398 | 11:43:21 | 194.986419 | 353.034302 
 4147.0509 | 08810.0501 | 11:43:22 | 194.977560 | 353.029914 
 4147.0488 | 08810.0578 | 11:43:23 | 194.970936 | 353.027485 
 4147.0459 | 08810.0669 | 11:43:24 | 194.963108 | 353.024135 
 4147.0434 | 08810.0756 | 11:43:25 | 194.955624 | 353.021245 
 4147.0411 | 08810.0842 | 11:43:26 | 194.948225 | 353.018585 
 4147.0386 | 08810.0934 | 11:43:27 | 194.940311 | 353.015694 
 4147.0348 | 08810.1050 | 11:43:28 | 194.930333 | 353.011304 
 4147.0318 | 08810.1155 | 11:43:29 | 194.921300 | 353.007836 
 4147.0289 | 08810.1259 | 11:43:30 | 194.912353 | 353.004483 
 4147.0261 | 08810.1364 | 11:43:31 | 194.903320 | 353.001245 
 4147.0233 | 08810.1471 | 11:43:32 | 194.894114 | 352.998007 
 4147.0200 | 08810.1609 | 11:43:33 | 194.882241 | 352.994189 
 4147.0160 | 08810.1736 | 11:43:34 | 194.871316 | 352.989567 
 4147.0123 | 08810.1862 | 11:43:35 | 194.860477 | 352.985290 
 4147.0088 | 08810.1984 | 11:43:36 | 194.849982 | 352.981245 
 4147.0049 | 08810.2118 | 11:43:37 | 194.838454 | 352.976737 
 4147.0012 | 08810.2247 | 11:43:38 | 194.827357 | 352.972460 
 4146.9975 | 08810.2377 | 11:43:39 | 194.816173 | 352.968183 
 4146.9935 | 08810.2510 | 11:43:40 | 194.804732 | 352.963560 
 4146.9900 | 08810.2641 | 11:43:41 | 194.793461 | 352.959513 
 4146.9862 | 08810.2772 | 11:43:42 | 194.782192 | 352.955121 
 4146.9827 | 08810.2899 | 11:43:43 | 194.771266 | 352.951075 
 4146.9791 | 08810.3028 | 11:43:44 | 194.760168 | 352.946913 
 4146.9755 | 08810.3160 | 11:43:45 | 194.748812 | 352.942751 
 4146.9717 | 08810.3292 | 11:43:46 | 194.737456 | 352.938359 
 4146.9678 | 08810.3426 | 11:43:47 | 194.725928 | 352.933851 
 4146.9638 | 08810.3559 | 11:43:48 | 194.714487 | 352.929229 
 4146.9561 | 08810.3826 | 11:43:50 | 194.691517 | 352.920329 
 4146.9521 | 08810.3961 | 11:43:51 | 194.679903 | 352.915707 
 4146.9480 | 08810.4100 | 11:43:52 | 194.667945 | 352.910969 
 4146.9440 | 08810.4236 | 11:43:53 | 194.656245 | 352.906346 
 4146.9402 | 08810.4365 | 11:43:54 | 194.645147 | 352.901954 
 4146.9365 | 08810.4492 | 11:43:55 | 194.634222 | 352.897678 
 4146.9325 | 08810.4615 | 11:43:56 | 194.623641 | 352.893058 
 4146.9286 | 08810.4739 | 11:43:57 | 194.612974 | 352.888552 
 4146.9248 | 08810.4861 | 11:43:58 | 194.602479 | 352.884162 
 4146.9217 | 08810.4972 | 11:43:59 | 194.592929 | 352.880579 
 4146.9184 | 08810.5083 | 11:44:00 | 194.583380 | 352.876765 
 4146.9150 | 08810.5192 | 11:44:01 | 194.574003 | 352.872837 
 4146.9117 | 08810.5301 | 11:44:02 | 194.564626 | 352.869024 
 4146.9084 | 08810.5411 | 11:44:03 | 194.555163 | 352.865211 
 4146.9051 | 08810.5521 | 11:44:04 | 194.545699 | 352.861398 
 4146.9019 | 08810.5630 | 11:44:05 | 194.536322 | 352.857700 
 4146.8979 | 08810.5750 | 11:44:06 | 194.525999 | 352.853080 
 4146.8944 | 08810.5864 | 11:44:07 | 194.516192 | 352.849037 
 4146.8909 | 08810.5976 | 11:44:08 | 194.506557 | 352.844993 
 4146.8875 | 08810.6084 | 11:44:09 | 194.497266 | 352.841066 
 4146.8839 | 08810.6195 | 11:44:10 | 194.487718 | 352.836907 
 4146.8803 | 08810.6304 | 11:44:11 | 194.478341 | 352.832750 
 4146.8768 | 08810.6412 | 11:44:12 | 194.469050 | 352.828707 
 4146.8768 | 08810.6489 | 11:44:13 | 194.462421 | 352.828695 
 4146.8785 | 08810.6536 | 11:44:14 | 194.458371 | 352.830643 
 4146.8786 | 08810.6592 | 11:44:15 | 194.453550 | 352.830749 
 4146.8755 | 08810.6689 | 11:44:16 | 194.445205 | 352.827168 
 4146.8726 | 08810.6781 | 11:44:17 | 194.437291 | 352.823819 
 4146.8703 | 08810.6858 | 11:44:18 | 194.430666 | 352.821161 
 4146.8681 | 08810.6934 | 11:44:19 | 194.424128 | 352.818619 
 4146.8647 | 08810.7001 | 11:44:20 | 194.418366 | 352.814698 
 4146.8623 | 08810.7072 | 11:44:21 | 194.412259 | 352.811926 
 4146.8622 | 08810.7114 | 11:44:22 | 194.408643 | 352.811804 
 4146.8602 | 08810.7178 | 11:44:23 | 194.403137 | 352.809494 
 4146.8588 | 08810.7230 | 11:44:24 | 194.398663 | 352.807876 
 4146.8571 | 08810.7281 | 11:44:25 | 194.394276 | 352.805912 
 4146.8554 | 08810.7332 | 11:44:26 | 194.389889 | 352.803949 
 4146.8534 | 08810.7379 | 11:44:27 | 194.385846 | 352.801641 
 4146.8513 | 08810.7425 | 11:44:28 | 194.381891 | 352.799219 
 4146.8491 | 08810.7469 | 11:44:29 | 194.378107 | 352.796682 
 4146.8525 | 08810.7416 | 11:44:30 | 194.382663 | 352.800601 
 4146.8515 | 08810.7439 | 11:44:31 | 194.380685 | 352.799447 
 4146.8492 | 08810.7446 | 11:44:32 | 194.380087 | 352.796800 
 4146.8472 | 08810.7451 | 11:44:33 | 194.379661 | 352.794499 
 4146.8458 | 08810.7467 | 11:44:34 | 194.378286 | 352.792886 
 4146.8458 | 08810.7488 | 11:44:35 | 194.376478 | 352.792883 
 4146.8473 | 08810.7448 | 11:44:36 | 194.379919 | 352.794614 
 4146.8513 | 08810.7388 | 11:44:37 | 194.385076 | 352.799225 
 4146.8562 | 08810.7317 | 11:44:38 | 194.391178 | 352.804872 
 4146.8567 | 08810.7309 | 11:44:39 | 194.391866 | 352.805448 
 4146.8567 | 08810.7309 | 11:44:40 | 194.391866 | 352.805448 
 4146.8567 | 08810.7309 | 11:44:41 | 194.391866 | 352.805448 
 4146.8567 | 08810.7309 | 11:44:42 | 194.391866 | 352.805448 
 4146.8567 | 08810.7309 | 11:44:43 | 194.391866 | 352.805448 
 4146.8570 | 08810.7305 | 11:44:44 | 194.392210 | 352.805794 
 4146.8567 | 08810.7321 | 11:44:45 | 194.390833 | 352.805446 
 4146.8560 | 08810.7339 | 11:44:46 | 194.389285 | 352.804638 
 4146.8554 | 08810.7362 | 11:44:47 | 194.387306 | 352.803945 
 4146.8544 | 08810.7396 | 11:44:48 | 194.384381 | 352.802789 
 4146.8532 | 08810.7436 | 11:44:49 | 194.380940 | 352.801403 
 4146.8518 | 08810.7483 | 11:44:50 | 194.376896 | 352.799785 
 4146.8501 | 08810.7537 | 11:44:51 | 194.372250 | 352.797821 
 4146.8486 | 08810.7595 | 11:44:52 | 194.367260 | 352.796087 
 4146.8471 | 08810.7653 | 11:44:53 | 194.362270 | 352.794353 
 4146.8457 | 08810.7713 | 11:44:54 | 194.357107 | 352.792733 
 4146.8422 | 08810.7817 | 11:44:55 | 194.348161 | 352.788691 
 4146.8398 | 08810.7901 | 11:44:56 | 194.340934 | 352.785918 
 4146.8372 | 08810.7990 | 11:44:57 | 194.333277 | 352.782914 
 4146.8346 | 08810.8082 | 11:44:58 | 194.325361 | 352.779909 
 4146.8323 | 08810.8170 | 11:44:59 | 194.317790 | 352.777250 
 4146.8300 | 08810.8260 | 11:45:00 | 194.310046 | 352.774591 
 4146.8285 | 08810.8355 | 11:45:01 | 194.301870 | 352.772851 
 4146.8271 | 08810.8448 | 11:45:02 | 194.293866 | 352.771226 
 4146.8258 | 08810.8540 | 11:45:03 | 194.285948 | 352.769717 
 4146.8254 | 08810.8625 | 11:45:04 | 194.278631 | 352.769244 
 4146.8239 | 08810.8716 | 11:45:05 | 194.270799 | 352.767505 
 4146.8226 | 08810.8805 | 11:45:06 | 194.263140 | 352.765996 
 4146.8212 | 08810.8895 | 11:45:07 | 194.255394 | 352.764372 
 4146.8202 | 08810.8976 | 11:45:08 | 194.248422 | 352.763209 
 4146.8190 | 08810.9061 | 11:45:09 | 194.241107 | 352.761816 
 4146.8178 | 08810.9148 | 11:45:10 | 194.233619 | 352.760423 
 4146.8168 | 08810.9236 | 11:45:11 | 194.226045 | 352.759259 
 4146.8158 | 08810.9330 | 11:45:12 | 194.217954 | 352.758095 
 4146.8152 | 08810.9421 | 11:45:13 | 194.210121 | 352.757391 
 4146.8142 | 08810.9520 | 11:45:14 | 194.201599 | 352.756226 
 4146.8134 | 08810.9617 | 11:45:15 | 194.193250 | 352.755291 
 4146.8126 | 08810.9715 | 11:45:16 | 194.184814 | 352.754356 
 4146.8118 | 08810.9810 | 11:45:17 | 194.176637 | 352.753421 
 4146.8108 | 08810.9902 | 11:45:18 | 194.168718 | 352.752257 
 4146.8097 | 08810.9987 | 11:45:19 | 194.161402 | 352.750979 
 4146.8025 | 08811.0143 | 11:45:20 | 194.147986 | 352.742674 
 4146.8004 | 08811.0217 | 11:45:21 | 194.141619 | 352.740248 
 4146.7960 | 08811.0278 | 11:45:22 | 194.136376 | 352.735177 
 4146.7914 | 08811.0334 | 11:45:23 | 194.131564 | 352.729878 
 4146.7865 | 08811.0387 | 11:45:24 | 194.127011 | 352.724234 
 4146.7823 | 08811.0420 | 11:45:25 | 194.124178 | 352.719398 
 4146.7729 | 08811.0495 | 11:45:26 | 194.117739 | 352.708575 
 4146.7662 | 08811.0549 | 11:45:27 | 194.113104 | 352.700860 
 4146.7597 | 08811.0608 | 11:45:28 | 194.108037 | 352.693375 
 4146.7532 | 08811.0672 | 11:45:29 | 194.102540 | 352.685889 
 4146.7469 | 08811.0736 | 11:45:30 | 194.097042 | 352.678633 
 4146.7403 | 08811.0808 | 11:45:31 | 194.090856 | 352.671031 
 4146.7334 | 08811.0886 | 11:45:32 | 194.084155 | 352.663083 
 4146.7130 | 08811.1122 | 11:45:35 | 194.063876 | 352.639583 
 4146.7063 | 08811.1201 | 11:45:36 | 194.057088 | 352.631865 
 4146.6998 | 08811.1271 | 11:45:37 | 194.051074 | 352.624378 
 4146.6903 | 08811.1329 | 11:45:38 | 194.046099 | 352.613442 
 4146.6833 | 08811.1394 | 11:45:39 | 194.040517 | 352.605381 
 4146.6753 | 08811.1445 | 11:45:40 | 194.036142 | 352.596172 
 4146.6672 | 08811.1498 | 11:45:41 | 194.031594 | 352.586847 
 4146.6592 | 08811.1548 | 11:45:42 | 194.027305 | 352.577638 
 4146.6513 | 08811.1590 | 11:45:43 | 194.023705 | 352.568545 
 4146.6431 | 08811.1627 | 11:45:44 | 194.020535 | 352.559108 
 4146.6329 | 08811.1686 | 11:45:45 | 194.015476 | 352.547367 
 4146.6242 | 08811.1723 | 11:45:46 | 194.012307 | 352.537354 
 4146.6161 | 08811.1751 | 11:45:47 | 194.009912 | 352.528033 
 4146.6084 | 08811.1772 | 11:45:48 | 194.008119 | 352.519173 
 4146.6011 | 08811.1790 | 11:45:49 | 194.006584 | 352.510774 
 4146.5944 | 08811.1803 | 11:45:50 | 194.005478 | 352.503066 
 4146.5877 | 08811.1814 | 11:45:51 | 194.004544 | 352.495358 
 4146.5814 | 08811.1822 | 11:45:52 | 194.003867 | 352.488110 
 4146.5754 | 08811.1826 | 11:45:53 | 194.003535 | 352.481208 
 4146.5693 | 08811.1832 | 11:45:54 | 194.003030 | 352.474191 
 4146.5632 | 08811.1840 | 11:45:55 | 194.002353 | 352.467173 
 4146.5572 | 08811.1849 | 11:45:56 | 194.001590 | 352.460271 
 4146.5517 | 08811.1852 | 11:45:57 | 194.001343 | 352.453944 
 4146.5461 | 08811.1858 | 11:45:58 | 194.000837 | 352.447502 
 4146.5406 | 08811.1862 | 11:45:59 | 194.000504 | 352.441175 
 4146.5350 | 08811.1868 | 11:46:00 | 193.999998 | 352.434733 
 4146.5294 | 08811.1873 | 11:46:01 | 193.999578 | 352.428291 
 4146.5239 | 08811.1877 | 11:46:02 | 193.999245 | 352.421964 
 4146.5184 | 08811.1880 | 11:46:03 | 193.998997 | 352.415637 
 4146.5129 | 08811.1885 | 11:46:04 | 193.998578 | 352.409310 
 4146.5020 | 08811.1858 | 11:46:05 | 194.000924 | 352.396777 
 4146.4949 | 08811.1854 | 11:46:06 | 194.001282 | 352.388611 
 4146.4902 | 08811.1799 | 11:46:07 | 194.006027 | 352.383213 
 4146.4836 | 08811.1792 | 11:46:08 | 194.006643 | 352.375622 
 4146.4772 | 08811.1782 | 11:46:09 | 194.007516 | 352.368262 
 4146.4709 | 08811.1773 | 11:46:10 | 194.008304 | 352.361017 
 4146.4629 | 08811.1750 | 11:46:11 | 194.010300 | 352.351819 
 4146.4560 | 08811.1737 | 11:46:12 | 194.011433 | 352.343884 
 4146.4488 | 08811.1728 | 11:46:13 | 194.012222 | 352.335604 
 4146.4418 | 08811.1719 | 11:46:14 | 194.013010 | 352.327554 
 4146.4296 | 08811.1789 | 11:46:15 | 194.007007 | 352.313511 
 4146.4222 | 08811.1782 | 11:46:16 | 194.007624 | 352.305000 
 4146.4146 | 08811.1779 | 11:46:17 | 194.007898 | 352.296259 
 4146.4035 | 08811.1842 | 11:46:18 | 194.002495 | 352.283482 
 4146.3943 | 08811.1841 | 11:46:19 | 194.002599 | 352.272900 
 4146.3863 | 08811.1841 | 11:46:20 | 194.002615 | 352.263698 
 4146.3783 | 08811.1842 | 11:46:21 | 194.002544 | 352.254496 
 4146.3698 | 08811.1843 | 11:46:22 | 194.002475 | 352.244719 
 4146.3622 | 08811.1834 | 11:46:23 | 194.003265 | 352.235979 
 4146.3542 | 08811.1835 | 11:46:24 | 194.003195 | 352.226777 
 4146.3465 | 08811.1835 | 11:46:25 | 194.003210 | 352.217920 
 4146.3386 | 08811.1837 | 11:46:26 | 194.003053 | 352.208833 
 4146.3311 | 08811.1834 | 11:46:27 | 194.003326 | 352.200207 
 4146.3232 | 08811.1838 | 11:46:28 | 194.002997 | 352.191120 
 4146.3153 | 08811.1840 | 11:46:29 | 194.002840 | 352.182033 
 4146.3075 | 08811.1841 | 11:46:30 | 194.002770 | 352.173061 
 4146.3012 | 08811.1813 | 11:46:31 | 194.005193 | 352.165818 
 4146.2937 | 08811.1809 | 11:46:32 | 194.005552 | 352.157192 
 4146.2863 | 08811.1809 | 11:46:33 | 194.005567 | 352.148681 
 4146.2790 | 08811.1810 | 11:46:34 | 194.005495 | 352.140284 
 4146.2719 | 08811.1813 | 11:46:35 | 194.005251 | 352.132117 
 4146.2684 | 08811.1925 | 11:46:36 | 193.995614 | 352.128075 
 4146.2826 | 08811.1832 | 11:46:37 | 194.003594 | 352.144421 
 4146.2786 | 08811.1835 | 11:46:38 | 194.003343 | 352.139820 
 4146.2752 | 08811.1836 | 11:46:39 | 194.003264 | 352.135909 
 4146.2720 | 08811.1840 | 11:46:40 | 194.002926 | 352.132228 
 4146.2694 | 08811.1842 | 11:46:41 | 194.002758 | 352.129237 
 4146.2670 | 08811.1844 | 11:46:42 | 194.002591 | 352.126476 
 4146.2670 | 08811.1846 | 11:46:43 | 194.002419 | 352.126476 
 4146.2655 | 08811.1851 | 11:46:44 | 194.001991 | 352.124750 
 4146.2645 | 08811.1845 | 11:46:45 | 194.002510 | 352.123600 
 4146.2635 | 08811.1835 | 11:46:46 | 194.003373 | 352.122452 
 4146.2618 | 08811.1836 | 11:46:47 | 194.003290 | 352.120496 
 4146.2601 | 08811.1835 | 11:46:48 | 194.003379 | 352.118541 
 4146.2585 | 08811.1834 | 11:46:49 | 194.003469 | 352.116701 
 4146.2577 | 08811.1849 | 11:46:50 | 194.002179 | 352.115778 
 4146.2570 | 08811.1851 | 11:46:51 | 194.002008 | 352.114973 
 4146.2566 | 08811.1847 | 11:46:52 | 194.002353 | 352.114513 
 4146.2562 | 08811.1845 | 11:46:53 | 194.002526 | 352.114054 
 4146.2563 | 08811.1848 | 11:46:54 | 194.002268 | 352.114168 
 4146.2564 | 08811.1847 | 11:46:55 | 194.002353 | 352.114283 
 4146.2565 | 08811.1848 | 11:46:56 | 194.002267 | 352.114398 
 4146.2565 | 08811.1848 | 11:46:57 | 194.002267 | 352.114398 
 4146.2565 | 08811.1848 | 11:46:58 | 194.002267 | 352.114398 
 4146.2565 | 08811.1848 | 11:46:59 | 194.002267 | 352.114398 
 4146.2565 | 08811.1848 | 11:47:00 | 194.002267 | 352.114398 
 4146.2565 | 08811.1848 | 11:47:01 | 194.002267 | 352.114398 
 4146.2565 | 08811.1848 | 11:47:02 | 194.002267 | 352.114398 
 4146.2565 | 08811.1848 | 11:47:03 | 194.002267 | 352.114398 
 4146.2565 | 08811.1848 | 11:47:04 | 194.002267 | 352.114398 
 4146.2565 | 08811.1848 | 11:47:05 | 194.002267 | 352.114398 
 4146.2565 | 08811.1848 | 11:47:06 | 194.002267 | 352.114398 
 4146.2565 | 08811.1848 | 11:47:07 | 194.002267 | 352.114398 
 4146.2565 | 08811.1848 | 11:47:08 | 194.002267 | 352.114398 
 4146.2565 | 08811.1848 | 11:47:09 | 194.002267 | 352.114398 
 4146.2565 | 08811.1848 | 11:47:10 | 194.002267 | 352.114398 
 4146.2565 | 08811.1848 | 11:47:11 | 194.002267 | 352.114398 
 4146.2565 | 08811.1848 | 11:47:12 | 194.002267 | 352.114398 
 4146.2550 | 08811.1900 | 11:47:13 | 193.997793 | 352.112665 
 4146.2546 | 08811.1900 | 11:47:14 | 193.997793 | 352.112205 
 4146.2539 | 08811.1904 | 11:47:15 | 193.997450 | 352.111399 
 4146.2540 | 08811.1901 | 11:47:16 | 193.997708 | 352.111515 
 4146.2570 | 08811.1854 | 11:47:17 | 194.001750 | 352.114972 
 4146.2571 | 08811.1852 | 11:47:18 | 194.001922 | 352.115088 
 4146.2550 | 08811.1841 | 11:47:19 | 194.002873 | 352.112674 
 4146.2545 | 08811.1830 | 11:47:20 | 194.003821 | 352.112100 
 4146.2542 | 08811.1826 | 11:47:21 | 194.004166 | 352.111756 
 4146.2532 | 08811.1837 | 11:47:22 | 194.003221 | 352.110604 
 4146.2527 | 08811.1837 | 11:47:23 | 194.003222 | 352.110029 
 4146.2526 | 08811.1831 | 11:47:24 | 194.003739 | 352.109915 
 4146.2514 | 08811.1847 | 11:47:25 | 194.002363 | 352.108532 
 4146.2500 | 08811.1872 | 11:47:26 | 194.000213 | 352.106918 
 4146.2483 | 08811.1895 | 11:47:27 | 193.998236 | 352.104959 
 4146.2186 | 08811.2439 | 11:47:28 | 193.951452 | 352.070718 
 4146.2166 | 08811.2490 | 11:47:29 | 193.947064 | 352.068410 
 4146.2116 | 08811.2420 | 11:47:30 | 193.953102 | 352.062669 
 4146.2108 | 08811.2453 | 11:47:31 | 193.950262 | 352.061744 
 4146.2087 | 08811.2488 | 11:47:32 | 193.947252 | 352.059324 
 4146.2065 | 08811.2523 | 11:47:33 | 193.944242 | 352.056788 
 4146.2045 | 08811.2556 | 11:47:34 | 193.941405 | 352.054483 
 4146.2024 | 08811.2586 | 11:47:35 | 193.938826 | 352.052063 
 4146.1984 | 08811.2571 | 11:47:36 | 193.940125 | 352.047464 
 4146.1952 | 08811.2579 | 11:47:37 | 193.939442 | 352.043782 
 4146.2184 | 08811.1961 | 11:47:38 | 193.992612 | 352.070558 
 4146.2150 | 08811.1856 | 11:47:39 | 194.001660 | 352.066663 
 4146.2122 | 08811.1777 | 11:47:40 | 194.008468 | 352.063454 
 4146.2090 | 08811.1697 | 11:47:41 | 194.015363 | 352.059785 
 4146.2057 | 08811.1622 | 11:47:42 | 194.021827 | 352.056000 
 4146.2021 | 08811.1544 | 11:47:43 | 194.028551 | 352.051871 
 4146.1980 | 08811.1475 | 11:47:44 | 194.034500 | 352.047165 
 4146.1942 | 08811.1399 | 11:47:45 | 194.041052 | 352.042805 
 4146.1902 | 08811.1330 | 11:47:46 | 194.047002 | 352.038215 
 4146.1866 | 08811.1262 | 11:47:47 | 194.052864 | 352.034084 
 4146.1828 | 08811.1200 | 11:47:48 | 194.058210 | 352.029722 
 4146.1792 | 08811.1140 | 11:47:49 | 194.063384 | 352.025590 
 4146.1753 | 08811.1092 | 11:47:50 | 194.067525 | 352.021112 
 4146.1714 | 08811.1047 | 11:47:51 | 194.071407 | 352.016633 
 4146.1673 | 08811.1004 | 11:47:52 | 194.075118 | 352.011923 
 4146.1622 | 08811.0961 | 11:47:53 | 194.078831 | 352.006063 
 4146.1556 | 08811.0924 | 11:47:54 | 194.082030 | 351.998477 
 4146.1350 | 08811.1275 | 11:47:55 | 194.051847 | 351.974731 
 4146.1286 | 08811.1259 | 11:47:56 | 194.053237 | 351.967372 
 4146.1222 | 08811.1240 | 11:47:57 | 194.054886 | 351.960013 
 4146.1157 | 08811.1226 | 11:47:58 | 194.056104 | 351.952539 
 4146.1089 | 08811.1218 | 11:47:59 | 194.056807 | 351.944718 
 4146.1017 | 08811.1227 | 11:48:00 | 194.056046 | 351.936435 
 4146.0945 | 08811.1228 | 11:48:01 | 194.055974 | 351.928154 
 4146.0832 | 08811.1855 | 11:48:02 | 194.002005 | 351.915063 
 4146.0759 | 08811.1873 | 11:48:03 | 194.000469 | 351.906664 
 4146.0687 | 08811.1876 | 11:48:04 | 194.000225 | 351.898382 
 4146.0616 | 08811.1879 | 11:48:05 | 193.999981 | 351.890215 
 4146.0546 | 08811.1882 | 11:48:06 | 193.999736 | 351.882163 
 4146.0477 | 08811.1883 | 11:48:07 | 193.999663 | 351.874226 
 4146.0408 | 08811.1885 | 11:48:08 | 193.999505 | 351.866290 
 4146.0341 | 08811.1889 | 11:48:09 | 193.999174 | 351.858582 
 4146.0273 | 08811.1893 | 11:48:10 | 193.998842 | 351.850760 
 4146.0259 | 08811.1931 | 11:48:11 | 193.995573 | 351.849144 
 4146.0222 | 08811.1949 | 11:48:12 | 193.994030 | 351.844886 
 4146.0175 | 08811.1970 | 11:48:13 | 193.992231 | 351.839477 
 4146.0131 | 08811.1974 | 11:48:14 | 193.991895 | 351.834415 
 4146.0087 | 08811.1985 | 11:48:15 | 193.990957 | 351.829353 
 4146.0043 | 08811.1993 | 11:48:16 | 193.990276 | 351.824291 
 4146.0006 | 08811.2021 | 11:48:17 | 193.987872 | 351.820031 
 4146.0067 | 08811.1985 | 11:48:18 | 193.990961 | 351.827052 
 4146.0128 | 08811.1906 | 11:48:19 | 193.997751 | 351.834080 
 4146.0109 | 08811.1914 | 11:48:20 | 193.997066 | 351.831894 
 4146.0092 | 08811.1921 | 11:48:21 | 193.996467 | 351.829937 
 4146.0073 | 08811.1929 | 11:48:22 | 193.995782 | 351.827751 
 4146.0058 | 08811.1935 | 11:48:23 | 193.995268 | 351.826024 
 4146.0043 | 08811.1941 | 11:48:24 | 193.994754 | 351.824298 
 4146.0033 | 08811.1945 | 11:48:25 | 193.994412 | 351.823147 
 4146.0020 | 08811.1948 | 11:48:26 | 193.994156 | 351.821652 
 4146.0009 | 08811.1956 | 11:48:27 | 193.993469 | 351.820385 
 4146.0007 | 08811.1957 | 11:48:28 | 193.993383 | 351.820155 
 4146.0002 | 08811.1957 | 11:48:29 | 193.993384 | 351.819580 
 4146.0008 | 08811.1951 | 11:48:30 | 193.993900 | 351.820271 
 4146.0226 | 08811.1833 | 11:48:31 | 194.004018 | 351.845363 
 4146.0232 | 08811.1830 | 11:48:32 | 194.004276 | 351.846054 
 4146.0235 | 08811.1829 | 11:48:33 | 194.004361 | 351.846399 
 4146.0237 | 08811.1829 | 11:48:34 | 194.004361 | 351.846629 
 4146.0239 | 08811.1827 | 11:48:35 | 194.004532 | 351.846859 
 4146.0236 | 08811.1822 | 11:48:36 | 194.004964 | 351.846515 
 4146.0238 | 08811.1817 | 11:48:37 | 194.005394 | 351.846746 
 4146.0239 | 08811.1814 | 11:48:38 | 194.005652 | 351.846861 
 4146.0239 | 08811.1815 | 11:48:39 | 194.005566 | 351.846861 
 4146.0246 | 08811.1795 | 11:48:40 | 194.007287 | 351.847669 
 4146.0247 | 08811.1791 | 11:48:41 | 194.007631 | 351.847785 
 4146.0252 | 08811.1785 | 11:48:42 | 194.008147 | 351.848361 
 4146.0256 | 08811.1781 | 11:48:43 | 194.008490 | 351.848821 
 4146.0259 | 08811.1780 | 11:48:44 | 194.008576 | 351.849167 
 4146.0262 | 08811.1776 | 11:48:45 | 194.008920 | 351.849512 
 4146.0264 | 08811.1774 | 11:48:46 | 194.009092 | 351.849743 
 4146.0268 | 08811.1770 | 11:48:47 | 194.009435 | 351.850203 
 4146.0271 | 08811.1763 | 11:48:48 | 194.010037 | 351.850549 
 4146.0271 | 08811.1756 | 11:48:49 | 194.010640 | 351.850550 
 4146.0271 | 08811.1753 | 11:48:50 | 194.010898 | 351.850551 
 4146.0270 | 08811.1754 | 11:48:51 | 194.010813 | 351.850436 
 4146.0269 | 08811.1755 | 11:48:52 | 194.010727 | 351.850321 
 4146.0268 | 08811.1755 | 11:48:53 | 194.010727 | 351.850206 
 4146.0267 | 08811.1756 | 11:48:54 | 194.010641 | 351.850090 
 4146.0266 | 08811.1758 | 11:48:55 | 194.010469 | 351.849975 
 4146.0272 | 08811.1772 | 11:48:56 | 194.009262 | 351.850663 
 4146.0272 | 08811.1785 | 11:48:57 | 194.008143 | 351.850661 
 4146.0269 | 08811.1792 | 11:48:58 | 194.007541 | 351.850315 
 4146.0266 | 08811.1802 | 11:48:59 | 194.006680 | 351.849969 
 4146.0261 | 08811.1808 | 11:49:00 | 194.006164 | 351.849393 
 4146.0256 | 08811.1813 | 11:49:01 | 194.005735 | 351.848817 
 4146.0260 | 08811.1808 | 11:49:02 | 194.006164 | 351.849278 
 4146.0263 | 08811.1806 | 11:49:03 | 194.006336 | 351.849623 
 4146.0253 | 08811.1809 | 11:49:04 | 194.006080 | 351.848472 
 4146.0254 | 08811.1809 | 11:49:05 | 194.006080 | 351.848587 
 4146.0244 | 08811.1812 | 11:49:06 | 194.005823 | 351.847437 
 4146.0244 | 08811.1812 | 11:49:07 | 194.005823 | 351.847437 
 4146.0244 | 08811.1812 | 11:49:08 | 194.005823 | 351.847437 
 4146.0215 | 08811.1818 | 11:49:09 | 194.005312 | 351.844100 
 4146.0210 | 08811.1794 | 11:49:10 | 194.007380 | 351.843529 
 4146.0203 | 08811.1792 | 11:49:11 | 194.007553 | 351.842724 
 4146.0196 | 08811.1778 | 11:49:12 | 194.008760 | 351.841921 
 4146.0007 | 08811.1805 | 11:49:13 | 194.006473 | 351.820177 
 4145.9930 | 08811.1786 | 11:49:14 | 194.008124 | 351.811323 
 4145.9873 | 08811.1784 | 11:49:15 | 194.008307 | 351.804767 
 4145.9773 | 08811.1851 | 11:49:16 | 194.002557 | 351.793255 
 4145.9690 | 08811.1897 | 11:49:17 | 193.998612 | 351.783702 
 4145.9638 | 08811.1898 | 11:49:18 | 193.998537 | 351.777720 
 4145.9579 | 08811.1909 | 11:49:19 | 193.997601 | 351.770933 
 4145.9523 | 08811.1910 | 11:49:20 | 193.997526 | 351.764491 
 4145.9470 | 08811.1907 | 11:49:21 | 193.997795 | 351.758395 
 4145.9425 | 08811.1892 | 11:49:22 | 193.999095 | 351.753222 
 4145.9379 | 08811.1878 | 11:49:23 | 194.000310 | 351.747933 
 4145.9330 | 08811.1870 | 11:49:24 | 194.001008 | 351.742298 
 4145.9319 | 08811.1907 | 11:49:25 | 193.997824 | 351.741027 
 4145.9286 | 08811.1909 | 11:49:26 | 193.997658 | 351.737231 
 4145.9253 | 08811.1910 | 11:49:27 | 193.997579 | 351.733435 
 4145.9221 | 08811.1911 | 11:49:28 | 193.997499 | 351.729754 
 4145.9193 | 08811.1912 | 11:49:29 | 193.997418 | 351.726534 
 4145.9170 | 08811.1908 | 11:49:30 | 193.997767 | 351.723889 
 4145.9146 | 08811.1907 | 11:49:31 | 193.997858 | 351.721128 
 4145.9122 | 08811.1906 | 11:49:32 | 193.997949 | 351.718368 
 4145.9099 | 08811.1905 | 11:49:33 | 193.998040 | 351.715722 
 4145.9123 | 08811.1918 | 11:49:34 | 193.996915 | 351.718481 
 4145.9121 | 08811.1916 | 11:49:35 | 193.997088 | 351.718251 
 4145.9120 | 08811.1911 | 11:49:36 | 193.997519 | 351.718137 
 4145.9127 | 08811.1915 | 11:49:37 | 193.997173 | 351.718942 
 4145.9129 | 08811.1924 | 11:49:38 | 193.996398 | 351.719170 
 4145.9128 | 08811.1925 | 11:49:39 | 193.996312 | 351.719055 
 4145.9128 | 08811.1925 | 11:49:40 | 193.996312 | 351.719055 
 4145.9128 | 08811.1925 | 11:49:41 | 193.996312 | 351.719055 
 4145.9128 | 08811.1925 | 11:49:42 | 193.996312 | 351.719055 
 4145.9128 | 08811.1925 | 11:49:43 | 193.996312 | 351.719055 
 4145.9128 | 08811.1925 | 11:49:44 | 193.996312 | 351.719055 
 4145.9128 | 08811.1925 | 11:49:45 | 193.996312 | 351.719055 
 4145.9128 | 08811.1925 | 11:49:46 | 193.996312 | 351.719055 
 4145.9166 | 08811.1887 | 11:49:47 | 193.999576 | 351.723432 
 4145.9171 | 08811.1882 | 11:49:48 | 194.000006 | 351.724007 
 4145.9172 | 08811.1880 | 11:49:49 | 194.000178 | 351.724123 
 4145.9168 | 08811.1879 | 11:49:50 | 194.000265 | 351.723663 
 4145.9141 | 08811.1922 | 11:49:51 | 193.996567 | 351.720551 
 4145.9137 | 08811.1921 | 11:49:52 | 193.996654 | 351.720091 
 4145.9133 | 08811.1921 | 11:49:53 | 193.996655 | 351.719631 
 4145.9133 | 08811.1921 | 11:49:54 | 193.996655 | 351.719631 
 4145.9133 | 08811.1921 | 11:49:55 | 193.996655 | 351.719631 
 4145.9133 | 08811.1921 | 11:49:56 | 193.996655 | 351.719631 
 4145.9133 | 08811.1921 | 11:49:57 | 193.996655 | 351.719631 
 4145.9133 | 08811.1921 | 11:49:58 | 193.996655 | 351.719631 
 4145.9133 | 08811.1921 | 11:49:59 | 193.996655 | 351.719631 
 4145.9133 | 08811.1921 | 11:50:00 | 193.996655 | 351.719631 
 4145.9133 | 08811.1921 | 11:50:01 | 193.996655 | 351.719631 
 4145.9133 | 08811.1921 | 11:50:02 | 193.996655 | 351.719631 
 4145.9133 | 08811.1921 | 11:50:03 | 193.996655 | 351.719631 
 4145.9133 | 08811.1921 | 11:50:04 | 193.996655 | 351.719631 
 4145.9133 | 08811.1921 | 11:50:05 | 193.996655 | 351.719631 
 4145.9133 | 08811.1921 | 11:50:06 | 193.996655 | 351.719631 
 4145.9133 | 08811.1921 | 11:50:07 | 193.996655 | 351.719631 
 4145.9133 | 08811.1921 | 11:50:08 | 193.996655 | 351.719631 
 4145.9133 | 08811.1921 | 11:50:09 | 193.996655 | 351.719631 
 4145.9133 | 08811.1921 | 11:50:10 | 193.996655 | 351.719631 
 4145.9133 | 08811.1921 | 11:50:11 | 193.996655 | 351.719631 
 4145.9133 | 08811.1921 | 11:50:12 | 193.996655 | 351.719631 
 4145.9133 | 08811.1921 | 11:50:13 | 193.996655 | 351.719631 
 4145.9133 | 08811.1921 | 11:50:14 | 193.996655 | 351.719631 
 4145.9133 | 08811.1921 | 11:50:15 | 193.996655 | 351.719631 
 4145.9133 | 08811.1921 | 11:50:16 | 193.996655 | 351.719631 
 4145.9133 | 08811.1921 | 11:50:17 | 193.996655 | 351.719631 
 4145.9133 | 08811.1921 | 11:50:18 | 193.996655 | 351.719631 
 4145.9133 | 08811.1921 | 11:50:19 | 193.996655 | 351.719631 
 4145.9133 | 08811.1921 | 11:50:20 | 193.996655 | 351.719631 
 4145.9133 | 08811.1921 | 11:50:21 | 193.996655 | 351.719631 
 4145.9133 | 08811.1921 | 11:50:22 | 193.996655 | 351.719631 
 4145.9133 | 08811.1921 | 11:50:23 | 193.996655 | 351.719631 
 4145.9133 | 08811.1921 | 11:50:24 | 193.996655 | 351.719631 
 4145.9133 | 08811.1921 | 11:50:25 | 193.996655 | 351.719631 
 4145.9133 | 08811.1921 | 11:50:26 | 193.996655 | 351.719631 
 4145.9133 | 08811.1921 | 11:50:27 | 193.996655 | 351.719631 
 4145.9133 | 08811.1921 | 11:50:28 | 193.996655 | 351.719631 
 4145.9133 | 08811.1921 | 11:50:29 | 193.996655 | 351.719631 
 4145.9133 | 08811.1921 | 11:50:30 | 193.996655 | 351.719631 
 4145.9133 | 08811.1921 | 11:50:31 | 193.996655 | 351.719631 
 4145.9133 | 08811.1921 | 11:50:32 | 193.996655 | 351.719631 
 4145.9133 | 08811.1921 | 11:50:33 | 193.996655 | 351.719631 
 4145.9133 | 08811.1921 | 11:50:34 | 193.996655 | 351.719631 
 4145.9133 | 08811.1921 | 11:50:35 | 193.996655 | 351.719631 
 4145.9133 | 08811.1921 | 11:50:36 | 193.996655 | 351.719631 
 4145.9133 | 08811.1921 | 11:50:37 | 193.996655 | 351.719631 
 4145.9133 | 08811.1921 | 11:50:38 | 193.996655 | 351.719631 
 4145.9133 | 08811.1921 | 11:50:39 | 193.996655 | 351.719631 
 4145.9133 | 08811.1921 | 11:50:40 | 193.996655 | 351.719631 
 4145.9133 | 08811.1921 | 11:50:41 | 193.996655 | 351.719631 
 4145.9133 | 08811.1921 | 11:50:42 | 193.996655 | 351.719631 
 4145.9133 | 08811.1921 | 11:50:43 | 193.996655 | 351.719631 
 4145.9133 | 08811.1921 | 11:50:44 | 193.996655 | 351.719631 
 4145.9095 | 08811.1884 | 11:50:45 | 193.999849 | 351.715265 
 4145.9075 | 08811.1860 | 11:50:46 | 194.001919 | 351.712969 
 4145.8986 | 08811.1935 | 11:50:47 | 193.995478 | 351.702721 
 4145.8878 | 08811.2042 | 11:50:48 | 193.986285 | 351.690282 
 4145.8872 | 08811.2022 | 11:50:49 | 193.988009 | 351.689595 
 4145.8838 | 08811.2076 | 11:50:50 | 193.983365 | 351.685677 
 4145.8822 | 08811.2120 | 11:50:51 | 193.979579 | 351.683830 
 4145.8866 | 08811.2119 | 11:50:52 | 193.979657 | 351.688891 
 4145.8879 | 08811.2179 | 11:50:53 | 193.974487 | 351.690377 
 4145.8867 | 08811.2255 | 11:50:54 | 193.967945 | 351.688986 
 4145.8858 | 08811.2333 | 11:50:55 | 193.961230 | 351.687939 
 4145.8858 | 08811.2405 | 11:50:56 | 193.955029 | 351.687929 
 4145.8851 | 08811.2482 | 11:50:57 | 193.948400 | 351.687112 
 4145.8831 | 08811.2604 | 11:50:58 | 193.937898 | 351.684794 
 4145.8797 | 08811.2741 | 11:50:59 | 193.926106 | 351.680863 
 4145.8780 | 08811.2849 | 11:51:00 | 193.916809 | 351.678892 
 4145.8750 | 08811.3006 | 11:51:01 | 193.903295 | 351.675419 
 4145.8730 | 08811.3130 | 11:51:02 | 193.892621 | 351.673100 
 4145.8713 | 08811.3249 | 11:51:03 | 193.882376 | 351.671128 
 4145.8693 | 08811.3377 | 11:51:04 | 193.871357 | 351.668809 
 4145.8669 | 08811.3508 | 11:51:05 | 193.860081 | 351.666029 
 4145.8642 | 08811.3646 | 11:51:06 | 193.848202 | 351.662904 
 4145.8618 | 08811.3775 | 11:51:07 | 193.837098 | 351.660125 
 4145.8596 | 08811.3900 | 11:51:08 | 193.826337 | 351.657576 
 4145.8574 | 08811.4023 | 11:51:09 | 193.815749 | 351.655028 
 4145.8550 | 08811.4150 | 11:51:10 | 193.804817 | 351.652249 
 4145.8524 | 08811.4280 | 11:51:11 | 193.793627 | 351.649240 
 4145.8503 | 08811.4405 | 11:51:12 | 193.782867 | 351.646807 
 4145.8482 | 08811.4531 | 11:51:13 | 193.772020 | 351.644373 
 4145.8461 | 08811.4658 | 11:51:14 | 193.761087 | 351.641940 
 4145.8436 | 08811.4787 | 11:51:15 | 193.749983 | 351.639046 
 4145.8413 | 08811.4913 | 11:51:16 | 193.739137 | 351.636383 
 4145.8390 | 08811.5039 | 11:51:17 | 193.728291 | 351.633719 
 4145.8368 | 08811.5162 | 11:51:18 | 193.717702 | 351.631171 
 4145.8350 | 08811.5278 | 11:51:19 | 193.707716 | 351.629084 
 4145.8330 | 08811.5400 | 11:51:20 | 193.697214 | 351.626767 
 4145.8313 | 08811.5522 | 11:51:21 | 193.686711 | 351.624794 
 4145.8294 | 08811.5643 | 11:51:22 | 193.676294 | 351.622592 
 4145.8276 | 08811.5764 | 11:51:23 | 193.665878 | 351.620504 
 4145.8257 | 08811.5886 | 11:51:24 | 193.655375 | 351.618302 
 4145.8240 | 08811.6007 | 11:51:25 | 193.644958 | 351.616329 
 4145.8218 | 08811.6138 | 11:51:26 | 193.633681 | 351.613781 
 4145.8200 | 08811.6261 | 11:51:27 | 193.623092 | 351.611693 
 4145.8180 | 08811.6387 | 11:51:28 | 193.612245 | 351.609375 
 4145.8161 | 08811.6510 | 11:51:29 | 193.601656 | 351.607172 
 4145.8141 | 08811.6632 | 11:51:30 | 193.591154 | 351.604855 
 4145.8122 | 08811.6715 | 11:51:31 | 193.584010 | 351.602658 
 4145.8108 | 08811.6813 | 11:51:32 | 193.575573 | 351.601034 
 4145.8089 | 08811.6917 | 11:51:33 | 193.566620 | 351.598834 
 4145.8072 | 08811.7011 | 11:51:34 | 193.558528 | 351.596866 
 4145.8052 | 08811.7109 | 11:51:35 | 193.550093 | 351.594552 
 4145.8031 | 08811.7206 | 11:51:36 | 193.541743 | 351.592123 
 4145.8008 | 08811.7301 | 11:51:37 | 193.533566 | 351.589464 
 4145.7985 | 08811.7392 | 11:51:38 | 193.525734 | 351.586806 
 4145.8025 | 08811.7335 | 11:51:39 | 193.530635 | 351.591415 
 4145.8029 | 08811.7367 | 11:51:40 | 193.527879 | 351.591871 
 4145.8021 | 08811.7409 | 11:51:41 | 193.524263 | 351.590945 
 4145.8020 | 08811.7430 | 11:51:42 | 193.522455 | 351.590827 
 4145.8014 | 08811.7450 | 11:51:43 | 193.520734 | 351.590134 
 4145.8008 | 08811.7466 | 11:51:44 | 193.519357 | 351.589442 
 4145.8004 | 08811.7472 | 11:51:45 | 193.518841 | 351.588981 
 4145.8000 | 08811.7476 | 11:51:46 | 193.518497 | 351.588520 
 4145.7997 | 08811.7478 | 11:51:47 | 193.518326 | 351.588175 
 4145.7994 | 08811.7484 | 11:51:48 | 193.517809 | 351.587829 
 4145.7990 | 08811.7490 | 11:51:49 | 193.517293 | 351.587368 
 4145.7990 | 08811.7487 | 11:51:50 | 193.517552 | 351.587368 
 4145.7989 | 08811.7487 | 11:51:51 | 193.517552 | 351.587253 
 4145.7984 | 08811.7493 | 11:51:52 | 193.517036 | 351.586677 
 4145.7980 | 08811.7501 | 11:51:53 | 193.516348 | 351.586216 
 4145.7975 | 08811.7510 | 11:51:54 | 193.515574 | 351.585640 
 4145.7972 | 08811.7514 | 11:51:55 | 193.515230 | 351.585294 
 4145.7969 | 08811.7518 | 11:51:56 | 193.514886 | 351.584949 
 4145.7967 | 08811.7520 | 11:51:57 | 193.514714 | 351.584718 
 4145.7964 | 08811.7525 | 11:51:58 | 193.514284 | 351.584372 
 4145.7961 | 08811.7529 | 11:51:59 | 193.513940 | 351.584027 
 4145.7959 | 08811.7532 | 11:52:00 | 193.513682 | 351.583796 
 4145.7956 | 08811.7536 | 11:52:01 | 193.513338 | 351.583451 
 4145.7955 | 08811.7536 | 11:52:02 | 193.513338 | 351.583336 
 4145.7954 | 08811.7538 | 11:52:03 | 193.513166 | 351.583220 
 4145.7953 | 08811.7539 | 11:52:04 | 193.513080 | 351.583105 
 4145.7951 | 08811.7541 | 11:52:05 | 193.512909 | 351.582875 
 4145.7949 | 08811.7543 | 11:52:06 | 193.512737 | 351.582645 
 4145.8023 | 08811.7440 | 11:52:07 | 193.521593 | 351.591170 
 4145.8023 | 08811.7440 | 11:52:08 | 193.521593 | 351.591170 
 4145.8024 | 08811.7445 | 11:52:09 | 193.521162 | 351.591285 
 4145.8010 | 08811.7480 | 11:52:10 | 193.518151 | 351.589670 
 4145.8007 | 08811.7505 | 11:52:11 | 193.515999 | 351.589321 
 4145.8002 | 08811.7530 | 11:52:12 | 193.513847 | 351.588743 
 4145.7992 | 08811.7549 | 11:52:13 | 193.512212 | 351.587590 
 4145.7972 | 08811.7562 | 11:52:14 | 193.511096 | 351.585288 
 4145.7944 | 08811.7566 | 11:52:15 | 193.510757 | 351.582066 
 4145.7886 | 08811.7595 | 11:52:16 | 193.508270 | 351.575391 
 4145.7843 | 08811.7595 | 11:52:17 | 193.508278 | 351.570445 
 4145.7774 | 08811.7640 | 11:52:18 | 193.504415 | 351.562502 
 4145.7711 | 08811.7671 | 11:52:19 | 193.501757 | 351.555252 
 4145.7664 | 08811.7677 | 11:52:20 | 193.501249 | 351.549845 
 4145.7621 | 08811.7676 | 11:52:21 | 193.501343 | 351.544899 
 4145.7577 | 08811.7673 | 11:52:22 | 193.501610 | 351.539839 
 4145.7498 | 08811.7680 | 11:52:23 | 193.501021 | 351.530751 
 4145.7449 | 08811.7707 | 11:52:24 | 193.498705 | 351.525111 
 4145.7429 | 08811.7715 | 11:52:25 | 193.498020 | 351.522809 
 4145.7441 | 08811.7763 | 11:52:26 | 193.493884 | 351.524183 
 4145.7425 | 08811.7802 | 11:52:27 | 193.490528 | 351.522337 
 4145.7409 | 08811.7840 | 11:52:28 | 193.487259 | 351.520492 
 4145.7391 | 08811.7880 | 11:52:29 | 193.483817 | 351.518416 
 4145.7377 | 08811.7920 | 11:52:30 | 193.480375 | 351.516800 
 4145.7367 | 08811.7963 | 11:52:31 | 193.476674 | 351.515644 
 4145.7368 | 08811.7995 | 11:52:32 | 193.473918 | 351.515755 
 4145.7360 | 08811.8037 | 11:52:33 | 193.470302 | 351.514829 
 4145.7353 | 08811.8083 | 11:52:34 | 193.466342 | 351.514017 
 4145.7345 | 08811.8127 | 11:52:35 | 193.462554 | 351.513091 
 4145.7338 | 08811.8168 | 11:52:36 | 193.459025 | 351.512280 
 4145.7329 | 08811.8208 | 11:52:37 | 193.455582 | 351.511240 
 4145.7318 | 08811.8245 | 11:52:38 | 193.452397 | 351.509969 
 4145.7307 | 08811.8282 | 11:52:39 | 193.449213 | 351.508699 
 4145.7299 | 08811.8318 | 11:52:40 | 193.446114 | 351.507774 
 4145.7288 | 08811.8357 | 11:52:41 | 193.442758 | 351.506504 
 4145.7277 | 08811.8395 | 11:52:42 | 193.439487 | 351.505233 
 4145.7270 | 08811.8426 | 11:52:43 | 193.436819 | 351.504424 
 4145.7264 | 08811.8456 | 11:52:44 | 193.434236 | 351.503730 
 4145.7295 | 08811.8412 | 11:52:45 | 193.438020 | 351.507301 
 4145.7289 | 08811.8442 | 11:52:46 | 193.435437 | 351.506607 
 4145.7281 | 08811.8472 | 11:52:47 | 193.432855 | 351.505683 
 4145.7274 | 08811.8497 | 11:52:48 | 193.430704 | 351.504874 
 4145.7266 | 08811.8521 | 11:52:49 | 193.428638 | 351.503951 
 4145.7258 | 08811.8543 | 11:52:50 | 193.426745 | 351.503028 
 4145.7250 | 08811.8567 | 11:52:51 | 193.424680 | 351.502104 
 4145.7245 | 08811.8587 | 11:52:52 | 193.422958 | 351.501526 
 4145.7242 | 08811.8608 | 11:52:53 | 193.421150 | 351.501178 
 4145.7240 | 08811.8627 | 11:52:54 | 193.419514 | 351.500946 
 4145.7243 | 08811.8634 | 11:52:55 | 193.418911 | 351.501290 
 4145.7236 | 08811.8659 | 11:52:56 | 193.416759 | 351.500481 
 4145.7232 | 08811.8675 | 11:52:57 | 193.415382 | 351.500019 
 4145.7226 | 08811.8689 | 11:52:58 | 193.414177 | 351.499327 
 4145.7249 | 08811.8652 | 11:52:59 | 193.417360 | 351.501978 
 4145.7247 | 08811.8667 | 11:53:00 | 193.416068 | 351.501745 
 4145.7248 | 08811.8678 | 11:53:01 | 193.415121 | 351.501859 
 4145.7247 | 08811.8692 | 11:53:02 | 193.413915 | 351.501742 
 4145.7245 | 08811.8708 | 11:53:03 | 193.412538 | 351.501510 
 4145.7246 | 08811.8720 | 11:53:04 | 193.411504 | 351.501623 
 4145.7240 | 08811.8744 | 11:53:05 | 193.409438 | 351.500930 
 4145.7243 | 08811.8749 | 11:53:06 | 193.409007 | 351.501274 
 4145.7245 | 08811.8755 | 11:53:07 | 193.408490 | 351.501504 
 4145.7242 | 08811.8769 | 11:53:08 | 193.407285 | 351.501157 
 4145.7239 | 08811.8782 | 11:53:09 | 193.406166 | 351.500810 
 4145.7237 | 08811.8794 | 11:53:10 | 193.405133 | 351.500578 
 4145.7231 | 08811.8811 | 11:53:11 | 193.403670 | 351.499886 
 4145.7227 | 08811.8828 | 11:53:12 | 193.402207 | 351.499423 
 4145.7224 | 08811.8843 | 11:53:13 | 193.400916 | 351.499076 
 4145.7285 | 08811.8809 | 11:53:16 | 193.403833 | 351.506097 
 4145.7294 | 08811.8845 | 11:53:17 | 193.400731 | 351.507127 
 4145.7321 | 08811.8846 | 11:53:19 | 193.400640 | 351.510233 
 4145.7343 | 08811.8844 | 11:53:20 | 193.400808 | 351.512764 
 4145.7365 | 08811.8836 | 11:53:21 | 193.401493 | 351.515295 
 4145.7387 | 08811.8831 | 11:53:22 | 193.401919 | 351.517826 
 4145.7418 | 08811.8831 | 11:53:23 | 193.401914 | 351.521392 
 4145.7455 | 08811.8852 | 11:53:25 | 193.400099 | 351.525645 
 4145.7465 | 08811.8866 | 11:53:26 | 193.398891 | 351.526793 
 4145.7472 | 08811.8877 | 11:53:27 | 193.397943 | 351.527597 
 4145.7476 | 08811.8875 | 11:53:28 | 193.398114 | 351.528057 
 4145.7477 | 08811.8872 | 11:53:29 | 193.398372 | 351.528173 
 4145.7479 | 08811.8869 | 11:53:30 | 193.398630 | 351.528403 
 4145.7479 | 08811.8869 | 11:53:31 | 193.398630 | 351.528403 
 4145.7479 | 08811.8869 | 11:53:32 | 193.398630 | 351.528403 
 4145.