 4151.3829 | 08738.3199 | 12:39:18 | 222.253632 | 358.149450 
 4151.3784 | 08738.3164 | 12:39:29 | 222.256684 | 358.144299 
 4151.3777 | 08738.3163 | 12:39:30 | 222.256776 | 358.143494 
 4151.3769 | 08738.3162 | 12:39:31 | 222.256870 | 358.142575 
 4151.3754 | 08738.3172 | 12:39:32 | 222.256024 | 358.140842 
 4151.3746 | 08738.3175 | 12:39:33 | 222.255773 | 358.139920 
 4151.3739 | 08738.3177 | 12:39:34 | 222.255608 | 358.139113 
 4151.3732 | 08738.3178 | 12:39:35 | 222.255528 | 358.138308 
 4151.3725 | 08738.3181 | 12:39:36 | 222.255277 | 358.137500 
 4151.3718 | 08738.3181 | 12:39:37 | 222.255283 | 358.136695 
 4151.3711 | 08738.3176 | 12:39:38 | 222.255720 | 358.135893 
 4151.3705 | 08738.3161 | 12:39:39 | 222.257015 | 358.135214 
 4151.3702 | 08738.3148 | 12:39:40 | 222.258136 | 358.134878 
 4151.3698 | 08738.3145 | 12:39:41 | 222.258398 | 358.134420 
 4151.3692 | 08738.3135 | 12:39:42 | 222.259263 | 358.133737 
 4151.3686 | 08738.3131 | 12:39:43 | 222.259613 | 358.133049 
 4151.3681 | 08738.3134 | 12:39:44 | 222.259360 | 358.132472 
 4151.3676 | 08738.3133 | 12:39:45 | 222.259450 | 358.131898 
 4151.3671 | 08738.3136 | 12:39:46 | 222.259197 | 358.131320 
 4151.3669 | 08738.3139 | 12:39:47 | 222.258941 | 358.131088 
 4151.3667 | 08738.3145 | 12:39:48 | 222.258427 | 358.130854 
 4151.3664 | 08738.3150 | 12:39:49 | 222.257999 | 358.130505 
 4151.3659 | 08738.3151 | 12:39:50 | 222.257918 | 358.129930 
 4151.3655 | 08738.3154 | 12:39:51 | 222.257664 | 358.129467 
 4151.3662 | 08738.3147 | 12:39:52 | 222.258259 | 358.130277 
 4151.3663 | 08738.3146 | 12:39:53 | 222.258344 | 358.130393 
 4151.3664 | 08738.3145 | 12:39:54 | 222.258429 | 358.130509 
 4151.3664 | 08738.3145 | 12:39:55 | 222.258429 | 358.130509 
 4151.3664 | 08738.3145 | 12:39:56 | 222.258429 | 358.130509 
 4151.3667 | 08738.3123 | 12:39:57 | 222.260318 | 358.130869 
 4151.3666 | 08738.3119 | 12:39:58 | 222.260663 | 358.130757 
 4151.3667 | 08738.3121 | 12:39:59 | 222.260490 | 358.130871 
 4151.3670 | 08738.3126 | 12:40:00 | 222.260058 | 358.131212 
 4151.3674 | 08738.3125 | 12:40:01 | 222.260140 | 358.131673 
 4151.3674 | 08738.3125 | 12:40:02 | 222.260140 | 358.131673 
 4151.3674 | 08738.3125 | 12:40:03 | 222.260140 | 358.131673 
 4151.3674 | 08738.3125 | 12:40:04 | 222.260140 | 358.131673 
 4151.3674 | 08738.3125 | 12:40:05 | 222.260140 | 358.131673 
 4151.3674 | 08738.3125 | 12:40:06 | 222.260140 | 358.131673 
 4151.3674 | 08738.3125 | 12:40:07 | 222.260140 | 358.131673 
 4151.3674 | 08738.3125 | 12:40:08 | 222.260140 | 358.131673 
 4151.3674 | 08738.3125 | 12:40:09 | 222.260140 | 358.131673 
 4151.3674 | 08738.3125 | 12:40:10 | 222.260140 | 358.131673 
 4151.3674 | 08738.3125 | 12:40:11 | 222.260140 | 358.131673 
 4151.3674 | 08738.3125 | 12:40:12 | 222.260140 | 358.131673 
 4151.3674 | 08738.3125 | 12:40:13 | 222.260140 | 358.131673 
 4151.3674 | 08738.3125 | 12:40:14 | 222.260140 | 358.131673 
 4151.3674 | 08738.3125 | 12:40:15 | 222.260140 | 358.131673 
 4151.3674 | 08738.3125 | 12:40:16 | 222.260140 | 358.131673 
 4151.3674 | 08738.3125 | 12:40:17 | 222.260140 | 358.131673 
 4151.3674 | 08738.3125 | 12:40:18 | 222.260140 | 358.131673 
 4151.3674 | 08738.3125 | 12:40:19 | 222.260140 | 358.131673 
 4151.3674 | 08738.3125 | 12:40:20 | 222.260140 | 358.131673 
 4151.3674 | 08738.3125 | 12:40:21 | 222.260140 | 358.131673 
 4151.3674 | 08738.3125 | 12:40:22 | 222.260140 | 358.131673 
 4151.3674 | 08738.3125 | 12:40:23 | 222.260140 | 358.131673 
 4151.3674 | 08738.3125 | 12:40:24 | 222.260140 | 358.131673 
 4151.3674 | 08738.3125 | 12:40:25 | 222.260140 | 358.131673 
 4151.3674 | 08738.3125 | 12:40:26 | 222.260140 | 358.131673 
 4151.3674 | 08738.3125 | 12:40:27 | 222.260140 | 358.131673 
 4151.3674 | 08738.3125 | 12:40:28 | 222.260140 | 358.131673 
 4151.3674 | 08738.3125 | 12:40:29 | 222.260140 | 358.131673 
 4151.3674 | 08738.3125 | 12:40:30 | 222.260140 | 358.131673 
 4151.3674 | 08738.3125 | 12:40:31 | 222.260140 | 358.131673 
 4151.3674 | 08738.3125 | 12:40:32 | 222.260140 | 358.131673 
 4151.3674 | 08738.3125 | 12:40:33 | 222.260140 | 358.131673 
 4151.3674 | 08738.3125 | 12:40:34 | 222.260140 | 358.131673 
 4151.3674 | 08738.3125 | 12:40:35 | 222.260140 | 358.131673 
 4151.3674 | 08738.3125 | 12:40:36 | 222.260140 | 358.131673 
 4151.3674 | 08738.3125 | 12:40:37 | 222.260140 | 358.131673 
 4151.3674 | 08738.3125 | 12:40:38 | 222.260140 | 358.131673 
 4151.3674 | 08738.3125 | 12:40:39 | 222.260140 | 358.131673 
 4151.3674 | 08738.3125 | 12:40:40 | 222.260140 | 358.131673 
 4151.3674 | 08738.3125 | 12:40:41 | 222.260140 | 358.131673 
 4151.3674 | 08738.3125 | 12:40:42 | 222.260140 | 358.131673 
 4151.3674 | 08738.3125 | 12:40:43 | 222.260140 | 358.131673 
 4151.3674 | 08738.3125 | 12:40:44 | 222.260140 | 358.131673 
 4151.3674 | 08738.3125 | 12:40:45 | 222.260140 | 358.131673 
 4151.3674 | 08738.3125 | 12:40:46 | 222.260140 | 358.131673 
 4151.3674 | 08738.3125 | 12:40:47 | 222.260140 | 358.131673 
 4151.3674 | 08738.3125 | 12:40:48 | 222.260140 | 358.131673 
 4151.3674 | 08738.3125 | 12:40:49 | 222.260140 | 358.131673 
 4151.3674 | 08738.3125 | 12:40:50 | 222.260140 | 358.131673 
 4151.3674 | 08738.3125 | 12:40:51 | 222.260140 | 358.131673 
 4151.3674 | 08738.3125 | 12:40:52 | 222.260140 | 358.131673 
 4151.3674 | 08738.3125 | 12:40:53 | 222.260140 | 358.131673 
 4151.3674 | 08738.3125 | 12:40:54 | 222.260140 | 358.131673 
 4151.3674 | 08738.3125 | 12:40:55 | 222.260140 | 358.131673 
 4151.3674 | 08738.3125 | 12:40:56 | 222.260140 | 358.131673 
 4151.3674 | 08738.3125 | 12:40:57 | 222.260140 | 358.131673 
 4151.3674 | 08738.3125 | 12:40:58 | 222.260140 | 358.131673 
 4151.3674 | 08738.3125 | 12:40:59 | 222.260140 | 358.131673 
 4151.3674 | 08738.3125 | 12:41:00 | 222.260140 | 358.131673 
 4151.3674 | 08738.3125 | 12:41:01 | 222.260140 | 358.131673 
 4151.3674 | 08738.3125 | 12:41:02 | 222.260140 | 358.131673 
 4151.3674 | 08738.3125 | 12:41:03 | 222.260140 | 358.131673 
 4151.3674 | 08738.3125 | 12:41:04 | 222.260140 | 358.131673 
 4151.3674 | 08738.3125 | 12:41:05 | 222.260140 | 358.131673 
 4151.3674 | 08738.3125 | 12:41:06 | 222.260140 | 358.131673 
 4151.3674 | 08738.3125 | 12:41:07 | 222.260140 | 358.131673 
 4151.3674 | 08738.3125 | 12:41:08 | 222.260140 | 358.131673 
 4151.3686 | 08738.3142 | 12:41:09 | 222.258667 | 358.133041 
 4151.3690 | 08738.3141 | 12:41:10 | 222.258749 | 358.133502 
 4151.3695 | 08738.3139 | 12:41:11 | 222.258917 | 358.134079 
 4151.3700 | 08738.3140 | 12:41:12 | 222.258826 | 358.134653 
 4151.3706 | 08738.3141 | 12:41:13 | 222.258734 | 358.135343 
 4151.3711 | 08738.3155 | 12:41:14 | 222.257526 | 358.135908 
 4151.3717 | 08738.3163 | 12:41:15 | 222.256832 | 358.136593 
 4151.3721 | 08738.3172 | 12:41:16 | 222.256055 | 358.137046 
 4151.3725 | 08738.3180 | 12:41:17 | 222.255363 | 358.137501 
 4151.3728 | 08738.3188 | 12:41:18 | 222.254672 | 358.137841 
 4151.3732 | 08738.3184 | 12:41:19 | 222.255012 | 358.138303 
 4151.3737 | 08738.3182 | 12:41:20 | 222.255180 | 358.138880 
 4151.3744 | 08738.3178 | 12:41:21 | 222.255517 | 358.139688 
 4151.3752 | 08738.3175 | 12:41:22 | 222.255768 | 358.140610 
 4151.3759 | 08738.3173 | 12:41:23 | 222.255933 | 358.141417 
 4151.3768 | 08738.3173 | 12:41:24 | 222.255925 | 358.142452 
 4151.3777 | 08738.3176 | 12:41:25 | 222.255658 | 358.143485 
 4151.3785 | 08738.3183 | 12:41:26 | 222.255049 | 358.144400 
 4151.3790 | 08738.3192 | 12:41:27 | 222.254270 | 358.144969 
 4151.3793 | 08738.3202 | 12:41:28 | 222.253408 | 358.145307 
 4151.3792 | 08738.3211 | 12:41:29 | 222.252635 | 358.145186 
 4151.3793 | 08738.3220 | 12:41:30 | 222.251860 | 358.145295 
 4151.3793 | 08738.3230 | 12:41:31 | 222.251000 | 358.145288 
 4151.3792 | 08738.3240 | 12:41:32 | 222.250141 | 358.145166 
 4151.3791 | 08738.3247 | 12:41:33 | 222.249540 | 358.145046 
 4151.3791 | 08738.3250 | 12:41:34 | 222.249282 | 358.145044 
 4151.3792 | 08738.3251 | 12:41:35 | 222.249195 | 358.145158 
 4151.3792 | 08738.3251 | 12:41:36 | 222.249195 | 358.145158 
 4151.3792 | 08738.3251 | 12:41:37 | 222.249195 | 358.145158 
 4151.3792 | 08738.3251 | 12:41:38 | 222.249195 | 358.145158 
 4151.3794 | 08738.3257 | 12:41:39 | 222.248677 | 358.145384 
 4151.3795 | 08738.3265 | 12:41:40 | 222.247988 | 358.145494 
 4151.3797 | 08738.3273 | 12:41:41 | 222.247298 | 358.145718 
 4151.3802 | 08738.3281 | 12:41:42 | 222.246606 | 358.146288 
 4151.3810 | 08738.3287 | 12:41:43 | 222.246082 | 358.147204 
 4151.3819 | 08738.3293 | 12:41:44 | 222.245558 | 358.148235 
 4151.3831 | 08738.3299 | 12:41:45 | 222.245031 | 358.149611 
 4151.3882 | 08738.3304 | 12:41:46 | 222.244554 | 358.155474 
 4151.3920 | 08738.3307 | 12:41:47 | 222.244260 | 358.159843 
 4151.3957 | 08738.3308 | 12:41:48 | 222.244140 | 358.164098 
 4151.3992 | 08738.3306 | 12:41:49 | 222.244279 | 358.168125 
 4151.4025 | 08738.3313 | 12:41:50 | 222.243647 | 358.171916 
 4151.4047 | 08738.3306 | 12:41:51 | 222.244228 | 358.174451 
 4151.4067 | 08738.3305 | 12:41:52 | 222.244295 | 358.176753 
 4151.4084 | 08738.3305 | 12:41:53 | 222.244280 | 358.178708 
 4151.4099 | 08738.3314 | 12:41:54 | 222.243492 | 358.180427 
 4151.4107 | 08738.3330 | 12:41:55 | 222.242108 | 358.181336 
 4151.4096 | 08738.3338 | 12:41:56 | 222.241431 | 358.180065 
 4151.4086 | 08738.3353 | 12:41:57 | 222.240150 | 358.178905 
 4151.4073 | 08738.3365 | 12:41:58 | 222.239130 | 358.177401 
 4151.4050 | 08738.3370 | 12:41:59 | 222.238722 | 358.174752 
 4151.4019 | 08738.3372 | 12:42:00 | 222.238579 | 358.171185 
 4151.3980 | 08738.3371 | 12:42:01 | 222.238701 | 358.166700 
 4151.3935 | 08738.3368 | 12:42:02 | 222.239001 | 358.161526 
 4151.3884 | 08738.3363 | 12:42:03 | 222.239478 | 358.155663 
 4151.3829 | 08738.3355 | 12:42:04 | 222.240217 | 358.149342 
 4151.3771 | 08738.3349 | 12:42:05 | 222.240787 | 358.142675 
 4151.3709 | 08738.3344 | 12:42:06 | 222.241275 | 358.135547 
 4151.3646 | 08738.3342 | 12:42:07 | 222.241505 | 358.128301 
 4151.3580 | 08738.3339 | 12:42:08 | 222.241825 | 358.120712 
 4151.3515 | 08738.3336 | 12:42:09 | 222.242143 | 358.113237 
 4151.3454 | 08738.3334 | 12:42:10 | 222.242372 | 358.106222 
 4151.3398 | 08738.3335 | 12:42:11 | 222.242338 | 358.099780 
 4151.3343 | 08738.3332 | 12:42:12 | 222.242647 | 358.093456 
 4151.3292 | 08738.3328 | 12:42:13 | 222.243039 | 358.087592 
 4151.3244 | 08738.3322 | 12:42:14 | 222.243599 | 358.082075 
 4151.3197 | 08738.3315 | 12:42:15 | 222.244245 | 358.076674 
 4151.3147 | 08738.3306 | 12:42:16 | 222.245065 | 358.070929 
 4151.3096 | 08738.3297 | 12:42:17 | 222.245887 | 358.065069 
 4151.3043 | 08738.3287 | 12:42:18 | 222.246796 | 358.058980 
 4151.2987 | 08738.3276 | 12:42:19 | 222.247794 | 358.052546 
 4151.2932 | 08738.3265 | 12:42:20 | 222.248791 | 358.046227 
 4151.2878 | 08738.3253 | 12:42:21 | 222.249873 | 358.040024 
 4151.2819 | 08738.3242 | 12:42:22 | 222.250874 | 358.033245 
 4151.2764 | 08738.3231 | 12:42:23 | 222.251871 | 358.026927 
 4151.2704 | 08738.3219 | 12:42:24 | 222.252959 | 358.020033 
 4151.2641 | 08738.3207 | 12:42:25 | 222.254050 | 358.012795 
 4151.2576 | 08738.3193 | 12:42:26 | 222.255314 | 358.005328 
 4151.2511 | 08738.3179 | 12:42:27 | 222.256579 | 357.997861 
 4151.2447 | 08738.3166 | 12:42:28 | 222.257756 | 357.990509 
 4151.2384 | 08738.3157 | 12:42:29 | 222.258589 | 357.983269 
 4151.2325 | 08738.3153 | 12:42:30 | 222.258988 | 357.976485 
 4151.2270 | 08738.3152 | 12:42:31 | 222.259125 | 357.970159 
 4151.2219 | 08738.3152 | 12:42:32 | 222.259172 | 357.964293 
 4151.2171 | 08738.3154 | 12:42:33 | 222.259045 | 357.958770 
 4151.2126 | 08738.3157 | 12:42:34 | 222.258829 | 357.953592 
 4151.2078 | 08738.3158 | 12:42:35 | 222.258788 | 357.948070 
 4151.2029 | 08738.3157 | 12:42:36 | 222.258919 | 357.942435 
 4151.1980 | 08738.3156 | 12:42:37 | 222.259051 | 357.936799 
 4151.1933 | 08738.3156 | 12:42:38 | 222.259094 | 357.931393 
 4151.1886 | 08738.3157 | 12:42:39 | 222.259052 | 357.925986 
 4151.1840 | 08738.3159 | 12:42:40 | 222.258923 | 357.920694 
 4151.1795 | 08738.3160 | 12:42:41 | 222.258879 | 357.915517 
 4151.1751 | 08738.3161 | 12:42:42 | 222.258834 | 357.910455 
 4151.1709 | 08738.3160 | 12:42:43 | 222.258959 | 357.905625 
 4151.1667 | 08738.3158 | 12:42:44 | 222.259170 | 357.900795 
 4151.1623 | 08738.3155 | 12:42:45 | 222.259469 | 357.895736 
 4151.1574 | 08738.3154 | 12:42:46 | 222.259601 | 357.890100 
 4151.1519 | 08738.3152 | 12:42:47 | 222.259824 | 357.883775 
 4151.1460 | 08738.3150 | 12:42:48 | 222.260051 | 357.876990 
 4151.1209 | 08738.3144 | 12:42:52 | 222.260800 | 357.848123 
 4151.1138 | 08738.3133 | 12:42:53 | 222.261812 | 357.839964 
 4151.1040 | 08738.3173 | 12:42:54 | 222.258464 | 357.828664 
 4151.0952 | 08738.3158 | 12:42:55 | 222.259835 | 357.818552 
 4151.0877 | 08738.3154 | 12:42:56 | 222.260249 | 357.809928 
 4151.0809 | 08738.3149 | 12:42:57 | 222.260743 | 357.802110 
 4151.0751 | 08738.3146 | 12:42:58 | 222.261054 | 357.795440 
 4151.0706 | 08738.3144 | 12:42:59 | 222.261268 | 357.790266 
 4151.0673 | 08738.3144 | 12:43:00 | 222.261299 | 357.786470 
 4151.0645 | 08738.3147 | 12:43:01 | 222.261067 | 357.783247 
 4151.0622 | 08738.3150 | 12:43:02 | 222.260831 | 357.780599 
 4151.0598 | 08738.3220 | 12:43:03 | 222.254833 | 357.777790 
 4151.0572 | 08738.3278 | 12:43:04 | 222.249869 | 357.774759 
 4151.0542 | 08738.3343 | 12:43:05 | 222.244307 | 357.771263 
 4151.0507 | 08738.3415 | 12:43:06 | 222.238147 | 357.767187 
 4151.0467 | 08738.3491 | 12:43:07 | 222.231649 | 357.762533 
 4151.0420 | 08738.3571 | 12:43:08 | 222.224812 | 357.757072 
 4151.0371 | 08738.3654 | 12:43:09 | 222.217720 | 357.751378 
 4151.0324 | 08738.3742 | 12:43:10 | 222.210195 | 357.745910 
 4151.0275 | 08738.3830 | 12:43:11 | 222.202673 | 357.740213 
 4151.0222 | 08738.3915 | 12:43:12 | 222.195412 | 357.734058 
 4151.0161 | 08738.3991 | 12:43:13 | 222.188932 | 357.726988 
 4151.0098 | 08738.4062 | 12:43:14 | 222.182885 | 357.719693 
 4150.9971 | 08738.4209 | 12:43:16 | 222.170360 | 357.704982 
 4150.9903 | 08738.4278 | 12:43:17 | 222.164489 | 357.697113 
 4150.9885 | 08738.4348 | 12:43:18 | 222.158486 | 357.694994 
 4150.9837 | 08738.4422 | 12:43:19 | 222.152166 | 357.689421 
 4150.9788 | 08738.4502 | 12:43:20 | 222.145332 | 357.683730 
 4150.9740 | 08738.4585 | 12:43:21 | 222.138238 | 357.678151 
 4150.9692 | 08738.4670 | 12:43:22 | 222.130972 | 357.672571 
 4150.9645 | 08738.4760 | 12:43:23 | 222.123276 | 357.667102 
 4150.9599 | 08738.4855 | 12:43:24 | 222.115148 | 357.661745 
 4150.9324 | 08738.5460 | 12:43:30 | 222.063371 | 357.629694 
 4150.9275 | 08738.5561 | 12:43:31 | 222.054730 | 357.623988 
 4150.8988 | 08738.6176 | 12:43:37 | 222.002103 | 357.590551 
 4150.8894 | 08738.6382 | 12:43:39 | 221.984473 | 357.579596 
 4150.8850 | 08738.6487 | 12:43:40 | 221.975483 | 357.574463 
 4150.8825 | 08738.6588 | 12:43:41 | 221.966820 | 357.571518 
 4150.8785 | 08738.6693 | 12:43:42 | 221.957826 | 357.566844 
 4150.8766 | 08738.6844 | 12:43:43 | 221.944857 | 357.564554 
 4150.8822 | 08738.7007 | 12:43:44 | 221.930787 | 357.570883 
 4150.8757 | 08738.7106 | 12:43:45 | 221.922332 | 357.563339 
 4150.8707 | 08738.7209 | 12:43:46 | 221.913520 | 357.557516 
 4150.8660 | 08738.7307 | 12:43:47 | 221.905135 | 357.552043 
 4150.8617 | 08738.7397 | 12:43:48 | 221.897434 | 357.547035 
 4150.8578 | 08738.7478 | 12:43:49 | 221.890503 | 357.542493 
 4150.8542 | 08738.7546 | 12:43:50 | 221.884688 | 357.538305 
 4150.8509 | 08738.7602 | 12:43:51 | 221.879902 | 357.534471 
 4150.8483 | 08738.7647 | 12:43:52 | 221.876056 | 357.531449 
 4150.8469 | 08738.7681 | 12:43:53 | 221.873145 | 357.529815 
 4150.8461 | 08738.7699 | 12:43:54 | 221.871604 | 357.528883 
 4150.8459 | 08738.7703 | 12:43:55 | 221.871262 | 357.528650 
 4150.8459 | 08738.7703 | 12:43:56 | 221.871262 | 357.528650 
 4150.8460 | 08738.7701 | 12:44:01 | 221.871433 | 357.528767 
 4150.8460 | 08738.7701 | 12:44:02 | 221.871433 | 357.528767 
 4150.8462 | 08738.7705 | 12:44:03 | 221.871087 | 357.528994 
 4150.8453 | 08738.7723 | 12:44:04 | 221.869547 | 357.527946 
 4150.8438 | 08738.7753 | 12:44:05 | 221.866981 | 357.526200 
 4150.8419 | 08738.7792 | 12:44:06 | 221.863644 | 357.523988 
 4150.8395 | 08738.7839 | 12:44:07 | 221.859624 | 357.521195 
 4150.8368 | 08738.7894 | 12:44:08 | 221.854919 | 357.518051 
 4150.8338 | 08738.7957 | 12:44:09 | 221.849528 | 357.514557 
 4150.8304 | 08738.8029 | 12:44:10 | 221.843367 | 357.510597 
 4150.8274 | 08738.8109 | 12:44:11 | 221.836514 | 357.507091 
 4150.8233 | 08738.8190 | 12:44:12 | 221.829585 | 357.502320 
 4150.8191 | 08738.8277 | 12:44:13 | 221.822141 | 357.497429 
 4150.8142 | 08738.8365 | 12:44:14 | 221.814618 | 357.491732 
 4150.8096 | 08738.8460 | 12:44:15 | 221.806489 | 357.486376 
 4150.8049 | 08738.8556 | 12:44:16 | 221.798276 | 357.480904 
 4150.8002 | 08738.8654 | 12:44:17 | 221.789890 | 357.475430 
 4150.7934 | 08738.8746 | 12:44:18 | 221.782040 | 357.467545 
 4150.7884 | 08738.8849 | 12:44:19 | 221.773228 | 357.461723 
 4150.7833 | 08738.8954 | 12:44:20 | 221.764244 | 357.455785 
 4150.7776 | 08738.9056 | 12:44:21 | 221.755523 | 357.449159 
 4150.7725 | 08738.9160 | 12:44:22 | 221.746625 | 357.443221 
 4150.7679 | 08738.9265 | 12:44:23 | 221.737637 | 357.437858 
 4150.7634 | 08738.9372 | 12:44:24 | 221.728475 | 357.432608 
 4150.7590 | 08738.9481 | 12:44:25 | 221.719141 | 357.427473 
 4150.7543 | 08738.9591 | 12:44:26 | 221.709723 | 357.421991 
 4150.7493 | 08738.9699 | 12:44:27 | 221.700480 | 357.416166 
 4150.7443 | 08738.9807 | 12:44:28 | 221.691237 | 357.410341 
 4150.7393 | 08738.9914 | 12:44:29 | 221.682080 | 357.404516 
 4150.7343 | 08739.0022 | 12:44:30 | 221.672837 | 357.398691 
 4150.7243 | 08739.0236 | 12:44:32 | 221.654523 | 357.387042 
 4150.7191 | 08739.0356 | 12:44:33 | 221.644250 | 357.380979 
 4150.7090 | 08739.0578 | 12:44:35 | 221.625248 | 357.369210 
 4150.7037 | 08739.0688 | 12:44:36 | 221.615836 | 357.363038 
 4150.6985 | 08739.0799 | 12:44:37 | 221.606336 | 357.356981 
 4150.6932 | 08739.0911 | 12:44:38 | 221.596752 | 357.350808 
 4150.6878 | 08739.1022 | 12:44:39 | 221.587254 | 357.344521 
 4150.6792 | 08739.1145 | 12:44:40 | 221.576753 | 357.334545 
 4150.6735 | 08739.1257 | 12:44:41 | 221.567172 | 357.327912 
 4150.6672 | 08739.1373 | 12:44:42 | 221.557253 | 357.320586 
 4150.6609 | 08739.1513 | 12:44:43 | 221.545269 | 357.313244 
 4150.6559 | 08739.1617 | 12:44:44 | 221.536370 | 357.307422 
 4150.6513 | 08739.1703 | 12:44:45 | 221.529015 | 357.302073 
 4150.6465 | 08739.1793 | 12:44:46 | 221.521318 | 357.296490 
 4150.6425 | 08739.1889 | 12:44:47 | 221.513097 | 357.291824 
 4150.6378 | 08739.1977 | 12:44:48 | 221.505571 | 357.286358 
 4150.6334 | 08739.2062 | 12:44:49 | 221.498300 | 357.281239 
 4150.6293 | 08739.2145 | 12:44:50 | 221.491199 | 357.276466 
 4150.6253 | 08739.2223 | 12:44:51 | 221.484526 | 357.271812 
 4150.6219 | 08739.2294 | 12:44:52 | 221.478451 | 357.267853 
 4150.6194 | 08739.2351 | 12:44:53 | 221.473571 | 357.264938 
 4150.6174 | 08739.2393 | 12:44:54 | 221.469977 | 357.262609 
 4150.6165 | 08739.2419 | 12:44:55 | 221.467749 | 357.261556 
 4150.6163 | 08739.2428 | 12:44:56 | 221.466976 | 357.261320 
 4150.6166 | 08739.2428 | 12:44:57 | 221.466974 | 357.261665 
 4150.6169 | 08739.2427 | 12:44:58 | 221.467057 | 357.262011 
 4150.6170 | 08739.2425 | 12:44:59 | 221.467228 | 357.262127 
 4150.6170 | 08739.2425 | 12:45:00 | 221.467228 | 357.262127 
 4150.6170 | 08739.2425 | 12:45:01 | 221.467228 | 357.262127 
 4150.6170 | 08739.2425 | 12:45:02 | 221.467228 | 357.262127 
 4150.6170 | 08739.2425 | 12:45:03 | 221.467228 | 357.262127 
 4150.6170 | 08739.2425 | 12:45:04 | 221.467228 | 357.262127 
 4150.6170 | 08739.2425 | 12:45:05 | 221.467228 | 357.262127 
 4150.6170 | 08739.2425 | 12:45:06 | 221.467228 | 357.262127 
 4150.6170 | 08739.2425 | 12:45:07 | 221.467228 | 357.262127 
 4150.6158 | 08739.2420 | 12:45:08 | 221.467669 | 357.260751 
 4150.6147 | 08739.2442 | 12:45:09 | 221.465787 | 357.259470 
 4150.6130 | 08739.2474 | 12:45:10 | 221.463050 | 357.257493 
 4150.6110 | 08739.2516 | 12:45:11 | 221.459456 | 357.255164 
 4150.6086 | 08739.2566 | 12:45:12 | 221.455177 | 357.252369 
 4150.6058 | 08739.2623 | 12:45:13 | 221.450300 | 357.249110 
 4150.6026 | 08739.2688 | 12:45:14 | 221.444738 | 357.245385 
 4150.5990 | 08739.2759 | 12:45:15 | 221.438664 | 357.241196 
 4150.5950 | 08739.2836 | 12:45:16 | 221.432078 | 357.236543 
 4150.5909 | 08739.2917 | 12:45:17 | 221.425148 | 357.231772 
 4150.5866 | 08739.3000 | 12:45:18 | 221.418048 | 357.226769 
 4150.5824 | 08739.3089 | 12:45:19 | 221.410431 | 357.221878 
 4150.5780 | 08739.3178 | 12:45:20 | 221.402816 | 357.216756 
 4150.5735 | 08739.3270 | 12:45:21 | 221.394944 | 357.211517 
 4150.5689 | 08739.3362 | 12:45:22 | 221.387073 | 357.206164 
 4150.5643 | 08739.3454 | 12:45:23 | 221.379202 | 357.200810 
 4150.5597 | 08739.3545 | 12:45:24 | 221.371416 | 357.195457 
 4150.5552 | 08739.3636 | 12:45:25 | 221.363630 | 357.190220 
 4150.5508 | 08739.3728 | 12:45:26 | 221.355757 | 357.185096 
 4150.5465 | 08739.3821 | 12:45:27 | 221.347797 | 357.180087 
 4150.5421 | 08739.3913 | 12:45:28 | 221.339924 | 357.174964 
 4150.5378 | 08739.4002 | 12:45:29 | 221.332307 | 357.169957 
 4150.5336 | 08739.4088 | 12:45:30 | 221.324948 | 357.165068 
 4150.5298 | 08739.4168 | 12:45:31 | 221.318102 | 357.160643 
 4150.5261 | 08739.4242 | 12:45:32 | 221.311771 | 357.156337 
 4150.5227 | 08739.4313 | 12:45:33 | 221.305694 | 357.152378 
 4150.5196 | 08739.4383 | 12:45:34 | 221.299702 | 357.148765 
 4150.5164 | 08739.4449 | 12:45:35 | 221.294054 | 357.145039 
 4150.5133 | 08739.4512 | 12:45:36 | 221.288663 | 357.141431 
 4150.5103 | 08739.4576 | 12:45:37 | 221.283185 | 357.137937 
 4150.5072 | 08739.4642 | 12:45:38 | 221.277537 | 357.134326 
 4150.5039 | 08739.4711 | 12:45:39 | 221.271632 | 357.130484 
 4150.5004 | 08739.4783 | 12:45:40 | 221.265470 | 357.126409 
 4150.4968 | 08739.4858 | 12:45:41 | 221.259052 | 357.122218 
 4150.4930 | 08739.4937 | 12:45:42 | 221.252291 | 357.117793 
 4150.4889 | 08739.5019 | 12:45:43 | 221.245275 | 357.113022 
 4150.4848 | 08739.5101 | 12:45:44 | 221.238259 | 357.108250 
 4150.4805 | 08739.5184 | 12:45:45 | 221.231159 | 357.103248 
 4150.4762 | 08739.5269 | 12:45:46 | 221.223887 | 357.098245 
 4150.4720 | 08739.5354 | 12:45:47 | 221.216614 | 357.093356 
 4150.4678 | 08739.5442 | 12:45:48 | 221.209082 | 357.088466 
 4150.4634 | 08739.5529 | 12:45:49 | 221.201639 | 357.083346 
 4150.4592 | 08739.5616 | 12:45:50 | 221.194194 | 357.078456 
 4150.4550 | 08739.5703 | 12:45:51 | 221.186748 | 357.073566 
 4150.4509 | 08739.5788 | 12:45:52 | 221.179474 | 357.068793 
 4150.4467 | 08739.5873 | 12:45:53 | 221.172201 | 357.063905 
 4150.4425 | 08739.5958 | 12:45:54 | 221.164927 | 357.059016 
 4150.4383 | 08739.6044 | 12:45:55 | 221.157568 | 357.054127 
 4150.4340 | 08739.6130 | 12:45:56 | 221.150210 | 357.049123 
 4150.4297 | 08739.6218 | 12:45:57 | 221.142679 | 357.044118 
 4150.4255 | 08739.6305 | 12:45:58 | 221.135234 | 357.039228 
 4150.4215 | 08739.6388 | 12:45:59 | 221.128131 | 357.034571 
 4150.4181 | 08739.6462 | 12:46:00 | 221.121796 | 357.030611 
 4150.4151 | 08739.6525 | 12:46:01 | 221.116404 | 357.027118 
 4150.4129 | 08739.6572 | 12:46:02 | 221.112381 | 357.024555 
 4150.4116 | 08739.6613 | 12:46:03 | 221.108866 | 357.023032 
 4150.4109 | 08739.6653 | 12:46:04 | 221.105432 | 357.022200 
 4150.4107 | 08739.6683 | 12:46:05 | 221.102853 | 357.021950 
 4150.4110 | 08739.6640 | 12:46:06 | 221.106549 | 357.022324 
 4150.4110 | 08739.6633 | 12:46:07 | 221.107151 | 357.022329 
 4150.4111 | 08739.6629 | 12:46:08 | 221.107495 | 357.022447 
 4150.4111 | 08739.6629 | 12:46:09 | 221.107495 | 357.022447 
 4150.4111 | 08739.6629 | 12:46:10 | 221.107495 | 357.022447 
 4150.4111 | 08739.6629 | 12:46:11 | 221.107495 | 357.022447 
 4150.4111 | 08739.6629 | 12:46:12 | 221.107495 | 357.022447 
 4150.4111 | 08739.6629 | 12:46:13 | 221.107495 | 357.022447 
 4150.4111 | 08739.6629 | 12:46:14 | 221.107495 | 357.022447 
 4150.4111 | 08739.6629 | 12:46:15 | 221.107495 | 357.022447 
 4150.4111 | 08739.6629 | 12:46:16 | 221.107495 | 357.022447 
 4150.4111 | 08739.6629 | 12:46:17 | 221.107495 | 357.022447 
 4150.4111 | 08739.6629 | 12:46:18 | 221.107495 | 357.022447 
 4150.4111 | 08739.6629 | 12:46:19 | 221.107495 | 357.022447 
 4150.4111 | 08739.6629 | 12:46:20 | 221.107495 | 357.022447 
 4150.4111 | 08739.6629 | 12:46:21 | 221.107495 | 357.022447 
 4150.4111 | 08739.6629 | 12:46:22 | 221.107495 | 357.022447 
 4150.4111 | 08739.6629 | 12:46:23 | 221.107495 | 357.022447 
 4150.4111 | 08739.6629 | 12:46:24 | 221.107495 | 357.022447 
 4150.4111 | 08739.6629 | 12:46:25 | 221.107495 | 357.022447 
 4150.4117 | 08739.6600 | 12:46:26 | 221.109984 | 357.023156 
 4150.4111 | 08739.6604 | 12:46:27 | 221.109645 | 357.022463 
 4150.4098 | 08739.6609 | 12:46:28 | 221.109227 | 357.020965 
 4150.4081 | 08739.6614 | 12:46:29 | 221.108812 | 357.019006 
 4150.4058 | 08739.6697 | 12:46:30 | 221.101693 | 357.016304 
 4150.4037 | 08739.6759 | 12:46:31 | 221.096379 | 357.013847 
 4150.4011 | 08739.6819 | 12:46:32 | 221.091242 | 357.010816 
 4150.3985 | 08739.6889 | 12:46:33 | 221.085244 | 357.007778 
 4150.3956 | 08739.6956 | 12:46:34 | 221.079507 | 357.004398 
 4150.3926 | 08739.7026 | 12:46:35 | 221.073513 | 357.000900 
 4150.3893 | 08739.7104 | 12:46:36 | 221.066834 | 356.997052 
 4150.3857 | 08739.7180 | 12:46:37 | 221.060329 | 356.992860 
 4150.3825 | 08739.7257 | 12:46:38 | 221.053734 | 356.989127 
 4150.3790 | 08739.7331 | 12:46:39 | 221.047401 | 356.985051 
 4150.3754 | 08739.7407 | 12:46:40 | 221.040896 | 356.980859 
 4150.3716 | 08739.7488 | 12:46:41 | 221.033963 | 356.976434 
 4150.3675 | 08739.7569 | 12:46:42 | 221.027032 | 356.971664 
 4150.3635 | 08739.7651 | 12:46:43 | 221.020015 | 356.967008 
 4150.3596 | 08739.7736 | 12:46:44 | 221.012739 | 356.962465 
 4150.3557 | 08739.7822 | 12:46:45 | 221.005376 | 356.957921 
 4150.3517 | 08739.7909 | 12:46:46 | 220.997929 | 356.953261 
 4150.3476 | 08739.7997 | 12:46:47 | 220.990396 | 356.948486 
 4150.3434 | 08739.8085 | 12:46:48 | 220.982864 | 356.943596 
 4150.3391 | 08739.8173 | 12:46:49 | 220.975333 | 356.938591 
 4150.3348 | 08739.8260 | 12:46:50 | 220.967889 | 356.933587 
 4150.3305 | 08739.8345 | 12:46:51 | 220.960616 | 356.928584 
 4150.3263 | 08739.8427 | 12:46:52 | 220.953600 | 356.923698 
 4150.3224 | 08739.8507 | 12:46:53 | 220.946754 | 356.919158 
 4150.3185 | 08739.8583 | 12:46:54 | 220.940251 | 356.914621 
 4150.3146 | 08739.8656 | 12:46:55 | 220.934007 | 356.910086 
 4150.3106 | 08739.8723 | 12:46:56 | 220.928280 | 356.905441 
 4150.3065 | 08739.8787 | 12:46:57 | 220.922811 | 356.900682 
 4150.3023 | 08739.8851 | 12:46:58 | 220.917344 | 356.895808 
 4150.2981 | 08739.8915 | 12:46:59 | 220.911876 | 356.890934 
 4150.2940 | 08739.8977 | 12:47:00 | 220.906580 | 356.886176 
 4150.2902 | 08739.9038 | 12:47:01 | 220.901367 | 356.881765 
 4150.2864 | 08739.9097 | 12:47:02 | 220.896326 | 356.877354 
 4150.2831 | 08739.9153 | 12:47:03 | 220.891538 | 356.873521 
 4150.2802 | 08739.9204 | 12:47:04 | 220.887177 | 356.870151 
 4150.2779 | 08739.9249 | 12:47:05 | 220.883327 | 356.867476 
 4150.2764 | 08739.9283 | 12:47:06 | 220.880416 | 356.865727 
 4150.2758 | 08739.9312 | 12:47:07 | 220.877927 | 356.865018 
 4150.2760 | 08739.9341 | 12:47:08 | 220.875430 | 356.865229 
 4150.2772 | 08739.9356 | 12:47:09 | 220.874129 | 356.866599 
 4150.2791 | 08739.9371 | 12:47:10 | 220.872822 | 356.868774 
 4150.2819 | 08739.9381 | 12:47:11 | 220.871937 | 356.871988 
 4150.2850 | 08739.9388 | 12:47:12 | 220.871307 | 356.875549 
 4150.2881 | 08739.9395 | 12:47:13 | 220.870677 | 356.879110 
 4150.2912 | 08739.9402 | 12:47:14 | 220.870047 | 356.882671 
 4150.2943 | 08739.9409 | 12:47:15 | 220.869418 | 356.886233 
 4150.2974 | 08739.9416 | 12:47:16 | 220.868788 | 356.889794 
 4150.3005 | 08739.9422 | 12:47:17 | 220.868244 | 356.893355 
 4150.3036 | 08739.9429 | 12:47:18 | 220.867614 | 356.896916 
 4150.3075 | 08739.9438 | 12:47:19 | 220.866805 | 356.901396 
 4150.3265 | 08739.9432 | 12:47:20 | 220.867151 | 356.923255 
 4150.3319 | 08739.9438 | 12:47:21 | 220.866587 | 356.929462 
 4150.3374 | 08739.9442 | 12:47:22 | 220.866194 | 356.935786 
 4150.3590 | 08739.9461 | 12:47:26 | 220.864366 | 356.960619 
 4150.3646 | 08739.9464 | 12:47:27 | 220.864058 | 356.967058 
 4150.3736 | 08739.9429 | 12:47:28 | 220.866988 | 356.977434 
 4150.3792 | 08739.9431 | 12:47:29 | 220.866766 | 356.983874 
 4150.3915 | 08739.9452 | 12:47:30 | 220.864850 | 356.998008 
 4150.3990 | 08739.9463 | 12:47:31 | 220.863837 | 357.006627 
 4150.4059 | 08739.9471 | 12:47:32 | 220.863087 | 357.014559 
 4150.4124 | 08739.9474 | 12:47:33 | 220.862771 | 357.022033 
 4150.4194 | 08739.9478 | 12:47:34 | 220.862364 | 357.030082 
 4150.4260 | 08739.9482 | 12:47:35 | 220.861961 | 357.037671 
 4150.4325 | 08739.9483 | 12:47:36 | 220.861817 | 357.045147 
 4150.4389 | 08739.9486 | 12:47:37 | 220.861502 | 357.052507 
 4150.4448 | 08739.9483 | 12:47:38 | 220.861707 | 357.059295 
 4150.4512 | 08739.9482 | 12:47:39 | 220.861736 | 357.066657 
 4150.4577 | 08739.9480 | 12:47:40 | 220.861850 | 357.074135 
 4150.4650 | 08739.9467 | 12:47:41 | 220.862903 | 357.082541 
 4150.4723 | 08739.9466 | 12:47:42 | 220.862923 | 357.090938 
 4150.4795 | 08739.9463 | 12:47:43 | 220.863117 | 357.099222 
 4150.4874 | 08739.9456 | 12:47:44 | 220.863648 | 357.108314 
 4150.4965 | 08739.9460 | 12:47:45 | 220.863223 | 357.118778 
 4150.5049 | 08739.9461 | 12:47:46 | 220.863062 | 357.128440 
 4150.5136 | 08739.9460 | 12:47:47 | 220.863070 | 357.138447 
 4150.5224 | 08739.9461 | 12:47:48 | 220.862905 | 357.148569 
 4150.5314 | 08739.9456 | 12:47:49 | 220.863255 | 357.158924 
 4150.5406 | 08739.9453 | 12:47:50 | 220.863431 | 357.169509 
 4150.5498 | 08739.9452 | 12:47:51 | 220.863435 | 357.180092 
 4150.5589 | 08739.9452 | 12:47:52 | 220.863353 | 357.190559 
 4150.5676 | 08739.9454 | 12:47:53 | 220.863103 | 357.200565 
 4150.5761 | 08739.9453 | 12:47:54 | 220.863113 | 357.210343 
 4150.5840 | 08739.9453 | 12:47:55 | 220.863043 | 357.219429 
 4150.5912 | 08739.9453 | 12:47:56 | 220.862978 | 357.227711 
 4150.5980 | 08739.9453 | 12:47:57 | 220.862918 | 357.235533 
 4150.6043 | 08739.9452 | 12:47:58 | 220.862947 | 357.242780 
 4150.6100 | 08739.9452 | 12:47:59 | 220.862896 | 357.249337 
 4150.6139 | 08739.9448 | 12:48:00 | 220.863206 | 357.253825 
 4150.6176 | 08739.9447 | 12:48:01 | 220.863258 | 357.258082 
 4150.6210 | 08739.9448 | 12:48:02 | 220.863142 | 357.261992 
 4150.6238 | 08739.9448 | 12:48:03 | 220.863117 | 357.265213 
 4150.6263 | 08739.9454 | 12:48:04 | 220.862579 | 357.268084 
 4150.6283 | 08739.9470 | 12:48:05 | 220.861185 | 357.270374 
 4150.6290 | 08739.9493 | 12:48:06 | 220.859200 | 357.271164 
 4150.6288 | 08739.9515 | 12:48:07 | 220.857310 | 357.270919 
 4150.6277 | 08739.9529 | 12:48:08 | 220.856115 | 357.269644 
 4150.6264 | 08739.9536 | 12:48:09 | 220.855525 | 357.268144 
 4150.6250 | 08739.9538 | 12:48:10 | 220.855365 | 357.266533 
 4150.6235 | 08739.9541 | 12:48:11 | 220.855121 | 357.264805 
 4150.6210 | 08739.9543 | 12:48:12 | 220.854971 | 357.261928 
 4150.6175 | 08739.9544 | 12:48:13 | 220.854916 | 357.257902 
 4150.6132 | 08739.9544 | 12:48:14 | 220.854955 | 357.252956 
 4150.6085 | 08739.9543 | 12:48:15 | 220.855083 | 357.247550 
 4150.6032 | 08739.9543 | 12:48:16 | 220.855130 | 357.241454 
 4150.5977 | 08739.9543 | 12:48:17 | 220.855179 | 357.235128 
 4150.5915 | 08739.9542 | 12:48:18 | 220.855321 | 357.227997 
 4150.5847 | 08739.9542 | 12:48:19 | 220.855382 | 357.220175 
 4150.5776 | 08739.9542 | 12:48:20 | 220.855445 | 357.212008 
 4150.5703 | 08739.9542 | 12:48:21 | 220.855510 | 357.203612 
 4150.5629 | 08739.9541 | 12:48:22 | 220.855662 | 357.195100 
 4150.5553 | 08739.9539 | 12:48:23 | 220.855902 | 357.186360 
 4150.5474 | 08739.9537 | 12:48:24 | 220.856145 | 357.177274 
 4150.5393 | 08739.9534 | 12:48:25 | 220.856476 | 357.167959 
 4150.5311 | 08739.9531 | 12:48:26 | 220.856807 | 357.158529 
 4150.5229 | 08739.9529 | 12:48:27 | 220.857052 | 357.149099 
 4150.5146 | 08739.9525 | 12:48:28 | 220.857470 | 357.139554 
 4150.5063 | 08739.9522 | 12:48:29 | 220.857803 | 357.130009 
 4150.4980 | 08739.9518 | 12:48:30 | 220.858221 | 357.120465 
 4150.4896 | 08739.9517 | 12:48:31 | 220.858382 | 357.110803 
 4150.4812 | 08739.9516 | 12:48:32 | 220.858543 | 357.101142 
 4150.4728 | 08739.9515 | 12:48:33 | 220.858704 | 357.091481 
 4150.4644 | 08739.9513 | 12:48:34 | 220.858951 | 357.081820 
 4150.4559 | 08739.9510 | 12:48:35 | 220.859285 | 357.072045 
 4150.4474 | 08739.9508 | 12:48:36 | 220.859533 | 357.062269 
 4150.4389 | 08739.9506 | 12:48:37 | 220.859781 | 357.052493 
 4150.4303 | 08739.9505 | 12:48:38 | 220.859944 | 357.042602 
 4150.4217 | 08739.9504 | 12:48:39 | 220.860107 | 357.032710 
 4150.4130 | 08739.9502 | 12:48:40 | 220.860357 | 357.022705 
 4150.4045 | 08739.9500 | 12:48:41 | 220.860605 | 357.012929 
 4150.3961 | 08739.9498 | 12:48:42 | 220.860852 | 357.003268 
 4150.3880 | 08739.9495 | 12:48:43 | 220.861183 | 356.993953 
 4150.3801 | 08739.9492 | 12:48:44 | 220.861511 | 356.984868 
 4150.3726 | 08739.9490 | 12:48:45 | 220.861750 | 356.976243 
 4150.3654 | 08739.9488 | 12:48:46 | 220.861987 | 356.967962 
 4150.3584 | 08739.9484 | 12:48:47 | 220.862393 | 356.959913 
 4150.3377 | 08739.9473 | 12:48:50 | 220.863525 | 356.936110 
 4150.3249 | 08739.9468 | 12:48:52 | 220.864069 | 356.921391 
 4150.3182 | 08739.9465 | 12:48:53 | 220.864387 | 356.913686 
 4150.3116 | 08739.9462 | 12:48:54 | 220.864704 | 356.906096 
 4150.3049 | 08739.9460 | 12:48:55 | 220.864936 | 356.898391 
 4150.3164 | 08739.9696 | 12:48:56 | 220.844533 | 356.911461 
 4150.3134 | 08739.9752 | 12:48:57 | 220.839743 | 356.907973 
 4150.3108 | 08739.9790 | 12:48:58 | 220.836498 | 356.904957 
 4150.3081 | 08739.9842 | 12:48:59 | 220.832049 | 356.901817 
 4150.3051 | 08739.9888 | 12:49:00 | 220.828119 | 356.898335 
 4150.3015 | 08739.9926 | 12:49:01 | 220.824882 | 356.894169 
 4150.2992 | 08739.9954 | 12:49:02 | 220.822494 | 356.891505 
 4150.3031 | 08739.9899 | 12:49:03 | 220.827191 | 356.896027 
 4150.3349 | 08739.9482 | 12:49:04 | 220.862775 | 356.932884 
 4150.3303 | 08739.9488 | 12:49:05 | 220.862300 | 356.927589 
 4150.3254 | 08739.9483 | 12:49:06 | 220.862774 | 356.921956 
 4150.3200 | 08739.9486 | 12:49:07 | 220.862565 | 356.915742 
 4150.3143 | 08739.9490 | 12:49:08 | 220.862271 | 356.909183 
 4150.3086 | 08739.9493 | 12:49:09 | 220.862064 | 356.902625 
 4150.3029 | 08739.9495 | 12:49:10 | 220.861943 | 356.896067 
 4150.2973 | 08739.9497 | 12:49:11 | 220.861821 | 356.889624 
 4150.2915 | 08739.9504 | 12:49:12 | 220.861271 | 356.882948 
 4150.2857 | 08739.9507 | 12:49:13 | 220.861065 | 356.876275 
 4150.2799 | 08739.9511 | 12:49:14 | 220.860773 | 356.869601 
 4150.2763 | 08739.9490 | 12:49:15 | 220.862611 | 356.865474 
 4150.2725 | 08739.9476 | 12:49:16 | 220.863849 | 356.861112 
 4150.2713 | 08739.9471 | 12:49:17 | 220.864290 | 356.859735 
 4150.2708 | 08739.9468 | 12:49:18 | 220.864553 | 356.859162 
 4150.2704 | 08739.9466 | 12:49:19 | 220.864728 | 356.858704 
 4150.2704 | 08739.9466 | 12:49:20 | 220.864728 | 356.858704 
 4150.2704 | 08739.9466 | 12:49:21 | 220.864728 | 356.858704 
 4150.2704 | 08739.9466 | 12:49:22 | 220.864728 | 356.858704 
 4150.2704 | 08739.9466 | 12:49:23 | 220.864728 | 356.858704 
 4150.2704 | 08739.9466 | 12:49:24 | 220.864728 | 356.858704 
 4150.2704 | 08739.9466 | 12:49:25 | 220.864728 | 356.858704 
 4150.2704 | 08739.9466 | 12:49:26 | 220.864728 | 356.858704 
 4150.2704 | 08739.9466 | 12:49:27 | 220.864728 | 356.858704 
 4150.2704 | 08739.9466 | 12:49:28 | 220.864728 | 356.858704 
 4150.2704 | 08739.9466 | 12:49:29 | 220.864728 | 356.858704 
 4150.2704 | 08739.9466 | 12:49:30 | 220.864728 | 356.858704 
 4150.2704 | 08739.9466 | 12:49:31 | 220.864728 | 356.858704 
 4150.2704 | 08739.9466 | 12:49:32 | 220.864728 | 356.858704 
 4150.2704 | 08739.9466 | 12:49:33 | 220.864728 | 356.858704 
 4150.2704 | 08739.9466 | 12:49:34 | 220.864728 | 356.858704 
 4150.2704 | 08739.9466 | 12:49:35 | 220.864728 | 356.858704 
 4150.2704 | 08739.9466 | 12:49:36 | 220.864728 | 356.858704 
 4150.2704 | 08739.9466 | 12:49:37 | 220.864728 | 356.858704 
 4150.2704 | 08739.9466 | 12:49:38 | 220.864728 | 356.858704 
 4150.2704 | 08739.9466 | 12:49:39 | 220.864728 | 356.858704 
 4150.2704 | 08739.9466 | 12:49:40 | 220.864728 | 356.858704 
 4150.2704 | 08739.9466 | 12:49:41 | 220.864728 | 356.858704 
 4150.2704 | 08739.9466 | 12:49:42 | 220.864728 | 356.858704 
 4150.2704 | 08739.9466 | 12:49:43 | 220.864728 | 356.858704 
 4150.2704 | 08739.9466 | 12:49:44 | 220.864728 | 356.858704 
 4150.2704 | 08739.9466 | 12:49:45 | 220.864728 | 356.858704 
 4150.2704 | 08739.9466 | 12:49:46 | 220.864728 | 356.858704 
 4150.2704 | 08739.9466 | 12:49:47 | 220.864728 | 356.858704 
 4150.2704 | 08739.9466 | 12:49:48 | 220.864728 | 356.858704 
 4150.2704 | 08739.9466 | 12:49:49 | 220.864728 | 356.858704 
 4150.2704 | 08739.9466 | 12:49:50 | 220.864728 | 356.858704 
 4150.2704 | 08739.9466 | 12:49:51 | 220.864728 | 356.858704 
 4150.2704 | 08739.9466 | 12:49:52 | 220.864728 | 356.858704 
 4150.2704 | 08739.9466 | 12:49:53 | 220.864728 | 356.858704 
 4150.2704 | 08739.9466 | 12:49:54 | 220.864728 | 356.858704 
 4150.2704 | 08739.9466 | 12:49:55 | 220.864728 | 356.858704 
 4150.2704 | 08739.9466 | 12:49:56 | 220.864728 | 356.858704 
 4150.2704 | 08739.9466 | 12:49:57 | 220.864728 | 356.858704 
 4150.2704 | 08739.9466 | 12:49:58 | 220.864728 | 356.858704 
 4150.2704 | 08739.9466 | 12:49:59 | 220.864728 | 356.858704 
 4150.2704 | 08739.9466 | 12:50:00 | 220.864728 | 356.858704 
 4150.2704 | 08739.9466 | 12:50:01 | 220.864728 | 356.858704 
 4150.2704 | 08739.9466 | 12:50:02 | 220.864728 | 356.858704 
 4150.2704 | 08739.9466 | 12:50:03 | 220.864728 | 356.858704 
 4150.2704 | 08739.9466 | 12:50:04 | 220.864728 | 356.858704 
 4150.2704 | 08739.9466 | 12:50:05 | 220.864728 | 356.858704 
 4150.2704 | 08739.9466 | 12:50:06 | 220.864728 | 356.858704 
 4150.2688 | 08739.9481 | 12:50:07 | 220.863452 | 356.856853 
 4150.2677 | 08739.9480 | 12:50:08 | 220.863548 | 356.855589 
 4150.2655 | 08739.9480 | 12:50:09 | 220.863568 | 356.853058 
 4150.2623 | 08739.9479 | 12:50:10 | 220.863682 | 356.849378 
 4150.2588 | 08739.9478 | 12:50:11 | 220.863800 | 356.845353 
 4150.2552 | 08739.9477 | 12:50:12 | 220.863918 | 356.841212 
 4150.2514 | 08739.9475 | 12:50:13 | 220.864124 | 356.836843 
 4150.2424 | 08739.9473 | 12:50:14 | 220.864376 | 356.826492 
 4150.2356 | 08739.9470 | 12:50:15 | 220.864695 | 356.818672 
 4150.2288 | 08739.9467 | 12:50:16 | 220.865014 | 356.810853 
 4150.2219 | 08739.9461 | 12:50:17 | 220.865592 | 356.802920 
 4150.2153 | 08739.9457 | 12:50:18 | 220.865995 | 356.795331 
 4150.2086 | 08739.9452 | 12:50:19 | 220.866485 | 356.787628 
 4150.2021 | 08739.9450 | 12:50:20 | 220.866715 | 356.780153 
 4150.1963 | 08739.9447 | 12:50:21 | 220.867025 | 356.773483 
 4150.1916 | 08739.9448 | 12:50:22 | 220.866981 | 356.768076 
 4150.1884 | 08739.9448 | 12:50:23 | 220.867010 | 356.764395 
 4150.1871 | 08739.9449 | 12:50:24 | 220.866935 | 356.762899 
 4150.1867 | 08739.9445 | 12:50:25 | 220.867283 | 356.762442 
 4150.1862 | 08739.9429 | 12:50:26 | 220.868664 | 356.761878 
 4150.1858 | 08739.9400 | 12:50:27 | 220.871162 | 356.761437 
 4150.1858 | 08739.9357 | 12:50:28 | 220.874861 | 356.761466 
 4150.1861 | 08739.9311 | 12:50:29 | 220.878815 | 356.761842 
 4150.1861 | 08739.9259 | 12:50:30 | 220.883288 | 356.761876 
 4150.1863 | 08739.9212 | 12:50:31 | 220.887329 | 356.762138 
 4150.1865 | 08739.9169 | 12:50:32 | 220.891026 | 356.762397 
 4150.1868 | 08739.9136 | 12:50:33 | 220.893862 | 356.762764 
 4150.1871 | 08739.9113 | 12:50:34 | 220.895838 | 356.763124 
 4150.1871 | 08739.9094 | 12:50:35 | 220.897472 | 356.763137 
 4150.1872 | 08739.9078 | 12:50:36 | 220.898848 | 356.763263 
 4150.1873 | 08739.9066 | 12:50:37 | 220.899879 | 356.763386 
 4150.1873 | 08739.9054 | 12:50:38 | 220.900911 | 356.763394 
 4150.1874 | 08739.9042 | 12:50:39 | 220.901943 | 356.763517 
 4150.1873 | 08739.9029 | 12:50:40 | 220.903062 | 356.763410 
 4150.1873 | 08739.9014 | 12:50:41 | 220.904352 | 356.763421 
 4150.1874 | 08739.8993 | 12:50:42 | 220.906158 | 356.763550 
 4150.1876 | 08739.8969 | 12:50:43 | 220.908220 | 356.763796 
 4150.1877 | 08739.8938 | 12:50:44 | 220.910886 | 356.763931 
 4150.1878 | 08739.8903 | 12:50:45 | 220.913896 | 356.764070 
 4150.1879 | 08739.8864 | 12:50:46 | 220.917250 | 356.764211 
 4150.1879 | 08739.8821 | 12:50:47 | 220.920949 | 356.764240 
 4150.1880 | 08739.8776 | 12:50:48 | 220.924819 | 356.764385 
 4150.1880 | 08739.8732 | 12:50:49 | 220.928603 | 356.764414 
 4150.1880 | 08739.8688 | 12:50:50 | 220.932388 | 356.764444 
 4150.1880 | 08739.8647 | 12:50:51 | 220.935915 | 356.764471 
 4150.1881 | 08739.8610 | 12:50:52 | 220.939097 | 356.764611 
 4150.1880 | 08739.8582 | 12:50:53 | 220.941506 | 356.764515 
 4150.1880 | 08739.8563 | 12:50:54 | 220.943141 | 356.764528 
 4150.1880 | 08739.8546 | 12:50:55 | 220.944603 | 356.764539 
 4150.1882 | 08739.8531 | 12:50:56 | 220.945892 | 356.764779 
 4150.1888 | 08739.8515 | 12:50:57 | 220.947263 | 356.765480 
 4150.1900 | 08739.8498 | 12:50:58 | 220.948714 | 356.766872 
 4150.1919 | 08739.8484 | 12:50:59 | 220.949901 | 356.769067 
 4150.1941 | 08739.8477 | 12:51:00 | 220.950484 | 356.771602 
 4150.1965 | 08739.8476 | 12:51:01 | 220.950548 | 356.774363 
 4150.1989 | 08739.8476 | 12:51:02 | 220.950527 | 356.777124 
 4150.2016 | 08739.8477 | 12:51:03 | 220.950417 | 356.780229 
 4150.2046 | 08739.8478 | 12:51:04 | 220.950304 | 356.783679 
 4150.2078 | 08739.8479 | 12:51:05 | 220.950189 | 356.787359 
 4150.2110 | 08739.8479 | 12:51:06 | 220.950160 | 356.791040 
 4150.2141 | 08739.8480 | 12:51:07 | 220.950047 | 356.794605 
 4150.2170 | 08739.8481 | 12:51:08 | 220.949935 | 356.797940 
 4150.2196 | 08739.8483 | 12:51:09 | 220.949739 | 356.800929 
 4150.2218 | 08739.8485 | 12:51:10 | 220.949547 | 356.803458 
 4150.2236 | 08739.8488 | 12:51:11 | 220.949273 | 356.805527 
 4150.2249 | 08739.8494 | 12:51:12 | 220.948746 | 356.807018 
 4150.2259 | 08739.8501 | 12:51:13 | 220.948134 | 356.808164 
 4150.2269 | 08739.8508 | 12:51:14 | 220.947523 | 356.809309 
 4150.2283 | 08739.8515 | 12:51:15 | 220.946909 | 356.810915 
 4150.2299 | 08739.8524 | 12:51:16 | 220.946120 | 356.812749 
 4150.2318 | 08739.8534 | 12:51:17 | 220.945243 | 356.814928 
 4150.2334 | 08739.8546 | 12:51:18 | 220.944196 | 356.816760 
 4150.2347 | 08739.8561 | 12:51:19 | 220.942894 | 356.818246 
 4150.2354 | 08739.8578 | 12:51:20 | 220.941426 | 356.819039 
 4150.2356 | 08739.8596 | 12:51:21 | 220.939876 | 356.819257 
 4150.2356 | 08739.8612 | 12:51:22 | 220.938499 | 356.819247 
 4150.2356 | 08739.8629 | 12:51:23 | 220.937037 | 356.819235 
 4150.2357 | 08739.8646 | 12:51:24 | 220.935574 | 356.819339 
 4150.2357 | 08739.8663 | 12:51:25 | 220.934112 | 356.819327 
 4150.2357 | 08739.8680 | 12:51:26 | 220.932649 | 356.819316 
 4150.2356 | 08739.8697 | 12:51:27 | 220.931188 | 356.819190 
 4150.2357 | 08739.8712 | 12:51:28 | 220.929897 | 356.819295 
 4150.2362 | 08739.8723 | 12:51:29 | 220.928946 | 356.819862 
 4150.2367 | 08739.8729 | 12:51:30 | 220.928425 | 356.820433 
 4150.2372 | 08739.8732 | 12:51:31 | 220.928163 | 356.821007 
 4150.2377 | 08739.8733 | 12:51:32 | 220.928072 | 356.821581 
 4150.2381 | 08739.8737 | 12:51:33 | 220.927725 | 356.822038 
 4150.2388 | 08739.8742 | 12:51:34 | 220.927288 | 356.822840 
 4150.2394 | 08739.8745 | 12:51:35 | 220.927025 | 356.823528 
 4150.2397 | 08739.8748 | 12:51:36 | 220.926764 | 356.823871 
 4150.2397 | 08739.8748 | 12:51:37 | 220.926764 | 356.823871 
 4150.2397 | 08739.8748 | 12:51:38 | 220.926764 | 356.823871 
 4150.2397 | 08739.8748 | 12:51:39 | 220.926764 | 356.823871 
 4150.2397 | 08739.8748 | 12:51:40 | 220.926764 | 356.823871 
 4150.2397 | 08739.8748 | 12:51:41 | 220.926764 | 356.823871 
 4150.2397 | 08739.8748 | 12:51:42 | 220.926764 | 356.823871 
 4150.2397 | 08739.8748 | 12:51:43 | 220.926764 | 356.823871 
 4150.2397 | 08739.8748 | 12:51:44 | 220.926764 | 356.823871 
 4150.2397 | 08739.8748 | 12:51:45 | 220.926764 | 356.823871 
 4150.2397 | 08739.8748 | 12:51:46 | 220.926764 | 356.823871 
 4150.2397 | 08739.8748 | 12:51:47 | 220.926764 | 356.823871 
 4150.2397 | 08739.8748 | 12:51:48 | 220.926764 | 356.823871 
 4150.2386 | 08739.8728 | 12:51:49 | 220.928494 | 356.822620 
 4150.2383 | 08739.8724 | 12:51:50 | 220.928841 | 356.822277 
 4150.2381 | 08739.8734 | 12:51:51 | 220.927983 | 356.822040 
 4150.2368 | 08739.8722 | 12:51:52 | 220.929027 | 356.820553 
 4150.2376 | 08739.8732 | 12:51:53 | 220.928159 | 356.821467 
 4150.2379 | 08739.8733 | 12:51:54 | 220.928071 | 356.821811 
 4150.2383 | 08739.8735 | 12:51:55 | 220.927895 | 356.822270 
 4150.2390 | 08739.8735 | 12:51:56 | 220.927889 | 356.823075 
 4150.2390 | 08739.8735 | 12:51:57 | 220.927889 | 356.823075 
 4150.2390 | 08739.8735 | 12:51:58 | 220.927889 | 356.823075 
 4150.2390 | 08739.8735 | 12:51:59 | 220.927889 | 356.823075 
 4150.2390 | 08739.8735 | 12:52:00 | 220.927889 | 356.823075 
 4150.2390 | 08739.8735 | 12:52:01 | 220.927