 4152.1540 | 08740.9477 | 14:19:21 | 219.987180 | 359.018702 
 4152.1520 | 08740.9506 | 14:19:31 | 219.984704 | 359.016383 
 4152.1550 | 08740.9473 | 14:19:32 | 219.987515 | 359.019855 
 4152.1573 | 08740.9471 | 14:19:33 | 219.987667 | 359.022502 
 4152.1593 | 08740.9488 | 14:19:34 | 219.986188 | 359.024792 
 4152.1611 | 08740.9500 | 14:19:35 | 219.985140 | 359.026854 
 4152.1652 | 08740.9487 | 14:19:36 | 219.986222 | 359.031579 
 4152.1681 | 08740.9487 | 14:19:37 | 219.986197 | 359.034914 
 4152.1712 | 08740.9485 | 14:19:38 | 219.986342 | 359.038481 
 4152.1747 | 08740.9486 | 14:19:39 | 219.986225 | 359.042507 
 4152.1778 | 08740.9486 | 14:19:40 | 219.986198 | 359.046072 
 4152.1804 | 08740.9484 | 14:19:41 | 219.986348 | 359.049064 
 4152.1830 | 08740.9477 | 14:19:42 | 219.986927 | 359.052060 
 4152.1847 | 08740.9475 | 14:19:43 | 219.987084 | 359.054016 
 4152.1861 | 08740.9469 | 14:19:44 | 219.987587 | 359.055631 
 4152.1870 | 08740.9463 | 14:19:45 | 219.988095 | 359.056670 
 4152.1876 | 08740.9463 | 14:19:46 | 219.988090 | 359.057360 
 4152.1884 | 08740.9463 | 14:19:47 | 219.988083 | 359.058280 
 4152.1897 | 08740.9464 | 14:19:48 | 219.987986 | 359.059775 
 4152.1914 | 08740.9463 | 14:19:49 | 219.988057 | 359.061731 
 4152.1932 | 08740.9462 | 14:19:50 | 219.988127 | 359.063802 
 4152.1964 | 08740.9461 | 14:19:51 | 219.988185 | 359.067483 
 4152.1993 | 08740.9465 | 14:19:52 | 219.987816 | 359.070817 
 4152.2020 | 08740.9467 | 14:19:53 | 219.987621 | 359.073921 
 4152.2047 | 08740.9471 | 14:19:54 | 219.987253 | 359.077024 
 4152.2079 | 08740.9475 | 14:19:55 | 219.986881 | 359.080702 
 4152.2117 | 08740.9478 | 14:19:56 | 219.986590 | 359.085071 
 4152.2162 | 08740.9480 | 14:19:57 | 219.986379 | 359.090246 
 4152.2213 | 08740.9483 | 14:19:58 | 219.986077 | 359.096110 
 4152.2265 | 08740.9485 | 14:19:59 | 219.985860 | 359.102090 
 4152.2319 | 08740.9489 | 14:20:00 | 219.985469 | 359.108299 
 4152.2376 | 08740.9492 | 14:20:01 | 219.985161 | 359.114854 
 4152.2434 | 08740.9494 | 14:20:02 | 219.984938 | 359.121524 
 4152.2492 | 08740.9495 | 14:20:03 | 219.984802 | 359.128195 
 4152.2550 | 08740.9496 | 14:20:04 | 219.984665 | 359.134865 
 4152.2607 | 08740.9497 | 14:20:05 | 219.984530 | 359.141421 
 4152.2660 | 08740.9497 | 14:20:06 | 219.984483 | 359.147517 
 4152.2709 | 08740.9497 | 14:20:07 | 219.984441 | 359.153154 
 4152.2748 | 08740.9497 | 14:20:08 | 219.984407 | 359.157640 
 4152.2779 | 08740.9497 | 14:20:09 | 219.984380 | 359.161205 
 4152.2806 | 08740.9503 | 14:20:10 | 219.983840 | 359.164307 
 4152.2830 | 08740.9517 | 14:20:11 | 219.982616 | 359.167059 
 4152.2847 | 08740.9549 | 14:20:12 | 219.979850 | 359.168993 
 4152.2857 | 08740.9598 | 14:20:13 | 219.975628 | 359.170112 
 4152.2858 | 08740.9653 | 14:20:14 | 219.970899 | 359.170191 
 4152.2859 | 08740.9716 | 14:20:15 | 219.965482 | 359.170265 
 4152.2857 | 08740.9786 | 14:20:16 | 219.959465 | 359.169989 
 4152.2855 | 08740.9859 | 14:20:17 | 219.953191 | 359.169712 
 4152.2853 | 08740.9935 | 14:20:18 | 219.946659 | 359.169432 
 4152.2852 | 08741.0009 | 14:20:19 | 219.940298 | 359.169269 
 4152.2852 | 08741.0076 | 14:20:20 | 219.934538 | 359.169225 
 4152.2852 | 08741.0128 | 14:20:21 | 219.930067 | 359.169191 
 4152.2854 | 08741.0166 | 14:20:22 | 219.926798 | 359.169397 
 4152.2861 | 08741.0196 | 14:20:23 | 219.924213 | 359.170182 
 4152.2873 | 08741.0223 | 14:20:24 | 219.921881 | 359.171545 
 4152.2897 | 08741.0229 | 14:20:25 | 219.921344 | 359.174302 
 4152.2924 | 08741.0232 | 14:20:26 | 219.921063 | 359.177405 
 4152.2959 | 08741.0233 | 14:20:27 | 219.920947 | 359.181431 
 4152.3003 | 08741.0234 | 14:20:28 | 219.920822 | 359.186491 
 4152.3055 | 08741.0235 | 14:20:29 | 219.920691 | 359.192472 
 4152.3113 | 08741.0236 | 14:20:30 | 219.920555 | 359.199143 
 4152.3177 | 08741.0237 | 14:20:31 | 219.920413 | 359.206504 
 4152.3245 | 08741.0239 | 14:20:32 | 219.920182 | 359.214324 
 4152.3317 | 08741.0241 | 14:20:33 | 219.919947 | 359.222605 
 4152.3393 | 08741.0242 | 14:20:34 | 219.919795 | 359.231346 
 4152.3472 | 08741.0244 | 14:20:35 | 219.919554 | 359.240431 
 4152.3552 | 08741.0245 | 14:20:36 | 219.919399 | 359.249633 
 4152.3634 | 08741.0247 | 14:20:37 | 219.919155 | 359.259064 
 4152.3715 | 08741.0249 | 14:20:38 | 219.918913 | 359.268379 
 4152.3797 | 08741.0252 | 14:20:39 | 219.918584 | 359.277809 
 4152.3877 | 08741.0254 | 14:20:40 | 219.918342 | 359.287010 
 4152.3954 | 08741.0255 | 14:20:41 | 219.918189 | 359.295866 
 4152.4026 | 08741.0256 | 14:20:42 | 219.918040 | 359.304148 
 4152.4089 | 08741.0257 | 14:20:43 | 219.917900 | 359.311394 
 4152.4143 | 08741.0257 | 14:20:44 | 219.917853 | 359.317605 
 4152.4187 | 08741.0256 | 14:20:45 | 219.917900 | 359.322667 
 4152.4223 | 08741.0256 | 14:20:46 | 219.917869 | 359.326808 
 4152.4253 | 08741.0257 | 14:20:47 | 219.917757 | 359.330258 
 4152.4277 | 08741.0256 | 14:20:48 | 219.917822 | 359.333019 
 4152.4293 | 08741.0256 | 14:20:49 | 219.917808 | 359.334859 
 4152.4300 | 08741.0255 | 14:20:50 | 219.917888 | 359.335665 
 4152.4301 | 08741.0254 | 14:20:51 | 219.917973 | 359.335781 
 4152.4300 | 08741.0253 | 14:20:52 | 219.918060 | 359.335666 
 4152.4300 | 08741.0253 | 14:20:53 | 219.918060 | 359.335666 
 4152.4300 | 08741.0253 | 14:20:54 | 219.918060 | 359.335666 
 4152.4300 | 08741.0253 | 14:20:55 | 219.918060 | 359.335666 
 4152.4300 | 08741.0253 | 14:20:56 | 219.918060 | 359.335666 
 4152.4300 | 08741.0253 | 14:20:57 | 219.918060 | 359.335666 
 4152.4300 | 08741.0253 | 14:20:58 | 219.918060 | 359.335666 
 4152.4300 | 08741.0253 | 14:20:59 | 219.918060 | 359.335666 
 4152.4300 | 08741.0253 | 14:21:00 | 219.918060 | 359.335666 
 4152.4300 | 08741.0253 | 14:21:01 | 219.918060 | 359.335666 
 4152.4300 | 08741.0253 | 14:21:02 | 219.918060 | 359.335666 
 4152.4300 | 08741.0253 | 14:21:03 | 219.918060 | 359.335666 
 4152.4300 | 08741.0253 | 14:21:04 | 219.918060 | 359.335666 
 4152.4300 | 08741.0253 | 14:21:05 | 219.918060 | 359.335666 
 4152.4300 | 08741.0253 | 14:21:06 | 219.918060 | 359.335666 
 4152.4300 | 08741.0253 | 14:21:07 | 219.918060 | 359.335666 
 4152.4300 | 08741.0253 | 14:21:08 | 219.918060 | 359.335666 
 4152.4300 | 08741.0253 | 14:21:09 | 219.918060 | 359.335666 
 4152.4298 | 08741.0249 | 14:21:10 | 219.918405 | 359.335439 
 4152.4312 | 08741.0249 | 14:21:11 | 219.918393 | 359.337049 
 4152.4335 | 08741.0250 | 14:21:12 | 219.918287 | 359.339694 
 4152.4367 | 08741.0249 | 14:21:13 | 219.918345 | 359.343376 
 4152.4408 | 08741.0248 | 14:21:14 | 219.918396 | 359.348092 
 4152.4455 | 08741.0246 | 14:21:15 | 219.918527 | 359.353500 
 4152.4508 | 08741.0246 | 14:21:16 | 219.918481 | 359.359596 
 4152.4566 | 08741.0246 | 14:21:17 | 219.918430 | 359.366268 
 4152.4626 | 08741.0248 | 14:21:18 | 219.918206 | 359.373168 
 4152.4686 | 08741.0249 | 14:21:19 | 219.918068 | 359.380069 
 4152.4743 | 08741.0250 | 14:21:20 | 219.917932 | 359.386625 
 4152.4799 | 08741.0251 | 14:21:21 | 219.917797 | 359.393065 
 4152.4851 | 08741.0253 | 14:21:22 | 219.917580 | 359.399045 
 4152.4900 | 08741.0254 | 14:21:23 | 219.917452 | 359.404681 
 4152.4952 | 08741.0254 | 14:21:24 | 219.917406 | 359.410662 
 4152.5006 | 08741.0255 | 14:21:25 | 219.917273 | 359.416873 
 4152.5065 | 08741.0256 | 14:21:26 | 219.917136 | 359.423659 
 4152.5126 | 08741.0257 | 14:21:27 | 219.916997 | 359.430675 
 4152.5191 | 08741.0260 | 14:21:28 | 219.916682 | 359.438149 
 4152.5256 | 08741.0264 | 14:21:29 | 219.916282 | 359.445623 
 4152.5322 | 08741.0270 | 14:21:30 | 219.915709 | 359.453211 
 4152.5390 | 08741.0277 | 14:21:31 | 219.915048 | 359.461028 
 4152.5457 | 08741.0283 | 14:21:32 | 219.914474 | 359.468731 
 4152.5519 | 08741.0287 | 14:21:33 | 219.914076 | 359.475860 
 4152.5573 | 08741.0288 | 14:21:34 | 219.913943 | 359.482071 
 4152.5616 | 08741.0291 | 14:21:35 | 219.913648 | 359.487015 
 4152.5649 | 08741.0303 | 14:21:36 | 219.912587 | 359.490803 
 4152.5672 | 08741.0330 | 14:21:37 | 219.910246 | 359.493431 
 4152.5682 | 08741.0370 | 14:21:38 | 219.906799 | 359.494555 
 4152.5685 | 08741.0426 | 14:21:39 | 219.901982 | 359.494864 
 4152.5684 | 08741.0488 | 14:21:40 | 219.896653 | 359.494709 
 4152.5682 | 08741.0561 | 14:21:41 | 219.890379 | 359.494431 
 4152.5679 | 08741.0641 | 14:21:42 | 219.883504 | 359.494034 
 4152.5677 | 08741.0730 | 14:21:43 | 219.875855 | 359.493746 
 4152.5675 | 08741.0825 | 14:21:44 | 219.867690 | 359.493454 
 4152.5672 | 08741.0925 | 14:21:45 | 219.859096 | 359.493044 
 4152.5672 | 08741.1031 | 14:21:46 | 219.849983 | 359.492975 
 4152.5671 | 08741.1135 | 14:21:47 | 219.841044 | 359.492793 
 4152.5671 | 08741.1233 | 14:21:48 | 219.832619 | 359.492729 
 4152.5670 | 08741.1324 | 14:21:49 | 219.824797 | 359.492555 
 4152.5669 | 08741.1404 | 14:21:50 | 219.817920 | 359.492388 
 4152.5667 | 08741.1471 | 14:21:51 | 219.812162 | 359.492115 
 4152.5665 | 08741.1521 | 14:21:52 | 219.807866 | 359.491852 
 4152.5664 | 08741.1555 | 14:21:53 | 219.804944 | 359.491715 
 4152.5664 | 08741.1578 | 14:21:54 | 219.802967 | 359.491700 
 4152.5663 | 08741.1591 | 14:21:55 | 219.801850 | 359.491577 
 4152.5663 | 08741.1595 | 14:21:56 | 219.801506 | 359.491574 
 4152.5662 | 08741.1594 | 14:21:57 | 219.801593 | 359.491460 
 4152.5662 | 08741.1593 | 14:21:58 | 219.801679 | 359.491461 
 4152.5662 | 08741.1593 | 14:21:59 | 219.801679 | 359.491461 
 4152.5662 | 08741.1593 | 14:22:00 | 219.801679 | 359.491461 
 4152.5662 | 08741.1593 | 14:22:01 | 219.801679 | 359.491461 
 4152.5662 | 08741.1593 | 14:22:02 | 219.801679 | 359.491461 
 4152.5662 | 08741.1593 | 14:22:03 | 219.801679 | 359.491461 
 4152.5662 | 08741.1593 | 14:22:04 | 219.801679 | 359.491461 
 4152.5662 | 08741.1593 | 14:22:05 | 219.801679 | 359.491461 
 4152.5662 | 08741.1593 | 14:22:06 | 219.801679 | 359.491461 
 4152.5662 | 08741.1593 | 14:22:07 | 219.801679 | 359.491461 
 4152.5662 | 08741.1593 | 14:22:08 | 219.801679 | 359.491461 
 4152.5662 | 08741.1593 | 14:22:09 | 219.801679 | 359.491461 
 4152.5662 | 08741.1593 | 14:22:10 | 219.801679 | 359.491461 
 4152.5662 | 08741.1593 | 14:22:11 | 219.801679 | 359.491461 
 4152.5662 | 08741.1593 | 14:22:12 | 219.801679 | 359.491461 
 4152.5662 | 08741.1593 | 14:22:13 | 219.801679 | 359.491461 
 4152.5662 | 08741.1593 | 14:22:14 | 219.801679 | 359.491461 
 4152.5662 | 08741.1593 | 14:22:15 | 219.801679 | 359.491461 
 4152.5662 | 08741.1593 | 14:22:16 | 219.801679 | 359.491461 
 4152.5662 | 08741.1593 | 14:22:17 | 219.801679 | 359.491461 
 4152.5662 | 08741.1593 | 14:22:18 | 219.801679 | 359.491461 
 4152.5662 | 08741.1593 | 14:22:19 | 219.801679 | 359.491461 
 4152.5662 | 08741.1593 | 14:22:20 | 219.801679 | 359.491461 
 4152.5662 | 08741.1593 | 14:22:21 | 219.801679 | 359.491461 
 4152.5662 | 08741.1593 | 14:22:22 | 219.801679 | 359.491461 
 4152.5662 | 08741.1593 | 14:22:23 | 219.801679 | 359.491461 
 4152.5662 | 08741.1593 | 14:22:24 | 219.801679 | 359.491461 
 4152.5662 | 08741.1593 | 14:22:25 | 219.801679 | 359.491461 
 4152.5662 | 08741.1593 | 14:22:26 | 219.801679 | 359.491461 
 4152.5662 | 08741.1593 | 14:22:27 | 219.801679 | 359.491461 
 4152.5662 | 08741.1593 | 14:22:28 | 219.801679 | 359.491461 
 4152.5662 | 08741.1593 | 14:22:29 | 219.801679 | 359.491461 
 4152.5662 | 08741.1593 | 14:22:30 | 219.801679 | 359.491461 
 4152.5662 | 08741.1593 | 14:22:31 | 219.801679 | 359.491461 
 4152.5662 | 08741.1593 | 14:22:32 | 219.801679 | 359.491461 
 4152.5662 | 08741.1593 | 14:22:33 | 219.801679 | 359.491461 
 4152.5662 | 08741.1593 | 14:22:34 | 219.801679 | 359.491461 
 4152.5662 | 08741.1593 | 14:22:35 | 219.801679 | 359.491461 
 4152.5662 | 08741.1593 | 14:22:36 | 219.801679 | 359.491461 
 4152.5662 | 08741.1593 | 14:22:37 | 219.801679 | 359.491461 
 4152.5662 | 08741.1593 | 14:22:38 | 219.801679 | 359.491461 
 4152.5662 | 08741.1593 | 14:22:39 | 219.801679 | 359.491461 
 4152.5665 | 08741.1580 | 14:22:40 | 219.802794 | 359.491814 
 4152.5664 | 08741.1594 | 14:22:41 | 219.801591 | 359.491690 
 4152.5662 | 08741.1624 | 14:22:42 | 219.799014 | 359.491440 
 4152.5660 | 08741.1669 | 14:22:43 | 219.795147 | 359.491181 
 4152.5658 | 08741.1725 | 14:22:44 | 219.790335 | 359.490915 
 4152.5656 | 08741.1788 | 14:22:45 | 219.784921 | 359.490644 
 4152.5654 | 08741.1859 | 14:22:46 | 219.778819 | 359.490368 
 4152.5651 | 08741.1940 | 14:22:47 | 219.771858 | 359.489970 
 4152.5650 | 08741.2030 | 14:22:48 | 219.764122 | 359.489797 
 4152.5647 | 08741.2127 | 14:22:49 | 219.755786 | 359.489389 
 4152.5643 | 08741.2231 | 14:22:50 | 219.746849 | 359.488862 
 4152.5639 | 08741.2340 | 14:22:51 | 219.737482 | 359.488331 
 4152.5634 | 08741.2454 | 14:22:52 | 219.727686 | 359.487682 
 4152.5625 | 08741.2573 | 14:22:53 | 219.717464 | 359.486570 
 4152.5615 | 08741.2694 | 14:22:54 | 219.707070 | 359.485342 
 4152.5605 | 08741.2817 | 14:22:55 | 219.696505 | 359.484112 
 4152.5596 | 08741.2943 | 14:22:56 | 219.685681 | 359.482995 
 4152.5590 | 08741.3073 | 14:22:57 | 219.674510 | 359.482221 
 4152.5586 | 08741.3208 | 14:22:58 | 219.662908 | 359.481674 
 4152.5582 | 08741.3349 | 14:22:59 | 219.650790 | 359.481123 
 4152.5578 | 08741.3493 | 14:23:00 | 219.638415 | 359.480570 
 4152.5573 | 08741.3643 | 14:23:01 | 219.625524 | 359.479898 
 4152.5568 | 08741.3796 | 14:23:02 | 219.612375 | 359.479224 
 4152.5564 | 08741.3952 | 14:23:03 | 219.598968 | 359.478663 
 4152.5560 | 08741.4115 | 14:23:04 | 219.584959 | 359.478098 
 4152.5556 | 08741.4278 | 14:23:05 | 219.570950 | 359.477533 
 4152.5553 | 08741.4441 | 14:23:06 | 219.556940 | 359.477083 
 4152.5550 | 08741.4603 | 14:23:07 | 219.543016 | 359.476634 
 4152.5543 | 08741.4928 | 14:23:09 | 219.515082 | 359.475619 
 4152.5539 | 08741.5091 | 14:23:10 | 219.501073 | 359.475055 
 4152.5529 | 08741.5336 | 14:23:11 | 219.480020 | 359.473747 
 4152.5520 | 08741.5521 | 14:23:12 | 219.464124 | 359.472593 
 4152.5511 | 08741.5701 | 14:23:13 | 219.448657 | 359.471442 
 4152.5502 | 08741.5882 | 14:23:14 | 219.433105 | 359.470291 
 4152.5494 | 08741.6066 | 14:23:15 | 219.417294 | 359.469253 
 4152.5486 | 08741.6251 | 14:23:16 | 219.401397 | 359.468214 
 4152.5475 | 08741.6439 | 14:23:17 | 219.385245 | 359.466828 
 4152.5466 | 08741.6631 | 14:23:18 | 219.368747 | 359.465670 
 4152.5458 | 08741.6825 | 14:23:19 | 219.352076 | 359.464626 
 4152.5454 | 08741.7019 | 14:23:20 | 219.335402 | 359.464042 
 4152.5450 | 08741.7212 | 14:23:21 | 219.318813 | 359.463458 
 4152.5446 | 08741.7408 | 14:23:22 | 219.301967 | 359.462873 
 4152.5440 | 08741.7605 | 14:23:23 | 219.285037 | 359.462057 
 4152.5434 | 08741.7803 | 14:23:24 | 219.268020 | 359.461241 
 4152.5428 | 08741.8000 | 14:23:25 | 219.251090 | 359.460425 
 4152.5424 | 08741.8204 | 14:23:26 | 219.233556 | 359.459835 
 4152.5413 | 08741.8423 | 14:23:27 | 219.214739 | 359.458430 
 4152.5406 | 08741.8635 | 14:23:28 | 219.196520 | 359.457490 
 4152.5393 | 08741.8848 | 14:23:29 | 219.178220 | 359.455859 
 4152.5378 | 08741.9060 | 14:23:30 | 219.160007 | 359.453999 
 4152.5359 | 08741.9272 | 14:23:31 | 219.141798 | 359.451678 
 4152.5340 | 08741.9484 | 14:23:32 | 219.123590 | 359.449358 
 4152.5320 | 08741.9696 | 14:23:33 | 219.105381 | 359.446923 
 4152.5300 | 08741.9909 | 14:23:34 | 219.087087 | 359.444487 
 4152.5276 | 08742.0123 | 14:23:35 | 219.068711 | 359.441591 
 4152.5252 | 08742.0338 | 14:23:36 | 219.050248 | 359.438694 
 4152.5227 | 08742.0553 | 14:23:37 | 219.031786 | 359.435682 
 4152.5176 | 08742.0981 | 14:23:39 | 218.995035 | 359.429545 
 4152.5150 | 08742.1195 | 14:23:40 | 218.976660 | 359.426419 
 4152.5097 | 08742.1314 | 14:23:41 | 218.966475 | 359.420247 
 4152.5067 | 08742.1515 | 14:23:42 | 218.949221 | 359.416670 
 4152.5037 | 08742.1716 | 14:23:43 | 218.931966 | 359.413092 
 4152.5009 | 08742.1915 | 14:23:44 | 218.914882 | 359.409745 
 4152.4981 | 08742.2115 | 14:23:45 | 218.897712 | 359.406399 
 4152.4952 | 08742.2315 | 14:23:46 | 218.880543 | 359.402937 
 4152.4923 | 08742.2515 | 14:23:47 | 218.863374 | 359.399475 
 4152.4893 | 08742.2715 | 14:23:48 | 218.846206 | 359.395898 
 4152.4863 | 08742.2939 | 14:23:49 | 218.826974 | 359.392306 
 4152.4833 | 08742.3147 | 14:23:50 | 218.809118 | 359.388725 
 4152.4802 | 08742.3346 | 14:23:51 | 218.792036 | 359.385034 
 4152.4773 | 08742.3549 | 14:23:52 | 218.774609 | 359.381570 
 4152.4745 | 08742.3749 | 14:23:53 | 218.757439 | 359.378224 
 4152.4716 | 08742.3949 | 14:23:54 | 218.740269 | 359.374763 
 4152.4687 | 08742.4143 | 14:23:55 | 218.723616 | 359.371305 
 4152.4659 | 08742.4339 | 14:23:56 | 218.706789 | 359.367962 
 4152.4632 | 08742.4539 | 14:23:57 | 218.689618 | 359.364731 
 4152.4609 | 08742.4738 | 14:23:58 | 218.672530 | 359.361960 
 4152.4591 | 08742.4938 | 14:23:59 | 218.655351 | 359.359765 
 4152.4577 | 08742.5138 | 14:24:00 | 218.638169 | 359.358029 
 4152.4566 | 08742.5341 | 14:24:01 | 218.620726 | 359.356637 
 4152.4558 | 08742.5545 | 14:24:02 | 218.603195 | 359.355589 
 4152.4553 | 08742.5751 | 14:24:03 | 218.585490 | 359.354885 
 4152.4550 | 08742.5960 | 14:24:04 | 218.567525 | 359.354410 
 4152.4548 | 08742.6169 | 14:24:05 | 218.549559 | 359.354049 
 4152.4547 | 08742.6379 | 14:24:06 | 218.531506 | 359.353803 
 4152.4545 | 08742.6589 | 14:24:07 | 218.513454 | 359.353442 
 4152.4543 | 08742.6799 | 14:24:08 | 218.495403 | 359.353081 
 4152.4539 | 08742.7010 | 14:24:09 | 218.477266 | 359.352490 
 4152.4539 | 08742.7229 | 14:24:10 | 218.458439 | 359.352353 
 4152.4537 | 08742.7444 | 14:24:11 | 218.439957 | 359.351990 
 4152.4535 | 08742.7658 | 14:24:12 | 218.421562 | 359.351626 
 4152.4533 | 08742.7873 | 14:24:13 | 218.403080 | 359.351263 
 4152.4530 | 08742.8086 | 14:24:14 | 218.384771 | 359.350785 
 4152.4526 | 08742.8297 | 14:24:15 | 218.366635 | 359.350194 
 4152.4524 | 08742.8507 | 14:24:16 | 218.348583 | 359.349834 
 4152.4523 | 08742.8716 | 14:24:17 | 218.330616 | 359.349589 
 4152.4522 | 08742.8926 | 14:24:18 | 218.312564 | 359.349344 
 4152.4520 | 08742.9136 | 14:24:19 | 218.294512 | 359.348984 
 4152.4519 | 08742.9347 | 14:24:20 | 218.276373 | 359.348739 
 4152.4517 | 08742.9557 | 14:24:21 | 218.258321 | 359.348379 
 4152.4515 | 08742.9768 | 14:24:22 | 218.240183 | 359.348018 
 4152.4511 | 08742.9981 | 14:24:23 | 218.221875 | 359.347426 
 4152.4506 | 08743.0199 | 14:24:24 | 218.203138 | 359.346717 
 4152.4504 | 08743.0411 | 14:24:25 | 218.184914 | 359.346356 
 4152.4502 | 08743.0621 | 14:24:26 | 218.166862 | 359.345996 
 4152.4499 | 08743.0831 | 14:24:27 | 218.148811 | 359.345522 
 4152.4496 | 08743.1041 | 14:24:28 | 218.130760 | 359.345047 
 4152.4494 | 08743.1253 | 14:24:29 | 218.112536 | 359.344687 
 4152.4491 | 08743.1467 | 14:24:30 | 218.094141 | 359.344210 
 4152.4489 | 08743.1684 | 14:24:31 | 218.075488 | 359.343846 
 4152.4486 | 08743.1902 | 14:24:32 | 218.056749 | 359.343367 
 4152.4483 | 08743.2120 | 14:24:33 | 218.038010 | 359.342888 
 4152.4480 | 08743.2337 | 14:24:34 | 218.019357 | 359.342410 
 4152.4477 | 08743.2555 | 14:24:35 | 218.000618 | 359.341931 
 4152.4475 | 08743.2778 | 14:24:36 | 217.981449 | 359.341564 
 4152.4470 | 08743.3007 | 14:24:37 | 217.961766 | 359.340849 
 4152.4465 | 08743.3223 | 14:24:38 | 217.943201 | 359.340142 
 4152.4462 | 08743.3436 | 14:24:39 | 217.924892 | 359.339666 
 4152.4461 | 08743.3649 | 14:24:40 | 217.906581 | 359.339421 
 4152.4459 | 08743.3861 | 14:24:41 | 217.888357 | 359.339061 
 4152.4458 | 08743.4072 | 14:24:42 | 217.870219 | 359.338817 
 4152.4455 | 08743.4278 | 14:24:43 | 217.852511 | 359.338346 
 4152.4451 | 08743.4479 | 14:24:44 | 217.835235 | 359.337764 
 4152.4449 | 08743.4679 | 14:24:45 | 217.818043 | 359.337412 
 4152.4446 | 08743.4878 | 14:24:46 | 217.800937 | 359.336945 
 4152.4444 | 08743.5077 | 14:24:47 | 217.783831 | 359.336594 
 4152.4442 | 08743.5276 | 14:24:48 | 217.766725 | 359.336243 
 4152.4440 | 08743.5476 | 14:24:49 | 217.749532 | 359.335891 
 4152.4438 | 08743.5675 | 14:24:50 | 217.732426 | 359.335540 
 4152.4436 | 08743.5871 | 14:24:51 | 217.715578 | 359.335190 
 4152.4434 | 08743.6071 | 14:24:52 | 217.698385 | 359.334839 
 4152.4432 | 08743.6270 | 14:24:53 | 217.681279 | 359.334488 
 4152.4429 | 08743.6474 | 14:24:54 | 217.663744 | 359.334019 
 4152.4426 | 08743.6676 | 14:24:55 | 217.646381 | 359.333551 
 4152.4424 | 08743.6882 | 14:24:56 | 217.628672 | 359.333196 
 4152.4422 | 08743.7089 | 14:24:57 | 217.610878 | 359.332841 
 4152.4420 | 08743.7297 | 14:24:58 | 217.592998 | 359.332485 
 4152.4418 | 08743.7504 | 14:24:59 | 217.575204 | 359.332130 
 4152.4415 | 08743.7714 | 14:25:00 | 217.557153 | 359.331657 
 4152.4413 | 08743.7926 | 14:25:01 | 217.538929 | 359.331299 
 4152.4412 | 08743.8139 | 14:25:02 | 217.520619 | 359.331056 
 4152.4410 | 08743.8352 | 14:25:03 | 217.502309 | 359.330697 
 4152.4408 | 08743.8565 | 14:25:04 | 217.483999 | 359.330338 
 4152.4405 | 08743.8779 | 14:25:05 | 217.465604 | 359.329864 
 4152.4401 | 08743.8992 | 14:25:06 | 217.447296 | 359.329276 
 4152.4399 | 08743.9204 | 14:25:07 | 217.429072 | 359.328918 
 4152.4394 | 08743.9413 | 14:25:08 | 217.411108 | 359.328217 
 4152.4387 | 08743.9622 | 14:25:09 | 217.393146 | 359.327286 
 4152.4381 | 08743.9827 | 14:25:10 | 217.375527 | 359.326473 
 4152.4373 | 08744.0033 | 14:25:11 | 217.357824 | 359.325428 
 4152.4332 | 08744.0236 | 14:25:12 | 217.340405 | 359.320591 
 4152.4298 | 08744.0438 | 14:25:13 | 217.323067 | 359.316558 
 4152.4260 | 08744.0640 | 14:25:14 | 217.305731 | 359.312066 
 4152.4214 | 08744.0842 | 14:25:15 | 217.288402 | 359.306654 
 4152.4164 | 08744.1047 | 14:25:16 | 217.270818 | 359.300780 
 4152.4112 | 08744.1253 | 14:25:17 | 217.253150 | 359.294675 
 4152.4061 | 08744.1458 | 14:25:18 | 217.235567 | 359.288686 
 4152.3988 | 08744.1570 | 14:25:19 | 217.225997 | 359.280222 
 4152.3880 | 08744.1734 | 14:25:20 | 217.211984 | 359.267701 
 4152.3795 | 08744.1908 | 14:25:21 | 217.197093 | 359.257820 
 4152.3711 | 08744.2078 | 14:25:22 | 217.182546 | 359.248057 
 4152.3630 | 08744.2242 | 14:25:23 | 217.168511 | 359.238642 
 4152.3552 | 08744.2404 | 14:25:24 | 217.154646 | 359.229573 
 4152.3477 | 08744.2569 | 14:25:25 | 217.140521 | 359.220848 
 4152.3409 | 08744.2736 | 14:25:26 | 217.126218 | 359.212926 
 4152.3347 | 08744.2908 | 14:25:27 | 217.111480 | 359.205692 
 4152.3292 | 08744.3083 | 14:25:28 | 217.096479 | 359.199261 
 4152.3242 | 08744.3261 | 14:25:29 | 217.081216 | 359.193404 
 4152.3194 | 08744.3442 | 14:25:30 | 217.065693 | 359.187775 
 4152.3164 | 08744.3621 | 14:25:31 | 217.050328 | 359.184218 
 4152.3134 | 08744.3806 | 14:25:32 | 217.034447 | 359.180657 
 4152.3109 | 08744.3993 | 14:25:33 | 217.018390 | 359.177670 
 4152.3084 | 08744.4178 | 14:25:34 | 217.002505 | 359.174685 
 4152.3060 | 08744.4364 | 14:25:35 | 216.986533 | 359.171814 
 4152.3060 | 08744.4539 | 14:25:36 | 216.971488 | 359.171710 
 4152.3071 | 08744.4798 | 14:25:37 | 216.949212 | 359.172822 
 4152.3073 | 08744.5011 | 14:25:38 | 216.930899 | 359.172925 
 4152.3072 | 08744.5216 | 14:25:39 | 216.913275 | 359.172689 
 4152.3072 | 08744.5422 | 14:25:40 | 216.895565 | 359.172567 
 4152.3072 | 08744.5627 | 14:25:41 | 216.877940 | 359.172446 
 4152.3071 | 08744.5834 | 14:25:42 | 216.860145 | 359.172208 
 4152.3069 | 08744.6042 | 14:25:43 | 216.842264 | 359.171855 
 4152.3066 | 08744.6250 | 14:25:44 | 216.824384 | 359.171387 
 4152.3063 | 08744.6460 | 14:25:45 | 216.806333 | 359.170918 
 4152.3061 | 08744.6668 | 14:25:46 | 216.788452 | 359.170565 
 4152.3058 | 08744.6876 | 14:25:47 | 216.770572 | 359.170098 
 4152.3056 | 08744.7083 | 14:25:48 | 216.752777 | 359.169746 
 4152.3054 | 08744.7289 | 14:25:49 | 216.735069 | 359.169394 
 4152.3050 | 08744.7480 | 14:25:50 | 216.718651 | 359.168822 
 4152.3047 | 08744.7682 | 14:25:51 | 216.701287 | 359.168358 
 4152.3045 | 08744.7884 | 14:25:52 | 216.683922 | 359.168009 
 4152.3043 | 08744.8084 | 14:25:53 | 216.666729 | 359.167661 
 4152.3041 | 08744.8278 | 14:25:54 | 216.650052 | 359.167317 
 4152.3039 | 08744.8470 | 14:25:55 | 216.633547 | 359.166975 
 4152.3038 | 08744.8658 | 14:25:56 | 216.617385 | 359.166749 
 4152.3036 | 08744.8845 | 14:25:57 | 216.601310 | 359.166410 
 4152.3034 | 08744.9030 | 14:25:58 | 216.585406 | 359.166071 
 4152.3033 | 08744.9212 | 14:25:59 | 216.569760 | 359.165850 
 4152.3030 | 08744.9394 | 14:26:00 | 216.554115 | 359.165398 
 4152.3028 | 08744.9576 | 14:26:01 | 216.538470 | 359.165061 
 4152.3024 | 08744.9760 | 14:26:02 | 216.522654 | 359.164494 
 4152.3023 | 08744.9943 | 14:26:03 | 216.506922 | 359.164272 
 4152.3021 | 08745.0127 | 14:26:04 | 216.491105 | 359.163934 
 4152.3018 | 08745.0310 | 14:26:05 | 216.475374 | 359.163482 
 4152.3015 | 08745.0493 | 14:26:06 | 216.459643 | 359.163030 
 4152.3013 | 08745.0677 | 14:26:07 | 216.443826 | 359.162693 
 4152.3011 | 08745.0861 | 14:26:08 | 216.428009 | 359.162356 
 4152.3009 | 08745.1049 | 14:26:09 | 216.411847 | 359.162016 
 4152.3009 | 08745.1236 | 14:26:10 | 216.395771 | 359.161907 
 4152.3009 | 08745.1427 | 14:26:11 | 216.379350 | 359.161796 
 4152.3007 | 08745.1622 | 14:26:12 | 216.362587 | 359.161453 
 4152.3005 | 08745.1818 | 14:26:13 | 216.345738 | 359.161109 
 4152.3003 | 08745.2016 | 14:26:14 | 216.328717 | 359.160764 
 4152.3002 | 08745.2215 | 14:26:15 | 216.311609 | 359.160533 
 4152.3000 | 08745.2414 | 14:26:16 | 216.294502 | 359.160187 
 4152.2998 | 08745.2613 | 14:26:17 | 216.277395 | 359.159842 
 4152.2995 | 08745.2811 | 14:26:18 | 216.260375 | 359.159382 
 4152.2993 | 08745.3009 | 14:26:19 | 216.243354 | 359.159037 
 4152.2989 | 08745.3208 | 14:26:20 | 216.226248 | 359.158462 
 4152.2988 | 08745.3385 | 14:26:21 | 216.211032 | 359.158245 
 4152.2986 | 08745.3572 | 14:26:22 | 216.194957 | 359.157906 
 4152.2986 | 08745.3758 | 14:26:23 | 216.178966 | 359.157799 
 4152.2983 | 08745.3937 | 14:26:24 | 216.163579 | 359.157350 
 4152.2981 | 08745.4117 | 14:26:25 | 216.148105 | 359.157016 
 4152.2979 | 08745.4297 | 14:26:26 | 216.132632 | 359.156682 
 4152.2976 | 08745.4476 | 14:26:27 | 216.117245 | 359.156234 
 4152.2975 | 08745.4653 | 14:26:28 | 216.102029 | 359.156017 
 4152.2973 | 08745.4826 | 14:26:29 | 216.087157 | 359.155687 
 4152.2972 | 08745.5000 | 14:26:30 | 216.072199 | 359.155472 
 4152.2970 | 08745.5175 | 14:26:31 | 216.057155 | 359.155141 
 4152.2968 | 08745.5353 | 14:26:32 | 216.041853 | 359.154809 
 4152.2966 | 08745.5531 | 14:26:33 | 216.026552 | 359.154476 
 4152.2964 | 08745.5710 | 14:26:34 | 216.011164 | 359.154143 
 4152.2962 | 08745.5889 | 14:26:35 | 215.995777 | 359.153810 
 4152.2960 | 08745.6065 | 14:26:36 | 215.980647 | 359.153479 
 4152.2958 | 08745.6238 | 14:26:37 | 215.965775 | 359.153150 
 4152.2955 | 08745.6408 | 14:26:38 | 215.951162 | 359.152707 
 4152.2952 | 08745.6575 | 14:26:39 | 215.936807 | 359.152266 
 4152.2947 | 08745.6738 | 14:26:40 | 215.922797 | 359.151598 
 4152.2939 | 08745.6900 | 14:26:41 | 215.908876 | 359.150585 
 4152.2932 | 08745.7061 | 14:26:42 | 215.895040 | 359.149687 
 4152.2921 | 08745.7219 | 14:26:43 | 215.881465 | 359.148332 
 4152.2910 | 08745.7371 | 14:26:44 | 215.868405 | 359.146980 
 4152.2899 | 08745.7522 | 14:26:45 | 215.855432 | 359.145628 
 4152.2887 | 08745.7673 | 14:26:46 | 215.842459 | 359.144161 
 4152.2870 | 08745.7815 | 14:26:47 | 215.830264 | 359.142125 
 4152.2854 | 08745.7962 | 14:26:48 | 215.817638 | 359.140200 
 4152.2837 | 08745.8113 | 14:26:49 | 215.804669 | 359.138159 
 4152.2819 | 08745.8261 | 14:26:50 | 215.791959 | 359.136004 
 4152.2801 | 08745.8414 | 14:26:51 | 215.778819 | 359.133846 
 4152.2784 | 08745.8565 | 14:26:52 | 215.765850 | 359.131805 
 4152.2766 | 08745.8712 | 14:26:53 | 215.753226 | 359.129650 
 4152.2749 | 08745.8858 | 14:26:54 | 215.740686 | 359.127612 
 4152.2731 | 08745.8999 | 14:26:55 | 215.728578 | 359.125461 
 4152.2715 | 08745.9130 | 14:26:56 | 215.717328 | 359.123546 
 4152.2700 | 08745.9250 | 14:26:57 | 215.707022 | 359.121753 
 4152.2686 | 08745.9359 | 14:26:58 | 215.697662 | 359.120080 
 4152.2675 | 08745.9455 | 14:26:59 | 215.689417 | 359.118760 
 4152.2665 | 08745.9540 | 14:27:00 | 215.682117 | 359.117562 
 4152.2656 | 08745.9620 | 14:27:01 | 215.675246 | 359.116481 
 4152.2648 | 08745.9692 | 14:27:02 | 215.669062 | 359.115520 
 4152.2641 | 08745.9751 | 14:27:03 | 215.663995 | 359.114681 
 4152.2634 | 08745.9802 | 14:27:04 | 215.659615 | 359.113847 
 4152.2629 | 08745.9848 | 14:27:05 | 215.655664 | 359.113246 
 4152.2624 | 08745.9891 | 14:27:06 | 215.651971 | 359.112646 
 4152.2618 | 08745.9937 | 14:27:07 | 215.648021 | 359.111930 
 4152.2613 | 08745.9991 | 14:27:08 | 215.643382 | 359.111324 
 4152.2607 | 08746.0053 | 14:27:09 | 215.638056 | 359.110599 
 4152.2602 | 08746.0123 | 14:27:10 | 215.632042 | 359.109984 
 4152.2596 | 08746.0204 | 14:27:11 | 215.625083 | 359.109248 
 4152.2590 | 08746.0293 | 14:27:12 | 215.617436 | 359.108507 
 4152.2584 | 08746.0390 | 14:27:13 | 215.609101 | 359.107762 
 4152.2579 | 08746.0495 | 14:27:14 | 215.600077 | 359.107128 
 4152.2575 | 08746.0607 | 14:27:15 | 215.590451 | 359.106604 
 4152.2572 | 08746.0725 | 14:27:16 | 215.580309 | 359.106192 
 4152.2570 | 08746.0845 | 14:27:17 | 215.569994 | 359.105894 
 4152.2569 | 08746.0965 | 14:27:18 | 215.559677 | 359.105711 
 4152.2570 | 08746.1081 | 14:27:19 | 215.549704 | 359.105761 
 4152.2572 | 08746.1199 | 14:27:20 | 215.539557 | 359.105924 
 4152.2575 | 08746.1315 | 14:27:21 | 215.529582 | 359.106203 
 4152.2579 | 08746.1431 | 14:27:22 | 215.519606 | 359.106598 
 4152.2583 | 08746.1545 | 14:27:23 | 215.509802 | 359.106994 
 4152.2586 | 08746.1658 | 14:27:24 | 215.500085 | 359.107275 
 4152.2590 | 08746.1770 | 14:27:25 | 215.490453 | 359.107672 
 4152.2593 | 08746.1881 | 14:27:26 | 215.480908 | 359.107954 
 4152.2595 | 08746.1991 | 14:27:27 | 215.471449 | 359.108122 
 4152.2598 | 08746.2099 | 14:27:28 | 215.462162 | 359.108406 
 4152.2600 | 08746.2206 | 14:27:29 | 215.452961 | 359.108576 
 4152.2603 | 08746.2312 | 14:27:30 | 215.443846 | 359.108861 
 4152.2606 | 08746.2417 | 14:27:31 | 215.434816 | 359.109147 
 4152.2609 | 08746.2518 | 14:27:32 | 215.426131 | 359.109435 
 4152.2613 | 08746.2622 | 14:27:33 | 215.417186 | 359.109837 
 4152.2616 | 08746.2730 | 14:27:34 | 215.407899 | 359.110121 
 4152.2619 | 08746.2837 | 14:27:35 | 215.398698 | 359.110406 
 4152.2623 | 08746.2946 | 14:27:36 | 215.389323 | 359.110805 
 4152.2628 | 08746.3055 | 14:27:37 | 215.379949 | 359.111319 
 4152.2633 | 08746.3165 | 14:27:38 | 215.370488 | 359.111832 
 4152.2638 | 08746.3275 | 14:27:39 | 215.361027 | 359.112345 
 4152.2643 | 08746.3386 | 14:27:40 | 215.351480 | 359.112858 
 4152.2649 | 08746.3497 | 14:27:41 | 215.341933 | 359.113486 
 4152.2655 | 08746.3608 | 14:27:42 | 215.332385 | 359.114113 
 4152.2660 | 08746.3715 | 14:27:43 | 215.323182 | 359.114628 
 4152.2665 | 08746.3817 | 14:27:44 | 215.314409 | 359.115146 
 4152.2670 | 08746.3912 | 14:27:45 | 215.306238 | 359.115668 
 4152.2674 | 08746.4004 | 14:27:46 | 215.298325 | 359.116077 
 4152.2678 | 08746.4090 | 14:27:47 | 215.290929 | 359.116489 
 4152.2683 | 08746.4175 | 14:27:48 | 215.283617 | 359.117016 
 4152.2687 | 08746.4258 | 14:27:49 | 215.276478 | 359.117430 
 4152.2692 | 08746.4340 | 14:27:50 | 215.269425 | 359.117959 
 4152.2696 | 08746.4417 | 14:27:51 | 215.262802 | 359.118376 
 4152.2700 | 08746.4490 | 14:27:52 | 215.256523 | 359.118795 
 4152.2704 | 08746.4561 | 14:27:53 | 215.250416 | 359.119215 
 4152.2708 | 08746.4632 | 14:27:54 | 215.244309 | 359.119636 
 4152.2711 | 08746.4702 | 14:27:55 | 215.238288 | 359.119942 
 4152.2715 | 08746.4772 | 14:27:56 | 215.232267 | 359.120362 
 4152.2713 | 08746.4831 | 14:27:57 | 215.227196 | 359.120099 
 4152.2716 | 08746.4842 | 14:27:58 | 215.226248 | 359.120438 
 4152.2717 | 08746.4892 | 14:27:59 | 215.221949 | 359.120525 
 4152.2724 | 08746.4922 | 14:28:00 | 215.219365 | 359.121314 
 4152.2725 | 08746.4956 | 14:28:01 | 215.216441 | 359.121410 
 4152.2725 | 08746.4978 | 14:28:02 | 215.214549 | 359.121397 
 4152.2724 | 08746.4990 | 14:28:03 | 215.213518 | 359.121276 
 4152.2725 | 08746.4994 | 14:28:04 | 215.213174 | 359.121389 
 4152.2726 | 08746.4995 | 14:28:05 | 215.213087 | 359.121503 
 4152.2726 | 08746.4996 | 14:28:06 | 215.213001 | 359.121502 
 4152.2726 | 08746.4996 | 14:28:07 | 215.213001 | 359.121502 
 4152.2726 | 08746.4996 | 14:28:08 | 215.213001 | 359.121502 
 4152.2726 | 08746.4998 | 14:28:09 | 215.212829 | 359.121501 
 4152.2726 | 08746.5004 | 14:28:10 | 215.212313 | 359.121498 
 4152.2726 | 08746.5014 | 14:28:11 | 215.211454 | 359.121492 
 4152.2727 | 08746.5032 | 14:28:12 | 215.209905 | 359.121597 
 4152.2729 | 08746.5061 | 14:28:13 | 215.207411 | 359.121811 
 4152.2732 | 08746.5093 | 14:28:14 | 215.204657 | 359.122138 
 4152.2735 | 08746.5125 | 14:28:15 | 215.201904 | 359.122466 
 4152.2737 | 08746.5161 | 14:28:16 | 215.198807 | 359.122675 
 4152.2740 | 08746.5204 | 14:28:17 | 215.195108 | 359.122996 
 4152.2743 | 08746.5250 | 14:28:18 | 215.191151 | 359.123316 
 4152.2746 | 08746.5294 | 14:28:19 | 215.187366 | 359.123636 
 4152.2748 | 08746.5330 | 14:28:20 | 215.184270 | 359.123846 
 4152.2750 | 08746.5356 | 14:28:21 | 215.182033 | 359.124062 
 4152.2751 | 08746.5371 | 14:28:22 | 215.180742 | 359.124168 
 4152.2752 | 08746.5380 | 14:28:23 | 215.179968 | 359.124278 
 4152.2753 | 08746.5389 | 14:28:24 | 215.179193 | 359.124388 
 4152.2754 | 08746.5400 | 14:28:25 | 215.178247 | 359.124497 
 4152.2755 | 08746.5413 | 14:28:26 | 215.177129 | 359.124605 
 4152.2756 | 08746.5423 | 14:28:27 | 215.176268 | 359.124715 
 4152.2757 | 08746.5431 | 14:28:28 | 215.175580 | 359.124825 
 4152.2758 | 08746.5435 | 14:28:29 | 215.175235 | 359.124938 
 4152.2758 | 08746.5439 | 14:28:30 | 215.174891 | 359.124936 
 4152.2759 | 08746.5448 | 14:28:31 | 215.174117 | 359.125046 
 4152.2760 | 08746.5468 | 14:28:32 | 215.172396 | 359.125149 
 4152.2762 | 08746.5502 | 14:28:33 | 215.169472 | 359.125361 
 4152.2765 | 08746.5544 | 14:28:34 | 215.165859 | 359.125682 
 4152.2767 | 08746.5595 | 14:28:35 | 215.161473 | 359.125884 
 4152.2770 | 08746.5652 | 14:28:36 | 215.156570 | 359.126197 
 4152.2773 | 08746.5716 | 14:28:37 | 215.151065 | 359.126506 
 4152.2776 | 08746.5785 | 14:28:38 | 215.145131 | 359.126813 
 4152.2781 | 08746.5860 | 14:28:39 | 215.138679 | 359.127346 
 4152.2787 | 08746.5941 | 14:28:40 | 215.131711 | 359.127991 
 4152.2792 | 08746.6025 | 14:28:41 | 215.124486 | 359.128520 
 4152.2798 | 08746.6112 | 14:28:42 | 215.117001 | 359.129161 
 4152.2803 | 08746.6196 | 14:28:43 | 215.109776 | 359.129689 
 4152.2808 | 08746.6277 | 14:28:44 | 215.102808 | 359.130219 
 4152.2813 | 08746.6356 | 14:28:45 | 215.096013 | 359.130751 
 4152.2818 | 08746.6434 | 14:28:46 | 215.089303 | 359.131282 
 4152.2822 | 08746.6506 | 14:28:47 | 215.083110 | 359.131702 
 4152.2825 | 08746.6602 | 14:28:48 | 215.074855 | 359.131994 
 4152.2825 | 08746.6656 | 14:28:49 | 215.070212 | 359.131964 
 4152.2828 | 08746.6702 | 14:28:50 | 215.066255 | 359.132283 
 4152.2834 | 08746.6725 | 14:28:51 | 215.064273 | 359.132961 
 4152.2838 | 08746.6748 | 14:28:52 | 215.062293 | 359.133408 
 4152.2839 | 08746.6772 | 14:28:53 | 215.060229 | 359.133510 
 4152.2841 | 08746.6797 | 14:28:54 | 215.058078 | 359.133726 
 4152.2842 | 08746.6822 | 14:28:55 | 215.055928 | 359.133827 
 4152.2843 | 08746.6851 | 14:28:56 | 215.053434 | 359.133926 
 4152.2846 | 08746.6892 | 14:28:57 | 215.049907 | 359.134248 
 4152.2850 | 08746.6941 | 14:28:58 | 215.045691 | 359.134681 
 4152.2853 | 08746.6998 | 14:28:59 | 215.040789 | 359.134994 
 4152.2858 | 08746.7061 | 14:29:00 | 215.035369 | 359.135534 
 4152.2862 | 08746.7126 | 14:29:01 | 215.029777 | 359.135958 
 4152.2866 | 08746.7188 | 14:29:02 | 215.024444 | 359.136384 
 4152.2869 | 08746.7245 | 14:29:03 | 215.019541 | 359.136698 
 4152.2872 | 08746.7296 | 14:29:04 | 215.015155 | 359.137014 
 4152.2875 | 08746.7343 | 14:29:05 | 215.011112 | 359.137333 
 4152.2878 | 08746.7386 | 14:29:06 | 215.007412 | 359.137654 
 4152.2880 | 08746.7429 | 14:29:07 | 215.003714 | 359.137861 
 4152.2883 | 08746.7472 | 14:29:08 | 215.000015 | 359.138182 
 4152.2886 | 08746.7515 | 14:29:09 | 214.996316 | 359.138503 
 4152.2889 | 08746.7557 | 14:29:10 | 214.992703 | 359.138825 
 4152.2893 | 08746.7598 | 14:29:11 | 214.989175 | 359.139262 
 4152.2897 | 08746.7638 | 14:29:12 | 214.985733 | 359.139700 
 4152.2906 | 08746.7683 | 14:29:13 | 214.981858 | 359.140710 
 4152.2907 | 08746.7742 | 14:29:14 | 214.976785 | 359.140793 
 4152.2911 | 08746.7790 | 14:29:15 | 214.972655 | 359.141226 
 4152.2915 | 08746.7835 | 14:29:16 | 214.968783 | 359.141661 
 4152.2918 | 08746.7878 | 14:29:17 | 214.965084 | 359.141982 
 4152.2922 | 08746.7924 | 14:29:18 | 214.961127 | 359.142417 
 4152.2925 | 08746.7975 | 14:29:19 | 214.956740 | 359.142734 
 4152.2930 | 08746.8029 | 14:29:20 | 214.952093 | 359.143279 
 4152.2935 | 08746.8087 | 14:29:21 | 214.947103 | 359.143822 
 4152.2940 | 08746.8148 | 14:29:22 | 214.941855 | 359.144363 
 4152.2946 | 08746.8212 | 14:29:23 | 214.936349 | 359.145018 
 4152.2952 | 08746.8281 | 14:29:24 | 214.930412 | 359.145670 
 4152.2957 | 08746.8348 | 14:29:25 | 214.924648 | 359.146208 
 4152.2962 | 08746.8410 | 14:29:26 | 214.919314 | 359.146749 
 4152.2967 | 08746.8462 | 14:29:27 | 214.914840 | 359.147295 
 4152.2971 | 08746.8508 | 14:29:28 | 214.910882 | 359.147730 
 4152.2975 | 08746.8555 | 14:29:29 | 214.906839 | 359.148164 
 4152.2978 | 08746.8600 | 14:29:30 | 214.902968 | 359.148484 
 4152.2981 | 08746.8647 | 14:29:31 | 214.898925 | 359.148803 
 4152.2984 | 08746.8694 | 14:29:32 | 214.894882 | 359.149122 
 4152.2987 | 08746.8731 | 14:29:33 | 214.891699 | 359.149447 
 4152.2989 | 08746.8753 | 14:29:34 | 214.889806 | 359.149665 
 4152.2990 | 08746.8763 | 14:29:35 | 214.888945 | 359.149774 
 4152.2990 | 08746.8765 | 14:29:36 | 214.888773 | 359.149773 
 4152.2991 | 08746.8763 | 14:29:37 | 214.888944 | 359.149889 
 4152.2991 | 08746.8762 | 14:29:38 | 214.889030 | 359.149890 
 4152.2991 | 08746.8762 | 14:29:39 | 214.889030 | 359.149890 
 4152.2991 | 08746.8762 | 14:29:40 | 214.889030 | 359.149890 
 4152.2991 | 08746.8762 | 14:29:41 | 214.889030 | 359.149890 
 4152.2990 | 08746.8761 | 14:29:42 | 214.889117 | 359.149775 
 4152.2991 | 08746.8774 | 14:29:43 | 214.887999 | 359.149883 
 4152.2993 | 08746.8799 | 14:29:44 | 214.885848 | 359.150099 
 4152.2997 | 08746.8837 | 14:29:45 | 214.882578 | 359.150539 
 4152.3002 | 08746.8884 | 14:29:46 | 214.878534 | 359.151088 
 4152.3007 | 08746.8940 | 14:29:47 | 214.873715 | 359.151632 
 4152.3013 | 08746.9002 | 14:29:48 | 214.868381 | 359.152288 
 4152.3019 | 08746.9068 | 14:29:49 | 214.862702 | 359.152941 
 4152.3024 | 08746.9134 | 14:29:50 | 214.857024 | 359.153480 
 4152.3029 | 08746.9199 | 14:29:51 | 214.851432 | 359.154019 
 4152.3035 | 08746.9266 | 14:29:52 | 214.845668 | 359.154673 
 4152.3041 | 08746.9335 | 14:29:53 | 214.839731 | 359.155325 
 4152.3047 | 08746.9406 | 14:29:54 | 214.833623 | 359.155976 
 4152.3054 | 08746.9477 | 14:29:55 | 214.827514 | 359.156742 
 4152.3060 | 08746.9548 | 14:29:56 | 214.821405 | 359.157393 
 4152.3066 | 08746.9616 | 14:29:57 | 214.815555 | 359.158045 
 4152.3071 | 08746.9680 | 14:29:58 | 214.810049 | 359.158585 
 4152.3076 | 08746.9741 | 14:29:59 | 214.804801 | 359.159126 
 4152.3082 | 08746.9800 | 14:30:00 | 214.799724 | 359.159784 
 4152.3087 | 08746.9856 | 14:30:01 | 214.794906 | 359.160328 
 4152.3092 | 08746.9912 | 14:30:02 | 214.790088 | 359.160873 
 4152.3096 | 08746.9967 | 14:30:03 | 214.785356 | 359.161302 
 4152.3100 | 08747.0022 | 14:30:04 | 214.780625 | 359.161732 
 4152.3105 | 08747.0081 | 14:30:05 | 214.775549 | 359.162275 
 4152.3110 | 08747.0146 | 14:30:06 | 214.769957 | 359.162814 
 4152.3116 | 08747.0214 | 14:30:07 | 214.764106 | 359.163467 
 4152.3121 | 08747.0284 | 14:30:08 | 214.758085 | 359.164003 
 4152.3127 | 08747.0357 | 14:30:09 | 214.751804 | 359.164653 
 4152.3133 | 08747.0430 | 14:30:10 | 214.745524 | 359.165303 
 4152.3139 | 08747.0502 | 14:30:11 | 214.739329 | 359.165954 
 4152.3146 | 08747.0574 | 14:30:12 | 214.733134 | 359.166720 
 4152.3152 | 08747.0646 | 14:30:13 | 214.726940 | 359.167370 
 4152.3159 | 08747.0714 | 14:30:14 | 214.721089 | 359.168138 
 4152.3166 | 08747.0783 | 14:30:15 | 214.715151 | 359.168905 
 4152.3173 | 08747.0855 | 14:30:16 | 214.708956 | 359.169671 
 4152.3179 | 08747.0927 | 14:30:17 | 214.702762 | 359.170321 
 4152.3185 | 08747.0998 | 14:30:18 | 214.696653 | 359.170973 
 4152.3191 | 08747.1071 | 14:30:19 | 214.690373 | 359.171623 
 4152.3198 | 08747.1144 | 14:30:20 | 214.684092 | 359.172388 
 4152.3205 | 08747.1211 | 14:30:21 | 214.678327 | 359.173156 
 4152.3210 | 08747.1265 | 14:30:22 | 214.673681 | 359.173702 
 4152.3214 | 08747.1301 | 14:30:23 | 214.670583 | 359.174142 
 4152.3216 | 08747.1323 | 14:30:24 | 214.668690 | 359.174360 
 4152.3217 | 08747.1335 | 14:30:25 | 214.667657 | 359.174468 
 4152.3218 | 08747.1345 | 14:30:26 | 214.666797 | 359.174578 
 4152.3219 | 08747.1355 | 14:30:27 | 214.665936 | 359.174687 
 4152.3220 | 08747.1367 | 14:30:28 | 214.664904 | 359.174796 
 4152.3221 | 08747.1378 | 14:30:29 | 214.663958 | 359.174905 
 4152.3222 | 08747.1391 | 14:30:30 | 214.662839 | 359.175013 
 4152.3223 | 08747.1404 | 14:30:31 | 214.661721 | 359.175121 
 4152.3224 | 08747.1417 | 14:30:32 | 214.660602 | 359.175229 
 4152.3225 | 08747.1431 | 14:30:33 | 214.659398 | 359.175336 
 4152.3226 | 08747.1445 | 14:30:34 | 214.658194 | 359.175443 
 4152.3227 | 08747.1460 | 14:30:35 | 214.656903 | 359.175550 
 4152.3228 | 08747.1480 | 14:30:36 | 214.655183 | 359.175654 
 4152.3230 | 08747.1503 | 14:30:37 | 214.653205 | 359.175872 
 4152.3232 | 08747.1529 | 14:30:38 | 214.650968 | 359.176087 
 4152.3235 | 08747.1560 | 14:30:39 | 214.648300 | 359.176415 
 4152.3239 | 08747.1597 | 14:30:40 | 214.645117 | 359.176855 
 4152.3243 | 08747.1642 | 14:30:41 | 214.641245 | 359.177291 
 4152.3248 | 08747.1693 | 14:30:42 | 214.636857 | 359.177838 
 4152.3253 | 08747.1750 | 14:30:43 | 214.631953 | 359.178382 
 4152.3258 | 08747.1813 | 14:30:44 | 214.626533 | 359.178922 
 4152.3264 | 08747.1880 | 14:30:45 | 214.620768 | 359.179576 
 4152.3269 | 08747.1951 | 14:30:46 | 214.614661 | 359.180112 
 4152.3275 | 08747.2024 | 14:30:47 | 214.608380 | 359.180762 
 4152.3280 | 08747.2098 | 14:30:48 | 214.602015 | 359.181297 
 4152.3286 | 08747.2173 | 14:30:49 | 214.595562 | 359.181946 
 4152.3292 | 08747.2249 | 14:30:50 | 214.589024 | 359.182594 
 4152.3299 | 08747.2326 | 14:30:51 | 214.582399 | 359.183358 
 4152.3306 | 08747.2404 | 14:30:52 | 214.575688 | 359.184120 
 4152.3313 | 08747.2483 | 14:30:53 | 214.568891 | 359.184882 
 4152.3321 | 08747.2564 | 14:30:54 | 214.561922 | 359.185758 
 4152.3328 | 08747.2648 | 14:30:55 | 214.554695 | 359.186517 
 4152.3336 | 08747.2735 | 14:30:56 | 214.547210 | 359.187390 
 4152.3343 | 08747.2823 | 14:30:57 | 214.539639 | 359.188147 
 4152.3351 | 08747.2910 | 14:30:58 | 214.532154 | 359.189020 
 4152.3358 | 08747.2995 | 14:30:59 | 214.524841 | 359.189778 
 4152.3365 | 08747.3075 | 14:31:00 | 214.517958 | 359.190540 
 4152.3371 | 08747.3145 | 14:31:01 | 214.511936 | 359.191192 
 4152.3376 | 08747.3207 | 14:31:02 | 214.506602 | 359.191733 
 4152.3382 | 08747.3263 | 14:31:03 | 214.501783 | 359.192393 
 4152.3386 | 08747.3315 | 14:31:04 | 214.497310 | 359.192825 
 4152.3391 | 08747.3364 | 14:31:05 | 214.493093 | 359.193373 
 4152.3395 | 08747.3406 | 14:31:06 | 214.489480 | 359.193810 
 4152.3400 | 08747.3541 | 14:31:10 | 214.477870 | 359.194312 
 4152.3393 | 08747.3578 | 14:31:11 | 214.474694 | 359.193486 
 4152.3390 | 08747.3601 | 14:31:12 | 214.472719 | 359.193129 
 4152.3396 | 08747.3638 | 14:31:13 | 214.469533 | 359.193799 
 4152.3398 | 08747.3677 | 14:31:14 | 214.466179 | 359.194008 
 4152.3401 | 08747.3707 | 14:31:15 | 214.463598 | 359.194336 
 4152.3404 | 08747.3736 | 14:31:16 | 214.461102 | 359.194666 
 4152.3406 | 08747.3762 | 14:31:17 | 214.458866 | 359.194881 
 4152.3409 | 08747.3790 | 14:31:18 | 214.456456 | 359.195211 
 4152.3411 | 08747.3816 | 14:31:19 | 214.454220 | 359.195427 
 4152.3413 | 08747.3844 | 14:31:20 | 214.451811 | 359.195642 
 4152.3414 | 08747.3877 | 14:31:21 | 214.448973 | 359.195739 
 4152.3416 | 08747.3914 | 14:31:22 | 214.445791 | 359.195949 
 4152.3417 | 08747.3956 | 14:31:23 | 214.442179 | 359.196041 
 4152.3421 | 08747.4001 | 14:31:24 | 214.438308 | 359.196477 
 4152.3423 | 08747.4053 | 14:31:25 | 214.433836 | 359.196678 
 4152.3425 | 08747.4107 | 14:31:26 | 214.429192 | 359.196879 
 4152.3425 | 08747.4157 | 14:31:27 | 214.424893 | 359.196852 
 4152.3426 | 08747.4206 | 14:31:28 | 214.420680 | 359.196940 
 4152.3425 | 08747.4257 | 14:31:29 | 214.416296 | 359.196798 
 4152.3424 | 08747.4313 | 14:31:30 | 214.411482 | 359.196652 
 4152.3423 | 08747.4370 | 14:31:31 | 214.406583 | 359.196506 
 4152.3423 | 08747.4426 | 14:31:32 | 214.401768 | 359.196476 
 4152.3425 | 08747.4485 | 14:31:33 | 214.396694 | 359.196674 
 4152.3426 | 08747.4548 | 14:31:34 | 214.391277 | 359.196754 
 4152.3428 | 08747.4618 | 14:31:35 | 214.385258 | 359.196946 
 4152.3431 | 08747.4691 | 14:31:36 | 214.378980 | 359.197252 
 4152.3434 | 08747.4762 | 14:31:37 | 214.372874 | 359.197558 
 4152.3437 | 08747.4832 | 14:31:38 | 214.366854 | 359.197865 
 4152.3440 | 08747.4900 | 14:31:39 | 214.361005 | 359.198174 
 4152.3443 | 08747.4966 | 14:31:40 | 214.355329 | 359.198483 
 4152.3446 | 08747.5029 | 14:31:41 | 214.349911 | 359.198794 
 4152.3450 | 08747.5092 | 14:31:42 | 214.344492 | 359.199220 
 4152.3455 | 08747.5153 | 14:31:43 | 214.339244 | 359.199762 
 4152.3459 | 08747.5212 | 14:31:44 | 214.334168 | 359.200190 
 4152.3464 | 08747.5272 | 14:31:45 | 214.329007 | 359.200732 
 4152.3469 | 08747.5332 | 14:31:46 | 214.323845 | 359.201275 
 4152.3474 | 08747.5391 | 14:31:47 | 214.318769 | 359.201818 
 4152.3478 | 08747.5445 | 14:31:48 | 214.314123 | 359.202249 
 4152.3482 | 08747.5491 | 14:31:49 | 214.310166 | 359.202684 
 4152.3485 | 08747.5534 | 14:31:50 | 214.306467 | 359.203006 
 4152.3489 | 08747.5576 | 14:31:51 | 214.302853 | 359.203443 
 4152.3492 | 08747.5622 | 14:31:52 | 214.298896 | 359.203764 
 4152.3497 | 08747.5674 | 14:31:53 | 214.294422 | 359.204311 
 4152.3503 | 08747.5732 | 14:31:54 | 214.289431 | 359.204969 
 4152.3509 | 08747.5796 | 14:31:55 | 214.283925 | 359.205625 
 4152.3515 | 08747.5866 | 14:31:56 | 214.277903 | 359.206277 
 4152.3522 | 08747.5944 | 14:31:57 | 214.271192 | 359.207040 
 4152.3529 | 08747.6027 | 14:31:58 | 214.264051 | 359.207800 
 4152.3537 | 08747.6114 | 14:31:59 | 214.256566 | 359.208673 
 4152.3546 | 08747.6205 | 14:32:00 | 214.248736 | 359.209660 
 4152.3554 | 08747.6297 | 14:32:01 | 214.240821 | 359.210530 
 4152.3563 | 08747.6389 | 14:32:02 | 214.232905 | 359.211516 
 4152.3572 | 08747.6481 | 14:32:03 | 214.224989 | 359.212501 
 4152.3581 | 08747.6572 | 14:32:04 | 214.217159 | 359.213487 
 4152.3592 | 08747.6654 | 14:32:05 | 214.210102 | 359.214708 
 4152.3600 | 08747.6741 | 14:32:06 | 214.202616 | 359.215581 
 4152.3610 | 08747.6827 | 14:32:07 | 214.195216 | 359.216685 
 4152.3618 | 08747.6910 | 14:32:08 | 214.188074 | 359.217561 
 4152.3628 | 08747.6990 | 14:32:09 | 214.181189 | 359.218668 
 4152.3637 | 08747.7067 | 14:32:10 | 214.174563 | 359.219661 
 4152.3645 | 08747.7142 | 14:32:11 | 214.168110 | 359.220541 
 4152.3653 | 08747.7214 | 14:32:12 | 214.161914 | 359.221423 
 4152.3660 | 08747.7283 | 14:32:13 | 214.155977 | 359.222191 
 4152.3667 | 08747.7353 | 14:32:14 | 214.149954 | 359.222958 
 4152.3675 | 08747.7422 | 14:32:15 | 214.144016 | 359.223841 
 4152.3683 | 08747.7492 | 14:32:16 | 214.137992 | 359.224724 
 4152.3691 | 08747.7563 | 14:32:17 | 214.131883 | 359.225606 
 4152.3699 | 08747.7632 | 14:32:18 | 214.125945 | 359.226489 
 4152.3707 | 08747.7698 | 14:32:19 | 214.120265 | 359.227373 
 4152.3715 | 08747.7764 | 14:32:20 | 214.114585 | 359.228258 
 4152.3723 | 08747.7831 | 14:32:21 | 214.108819 | 359.229142 
 4152.3731 | 08747.7900 | 14:32:22 | 214.102882 | 359.230025 
 4152.3740 | 08747.7975 | 14:32:23 | 214.096427 | 359.231020 
 4152.3751 | 08747.8055 | 14:32:24 | 214.089542 | 359.232243 
 4152.3761 | 08747.8141 | 14:32:25 | 214.082141 | 359.233347 
 4152.3773 | 08747.8230 | 14:32:26 | 214.074481 | 359.234679 
 4152.3784 | 08747.8320 | 14:32:27 | 214.066736 | 359.235896 
 4152.3795 | 08747.8409 | 14:32:28 | 214.059077 | 359.237114 
 4152.3805 | 08747.8496 | 14:32:29 | 214.051590 | 359.238217 
 4152.3816 | 08747.8583 | 14:32:30 | 214.044103 | 359.239436 
 4152.3826 | 08747.8672 | 14:32:31 | 214.036444 | 359.240538 
 4152.3836 | 08747.8761 | 14:32:32 | 214.028785 | 359.241641 
 4152.3847 | 08747.8847 | 14:32:33 | 214.021384 | 359.242860 
 4152.3858 | 08747.8931 | 14:32:34 | 214.014155 | 359.244080 
 4152.3869 | 08747.9013 | 14:32:35 | 214.007097 | 359.245301 
 4152.3879 | 08747.9095 | 14:32:36 | 214.000040 | 359.246408 
 4152.3888 | 08747.9178 | 14:32:37 | 213.992898 | 359.247399 
 4152.3897 | 08747.9264 | 14:32:38 | 213.985499 | 359.248388 
 4152.3905 | 08747.9354 | 14:32:39 | 213.977755 | 359.249260 
 4152.3913 | 08747.9449 | 14:32:40 | 213.969583 | 359.250129 
 4152.3921 | 08747.9550 | 14:32:41 | 213.960894 | 359.250995 
 4152.3930 | 08747.9653 | 14:32:42 | 213.952032 | 359.251975 
 4152.3937 | 08747.9764 | 14:32:43 | 213.942485 | 359.252721 
 4152.3946 | 08747.9876 | 14:32:44 | 213.932850 | 359.253697 
 4152.3955 | 08747.9988 | 14:32:45 | 213.923214 | 359.254672 
 4152.3963 | 08748.0095 | 14:32:46 | 213.914010 | 359.255535 
 4152.3974 | 08748.0198 | 14:32:47 | 213.905147 | 359.256745 
 4152.3982 | 08748.0300 | 14:32:48 | 213.896372 | 359.257611 
 4152.3989 | 08748.0397 | 14:32:49 | 213.888028 | 359.258364 
 4152.3994 | 08748.0481 | 14:32:50 | 213.880803 | 359.258895 
 4152.3999 | 08748.0545 | 14:32:51 | 213.875298 | 359.259436 
 4152.4002 | 08748.0586 | 14:32:52 | 213.871771 | 359.259759 
 4152.4004 | 08748.0609 | 14:32:53 | 213.869792 | 359.259977 
 4152.4005 | 08748.0624 | 14:32:54 | 213.868502 | 359.260084 
 4152.4005 | 08748.0631 | 14:32:55 | 213.867900 | 359.260080 
 4152.4006 | 08748.0633 | 14:32:56 | 213.867727 | 359.260194 
 4152.4006 | 08748.0634 | 14:32:57 | 213.867641 | 359.260193 
 4152.4006 | 08748.0634 | 14:32:58 | 213.867641 | 359.260193 
 4152.4006 | 08748.0634 | 14:32:59 | 213.867641 | 359.260193 
 4152.4006 | 08748.0634 | 14:33:00 | 213.867641 | 359.260193 
 4152.4006 | 08748.0634 | 14:33:01 | 213.867641 | 359.260193 
 4152.4006 | 08748.0634 | 14:33:02 | 213.867641 | 359.260193 
 4152.4006 | 08748.0634 | 14:33:03 | 213.867641 | 359.260193 
 4152.4006 | 08748.0634 | 14:33:04 | 213.867641 | 359.260193 
 4152.4006 | 08748.0634 | 14:33:05 | 213.867641 | 359.260193 
 4152.4006 | 08748.0634 | 14:33:06 | 213.867641 | 359.260193 
 4152.4006 | 08748.0634 | 14:33:07 | 213.867641 | 359.260193 
 4152.4012 | 08748.0623 | 14:33:08 | 213.868583 | 359.260889 
 4152.4012 | 08748.0629 | 14:33:09 | 213.868067 | 359.260886 
 4152.4013 | 08748.0640 | 14:33:10 | 213.867120 | 359.260995 
 4152.4014 | 08748.0653 | 14:33:11 | 213.866002 | 359.261104 
 4152.4016 | 08748.0666 | 14:33:12 | 213.864883 | 359.261327 
 4152.4017 | 08748.0676 | 14:33:13 | 213.864023 | 359.261436 
 4152.4018 | 08748.0681 | 14:33:14 | 213.863592 | 359.261549 
 4152.4017 | 08748.0682 | 14:33:15 | 213.863507 | 359.261433 
 4152.4017 | 08748.0682 | 14:33:16 | 213.863507 | 359.261433 
 4152.4017 | 08748.0682 | 14:33:17 | 213.863507 | 359.261433 
 4152.4017 | 08748.0682 | 14:33:18 | 213.863507 | 359.261433 
 4152.4017 | 08748.0682 | 14:33:19 | 213.863507 | 359.261433 
 4152.4017 | 08748.0682 | 14:33:20 | 213.863507 | 359.261433 
 4152.4017 | 08748.0682 | 14:33:21 | 213.863507 | 359.261433 
 4152.4017 | 08748.0682 | 14:33:22 | 213.863507 | 359.261433 
 4152.4017 | 08748.0682 | 14:33:23 | 213.863507 | 359.261433 
 4152.4017 | 08748.0682 | 14:33:24 | 213.863507 | 359.261433 
 4152.4017 | 08748.0682 | 14:33:25 | 213.863507 | 359.261433 
 4152.4017 | 08748.0682 | 14:33:26 | 213.863507 | 359.261433 
 4152.4017 | 08748.0682 | 14:33:27 | 213.863507 | 359.261433 
 4152.4017 | 08748.0682 | 14:33:28 | 213.863507 | 359.261433 
 4152.4017 | 08748.0682 | 14:33:29 | 213.863507 | 359.261433 
 4152.4017 | 08748.0682 | 14:33:30 | 213.863507 | 359.261433 
 4152.4017 | 08748.0682 | 14:33:31 | 213.863507 | 359.261433 
 4152.4017 | 08748.0682 | 14:33:32 | 213.863507 | 359.261433 
 4152.4017 | 08748.0682 | 14:33:33 | 213.863507 | 359.261433 
 4152.4017 | 08748.0682 | 14:33:34 | 213.863507 | 359.261433 
 4152.4017 | 08748.0682 | 14:33:35 | 213.863507 | 359.261433 
 4152.4014 | 08748.0683 | 14:33:36 | 213.863423 | 359.261088 
 4152.4014 | 08748.0688 | 14:33:37 | 213.862993 | 359.261085 
 4152.4015 | 08748.0693 | 14:33:38 | 213.862563 | 359.261197 
 4152.4016 | 08748.0699 | 14:33:39 | 213.862046 | 359.261309 
 4152.4016 | 08748.0706 | 14:33:40 | 213.861444 | 359.261305 
 4152.4017 | 08748.0713 | 14:33:41 | 213.860842 | 359.261417 
 4152.4018 | 08748.0719 | 14:33:42 | 213.860325 | 359.261528 
 4152.4018 | 08748.0722 | 14:33:43 | 213.860067 | 359.261527 
 4152.4017 | 08748.0723 | 14:33:44 | 213.859982 | 359.261411 
 4152.4017 | 08748.0722 | 14:33:45 | 213.860068 | 359.261412 
 4152.4017 | 08748.0722 | 14:33:46 | 213.860068 | 359.261412 
 4152.4017 | 08748.0722 | 14:33:47 | 213.860068 | 359.261412 
 4152.4017 | 08748.0722 | 14:33:48 | 213.860068 | 359.261412 
 4152.4017 | 08748.0722 | 14:33:49 | 213.860068 | 359.261412 
 4152.4017 | 08748.0722 | 14:33:50 | 213.860068 | 359.261412 
 4152.4017 | 08748.0722 | 14:33:51 | 213.860068 | 359.261412 
 4152.4017 | 08748.0722 | 14:33:52 | 213.860068 | 359.261412 
 4152.4017 | 08748.0722 | 14:33:53 | 213.860068 | 359.261412 
 4152.4017 | 08748.0722 | 14:33:54 | 213.860068 | 359.261412 
 4152.4017 | 08748.0722 | 14:33:55 | 213.860068 | 359.261412 
 4152.4017 | 08748.0722 | 14:33:56 | 213.860068 | 359.261412 
 4152.4017 | 08748.0722 | 14:33:57 | 213.860068 | 359.261412 
 4152.4017 | 08748.0722 | 14:33:58 | 213.860068 | 359.261412 
 4152.4017 | 08748.0722 | 14:33:59 | 213.860068 | 359.261412 
 4152.4017 | 08748.0722 | 14:34:00 | 213.860068 | 359.261412 
 4152.4017 | 08748.0722 | 14:34:01 | 213.860068 | 359.261412 
 4152.4017 | 08748.0722 | 14:34:02 | 213.860068 | 359.261412 
 4152.4017 | 08748.0722 | 14:34:03 | 213.860068 | 359.261412 
 4152.4017 | 08748.0722 | 14:34:04 | 213.860068 | 359.261412 
 4152.4017 | 08748.0722 | 14:34:05 | 213.860068 | 359.261412 
 4152.4017 | 08748.0722 | 14:34:06 | 213.860068 | 359.261412 
 4152.4017 | 08748.0722 | 14:34:07 | 213.860068 | 359.261412 
 4152.4017 | 08748.0722 | 14:34:08 | 213.860068 | 359.261412 
 4152.4017 | 08748.0722 | 14:34:09 | 213.860068 | 359.261412 
 4152.4017 | 08748.0722 | 14:34:10 | 213.860068 | 359.261412 
 4152.4017 | 08748.0722 | 14:34:11 | 213.860068 | 359.261412 
 4152.4017 | 08748.0722 | 14:34:12 | 213.860068 | 359.261412 
 4152.4017 | 08748.0722 | 14:34:13 | 213.860068 | 359.261412 
 4152.4017 | 08748.0722 | 14:34:14 | 213.860068 | 359.261412 
 4152.4017 | 08748.0722 | 14:34:15 | 213.860068 | 359.261412 
 4152.4017 | 08748.0722 | 14:34:16 | 213.860068 | 359.261412 
 4152.4017 | 08748.0722 | 14:34:17 | 213.860068 | 359.261412 
 4152.4015 | 08748.0722 | 14:34:18 | 213.860070 | 359.261182 
 4152.4017 | 08748.0736 | 14:34:19 | 213.858865 | 359.261404 
 4152.4019 | 08748.0760 | 14:34:20 | 213.856800 | 359.261622 
 4152.4021 | 08748.0790 | 14:34:21 | 213.854219 | 359.261836 
 4152.4024 | 08748.0822 | 14:34:22 | 213.851466 | 359.262164 
 4152.4027 | 08748.0858 | 14:34:23 | 213.848369 | 359.262490 
 4152.4031 | 08748.0898 | 14:34:24 | 213.844927 | 359.262928 
 4152.4036 | 08748.0944 | 14:34:25 | 213.840969 | 359.263479 
 4152.4042 | 08748.0993 | 14:34:26 | 213.836752 | 359.264143 
 4152.4047 | 08748.1042 | 14:34:27 | 213.832536 | 359.264692 
 4152.4052 | 08748.1088 | 14:34:28 | 213.828578 | 359.265243 
 4152.4056 | 08748.1129 | 14:34:29 | 213.825050 | 359.265681 
 4152.4060 | 08748.1167 | 14:34:30 | 213.821781 | 359.266121 
 4152.4063 | 08748.1201 | 14:34:31 | 213.818856 | 359.266448 
 4152.4066 | 08748.1231 | 14:34:32 | 213.816274 | 359.266777 
 4152.4069 | 08748.1257 | 14:34:33 | 213.814037 | 359.267108 
 4152.4072 | 08748.1279 | 14:34:34 | 213.812144 | 359.267442 
 4152.4073 | 08748.1297 | 14:34:35 | 213.810595 | 359.267547 
 4152.4075 | 08748.1315 | 14:34:36 | 213.809046 | 359.267768 
 4152.4077 | 08748.1334 | 14:34:37 | 213.807412 | 359.267987 
 4152.4079 | 08748.1354 | 14:34:38 | 213.805691 | 359.268207 
 4152.4081 | 08748.1370 | 14:34:39 | 213.804314 | 359.268428 
 4152.4083 | 08748.1385 | 14:34:40 | 213.803023 | 359.268651 
 4152.4086 | 08748.1399 | 14:34:41 | 213.801817 | 359.268988 
 4152.4088 | 08748.1409 | 14:34:42 | 213.800956 | 359.269213 
 4152.4089 | 08748.1412 | 14:34:43 | 213.800697 | 359.269326 
 4152.4089 | 08748.1412 | 14:34:44 | 213.800697 | 359.269326 
 4152.4090 | 08748.1411 | 14:34:45 | 213.800783 | 359.269442 
 4152.4090 | 08748.1411 | 14:34:46 | 213.800783 | 359.269442 
 4152.4090 | 08748.1411 | 14:34:47 | 213.800783 | 359.269442 
 4152.4090 | 08748.1411 | 14:34:48 | 213.800783 | 359.269442 
 4152.4090 | 08748.1411 | 14:34:49 | 213.800783 | 359.269442 
 4152.4090 | 08748.1411 | 14:34:50 | 213.800783 | 359.269442 
 4152.4090 | 08748.1411 | 14:34:51 | 213.800783 | 359.269442 
 4152.4090 | 08748.1411 | 14:34:52 | 213.800783 | 359.269442 
 4152.4090 | 08748.1411 | 14:34:53 | 213.800783 | 359.269442 
 4152.4093 | 08748.1415 | 14:34:54 | 213.800437 | 359.269785 
 4152.4094 | 08748.1427 | 14:34:55 | 213.799404 | 359.269893 
 4152.4096 | 08748.1441 | 14:34:56 | 213.798199 | 359.270116 
 4152.4096 | 08748.1448 | 14:34:57 | 213.797598 | 359.270112 
 4152.4096 | 08748.1450 | 14:34:58 | 213.797426 | 359.270111 
 4152.4096 | 08748.1451 | 14:34:59 | 213.797340 | 359.270111 
 4152.4096 | 08748.1452 | 14:35:00 | 213.797254 | 359.270110 
 4152.4096 | 08748.1452 | 14:35:01 | 213.797254 | 359.270110 
 4152.4096 | 08748.1452 | 14:35:02 | 213.797254 | 359.270110 
 4152.4096 | 08748.1452 | 14:35:03 | 213.797254 | 359.270110 
 4152.4096 | 08748.1452 | 14:35:04 | 213.797254 | 359.270110 
 4152.4096 | 08748.1452 | 14:35:05 | 213.797254 | 359.270110 
 4152.4096 | 08748.1452 | 14:35:06 | 213.797254 | 359.270110 
 4152.4096 | 08748.1452 | 14:35:07 | 213.797254 | 359.270110 
 4152.4096 | 08748.1452 | 14:35:08 | 213.797254 | 359.270110 
 4152.4096 | 08748.1452 | 14:35:09 | 213.797254 | 359.270110 
 4152.4096 | 08748.1452 | 14:35:10 | 213.797254 | 359.270110 
 4152.4096 | 08748.1452 | 14:35:11 | 213.797254 | 359.270110 
 4152.4096 | 08748.1452 | 14:35:12 | 213.797254 | 359.270110 
 4152.4096 | 08748.1452 | 14:35:13 | 213.797254 | 359.270110 
 4152.4096 | 08748.1452 | 14:35:14 | 213.797254 | 359.270110 
 4152.4096 | 08748.1452 | 14:35:15 | 213.797254 | 359.270110 
 4152.4096 | 08748.1452 | 14:35:16 | 213.797254 | 359.270110 
 4152.4096 | 08748.1452 | 14:35:17 | 213.797254 | 359.270110 
 4152.4096 | 08748.1452 | 14:35:18 | 213.797254 | 359.270110 
 4152.4096 | 08748.1452 | 14:35:19 | 213.797254 | 359.270110 
 4152.4096 | 08748.1452 | 14:35:20 | 213.797254 | 359.270110 
 4152.4096 | 08748.1452 | 14:35:21 | 213.797254 | 359.270110 
 4152.4096 | 08748.1452 | 14:35:22 | 213.797254 | 359.270110 
 4152.4096 | 08748.1452 | 14:35:23 | 213.797254 | 359.270110 
 4152.4096 | 08748.1452 | 14:35:24 | 213.797254 | 359.270110 
 4152.4096 | 08748.1452 | 14:35:25 | 213.797254 | 359.270110 
 4152.4096 | 08748.1452 | 14:35:26 | 213.797254 | 359.270110 
 4152.4096 | 08748.1452 | 14:35:27 | 213.797254 | 359.270110 
 4152.4096 | 08748.1452 | 14:35:28 | 213.797254 | 359.270110 
 4152.4096 | 08748.1452 | 14:35:29 | 213.797254 | 359.270110 
 4152.4096 | 08748.1452 | 14:35:30 | 213.797254 | 359.270110 
 4152.4096 | 08748.1452 | 14:35:31 | 213.797254 | 359.270110 
 4152.4096 | 08748.1452 | 14:35:32 | 213.797254 | 359.270110 
 4152.4096 | 08748.1452 | 14:35:33 | 213.797254 | 359.270110 
 4152.4096 | 08748.1452 | 14:35:34 | 213.797254 | 359.270110 
 4152.4096 | 08748.1452 | 14:35:35 | 213.797254 | 359.270110 
 4152.4096 | 08748.1452 | 14:35:36 | 213.797254 | 359.270110 
 4152.4096 | 08748.1452 | 14:35:37 | 213.797254 | 359.270110 
 4152.4096 | 08748.1452 | 14:35:38 | 213.797254 | 359.270110 
 4152.4096 | 08748.1452 | 14:35:39 | 213.797254 | 359.270110 
 4152.4096 | 08748.1452 | 14:35:40 | 213.797254 | 359.270110 
 4152.4096 | 08748.1452 | 14:35:41 | 213.797254 | 359.270110 
 4152.4096 | 08748.1452 | 14:35:42 | 213.797254 | 359.270110 
 4152.4096 | 08748.1452 | 14:35:43 | 213.797254 | 359.270110 
 4152.4096 | 08748.1452 | 14:35:44 | 213.797254 | 359.270110 
 4152.4096 | 08748.1452 | 14:35:45 | 213.797254 | 359.270110 
 4152.4096 | 08748.1452 | 14:35:46 | 213.797254 | 359.270110 
 4152.4096 | 08748.1452 | 14:35:47 | 213.797254 | 359.270110 
 4152.4096 | 08748.1452 | 14:35:48 | 213.797254 | 359.270110 
 4152.4096 | 08748.1452 | 14:35:49 | 213.797254 | 359.270110 
 4152.4096 | 08748.1452 | 14:35:50 | 213.797254 | 359.270110 
 4152.4096 | 08748.1452 | 14:35:51 | 213.797254 | 359.270110 
 4152.4096 | 08748.1452 | 14:35:52 | 213.797254 | 359.270110 
 4152.4096 | 08748.1452 | 14:35:53 | 213.797254 | 359.270110 
 4152.4096 | 08748.1452 | 14:35:54 | 213.797254 | 359.270110 
 4152.4096 | 08748.1452 | 14:35:55 | 213.797254 | 359.270110 
 4152.4096 | 08748.1452 | 14:35:56 | 213.797254 | 359.270110 
 4152.4096 | 08748.1452 | 14:35:57 | 213.797254 | 359.270110 
 4152.4095 | 08748.1452 | 14:35:58 | 213.797254 | 359.269995 
 4152.4097 | 08748.1467 | 14:35:59 | 213.795963 | 359.270217 
 4152.4099 | 08748.1493 | 14:36:00 | 213.793727 | 359.270433 
 4152.4103 | 08748.1529 | 14:36:01 | 213.790629 | 359.270874 
 4152.4107 | 08748.1572 | 14:36:02 | 213.786929 | 359.271312 
 4152.4112 | 08748.1621 | 14:36:03 | 213.782713 | 359.271861 
 4152.4118 | 08748.1674 | 14:36:04 | 213.778153 | 359.272523 
 4152.4123 | 08748.1725 | 14:36:05 | 213.773765 | 359.273071 
 4152.4127 | 08748.1771 | 14:36:06 | 213.769807 | 359.273506 
 4152.4131 | 08748.1810 | 14:36:07 | 213.766452 | 359.273946 
 4152.4134 | 08748.1844 | 14:36:08 | 213.763526 | 359.274273 
 4152.4136 | 08748.1873 | 14:36:09 | 213.761032 | 359.274487 
 4152.4139 | 08748.1899 | 14:36:10 | 213.758795 | 359.274819 
 4152.4141 | 08748.1922 | 14:36:11 | 213.756816 | 359.275037 
 4152.4143 | 08748.1940 | 14:36:12 | 213.755267 | 359.275257 
 4152.4144 | 08748.1956 | 14:36:13 | 213.753891 | 359.275364 
 4152.4144 | 08748.1969 | 14:36:14 | 213.752773 | 359.275357 
 4152.4145 | 08748.1981 | 14:36:15 | 213.751741 | 359.275465 
 4152.4146 | 08748.1991 | 14:36:16 | 213.750880 | 359.275575 
 4152.4147 | 08748.2001 | 14:36:17 | 213.750020 | 359.275685 
 4152.4148 | 08748.2011 | 14:36:18 | 213.749160 | 359.275795 
 4152.4149 | 08748.2018 | 14:36:19 | 213.748557 | 359.275906 
 4152.4149 | 08748.2025 | 14:36:20 | 213.747955 | 359.275902 
 4152.4150 | 08748.2032 | 14:36:21 | 213.747353 | 359.276013 
 4152.4150 | 08748.2038 | 14:36:22 | 213.746837 | 359.276010 
 4152.4151 | 08748.2044 | 14:36:23 | 213.746320 | 359.276122 
 4152.4151 | 08748.2052 | 14:36:24 | 213.745633 | 359.276118 
 4152.4152 | 08748.2061 | 14:36:25 | 213.744858 | 359.276228 
 4152.4154 | 08748.2072 | 14:36:26 | 213.743911 | 359.276452 
 4152.4154 | 08748.2082 | 14:36:27 | 213.743051 | 359.276447 
 4152.4156 | 08748.2092 | 14:36:28 | 213.742190 | 359.276672 
 4152.4156 | 08748.2102 | 14:36:29 | 213.741331 | 359.276666 
 4152.4157 | 08748.2111 | 14:36:30 | 213.740556 | 359.276777 
 4152.4158 | 08748.2117 | 14:36:31 | 213.740040 | 359.276889 
 4152.4158 | 08748.2121 | 14:36:32 | 213.739696 | 359.276886 
 4152.4158 | 08748.2123 | 14:36:33 | 213.739524 | 359.276885 
 4152.4158 | 08748.2124 | 14:36:34 | 213.739438 | 359.276885 
 4152.4158 | 08748.2124 | 14:36:35 | 213.739438 | 359.276885 
 4152.4158 | 08748.2124 | 14:36:36 | 213.739438 | 359.276885 
 4152.4158 | 08748.2124 | 14:36:37 | 213.739438 | 359.276885 
 4152.4158 | 08748.2124 | 14:36:38 | 213.739438 | 359.276885 
 4152.4158 | 08748.2124 | 14:36:39 | 213.739438 | 359.276885 
 4152.4158 | 08748.2124 | 14:36:40 | 213.739438 | 359.276885 
 4152.4158 | 08748.2124 | 14:36:41 | 213.739438 | 359.276885 
 4152.4158 | 08748.2124 | 14:36:42 | 213.739438 | 359.276885 
 4152.4158 | 08748.2124 | 14:36:43 | 213.739438 | 359.276885 
 4152.4158 | 08748.2124 | 14:36:44 | 213.739438 | 359.276885 
 4152.4158 | 08748.2124 | 14:36:45 | 213.739438 | 359.276885 
 4152.4158 | 08748.2124 | 14:36:46 | 213.739438 | 359.276885 
 4152.4158 | 08748.2124 | 14:36:47 | 213.739438 | 359.276885 
 4152.4158 | 08748.2124 | 14:36:48 | 213.739438 | 359.276885 
 4152.4158 | 08748.2124 | 14:36:49 | 213.739438 | 359.276885 
 4152.4158 | 08748.2124 | 14:36:50 | 213.739438 | 359.276885 
 4152.4158 | 08748.2124 | 14:36:51 | 213.739438 | 359.276885 
 4152.4158 | 08748.2124 | 14:36:52 | 213.739438 | 359.276885 
 4152.4158 | 08748.2124 | 14:36:53 | 213.739438 | 359.276885 
 4152.4158 | 08748.2124 | 14:36:54 | 213.739438 | 359.276885 
 4152.4158 | 08748.2124 | 14:36:55 | 213.739438 | 359.276885 
 4152.4158 | 08748.2124 | 14:36:56 | 213.739438 | 359.276885 
 4152.4158 | 08748.2124 | 14:36:57 | 213.739438 | 359.276885 
 4152.4158 | 08748.2124 | 14:36:58 | 213.739438 | 359.276885 
 4152.4158 | 08748.2124 | 14:36:59 | 213.739438 | 359.276885 
 4152.4158 | 08748.2124 | 14:37:00 | 213.739438 | 359.276885 
 4152.4158 | 08748.2124 | 14:37:01 | 213.739438 | 359.276885 
 4152.4158 | 08748.2124 | 14:37:02 | 213.739438 | 359.276885 
 4152.4158 | 08748.2124 | 14:37:03 | 213.739438 | 359.276885 
 4152.4158 | 08748.2124 | 14:37:04 | 213.739438 | 359.276885 
 4152.4158 | 08748.2124 | 14:37:05 | 213.739438 | 359.276885 
 4152.4158 | 08748.2124 | 14:37:06 | 213.739438 | 359.276885 
 4152.4158 | 08748.2124 | 14:37:07 | 213.739438 | 359.276885 
 4152.4158 | 08748.2124 | 14:37:08 | 213.739438 | 359.276885 
 4152.4158 | 08748.2124 | 14:37:09 | 213.739438 | 359.276885 
 4152.4158 | 08748.2124 | 14:37:10 | 213.739438 | 359.276885 
 4152.4158 | 08748.2124 | 14:37:11 | 213.739438 | 359.276885 
 4152.4158 | 08748.2124 | 14:37:12 | 213.739438 | 359.276885 
 4152.4158 | 08748.2124 | 14:37:13 | 213.739438 | 359.276885 
 4152.4158 | 08748.2124 | 14:37:14 | 213.739438 | 359.276885 
 4152.4158 | 08748.2124 | 14:37:15 | 213.739438 | 359.276885 
 4152.4158 | 08748.2124 | 14:37:16 | 213.739438 | 359.276885 
 4152.4158 | 08748.2124 | 14:37:17 | 213.739438 | 359.276885 
 4152.4158 | 08748.2124 | 14:37:18 | 213.739438 | 359.276885 
 4152.4158 | 08748.2124 | 14:37:19 | 213.739438 | 359.276885 
 4152.4158 | 08748.2124 | 14:37:20 | 213.739438 | 359.276885 
 4152.4158 | 08748.2124 | 14:37:21 | 213.739438 | 359.276885 
 4152.4158 | 08748.2124 | 14:37:22 | 213.739438 | 359.276885 
 4152.4158 | 08748.2124 | 14:37:23 | 213.739438 | 359.276885 
 4152.4158 | 08748.2124 | 14:37:24 | 213.739438 | 359.276885 
 4152.4158 | 08748.2124 | 14:37:25 | 213.739438 | 359.276885 
 4152.4158 | 08748.2124 | 14:37:26 | 213.739438 | 359.276885 
 4152.4158 | 08748.2124 | 14:37:27 | 213.739438 | 359.276885 
 4152.4158 | 08748.2124 | 14:37:28 | 213.739438 | 359.276885 
 4152.4158 | 08748.2124 | 14:37:29 | 213.739438 | 359.276885 
 4152.4158 | 08748.2124 | 14:37:30 | 213.739438 | 359.276885 
 4152.4158 | 08748.2124 | 14:37:31 | 213.739438 | 359.276885 
 4152.4158 | 08748.2124 | 14:37:32 | 213.739438 | 359.276885 
 4152.4158 | 08748.2124 | 14:37:33 | 213.739438 | 359.276885 
 4152.4158 | 08748.2124 | 14:37:34 | 213.739438 | 359.276885 
 4152.4158 | 08748.2124 | 14:37:35 | 213.739438 | 359.276885 
 4152.4158 | 08748.2124 | 14:37:36 | 213.739438 | 359.276885 
 4152.4158 | 08748.2124 | 14:37:37 | 213.739438 | 359.276885 
 4152.4158 | 08748.2124 | 14:37:38 | 213.739438 | 359.276885 
 4152.4158 | 08748.2124 | 14:37:39 | 213.739438 | 359.276885 
 4152.4158 | 08748.2124 | 14:37:40 | 213.739438 | 359.276885 
 4152.4158 | 08748.2124 | 14:37:41 | 213.739438 | 359.276885 
 4152.4158 | 08748.2124 | 14:37:42 | 213.739438 | 359.276885 
 4152.4158 | 08748.2124 | 14:37:43 | 213.739438 | 359.276885 
 4152.4158 | 08748.2124 | 14:37:44 | 213.739438 | 359.276885 
 4152.4158 | 08748.2124 | 14:37:45 | 213.739438 | 359.276885 
 4152.4158 | 08748.2124 | 14:37:46 | 213.739438 | 359.276885 
 4152.4158 | 08748.2124 | 14:37:47 | 213.739438 | 359.276885 
 4152.4158 | 08748.2124 | 14:37:48 | 213.739438 | 359.276885 
 4152.4155 | 08748.2128 | 14:37:49 | 213.739096 | 359.276538 
 4152.4156 | 08748.2143 | 14:37:50 | 213.737806 | 359.276645 
 4152.4158 | 08748.2167 | 14:37:51 | 213.735741 | 359.276862 
 4152.4161 | 08748.2198 | 14:37:52 | 213.733074 | 359.277191 
 4152.4165 | 08748.2238 | 14:37:53 | 213.729632 | 359.277629 
 4152.4169 | 08748.2287 | 14:37:54 | 213.725417 | 359.278064 
 4152.4174 | 08748.2342 | 14:37:55 | 213.720685 | 359.278610 
 4152.4179 | 08748.2398 | 14:37:56 | 213.715867 | 359.279155 
 4152.4184 | 08748.2449 | 14:37:57 | 213.711479 | 359.279703 
 4152.4189 | 08748.2494 | 14:37:58 | 213.707607 | 359.280254 
 4152.4192 | 08748.2535 | 14:37:59 | 213.704080 | 359.280578 
 4152.4194 | 08748.2573 | 14:38:00 | 213.700812 | 359.280788 
 4152.4194 | 08748.2610 | 14:38:01 | 213.697631 | 359.280768 
 4152.4189 | 08748.2647 | 14:38:02 | 213.694454 | 359.280173 
 4152.4175 | 08748.2685 | 14:38:03 | 213.691197 | 359.278543 
 4152.4152 | 08748.2719 | 14:38:04 | 213.688290 | 359.275879 
 4152.4120 | 08748.2743 | 14:38:05 | 213.686249 | 359.272186 
 4152.4079 | 08748.2753 | 14:38:06 | 213.685419 | 359.267464 
 4152.4034 | 08748.2755 | 14:38:07 | 213.685279 | 359.262287 
 4152.3984 | 08748.2752 | 14:38:08 | 213.685572 | 359.256538 
 4152.3931 | 08748.2750 | 14:38:09 | 213.685782 | 359.250442 
 4152.3879 | 08748.2748 | 14:38:10 | 213.685990 | 359.244462 
 4152.3830 | 08748.2746 | 14:38:11 | 213.686197 | 359.238827 
 4152.3785 | 08748.2744 | 14:38:12 | 213.686401 | 359.233652 
 4152.3745 | 08748.2741 | 14:38:13 | 213.686687 | 359.229052 
 4152.3708 | 08748.2736 | 14:38:14 | 213.687143 | 359.224799 
 4152.3675 | 08748.2731 | 14:38:15 | 213.687596 | 359.221006 
 4152.3648 | 08748.2728 | 14:38:16 | 213.687873 | 359.217902 
 4152.3631 | 08748.2726 | 14:38:17 | 213.688057 | 359.215948 
 4152.3622 | 08748.2725 | 14:38:18 | 213.688150 | 359.214913 
 4152.3618 | 08748.2724 | 14:38:19 | 213.688239 | 359.214453 
 4152.3616 | 08748.2724 | 14:38:20 | 213.688240 | 359.214223 
 4152.3615 | 08748.2724 | 14:38:21 | 213.688241 | 359.214108 
 4152.3614 | 08748.2723 | 14:38:22 | 213.688327 | 359.213994 
 4152.3614 | 08748.2723 | 14:38:23 | 213.688327 | 359.213994 
 4152.3614 | 08748.2723 | 14:38:24 | 213.688327 | 359.213994 
 4152.3614 | 08748.2723 | 14:38:25 | 213.688327 | 359.213994 
 4152.3614 | 08748.2723 | 14:38:26 | 213.688327 | 359.213994 
 4152.3614 | 08748.2723 | 14:38:27 | 213.688327 | 359.213994 
 4152.3614 | 08748.2723 | 14:38:28 | 213.688327 | 359.213994 
 4152.3614 | 08748.2723 | 14:38:29 | 213.688327 | 359.213994 
 4152.3614 | 08748.2723 | 14:38:30 | 213.688327 | 359.213994 
 4152.3614 | 08748.2723 | 14:38:31 | 213.688327 | 359.213994 
 4152.3614 | 08748.2723 | 14:38:32 | 213.688327 | 359.213994 
 4152.3614 | 08748.2723 | 14:38:33 | 213.688327 | 359.213994 
 4152.3614 | 08748.2723 | 14:38:34 | 213.688327 | 359.213994 
 4152.3614 | 08748.2723 | 14:38:35 | 213.688327 | 359.213994 
 4152.3614 | 08748.2723 | 14:38:36 | 213.688327 | 359.213994 
 4152.3614 | 08748.2723 | 14:38:37 | 213.688327 | 359.213994 
 4152.3614 | 08748.2723 | 14:38:38 | 213.688327 | 359.213994 
 4152.3614 | 08748.2723 | 14:38:39 | 213.688327 | 359.213994 
 4152.3614 | 08748.2723 | 14:38:40 | 213.688327 | 359.213994 
 4152.3614 | 08748.2723 | 14:38:41 | 213.688327 | 359.213994 
 4152.3598 | 08748.2710 | 14:38:42 | 213.689456 | 359.212160 
 4152.3591 | 08748.2710 | 14:38:43 | 213.689461 | 359.211355 
 4152.3579 | 08748.2708 | 14:38:44 | 213.689642 | 359.209976 
 4152.3558 | 08748.2706 | 14:38:45 | 213.689829 | 359.207561 
 4152.3528 | 08748.2703 | 14:38:46 | 213.690108 | 359.204112 
 4152.3492 | 08748.2702 | 14:38:47 | 213.690219 | 359.199972 
 4152.3448 | 08748.2701 | 14:38:48 | 213.690336 | 359.194911 
 4152.3397 | 08748.2700 | 14:38:49 | 213.690458 | 359.189045 
 4152.3341 | 08748.2698 | 14:38:50 | 213.690670 | 359.182605 
 4152.3279 | 08748.2695 | 14:38:51 | 213.690972 | 359.175475 
 4152.3214 | 08748.2693 | 14:38:52 | 213.691190 | 359.168000 
 4152.3145 | 08748.2691 | 14:38:53 | 213.691411 | 359.160064 
 4152.3072 | 08748.2689 | 14:38:54 | 213.691634 | 359.151668 
 4152.2995 | 08748.2685 | 14:38:55 | 213.692033 | 359.142813 
 4152.2917 | 08748.2681 | 14:38:56 | 213.692432 | 359.133844 
 4152.2837 | 08748.2677 | 14:38:57 | 213.692833 | 359.124644 
 4152.2756 | 08748.2672 | 14:38:58 | 213.693320 | 359.115329 
 4152.2674 | 08748.2668 | 14:38:59 | 213.693722 | 359.105899 
 4152.2590 | 08748.2664 | 14:39:00 | 213.694125 | 359.096239 
 4152.2507 | 08748.2660 | 14:39:01 | 213.694528 | 359.086694 
 4152.2423 | 08748.2657 | 14:39:02 | 213.694846 | 359.077034 
 4152.2338 | 08748.2654 | 14:39:03 | 213.695164 | 359.067258 
 4152.2250 | 08748.2651 | 14:39:04 | 213.695484 | 359.057138 
 4152.2158 | 08748.2648 | 14:39:05 | 213.695807 | 359.046557 
 4152.2064 | 08748.2644 | 14:39:06 | 213.696218 | 359.035747 
 4152.1968 | 08748.2641 | 14:39:07 | 213.696544 | 359.024706 
 4152.1873 | 08748.2639 | 14:39:08 | 213.696783 | 359.013780 
 4152.1777 | 08748.2640 | 14:39:09 | 213.696765 | 359.002737 
 4152.1680 | 08748.2644 | 14:39:10 | 213.696490 | 358.991577 
 4152.1585 | 08748.2647 | 14:39:11 | 213.696299 | 358.980648 
 4152.1489 | 08748.2648 | 14:39:12 | 213.696281 | 358.969606 
 4152.1392 | 08748.2647 | 14:39:13 | 213.696436 | 358.958449 
 4152.1296 | 08748.2643 | 14:39:14 | 213.696848 | 358.947408 
 4152.1199 | 08748.2639 | 14:39:15 | 213.697261 | 358.936253 
 4152.1104 | 08748.2635 | 14:39:16 | 213.697672 | 358.925328 
 4152.1011 | 08748.2632 | 14:39:17 | 213.697996 | 358.914632 
 4152.0920 | 08748.2629 | 14:39:18 | 213.698318 | 358.904166 
 4152.0831 | 08748.2626 | 14:39:19 | 213.698639 | 358.893931 
 4152.0743 | 08748.2623 | 14:39:20 | 213.698959 | 358.883810 
 4152.0657 | 08748.2620 | 14:39:21 | 213.699278 | 358.873920 
 4152.0574 | 08748.2618 | 14:39:22 | 213.699509 | 358.864374 
 4152.0498 | 08748.2615 | 14:39:23 | 213.699821 | 358.855633 
 4152.0431 | 08748.2612 | 14:39:24 | 213.700126 | 358.847928 
 4152.0374 | 08748.2612 | 14:39:25 | 213.700167 | 358.841372 
 4152.0329 | 08748.2612 | 14:39:26 | 213.700199 | 358.836196 
 4152.0295 | 08748.2612 | 14:39:27 | 213.700223 | 358.832285 
 4152.0273 | 08748.2612 | 14:39:28 | 213.700238 | 358.829754 
 4152.0260 | 08748.2613 | 14:39:29 | 213.700162 | 358.828259 
 4152.0254 | 08748.2613 | 14:39:30 | 213.700166 | 358.827568 
 4152.0251 | 08748.2613 | 14:39:31 | 213.700168 | 358.827223 
 4152.0246 | 08748.2614 | 14:39:32 | 213.700085 | 358.826648 
 4152.0237 | 08748.2614 | 14:39:33 | 213.700092 | 358.825612 
 4152.0221 | 08748.2613 | 14:39:34 | 213.700189 | 358.823773 
 4152.0198 | 08748.2613 | 14:39:35 | 213.700205 | 358.821127 
 4152.0168 | 08748.2611 | 14:39:36 | 213.700399 | 358.817677 
 4152.0132 | 08748.2610 | 14:39:37 | 213.700510 | 358.813537 
 4152.0088 | 08748.2609 | 14:39:38 | 213.700627 | 358.808476 
 4152.0041 | 08748.2608 | 14:39:39 | 213.700747 | 358.803071 
 4151.9988 | 08748.2607 | 14:39:40 | 213.700870 | 358.796975 
 4151.9933 | 08748.2605 | 14:39:41 | 213.701081 | 358.790650 
 4151.9875 | 08748.2603 | 14:39:42 | 213.701294 | 358.783979 
 4151.9817 | 08748.2600 | 14:39:43 | 213.701593 | 358.777309 
 4151.9761 | 08748.2597 | 14:39:44 | 213.701891 | 358.770870 
 4151.9709 | 08748.2597 | 14:39:45 | 213.701928 | 358.764888 
 4151.9662 | 08748.2596 | 14:39:46 | 213.702047 | 358.759483 
 4151.9621 | 08748.2596 | 14:39:47 | 213.702076 | 358.754767 
 4151.9582 | 08748.2596 | 14:39:48 | 213.702104 | 358.750281 
 4151.9547 | 08748.2595 | 14:39:49 | 213.702215 | 358.746255 
 4151.9517 | 08748.2595 | 14:39:50 | 213.702236 | 358.742805 
 4151.9493 | 08748.2597 | 14:39:51 | 213.702081 | 358.740043 
 4151.9478 | 08748.2598 | 14:39:52 | 213.702006 | 358.738317 
 4151.9469 | 08748.2598 | 14:39:53 | 213.702012 | 358.737282 
 4151.9463 | 08748.2599 | 14:39:54 | 213.701930 | 358.736591 
 4151.9460 | 08748.2600 | 14:39:55 | 213.701846 | 358.736246 
 4151.9459 | 08748.2600 | 14:39:56 | 213.701847 | 358.736131 
 4151.9459 | 08748.2600 | 14:39:57 | 213.701847 | 358.736131 
 4151.9459 | 08748.2600 | 14:39:58 | 213.701847 | 358.736131 
 4151.9459 | 08748.2600 | 14:39:59 | 213.701847 | 358.736131 
 4151.9459 | 08748.2600 | 14:40:00 | 213.701847 | 358.736131 
 4151.9459 | 08748.2600 | 14:40:01 | 213.701847 | 358.736131 
 4151.9459 | 08748.2600 | 14:40:02 | 213.701847 | 358.736131 
 4151.9459 | 08748.2600 | 14:40:03 | 213.701847 | 358.736131 
 4151.9459 | 08748.2600 | 14:40:04 | 213.701847 | 358.736131 
 4151.9459 | 08748.2600 | 14:40:05 | 213.701847 | 358.736131 
 4151.9459 | 08748.2600 | 14:40:06 | 213.701847 | 358.736131 
 4151.9459 | 08748.2600 | 14:40:07 | 213.701847 | 358.736131 
 4151.9459 | 08748.2600 | 14:40:08 | 213.701847 | 358.736131 
 4151.9459 | 08748.2600 | 14:40:09 | 213.701847 | 358.736131 
 4151.9459 | 08748.2600 | 14:40:10 | 213.701847 | 358.736131 
 4151.9459 | 08748.2600 | 14:40:11 | 213.701847 | 358.736131 
 4151.9459 | 08748.2600 | 14:40:12 | 213.701847 | 358.736131 
 4151.9459 | 08748.2600 | 14:40:13 | 213.701847 | 358.736131 
 4151.9459 | 08748.2600 | 14:40:14 | 213.701847 | 358.736131 
 4151.9459 | 08748.2600 | 14:40:15 | 213.701847 | 358.736131 
 4151.9459 | 08748.2600 | 14:40:16 | 213.701847 | 358.736131 
 4151.9457 | 08748.2604 | 14:40:17 | 213.701505 | 358.735898 
 4151.9453 | 08748.2604 | 14:40:18 | 213.701507 | 358.735438 
 4151.9448 | 08748.2604 | 14:40:19 | 213.701511 | 358.734863 
 4151.9443 | 08748.2604 | 14:40:20 | 213.701514 | 358.734288 
 4151.9438 | 08748.2604 | 14:40:21 | 213.701518 | 358.733713 
 4151.9436 | 08748.2604 | 14:40:22 | 213.701519 | 358.733483 
 4151.9436 | 08748.2605 | 14:40:23 | 213.701433 | 358.733482 
 4151.9435 | 08748.2606 | 14:40:24 | 213.701348 | 358.733367 
 4151.9435 | 08748.2606 | 14:40:25 | 213.701348 | 358.733367 
 4151.9435 | 08748.2606 | 14:40:26 | 213.701348 | 358.733367 
 4151.9435 | 08748.2606 | 14:40:27 | 213.701348 | 358.733367 
 4151.9435 | 08748.2606 | 14:40:28 | 213.701348 | 358.733367 
 4151.9435 | 08748.2606 | 14:40:29 | 213.701348 | 358.733367 
 4151.9435 | 08748.2606 | 14:40:30 | 213.701348 | 358.733367 
 4151.9435 | 08748.2606 | 14:40:31 | 213.701348 | 358.733367 
 4151.9435 | 08748.2606 | 14:40:32 | 213.701348 | 358.733367 
 4151.9435 | 08748.2606 | 14:40:33 | 213.701348 | 358.733367 
 4151.9435 | 08748.2606 | 14:40:34 | 213.701348 | 358.733367 
 4151.9415 | 08748.2613 | 14:40:35 | 213.700760 | 358.731063 
 4151.9410 | 08748.2613 | 14:40:36 | 213.700764 | 358.730487 
 4151.9400 | 08748.2614 | 14:40:37 | 213.700685 | 358.729337 
 4151.9381 | 08748.2616 | 14:40:38 | 213.700527 | 358.727150 
 4151.9351 | 08748.2617 | 14:40:39 | 213.700462 | 358.723699 
 4151.9312 | 08748.2617 | 14:40:40 | 213.700490 | 358.719213 
 4151.9268 | 08748.2616 | 14:40:41 | 213.700607 | 358.714152 
 4151.9225 | 08748.2614 | 14:40:42 | 213.700809 | 358.709207 
 4151.9185 | 08748.2611 | 14:40:43 | 213.701095 | 358.704608 
 4151.9150 | 08748.2611 | 14:40:44 | 213.701120 | 358.700582 
 4151.9121 | 08748.2611 | 14:40:45 | 213.701141 | 358.697246 
 4151.9101 | 08748.2614 | 14:40:46 | 213.700897 | 358.694944 
 4151.9087 | 08748.2618 | 14:40:47 | 213.700563 | 358.693332 
 4151.9071 | 08748.2629 | 14:40:48 | 213.699629 | 358.691486 
 4151.9055 | 08748.2653 | 14:40:49 | 213.697576 | 358.689632 
 4151.9041 | 08748.2691 | 14:40:50 | 213.694319 | 358.688002 
 4151.9032 | 08748.2740 | 14:40:51 | 213.690112 | 358.686941 
 4151.9025 | 08748.2801 | 14:40:52 | 213.684872 | 358.686103 
 4151.9020 | 08748.2872 | 14:40:53 | 213.678771 | 358.685491 
 4151.9018 | 08748.2953 | 14:40:54 | 213.671808 | 358.685218 
 4151.9014 | 08748.3042 | 14:40:55 | 213.664159 | 358.684710 
 4151.9011 | 08748.3140 | 14:40:56 | 213.655735 | 358.684314 
 4151.9005 | 08748.3244 | 14:40:57 | 213.646797 | 358.683568 
 4151.9000 | 08748.3353 | 14:40:58 | 213.637428 | 358.682936 
 4151.8996 | 08748.3469 | 14:40:59 | 213.627457 | 358.682414 
 4151.8993 | 08748.3589 | 14:41:00 | 213.617142 | 358.682006 
 4151.8990 | 08748.3713 | 14:41:01 | 213.606482 | 358.681595 
 4151.8987 | 08748.3843 | 14:41:02 | 213.595307 | 358.681182 
 4151.8984 | 08748.3974 | 14:41:03 | 213.584045 | 358.680767 
 4151.8982 | 08748.4106 | 14:41:04 | 213.572697 | 358.680468 
 4151.8979 | 08748.4238 | 14:41:05 | 213.561350 | 358.680053 
 4151.8977 | 08748.4367 | 14:41:06 | 213.550259 | 358.679755 
 4151.8975 | 08748.4493 | 14:41:07 | 213.539427 | 358.679459 
 4151.8973 | 08748.4615 | 14:41:08 | 213.528939 | 358.679164 
 4151.8971 | 08748.4736 | 14:41:09 | 213.518537 | 358.678871 
 4151.8969 | 08748.4858 | 14:41:10 | 213.508048 | 358.678576 
 4151.8966 | 08748.4983 | 14:41:11 | 213.497303 | 358.678166 
 4151.8964 | 08748.5109 | 14:41:12 | 213.486470 | 358.677869 
 4151.8962 | 08748.5239 | 14:41:13 | 213.475294 | 358.677571 
 4151.8960 | 08748.5371 | 14:41:14 | 213.463946 | 358.677271 
 4151.8958 | 08748.5507 | 14:41:15 | 213.452254 | 358.676970 
 4151.8956 | 08748.5645 | 14:41:16 | 213.440390 | 358.676668 
 4151.8953 | 08748.5786 | 14:41:17 | 213.428269 | 358.676248 
 4151.8950 | 08748.5931 | 14:41:18 | 213.415804 | 358.675827 
 4151.8947 | 08748.6078 | 14:41:19 | 213.403166 | 358.675405 
 4151.8945 | 08748.6228 | 14:41:20 | 213.390271 | 358.675097 
 4151.8941 | 08748.6380 | 14:41:21 | 213.377204 | 358.674557 
 4151.8939 | 08748.6534 | 14:41:22 | 213.363964 | 358.674246 
 4151.8936 | 08748.6689 | 14:41:23 | 213.350639 | 358.673820 
 4151.8934 | 08748.6845 | 14:41:24 | 213.337228 | 358.673509 
 4151.8932 | 08748.7000 | 14:41:25 | 213.323902 | 358.673197 
 4151.8930 | 08748.7156 | 14:41:26 | 213.310490 | 358.672886 
 4151.8926 | 08748.7312 | 14:41:27 | 213.297080 | 358.672344 
 4151.8923 | 08748.7468 | 14:41:28 | 213.283669 | 358.671918 
 4151.8920 | 08748.7622 | 14:41:29 | 213.270430 | 358.671493 
 4151.8917 | 08748.7774 | 14:41:30 | 213.257363 | 358.671068 
 4151.8914 | 08748.7923 | 14:41:31 | 213.244554 | 358.670645 
 4151.8911 | 08748.8074 | 14:41:32 | 213.231572 | 358.670222 
 4151.8909 | 08748.8225 | 14:41:33 | 213.218591 | 358.669913 
 4151.8906 | 08748.8376 | 14:41:34 | 213.205609 | 358.669489 
 4151.8903 | 08748.8526 | 14:41:35 | 213.192714 | 358.669066 
 4151.8900 | 08748.8676 | 14:41:36 | 213.179819 | 358.668643 
 4151.8898 | 08748.8823 | 14:41:37 | 213.167181 | 358.668337 
 4151.8895 | 08748.8967 | 14:41:38 | 213.154802 | 358.667917 
 4151.8893 | 08748.9107 | 14:41:39 | 213.142766 | 358.667614 
 4151.8889 | 08748.9243 | 14:41:40 | 213.131075 | 358.667084 
 4151.8886 | 08748.9375 | 14:41:41 | 213.119728 | 358.666670 
 4151.8883 | 08748.9502 | 14:41:42 | 213.108810 | 358.666259 
 4151.8880 | 08748.9624 | 14:41:43 | 213.098322 | 358.665851 
 4151.8878 | 08748.9738 | 14:41:44 | 213.088522 | 358.665562 
 4151.8875 | 08748.9842 | 14:41:45 | 213.079582 | 358.665163 
 4151.8872 | 08748.9933 | 14:41:46 | 213.071760 | 358.664771 
 4151.8867 | 08749.0006 | 14:41:47 | 213.065487 | 358.664158 
 4151.8862 | 08749.0056 | 14:41:48 | 213.061191 | 358.663557 
 4151.8860 | 08749.0084 | 14:41:49 | 213.058785 | 358.663312 
 4151.8858 | 08749.0098 | 14:41:50 | 213.057582 | 358.663075 
 4151.8856 | 08749.0108 | 14:41:51 | 213.056724 | 358.662840 
 4151.8856 | 08749.0116 | 14:41:52 | 213.056036 | 358.662836 
 4151.8855 | 08749.0122 | 14:41:53 | 213.055521 | 358.662718 
 4151.8855 | 08749.0124 | 14:41:54 | 213.055349 | 358.662717 
 4151.8855 | 08749.0123 | 14:41:55 | 213.055435 | 358.662717 
 4151.8855 | 08749.0122 | 14:41:56 | 213.055521 | 358.662718 
 4151.8855 | 08749.0122 | 14:41:57 | 213.055521 | 358.662718 
 4151.8855 | 08749.0122 | 14:41:58 | 213.055521 | 358.662718 
 4151.8855 | 08749.0122 | 14:41:59 | 213.055521 | 358.662718 
 4151.8855 | 08749.0122 | 14:42:00 | 213.055521 | 358.662718 
 4151.8855 | 08749.0122 | 14:42:01 | 213.055521 | 358.662718 
 4151.8855 | 08749.0122 | 14:42:02 | 213.055521 | 358.662718 
 4151.8855 | 08749.0122 | 14:42:03 | 213.055521 | 358.662718 
 4151.8856 | 08749.0117 | 14:42:04 | 213.055950 | 358.662835 
 4151.8855 | 08749.0122 | 14:42:05 | 213.055521 | 358.662718 
 4151.8853 | 08749.0129 | 14:42:06 | 213.054920 | 358.662484 
 4151.8846 | 08749.0137 | 14:42:07 | 213.054237 | 358.661675 
 4151.8831 | 08749.0148 | 14:42:08 | 213.053302 | 358.659944 
 4151.8805 | 08749.0156 | 14:42:09 | 213.052632 | 358.656949 
 4151.8776 | 08749.0156 | 14:42:10 | 213.052652 | 358.653613 
 4151.8744 | 08749.0152 | 14:42:11 | 213.053018 | 358.649934 
 4151.8710 | 08749.0148 | 14:42:12 | 213.053386 | 358.646026 
 4151.8676 | 08749.0144 | 14:42:13 | 213.053753 | 358.642117 
 4151.8644 | 08749.0143 | 14:42:14 | 213.053861 | 358.638436 
 4151.8619 | 08749.0146 | 14:42:15 | 213.053621 | 358.635559 
 4151.8600 | 08749.0155 | 14:42:16 | 213.052860 | 358.633369 
 4151.8590 | 08749.0168 | 14:42:17 | 213.051749 | 358.632212 
 4151.8584 | 08749.0185 | 14:42:18 | 213.050292 | 358.631513 
 4151.8581 | 08749.0202 | 14:42:19 | 213.048832 | 358.631159 
 4151.8579 | 08749.0223 | 14:42:20 | 213.047028 | 358.630918 
 4151.8574 | 08749.0246 | 14:42:21 | 213.045054 | 358.630331 
 4151.8563 | 08749.0267 | 14:42:22 | 213.043256 | 358.629055 
 4151.8547 | 08749.0280 | 14:42:23 | 213.042149 | 358.627208 
 4151.8530 | 08749.0285 | 14:42:24 | 213.041731 | 358.625250 
 4151.8509 | 08749.0287 | 14:42:25 | 213.041573 | 358.622834 
 4151.8486 | 08749.0285 | 14:42:26 | 213.041761 | 358.620189 
 4151.8461 | 08749.0281 | 14:42:27 | 213.042122 | 358.617316 
 4151.8435 | 08749.0275 | 14:42:28 | 213.042656 | 358.614328 
 4151.8411 | 08749.0270 | 14:42:29 | 213.043103 | 358.611570 
 4151.8387 | 08749.0265 | 14:42:30 | 213.043549 | 358.608812 
 4151.8362 | 08749.0260 | 14:42:31 | 213.043996 | 358.605939 
 4151.8336 | 08749.0256 | 14:42:32 | 213.044358 | 358.602950 
 4151.8314 | 08749.0254 | 14:42:33 | 213.044546 | 358.600421 
 4151.8296 | 08749.0255 | 14:42:34 | 213.044472 | 358.598350 
 4151.8283 | 08749.0261 | 14:42:35 | 213.043965 | 358.596852 
 4151.8272 | 08749.0277 | 14:42:36 | 213.042597 | 358.595578 
 4151.8264 | 08749.0304 | 14:42:37 | 213.040281 | 358.594644 
 4151.8262 | 08749.0340 | 14:42:38 | 213.037187 | 358.594395 
 4151.8261 | 08749.0378 | 14:42:39 | 213.033920 | 358.594260 
 4151.8260 | 08749.0414 | 14:42:40 | 213.030826 | 358.594127 
 4151.8258 | 08749.0448 | 14:42:41 | 213.027904 | 358.593879 
 4151.8255 | 08749.0482 | 14:42:42 | 213.024982 | 358.593517 
 4151.8253 | 08749.0517 | 14:42:43 | 213.021974 | 358.593268 
 4151.8251 | 08749.0552 | 14:42:44 | 213.018966 | 358.593020 
 4151.8249 | 08749.0587 | 14:42:45 | 213.015958 | 358.592772 
 4151.8248 | 08749.0620 | 14:42:46 | 213.013121 | 358.592640 
 4151.8246 | 08749.0653 | 14:42:47 | 213.010285 | 358.592393 
 4151.8244 | 08749.0682 | 14:42:48 | 213.007793 | 358.592148 
 4151.8241 | 08749.0702 | 14:42:49 | 213.006076 | 358.591793 
 4151.8240 | 08749.0715 | 14:42:50 | 213.004959 | 358.591671 
 4151.8238 | 08749.0727 | 14:42:51 | 213.003928 | 358.591435 
 4151.8236 | 08749.0740 | 14:42:52 | 213.002812 | 358.591198 
 4151.8230 | 08749.0755 | 14:42:53 | 213.001526 | 358.590500 
 4151.8223 | 08749.0771 | 14:42:54 | 213.000155 | 358.589687 
 4151.8217 | 08749.0787 | 14:42:55 | 212.998784 | 358.588988 
 4151.8212 | 08749.0804 | 14:42:56 | 212.997325 | 358.588404 
 4151.8207 | 08749.0821 | 14:42:57 | 212.995867 | 358.587820 
 4151.8203 | 08749.0835 | 14:42:58 | 212.994666 | 358.587353 
 4151.8201 | 08749.0849 | 14:42:59 | 212.993464 | 358.587116 
 4151.8197 | 08749.0863 | 14:43:00 | 212.992263 | 358.586648 
 4151.8190 | 08749.0878 | 14:43:01 | 212.990978 | 358.585836 
 4151.8179 | 08749.0894 | 14:43:02 | 212.989610 | 358.584562 
 4151.8163 | 08749.0910 | 14:43:03 | 212.988245 | 358.582713 
 4151.8143 | 08749.0922 | 14:43:04 | 212.987227 | 358.580407 
 4151.8122 | 08749.0931 | 14:43:05 | 212.986468 | 358.577987 
 4151.8100 | 08749.0935 | 14:43:06 | 212.986139 | 358.575454 
 4151.8078 | 08749.0938 | 14:43:07 | 212.985896 | 358.572922 
 4151.8055 | 08749.0939 | 14:43:08 | 212.985826 | 358.570276 
 4151.8031 | 08749.0940 | 14:43:09 | 212.985757 | 358.567515 
 4151.8007 | 08749.0939 | 14:43:10 | 212.985859 | 358.564755 
 4151.7980 | 08749.0938 | 14:43:11 | 212.985964 | 358.561649 
 4151.7948 | 08749.0937 | 14:43:12 | 212.986072 | 358.557969 
 4151.7914 | 08749.0935 | 14:43:13 | 212.986267 | 358.554059 
 4151.7880 | 08749.0933 | 14:43:14 | 212.986463 | 358.550149 
 4151.7845 | 08749.0932 | 14:43:15 | 212.986573 | 358.546124 
 4151.7808 | 08749.0930 | 14:43:16 | 212.986770 | 358.541869 
 4151.7769 | 08749.0929 | 14:43:17 | 212.986883 | 358.537384 
 4151.7731 | 08749.0928 | 14:43:18 | 212.986995 | 358.533013 
 4151.7695 | 08749.0927 | 14:43:19 | 212.987106 | 358.528873 
 4151.7663 | 08749.0926 | 14:43:20 | 212.987214 | 358.525193 
 4151.7632 | 08749.0925 | 14:43:21 | 212.987322 | 358.521627 
 4151.7602 | 08749.0922 | 14:43:22 | 212.987600 | 358.518178 
 4151.7574 | 08749.0917 | 14:43:23 | 212.988050 | 358.514960 
 4151.7548 | 08749.0911 | 14:43:24 | 212.988584 | 358.511973 
 4151.7524 | 08749.0907 | 14:43:25 | 212.988944 | 358.509214 
 4151.7501 | 08749.0906 | 14:43:26 | 212.989046 | 358.506569 
 4151.7479 | 08749.0904 | 14:43:27 | 212.989233 | 358.504040 
 4151.7458 | 08749.0903 | 14:43:28 | 212.989334 | 358.501625 
 4151.7437 | 08749.0902 | 14:43:29 | 212.989434 | 358.499210 
 4151.7419 | 08749.0900 | 14:43:30 | 212.989618 | 358.497140 
 4151.7402 | 08749.0894 | 14:43:31 | 212.990146 | 358.495188 
 4151.7389 | 08749.0884 | 14:43:32 | 212.991015 | 358.493698 
 4151.7380 | 08749.0870 | 14:43:33 | 212.992225 | 358.492670 
 4151.7373 | 08749.0854 | 14:43:34 | 212.993605 | 358.491873 
 4151.7370 | 08749.0835 | 14:43:35 | 212.995241 | 358.491537 
 4151.7369 | 08749.0814 | 14:43:36 | 212.997048 | 358.491433 
 4151.7368 | 08749.0791 | 14:43:37 | 212.999026 | 358.491330 
 4151.7365 | 08749.0769 | 14:43:38 | 213.000920 | 358.490996 
 4151.7362 | 08749.0749 | 14:43:39 | 213.002641 | 358.490662 
 4151.7360 | 08749.0731 | 14:43:40 | 213.004191 | 358.490441 
 4151.7361 | 08749.0716 | 14:43:41 | 213.005480 | 358.490564 
 4151.7364 | 08749.0703 | 14:43:42 | 213.006595 | 358.490915 
 4151.7365 | 08749.0694 | 14:43:43 | 213.007369 | 358.491035 
 4151.7366 | 08749.0690 | 14:43:44 | 213.007712 | 358.491152 
 4151.7366 | 08749.0686 | 14:43:45 | 213.008056 | 358.491154 
 4151.7366 | 08749.0683 | 14:43:46 | 213.008314 | 358.491156 
 4151.7366 | 08749.0680 | 14:43:47 | 213.008572 | 358.491157 
 4151.7366 | 08749.0679 | 14:43:48 | 213.008658 | 358.491158 
 4151.7366 | 08749.0679 | 14:43:49 | 213.008658 | 358.491158 
 4151.7366 | 08749.0679 | 14:43:50 | 213.008658 | 358.491158 
 4151.7366 | 08749.0674 | 14:43:51 | 213.009088 | 358.491160 
 4151.7367 | 08749.0668 | 14:43:52 | 213.009603 | 358.491279 
 4151.7368 | 08749.0661 | 14:43:53 | 213.010204 | 358.491397 
 4151.7369 | 08749.0652 | 14:43:54 | 213.010977 | 358.491517 
 4151.7369 | 08749.0643 | 14:43:55 | 213.011751 | 358.491522 
 4151.7369 | 08749.0632 | 14:43:56 | 213.012697 | 358.491527 
 4151.7368 | 08749.0618 | 14:43:57 | 213.013901 | 358.491419 
 4151.7367 | 08749.0603 | 14:43:58 | 213.015192 | 358.491312 
 4151.7366 | 08749.0591 | 14:43:59 | 213.016224 | 358.491203 
 4151.7365 | 08749.0580 | 14:44:00 | 213.017171 | 358.491094 
 4151.7365 | 08749.0569 | 14:44:01 | 213.018117 | 358.491100 
 4151.7364 | 08749.0559 | 14:44:02 | 213.018977 | 358.490990 
 4151.7363 | 08749.0551 | 14:44:03 | 213.019666 | 358.490879 
 4151.7363 | 08749.0543 | 14:44:04 | 213.020354 | 358.490883 
 4151.7363 | 08749.0538 | 14:44:05 | 213.020784 | 358.490886 
 4151.7364 | 08749.0538 | 14:44:06 | 213.020783 | 358.491001 
 4151.7364 | 08749.0538 | 14:44:07 | 213.020783 | 358.491001 
 4151.7365 | 08749.0537 | 14:44:08 | 213.020868 | 358.491116 
 4151.7365 | 08749.0537 | 14:44:09 | 213.020868 | 358.491116 
 4151.7364 | 08749.0530 | 14:44:10 | 213.021471 | 358.491005 
 4151.7365 | 08749.0522 | 14:44:11 | 213.022158 | 358.491124 
 4151.7365 | 08749.0508 | 14:44:12 | 213.023362 | 358.491131 
 4151.7367 | 08749.0489 | 14:44:13 | 213.024994 | 358.491371 
 4151.7369 | 08749.0467 | 14:44:14 | 213.026884 | 358.491612 
 4151.7370 | 08749.0450 | 14:44:15 | 213.028345 | 358.491736 
 4151.7371 | 08749.0442 | 14:44:16 | 213.029033 | 358.491855 
 4151.7373 | 08749.0435 | 14:44:17 | 213.029633 | 358.492089 
 4151.7377 | 08749.0424 | 14:44:18 | 213.030576 | 358.492555 
 4151.7385 | 08749.0411 | 14:44:19 | 213.031688 | 358.493482 
 4151.7397 | 08749.0400 | 14:44:20 | 213.032626 | 358.494868 
 4151.7411 | 08749.0395 | 14:44:21 | 213.033046 | 358.496481 
 4151.7425 | 08749.0395 | 14:44:22 | 213.033037 | 358.498091 
 4151.7439 | 08749.0395 | 14:44:23 | 213.033027 | 358.499701 
 4151.7454 | 08749.0395 | 14:44:24 | 213.033017 | 358.501427 
 4151.7471 | 08749.0394 | 14:44:25 | 213.033091 | 358.503383 
 4151.7488 | 08749.0395 | 14:44:26 | 213.032993 | 358.505338 
 4151.7504 | 08749.0398 | 14:44:27 | 213.032724 | 358.507176 
 4151.7521 | 08749.0400 | 14:44:28 | 213.032540 | 358.509131 
 4151.7537 | 08749.0400 | 14:44:29 | 213.032529 | 358.510971 
 4151.7553 | 08749.0399 | 14:44:30 | 213.032604 | 358.512812 
 4151.7569 | 08749.0397 | 14:44:31 | 213.032765 | 358.514654 
 4151.7582 | 08749.0396 | 14:44:32 | 213.032842 | 358.516149 
 4151.7594 | 08749.0395 | 14:44:33 | 213.032920 | 358.517530 
 4151.7606 | 08749.0394 | 14:44:34 | 213.032997 | 358.518911 
 4151.7618 | 08749.0394 | 14:44:35 | 213.032989 | 358.520291 
 4151.7633 | 08749.0394 | 14:44:36 | 213.032979 | 358.522017 
 4151.7649 | 08749.0394 | 14:44:37 | 213.032968 | 358.523857 
 4151.7667 | 08749.0395 | 14:44:38 | 213.032869 | 358.525927 
 4151.7684 | 08749.0396 | 14:44:39 | 213.032772 | 358.527882 
 4151.7700 | 08749.0396 | 14:44:40 | 213.032760 | 358.529722 
 4151.7714 | 08749.0397 | 14:44:41 | 213.032665 | 358.531332 
 4151.7727 | 08749.0398 | 14:44:42 | 213.032570 | 358.532827 
 4151.7739 | 08749.0399 | 14:44:43 | 213.032476 | 358.534207 
 4151.7753 | 08749.0399 | 14:44:44 | 213.032466 | 358.535817 
 4151.7768 | 08749.0399 | 14:44:45 | 213.032456 | 358.537542 
 4151.7781 | 08749.0399 | 14:44:46 | 213.032447 | 358.539038 
 4151.7793 | 08749.0399 | 14:44:47 | 213.032438 | 358.540418 
 4151.7804 | 08749.0400 | 14:44:48 | 213.032345 | 358.541683 
 4151.7814 | 08749.0400 | 14:44:49 | 213.032338 | 358.542833 
 4151.7824 | 08749.0400 | 14:44:50 | 213.032331 | 358.543983 
 4151.7834 | 08749.0399 | 14:44:51 | 213.032410 | 358.545134 
 4151.7845 | 08749.0399 | 14:44:52 | 213.032402 | 358.546399 
 4151.7859 | 08749.0399 | 14:44:53 | 213.032393 | 358.548010 
 4151.7874 | 08749.0400 | 14:44:54 | 213.032296 | 358.549735 
 4151.7888 | 08749.0401 | 14:44:55 | 213.032201 | 358.551344 
 4151.7900 | 08749.0403 | 14:44:56 | 213.032020 | 358.552724 
 4151.7911 | 08749.0405 | 14:44:57 | 213.031841 | 358.553988 
 4151.7920 | 08749.0405 | 14:44:58 | 213.031835 | 358.555023 
 4151.7928 | 08749.0405 | 14:44:59 | 213.031829 | 358.555943 
 4151.7935 | 08749.0401 | 14:45:00 | 213.032168 | 358.556751 
 4151.7939 | 08749.0394 | 14:45:01 | 213.032767 | 358.557214 
 4151.7941 | 08749.0387 | 14:45:02 | 213.033368 | 358.557448 
 4151.7943 | 08749.0380 | 14:45:03 | 213.033968 | 358.557682 
 4151.7946 | 08749.0373 | 14:45:04 | 213.034568 | 358.558030 
 4151.7950 | 08749.0365 | 14:45:05 | 213.035253 | 358.558495 
 4151.7952 | 08749.0359 | 14:45:06 | 213.035768 | 358.558728 
 4151.7953 | 08749.0356 | 14:45:07 | 213.036025 | 358.558844 
 4151.7953 | 08749.0355 | 14:45:08 | 213.036111 | 358.558845 
 4151.7953 | 08749.0354 | 14:45:09 | 213.036197 | 358.558845 
 4151.7953 | 08749.0354 | 14:45:10 | 213.036197 | 358.558845 
 4151.7953 | 08749.0354 | 14:45:11 | 213.036197 | 358.558845 
 4151.7953 | 08749.0354 | 14:45:12 | 213.036197 | 358.558845 
 4151.7953 | 08749.0354 | 14:45:13 | 213.036197 | 358.558845 
 4151.7953 | 08749.0354 | 14:45:14 | 213.036197 | 358.558845 
 4151.7953 | 08749.0354 | 14:45:15 | 213.036197 | 358.558845 
 4151.7953 | 08749.0354 | 14:45:16 | 213.036197 | 358.558845 
 4151.7953 | 08749.0354 | 14:45:17 | 213.036197 | 358.558845 
 4151.7953 | 08749.0354 | 14:45:18 | 213.036197 | 358.558845 
 4151.7953 | 08749.0354 | 14:45:19 | 213.036197 | 358.558845 
 4151.7953 | 08749.0354 | 14:45:20 | 213.036197 | 358.558845 
 4151.7953 | 08749.0354 | 14:45:21 | 213.036197 | 358.558845 
 4151.7933 | 08749.0355 | 14:45:22 | 213.036125 | 358.556544 
 4151.7931 | 08749.0354 | 14:45:23 | 213.036212 | 358.556315 
 4151.7928 | 08749.0352 | 14:45:24 | 213.036386 | 358.555971 
 4151.7926 | 08749.0351 | 14:45:25 | 213.036474 | 358.555741 
 4151.7924 | 08749.0360 | 14:45:26 | 213.035701 | 358.555506 
 4151.7922 | 08749.0365 | 14:45:27 | 213.035273 | 358.555274 
 4151.7921 | 08749.0371 | 14:45:28 | 213.034757 | 358.555156 
 4151.7920 | 08749.0376 | 14:45:29 | 213.034328 | 358.555038 
 4151.7919 | 08749.0380 | 14:45:30 | 213.033985 | 358.554921 
 4151.7916 | 08749.0381 | 14:45:31 | 213.033901 | 358.554575 
 4151.7913 | 08749.0384 | 14:45:32 | 213.033645 | 358.554229 
 4151.7908 | 08749.0385 | 14:45:33 | 213.033563 | 358.553653 
 4151.7903 | 08749.0382 | 14:45:34 | 213.033824 | 358.553080 
 4151.7898 | 08749.0379 | 14:45:35 | 213.034085 | 358.552506 
 4151.7894 | 08749.0382 | 14:45:36 | 213.033830 | 358.552044 
 4151.7888 | 08749.0383 | 14:45:37 | 213.033748 | 358.551354 
 4151.7881 | 08749.0386 | 14:45:38 | 213.033495 | 358.550547 
 4151.7875 | 08749.0387 | 14:45:39 | 213.033413 | 358.549856 
 4151.7868 | 08749.0387 | 14:45:40 | 213.033418 | 358.549051 
 4151.7861 | 08749.0387 | 14:45:41 | 213.033423 | 358.548246 
 4151.7855 | 08749.0386 | 14:45:42 | 213.033513 | 358.547556 
 4151.7849 | 08749.0385 | 14:45:43 | 213.033603 | 358.546867 
 4151.7843 | 08749.0384 | 14:45:44 | 213.033693 | 358.546177 
 4151.7836 | 08749.0382 | 14:45:45 | 213.033870 | 358.545373 
 4151.7829 | 08749.0379 | 14:45:46 | 213.034133 | 358.544569 
 4151.7823 | 08749.0376 | 14:45:47 | 213.034395 | 358.543881 
 4151.7818 | 08749.0374 | 14:45:48 | 213.034571 | 358.543307 
 4151.7812 | 08749.0371 | 14:45:49 | 213.034833 | 358.542618 
 4151.7801 | 08749.0375 | 14:45:50 | 213.034496 | 358.541351 
 4151.7796 | 08749.0376 | 14:45:51 | 213.034414 | 358.540775 
 4151.7783 | 08749.0374 | 14:45:52 | 213.034595 | 358.539281 
 4151.7776 | 08749.0376 | 14:45:53 | 213.034428 | 358.538475 
 4151.7769 | 08749.0379 | 14:45:54 | 213.034175 | 358.537668 
 4151.7767 | 08749.0382 | 14:45:55 | 213.033918 | 358.537436 
 4151.7762 | 08749.0387 | 14:45:56 | 213.033491 | 358.536859 
 4151.7756 | 08749.0391 | 14:45:57 | 213.033152 | 358.536166 
 4151.7749 | 08749.0393 | 14:45:58 | 213.032985 | 358.535360 
 4151.7746 | 08749.0388 | 14:45:59 | 213.033417 | 358.535018 
 4151.7740 | 08749.0388 | 14:46:00