 4150.1986 | 08739.8735 | 13:41:39 | 220.928250 | 356.776605 
 4150.1975 | 08739.9179 | 13:41:49 | 220.890068 | 356.775043 
 4150.2002 | 08739.9029 | 13:41:51 | 220.902946 | 356.778249 
 4150.1927 | 08739.9101 | 13:41:52 | 220.896820 | 356.769574 
 4150.1947 | 08739.9122 | 13:41:53 | 220.894996 | 356.771860 
 4150.1956 | 08739.9126 | 13:41:54 | 220.894644 | 356.772893 
 4150.1962 | 08739.9131 | 13:41:55 | 220.894208 | 356.773579 
 4150.1980 | 08739.9134 | 13:41:58 | 220.893934 | 356.775648 
 4150.1992 | 08739.9135 | 13:41:59 | 220.893837 | 356.777027 
 4150.2021 | 08739.9027 | 13:42:02 | 220.903101 | 356.780435 
 4150.2029 | 08739.9003 | 13:42:04 | 220.905159 | 356.781372 
 4150.2031 | 08739.9013 | 13:42:05 | 220.904297 | 356.781595 
 4150.2044 | 08739.9001 | 13:42:07 | 220.905317 | 356.783098 
 4150.2045 | 08739.9010 | 13:42:08 | 220.904542 | 356.783207 
 4150.2047 | 08739.9018 | 13:42:09 | 220.903852 | 356.783432 
 4150.2052 | 08739.9023 | 13:42:10 | 220.903418 | 356.784004 
 4150.2056 | 08739.9033 | 13:42:11 | 220.902554 | 356.784457 
 4150.2061 | 08739.9039 | 13:42:12 | 220.902033 | 356.785028 
 4150.2068 | 08739.9043 | 13:42:13 | 220.901683 | 356.785831 
 4150.2076 | 08739.9041 | 13:42:14 | 220.901848 | 356.786752 
 4150.2084 | 08739.9042 | 13:42:15 | 220.901755 | 356.787672 
 4150.2101 | 08739.9007 | 13:42:16 | 220.904750 | 356.789651 
 4150.2178 | 08739.8764 | 13:42:17 | 220.925584 | 356.798670 
 4150.2185 | 08739.8756 | 13:42:18 | 220.926266 | 356.799481 
 4150.2194 | 08739.8750 | 13:42:19 | 220.926774 | 356.800520 
 4150.2202 | 08739.8744 | 13:42:20 | 220.927283 | 356.801444 
 4150.2204 | 08739.8755 | 13:42:21 | 220.926335 | 356.801667 
 4150.2210 | 08739.8756 | 13:42:22 | 220.926243 | 356.802357 
 4150.2217 | 08739.8756 | 13:42:23 | 220.926237 | 356.803162 
 4150.2233 | 08739.8725 | 13:42:24 | 220.928889 | 356.805023 
 4150.2239 | 08739.8726 | 13:42:25 | 220.928798 | 356.805712 
 4150.2245 | 08739.8727 | 13:42:26 | 220.928707 | 356.806402 
 4150.2252 | 08739.8727 | 13:42:27 | 220.928700 | 356.807207 
 4150.2258 | 08739.8727 | 13:42:28 | 220.928695 | 356.807897 
 4150.2265 | 08739.8727 | 13:42:29 | 220.928689 | 356.808702 
 4150.2273 | 08739.8727 | 13:42:30 | 220.928682 | 356.809622 
 4150.2280 | 08739.8727 | 13:42:31 | 220.928675 | 356.810428 
 4150.2287 | 08739.8723 | 13:42:32 | 220.929013 | 356.811236 
 4150.2318 | 08739.8641 | 13:42:33 | 220.936039 | 356.814856 
 4150.2329 | 08739.8627 | 13:42:34 | 220.937233 | 356.816131 
 4150.2337 | 08739.8624 | 13:42:35 | 220.937484 | 356.817053 
 4150.2344 | 08739.8620 | 13:42:36 | 220.937822 | 356.817861 
 4150.2351 | 08739.8623 | 13:42:37 | 220.937558 | 356.818664 
 4150.2356 | 08739.8626 | 13:42:38 | 220.937295 | 356.819237 
 4150.2361 | 08739.8629 | 13:42:39 | 220.937033 | 356.819810 
 4150.2365 | 08739.8630 | 13:42:40 | 220.936943 | 356.820270 
 4150.2369 | 08739.8631 | 13:42:41 | 220.936853 | 356.820729 
 4150.2367 | 08739.8634 | 13:42:42 | 220.936597 | 356.820497 
 4150.2367 | 08739.8637 | 13:42:43 | 220.936339 | 356.820495 
 4150.2366 | 08739.8641 | 13:42:44 | 220.935996 | 356.820377 
 4150.2366 | 08739.8644 | 13:42:45 | 220.935738 | 356.820375 
 4150.2366 | 08739.8644 | 13:42:46 | 220.935738 | 356.820375 
 4150.2366 | 08739.8644 | 13:42:47 | 220.935738 | 356.820375 
 4150.2366 | 08739.8644 | 13:42:48 | 220.935738 | 356.820375 
 4150.2366 | 08739.8644 | 13:42:49 | 220.935738 | 356.820375 
 4150.2366 | 08739.8644 | 13:42:50 | 220.935738 | 356.820375 
 4150.2366 | 08739.8644 | 13:42:51 | 220.935738 | 356.820375 
 4150.2369 | 08739.8661 | 13:42:52 | 220.934273 | 356.820709 
 4150.2369 | 08739.8665 | 13:42:53 | 220.933929 | 356.820706 
 4150.2369 | 08739.8671 | 13:42:54 | 220.933413 | 356.820702 
 4150.2374 | 08739.8662 | 13:42:55 | 220.934182 | 356.821284 
 4150.2376 | 08739.8669 | 13:42:56 | 220.933578 | 356.821509 
 4150.2377 | 08739.8676 | 13:42:57 | 220.932975 | 356.821619 
 4150.2379 | 08739.8683 | 13:42:58 | 220.932371 | 356.821845 
 4150.2383 | 08739.8683 | 13:42:59 | 220.932368 | 356.822305 
 4150.2368 | 08739.8751 | 13:43:00 | 220.926532 | 356.820534 
 4150.2371 | 08739.8754 | 13:43:01 | 220.926271 | 356.820877 
 4150.2372 | 08739.8755 | 13:43:02 | 220.926184 | 356.820991 
 4150.2372 | 08739.8755 | 13:43:03 | 220.926184 | 356.820991 
 4150.2372 | 08739.8755 | 13:43:04 | 220.926184 | 356.820991 
 4150.2372 | 08739.8755 | 13:43:05 | 220.926184 | 356.820991 
 4150.2372 | 08739.8755 | 13:43:06 | 220.926184 | 356.820991 
 4150.2372 | 08739.8755 | 13:43:08 | 220.926184 | 356.820991 
 4150.2372 | 08739.8755 | 13:43:09 | 220.926184 | 356.820991 
 4150.2372 | 08739.8755 | 13:43:10 | 220.926184 | 356.820991 
 4150.2372 | 08739.8755 | 13:43:11 | 220.926184 | 356.820991 
 4150.2372 | 08739.8755 | 13:43:12 | 220.926184 | 356.820991 
 4150.2372 | 08739.8755 | 13:43:13 | 220.926184 | 356.820991 
 4150.2372 | 08739.8755 | 13:43:14 | 220.926184 | 356.820991 
 4150.2372 | 08739.8755 | 13:43:15 | 220.926184 | 356.820991 
 4150.2372 | 08739.8755 | 13:43:16 | 220.926184 | 356.820991 
 4150.2372 | 08739.8755 | 13:43:17 | 220.926184 | 356.820991 
 4150.2377 | 08739.8804 | 13:43:18 | 220.921965 | 356.821533 
 4150.2382 | 08739.8793 | 13:43:19 | 220.922907 | 356.822116 
 4150.2383 | 08739.8789 | 13:43:20 | 220.923250 | 356.822234 
 4150.2384 | 08739.8782 | 13:43:21 | 220.923851 | 356.822353 
 4150.2384 | 08739.8782 | 13:43:22 | 220.923851 | 356.822353 
 4150.2384 | 08739.8782 | 13:43:23 | 220.923851 | 356.822353 
 4150.2384 | 08739.8782 | 13:43:24 | 220.923851 | 356.822353 
 4150.2384 | 08739.8782 | 13:43:25 | 220.923851 | 356.822353 
 4150.2384 | 08739.8782 | 13:43:26 | 220.923851 | 356.822353 
 4150.2384 | 08739.8782 | 13:43:27 | 220.923851 | 356.822353 
 4150.2384 | 08739.8782 | 13:43:28 | 220.923851 | 356.822353 
 4150.2384 | 08739.8782 | 13:43:29 | 220.923851 | 356.822353 
 4150.2384 | 08739.8782 | 13:43:30 | 220.923851 | 356.822353 
 4150.2384 | 08739.8782 | 13:43:31 | 220.923851 | 356.822353 
 4150.2384 | 08739.8782 | 13:43:32 | 220.923851 | 356.822353 
 4150.2384 | 08739.8782 | 13:43:33 | 220.923851 | 356.822353 
 4150.2384 | 08739.8782 | 13:43:34 | 220.923851 | 356.822353 
 4150.2384 | 08739.8782 | 13:43:35 | 220.923851 | 356.822353 
 4150.2384 | 08739.8782 | 13:43:36 | 220.923851 | 356.822353 
 4150.2384 | 08739.8782 | 13:43:37 | 220.923851 | 356.822353 
 4150.2384 | 08739.8782 | 13:43:38 | 220.923851 | 356.822353 
 4150.2384 | 08739.8782 | 13:43:39 | 220.923851 | 356.822353 
 4150.2384 | 08739.8782 | 13:43:40 | 220.923851 | 356.822353 
 4150.2384 | 08739.8782 | 13:43:41 | 220.923851 | 356.822353 
 4150.2384 | 08739.8782 | 13:43:42 | 220.923851 | 356.822353 
 4150.2384 | 08739.8782 | 13:43:43 | 220.923851 | 356.822353 
 4150.2384 | 08739.8782 | 13:43:44 | 220.923851 | 356.822353 
 4150.2384 | 08739.8782 | 13:43:45 | 220.923851 | 356.822353 
 4150.2384 | 08739.8782 | 13:43:46 | 220.923851 | 356.822353 
 4150.2384 | 08739.8782 | 13:43:47 | 220.923851 | 356.822353 
 4150.2384 | 08739.8782 | 13:43:48 | 220.923851 | 356.822353 
 4150.2384 | 08739.8782 | 13:43:49 | 220.923851 | 356.822353 
 4150.2384 | 08739.8782 | 13:43:50 | 220.923851 | 356.822353 
 4150.2384 | 08739.8782 | 13:43:51 | 220.923851 | 356.822353 
 4150.2384 | 08739.8782 | 13:43:52 | 220.923851 | 356.822353 
 4150.2384 | 08739.8782 | 13:43:53 | 220.923851 | 356.822353 
 4150.2384 | 08739.8782 | 13:43:54 | 220.923851 | 356.822353 
 4150.2384 | 08739.8782 | 13:43:55 | 220.923851 | 356.822353 
 4150.2384 | 08739.8782 | 13:43:56 | 220.923851 | 356.822353 
 4150.2384 | 08739.8782 | 13:43:57 | 220.923851 | 356.822353 
 4150.2384 | 08739.8782 | 13:43:58 | 220.923851 | 356.822353 
 4150.2384 | 08739.8782 | 13:43:59 | 220.923851 | 356.822353 
 4150.2384 | 08739.8782 | 13:44:00 | 220.923851 | 356.822353 
 4150.2384 | 08739.8782 | 13:44:01 | 220.923851 | 356.822353 
 4150.2384 | 08739.8782 | 13:44:02 | 220.923851 | 356.822353 
 4150.2384 | 08739.8782 | 13:44:03 | 220.923851 | 356.822353 
 4150.2384 | 08739.8782 | 13:44:04 | 220.923851 | 356.822353 
 4150.2384 | 08739.8782 | 13:44:05 | 220.923851 | 356.822353 
 4150.2384 | 08739.8782 | 13:44:06 | 220.923851 | 356.822353 
 4150.2384 | 08739.8782 | 13:44:07 | 220.923851 | 356.822353 
 4150.2384 | 08739.8782 | 13:44:08 | 220.923851 | 356.822353 
 4150.2384 | 08739.8782 | 13:44:09 | 220.923851 | 356.822353 
 4150.2384 | 08739.8782 | 13:44:10 | 220.923851 | 356.822353 
 4150.2414 | 08739.8753 | 13:44:11 | 220.926319 | 356.825824 
 4150.2415 | 08739.8760 | 13:44:12 | 220.925716 | 356.825934 
 4150.2411 | 08739.8769 | 13:44:13 | 220.924945 | 356.825468 
 4150.2406 | 08739.8777 | 13:44:14 | 220.924262 | 356.824887 
 4150.2402 | 08739.8784 | 13:44:15 | 220.923663 | 356.824422 
 4150.2400 | 08739.8791 | 13:44:16 | 220.923063 | 356.824188 
 4150.2398 | 08739.8800 | 13:44:17 | 220.922290 | 356.823952 
 4150.2396 | 08739.8811 | 13:44:18 | 220.921346 | 356.823714 
 4150.2393 | 08739.8825 | 13:44:19 | 220.920144 | 356.823360 
 4150.2390 | 08739.8838 | 13:44:20 | 220.919029 | 356.823006 
 4150.2386 | 08739.8852 | 13:44:21 | 220.917828 | 356.822537 
 4150.2381 | 08739.8864 | 13:44:22 | 220.916800 | 356.821953 
 4150.2376 | 08739.8876 | 13:44:23 | 220.915773 | 356.821370 
 4150.2366 | 08739.8885 | 13:44:24 | 220.915007 | 356.820214 
 4150.2356 | 08739.8892 | 13:44:25 | 220.914414 | 356.819059 
 4150.2346 | 08739.8899 | 13:44:26 | 220.913821 | 356.817904 
 4150.2335 | 08739.8905 | 13:44:27 | 220.913315 | 356.816635 
 4150.2325 | 08739.8911 | 13:44:28 | 220.912808 | 356.815481 
 4150.2315 | 08739.8917 | 13:44:29 | 220.912300 | 356.814326 
 4150.2307 | 08739.8921 | 13:44:30 | 220.911963 | 356.813403 
 4150.2301 | 08739.8924 | 13:44:31 | 220.911711 | 356.812711 
 4150.2294 | 08739.8930 | 13:44:32 | 220.911201 | 356.811902 
 4150.2286 | 08739.8939 | 13:44:33 | 220.910434 | 356.810976 
 4150.2277 | 08739.8953 | 13:44:34 | 220.909238 | 356.809931 
 4150.2266 | 08739.8971 | 13:44:35 | 220.907699 | 356.808654 
 4150.2248 | 08739.8987 | 13:44:36 | 220.906339 | 356.806573 
 4150.2217 | 08739.8993 | 13:44:37 | 220.905851 | 356.803003 
 4150.2184 | 08739.8998 | 13:44:38 | 220.905450 | 356.799204 
 4150.2152 | 08739.8999 | 13:44:39 | 220.905393 | 356.795522 
 4150.2117 | 08739.8998 | 13:44:40 | 220.905510 | 356.791497 
 4150.2082 | 08739.8996 | 13:44:41 | 220.905713 | 356.787473 
 4150.2047 | 08739.8994 | 13:44:42 | 220.905917 | 356.783448 
 4150.2013 | 08739.8991 | 13:44:43 | 220.906205 | 356.779539 
 4150.1983 | 08739.8991 | 13:44:44 | 220.906232 | 356.776089 
 4150.1960 | 08739.8991 | 13:44:45 | 220.906253 | 356.773443 
 4150.1942 | 08739.8991 | 13:44:46 | 220.906269 | 356.771373 
 4150.1929 | 08739.8993 | 13:44:47 | 220.906108 | 356.769876 
 4150.1918 | 08739.9000 | 13:44:48 | 220.905516 | 356.768606 
 4150.1911 | 08739.9014 | 13:44:49 | 220.904318 | 356.767791 
 4150.1901 | 08739.9033 | 13:44:50 | 220.902693 | 356.766628 
 4150.1892 | 08739.9057 | 13:44:51 | 220.900636 | 356.765577 
 4150.1905 | 08739.9098 | 13:44:52 | 220.897098 | 356.767045 
 4150.1909 | 08739.9140 | 13:44:53 | 220.893481 | 356.767477 
 4150.1911 | 08739.9184 | 13:44:54 | 220.889695 | 356.767678 
 4150.1912 | 08739.9225 | 13:44:55 | 220.886167 | 356.767765 
 4150.1913 | 08739.9258 | 13:44:56 | 220.883328 | 356.767858 
 4150.1914 | 08739.9283 | 13:44:57 | 220.881176 | 356.767957 
 4150.1914 | 08739.9299 | 13:44:58 | 220.879800 | 356.767946 
 4150.1915 | 08739.9313 | 13:44:59 | 220.878595 | 356.768052 
 4150.1917 | 08739.9328 | 13:45:00 | 220.877303 | 356.768272 
 4150.1922 | 08739.9346 | 13:45:01 | 220.875750 | 356.768835 
 4150.1932 | 08739.9364 | 13:45:02 | 220.874192 | 356.769973 
 4150.1949 | 08739.9377 | 13:45:03 | 220.873059 | 356.771920 
 4150.1975 | 08739.9383 | 13:45:04 | 220.872520 | 356.774906 
 4150.2010 | 08739.9385 | 13:45:05 | 220.872316 | 356.778931 
 4150.2051 | 08739.9386 | 13:45:06 | 220.872194 | 356.783646 
 4150.2094 | 08739.9385 | 13:45:07 | 220.872241 | 356.788593 
 4150.2137 | 08739.9383 | 13:45:08 | 220.872375 | 356.793540 
 4150.2179 | 08739.9378 | 13:45:09 | 220.872767 | 356.798375 
 4150.2220 | 08739.9372 | 13:45:10 | 220.873247 | 356.803095 
 4150.2262 | 08739.9367 | 13:45:11 | 220.873639 | 356.807929 
 4150.2304 | 08739.9365 | 13:45:12 | 220.873774 | 356.812761 
 4150.2345 | 08739.9363 | 13:45:13 | 220.873909 | 356.817479 
 4150.2383 | 08739.9362 | 13:45:14 | 220.873961 | 356.821850 
 4150.2420 | 08739.9362 | 13:45:15 | 220.873928 | 356.826106 
 4150.2452 | 08739.9362 | 13:45:16 | 220.873900 | 356.829787 
 4150.2481 | 08739.9362 | 13:45:17 | 220.873874 | 356.833123 
 4150.2504 | 08739.9362 | 13:45:18 | 220.873853 | 356.835768 
 4150.2523 | 08739.9362 | 13:45:19 | 220.873836 | 356.837954 
 4150.2540 | 08739.9362 | 13:45:20 | 220.873821 | 356.839909 
 4150.2557 | 08739.9362 | 13:45:21 | 220.873806 | 356.841865 
 4150.2575 | 08739.9363 | 13:45:22 | 220.873704 | 356.843934 
 4150.2594 | 08739.9360 | 13:45:23 | 220.873945 | 356.846122 
 4150.2610 | 08739.9348 | 13:45:24 | 220.874962 | 356.847970 
 4150.2648 | 08739.9309 | 13:45:25 | 220.878283 | 356.852367 
 4150.2677 | 08739.9266 | 13:45:26 | 220.881956 | 356.855732 
 4150.2707 | 08739.9215 | 13:45:27 | 220.886316 | 356.859217 
 4150.2738 | 08739.9160 | 13:45:28 | 220.891019 | 356.862819 
 4150.2770 | 08739.9103 | 13:45:29 | 220.895894 | 356.866538 
 4150.2802 | 08739.9047 | 13:45:30 | 220.900682 | 356.870256 
 4150.2833 | 08739.8994 | 13:45:31 | 220.905213 | 356.873857 
 4150.2866 | 08739.8941 | 13:45:32 | 220.909743 | 356.877689 
 4150.2898 | 08739.8889 | 13:45:33 | 220.914187 | 356.881404 
 4150.2929 | 08739.8836 | 13:45:34 | 220.918718 | 356.885006 
 4150.2962 | 08739.8783 | 13:45:35 | 220.923248 | 356.888837 
 4150.2994 | 08739.8729 | 13:45:36 | 220.927864 | 356.892554 
 4150.3028 | 08739.8672 | 13:45:37 | 220.932736 | 356.896503 
 4150.3063 | 08739.8614 | 13:45:38 | 220.937694 | 356.900568 
 4150.3099 | 08739.8552 | 13:45:39 | 220.942995 | 356.904750 
 4150.3135 | 08739.8489 | 13:45:40 | 220.948382 | 356.908933 
 4150.3170 | 08739.8424 | 13:45:41 | 220.953941 | 356.913003 
 4150.3207 | 08739.8357 | 13:45:42 | 220.959671 | 356.917303 
 4150.3245 | 08739.8287 | 13:45:43 | 220.965658 | 356.921721 
 4150.3284 | 08739.8211 | 13:45:44 | 220.972161 | 356.926258 
 4150.3326 | 08739.8133 | 13:45:45 | 220.978832 | 356.931141 
 4150.3370 | 08739.8051 | 13:45:46 | 220.985846 | 356.936258 
 4150.3415 | 08739.7967 | 13:45:47 | 220.993031 | 356.941490 
 4150.3459 | 08739.7881 | 13:45:48 | 221.000389 | 356.946609 
 4150.3502 | 08739.7796 | 13:45:49 | 221.007662 | 356.951612 
 4150.3545 | 08739.7710 | 13:45:50 | 221.015021 | 356.956616 
 4150.3586 | 08739.7626 | 13:45:51 | 221.022209 | 356.961388 
 4150.3625 | 08739.7543 | 13:45:52 | 221.029314 | 356.965930 
 4150.3664 | 08739.7459 | 13:45:53 | 221.036504 | 356.970472 
 4150.3703 | 08739.7376 | 13:45:54 | 221.043608 | 356.975014 
 4150.3741 | 08739.7295 | 13:45:55 | 221.050541 | 356.979439 
 4150.3778 | 08739.7217 | 13:45:56 | 221.057217 | 356.983748 
 4150.3813 | 08739.7144 | 13:45:57 | 221.063465 | 356.987823 
 4150.3844 | 08739.7077 | 13:45:58 | 221.069200 | 356.991433 
 4150.3872 | 08739.7015 | 13:45:59 | 221.074508 | 356.994696 
 4150.3899 | 08739.6958 | 13:46:00 | 221.079386 | 356.997840 
 4150.3925 | 08739.6904 | 13:46:01 | 221.084008 | 357.000867 
 4150.3950 | 08739.6859 | 13:46:02 | 221.087856 | 357.003773 
 4150.3970 | 08739.6827 | 13:46:03 | 221.090591 | 357.006095 
 4150.3981 | 08739.6807 | 13:46:04 | 221.092301 | 357.007373 
 4150.3985 | 08739.6799 | 13:46:05 | 221.092985 | 357.007839 
 4150.3987 | 08739.6797 | 13:46:06 | 221.093156 | 357.008070 
 4150.3988 | 08739.6796 | 13:46:07 | 221.093241 | 357.008186 
 4150.3988 | 08739.6797 | 13:46:08 | 221.093155 | 357.008185 
 4150.3988 | 08739.6797 | 13:46:09 | 221.093155 | 357.008185 
 4150.3988 | 08739.6797 | 13:46:10 | 221.093155 | 357.008185 
 4150.3988 | 08739.6797 | 13:46:11 | 221.093155 | 357.008185 
 4150.3988 | 08739.6797 | 13:46:12 | 221.093155 | 357.008185 
 4150.3988 | 08739.6797 | 13:46:13 | 221.093155 | 357.008185 
 4150.3988 | 08739.6797 | 13:46:14 | 221.093155 | 357.008185 
 4150.3988 | 08739.6797 | 13:46:15 | 221.093155 | 357.008185 
 4150.3988 | 08739.6797 | 13:46:16 | 221.093155 | 357.008185 
 4150.3988 | 08739.6797 | 13:46:17 | 221.093155 | 357.008185 
 4150.3988 | 08739.6797 | 13:46:18 | 221.093155 | 357.008185 
 4150.3988 | 08739.6797 | 13:46:19 | 221.093155 | 357.008185 
 4150.3988 | 08739.6797 | 13:46:20 | 221.093155 | 357.008185 
 4150.3988 | 08739.6797 | 13:46:21 | 221.093155 | 357.008185 
 4150.3997 | 08739.6795 | 13:46:22 | 221.093319 | 357.009222 
 4150.3998 | 08739.6792 | 13:46:23 | 221.093576 | 357.009339 
 4150.3999 | 08739.6788 | 13:46:24 | 221.093919 | 357.009457 
 4150.4000 | 08739.6784 | 13:46:25 | 221.094262 | 357.009574 
 4150.4004 | 08739.6776 | 13:46:26 | 221.094947 | 357.010040 
 4150.4013 | 08739.6758 | 13:46:27 | 221.096487 | 357.011087 
 4150.4026 | 08739.6729 | 13:46:28 | 221.098970 | 357.012602 
 4150.4045 | 08739.6693 | 13:46:29 | 221.102049 | 357.014812 
 4150.4065 | 08739.6650 | 13:46:30 | 221.105730 | 357.017141 
 4150.4089 | 08739.6602 | 13:46:31 | 221.109837 | 357.019934 
 4150.4114 | 08739.6545 | 13:46:32 | 221.114717 | 357.022848 
 4150.4144 | 08739.6485 | 13:46:33 | 221.119851 | 357.026339 
 4150.4177 | 08739.6422 | 13:46:34 | 221.125240 | 357.030178 
 4150.4212 | 08739.6355 | 13:46:35 | 221.130972 | 357.034249 
 4150.4247 | 08739.6285 | 13:46:36 | 221.136961 | 357.038322 
 4150.4284 | 08739.6211 | 13:46:37 | 221.143293 | 357.042627 
 4150.4322 | 08739.6131 | 13:46:38 | 221.150140 | 357.047052 
 4150.4362 | 08739.6048 | 13:46:39 | 221.157243 | 357.051709 
 4150.4403 | 08739.5961 | 13:46:40 | 221.164689 | 357.056484 
 4150.4445 | 08739.5871 | 13:46:41 | 221.172393 | 357.061376 
 4150.4492 | 08739.5777 | 13:46:42 | 221.180436 | 357.066845 
 4150.4536 | 08739.5682 | 13:46:43 | 221.188567 | 357.071970 
 4150.4582 | 08739.5586 | 13:46:44 | 221.196783 | 357.077326 
 4150.4630 | 08739.5490 | 13:46:45 | 221.204997 | 357.082912 
 4150.4679 | 08739.5394 | 13:46:46 | 221.213210 | 357.088613 
 4150.4725 | 08739.5299 | 13:46:47 | 221.221340 | 357.093969 
 4150.4770 | 08739.5206 | 13:46:48 | 221.229298 | 357.099207 
 4150.4814 | 08739.5117 | 13:46:49 | 221.236914 | 357.104329 
 4150.4853 | 08739.5031 | 13:46:50 | 221.244276 | 357.108873 
 4150.4889 | 08739.4953 | 13:46:51 | 221.250952 | 357.113066 
 4150.4919 | 08739.4882 | 13:46:52 | 221.257032 | 357.116565 
 4150.4944 | 08739.4822 | 13:46:53 | 221.262170 | 357.119481 
 4150.4966 | 08739.4773 | 13:46:54 | 221.266365 | 357.122045 
 4150.4982 | 08739.4738 | 13:46:55 | 221.269361 | 357.123909 
 4150.4992 | 08739.4716 | 13:46:56 | 221.271244 | 357.125074 
 4150.4997 | 08739.4703 | 13:46:57 | 221.272358 | 357.125658 
 4150.4999 | 08739.4698 | 13:46:58 | 221.272786 | 357.125892 
 4150.4999 | 08739.4696 | 13:46:59 | 221.272958 | 357.125893 
 4150.5001 | 08739.4692 | 13:47:00 | 221.273300 | 357.126126 
 4150.5005 | 08739.4682 | 13:47:01 | 221.274157 | 357.126593 
 4150.5014 | 08739.4661 | 13:47:02 | 221.275955 | 357.127642 
 4150.5030 | 08739.4634 | 13:47:03 | 221.278263 | 357.129501 
 4150.5050 | 08739.4599 | 13:47:04 | 221.281255 | 357.131825 
 4150.5073 | 08739.4556 | 13:47:05 | 221.284933 | 357.134499 
 4150.5097 | 08739.4502 | 13:47:06 | 221.289556 | 357.137297 
 4150.5126 | 08739.4442 | 13:47:07 | 221.294690 | 357.140673 
 4150.5158 | 08739.4377 | 13:47:08 | 221.300252 | 357.144398 
 4150.5195 | 08739.4305 | 13:47:09 | 221.306412 | 357.148702 
 4150.5235 | 08739.4228 | 13:47:10 | 221.312998 | 357.153356 
 4150.5277 | 08739.4148 | 13:47:11 | 221.319841 | 357.158241 
 4150.5322 | 08739.4061 | 13:47:12 | 221.327284 | 357.163476 
 4150.5366 | 08739.3972 | 13:47:13 | 221.334899 | 357.168597 
 4150.5412 | 08739.3879 | 13:47:14 | 221.342856 | 357.173951 
 4150.5460 | 08739.3782 | 13:47:15 | 221.351156 | 357.179538 
 4150.5510 | 08739.3679 | 13:47:16 | 221.359970 | 357.185359 
 4150.5559 | 08739.3574 | 13:47:17 | 221.368956 | 357.191067 
 4150.5609 | 08739.3467 | 13:47:18 | 221.378114 | 357.196891 
 4150.5660 | 08739.3360 | 13:47:19 | 221.387271 | 357.202830 
 4150.5711 | 08739.3256 | 13:47:20 | 221.396170 | 357.208766 
 4150.5759 | 08739.3155 | 13:47:21 | 221.404814 | 357.214356 
 4150.5805 | 08739.3058 | 13:47:22 | 221.413115 | 357.219713 
 4150.5848 | 08739.2967 | 13:47:23 | 221.420903 | 357.224721 
 4150.5887 | 08739.2884 | 13:47:24 | 221.428006 | 357.229263 
 4150.5924 | 08739.2808 | 13:47:25 | 221.434510 | 357.233571 
 4150.5956 | 08739.2739 | 13:47:26 | 221.440415 | 357.237299 
 4150.5984 | 08739.2674 | 13:47:27 | 221.445980 | 357.240564 
 4150.6012 | 08739.2614 | 13:47:28 | 221.451116 | 357.243825 
 4150.6040 | 08739.2554 | 13:47:29 | 221.456251 | 357.247087 
 4150.6070 | 08739.2492 | 13:47:30 | 221.461556 | 357.250579 
 4150.6102 | 08739.2426 | 13:47:31 | 221.467204 | 357.254305 
 4150.6135 | 08739.2357 | 13:47:32 | 221.473108 | 357.258148 
 4150.6172 | 08739.2284 | 13:47:33 | 221.479354 | 357.262453 
 4150.6212 | 08739.2207 | 13:47:34 | 221.485940 | 357.267107 
 4150.6254 | 08739.2129 | 13:47:35 | 221.492610 | 357.271991 
 4150.6296 | 08739.2049 | 13:47:36 | 221.499453 | 357.276876 
 4150.6337 | 08739.1966 | 13:47:37 | 221.506555 | 357.281649 
 4150.6379 | 08739.1881 | 13:47:38 | 221.513827 | 357.286538 
 4150.6422 | 08739.1793 | 13:47:39 | 221.521357 | 357.291544 
 4150.6465 | 08739.1703 | 13:47:40 | 221.529058 | 357.296551 
 4150.6509 | 08739.1611 | 13:47:41 | 221.536931 | 357.301675 
 4150.6554 | 08739.1515 | 13:47:42 | 221.545147 | 357.306917 
 4150.6600 | 08739.1417 | 13:47:43 | 221.553534 | 357.312275 
 4150.6647 | 08739.1315 | 13:47:44 | 221.562264 | 357.317750 
 4150.6696 | 08739.1211 | 13:47:45 | 221.571164 | 357.323458 
 4150.6746 | 08739.1106 | 13:47:46 | 221.580150 | 357.329280 
 4150.6797 | 08739.0999 | 13:47:47 | 221.589306 | 357.335220 
 4150.6850 | 08739.0890 | 13:47:48 | 221.598633 | 357.341390 
 4150.6903 | 08739.0779 | 13:47:49 | 221.608131 | 357.347563 
 4150.6957 | 08739.0667 | 13:47:50 | 221.617715 | 357.353850 
 4150.7013 | 08739.0554 | 13:47:51 | 221.627383 | 357.360369 
 4150.7069 | 08739.0441 | 13:47:52 | 221.637050 | 357.366888 
 4150.7125 | 08739.0328 | 13:47:53 | 221.646718 | 357.373406 
 4150.7182 | 08739.0214 | 13:47:54 | 221.656471 | 357.380041 
 4150.7246 | 08739.0088 | 13:47:55 | 221.667249 | 357.387488 
 4150.7305 | 08738.9970 | 13:47:56 | 221.677344 | 357.394356 
 4150.7367 | 08738.9856 | 13:47:57 | 221.687092 | 357.401565 
 4150.7490 | 08738.9616 | 13:47:59 | 221.707622 | 357.415878 
 4150.7556 | 08738.9487 | 13:48:00 | 221.718656 | 357.423558 
 4150.7600 | 08738.9368 | 13:48:01 | 221.728851 | 357.428700 
 4150.7653 | 08738.9254 | 13:48:02 | 221.738607 | 357.434875 
 4150.7701 | 08738.9144 | 13:48:03 | 221.748024 | 357.440471 
 4150.7754 | 08738.9036 | 13:48:04 | 221.757264 | 357.446642 
 4150.7802 | 08738.8933 | 13:48:05 | 221.766078 | 357.452234 
 4150.7854 | 08738.8836 | 13:48:06 | 221.774373 | 357.458281 
 4150.7901 | 08738.8740 | 13:48:07 | 221.782587 | 357.463754 
 4150.7949 | 08738.8645 | 13:48:08 | 221.790713 | 357.469340 
 4150.7996 | 08738.8550 | 13:48:09 | 221.798841 | 357.474811 
 4150.8043 | 08738.8458 | 13:48:10 | 221.806710 | 357.480281 
 4150.8087 | 08738.8370 | 13:48:11 | 221.814238 | 357.485402 
 4150.8128 | 08738.8285 | 13:48:12 | 221.821511 | 357.490177 
 4150.8167 | 08738.8205 | 13:48:13 | 221.828356 | 357.494718 
 4150.8204 | 08738.8131 | 13:48:14 | 221.834686 | 357.499024 
 4150.8236 | 08738.8068 | 13:48:15 | 221.840075 | 357.502749 
 4150.8264 | 08738.8017 | 13:48:16 | 221.844435 | 357.506004 
 4150.8286 | 08738.7983 | 13:48:17 | 221.847339 | 357.508558 
 4150.8302 | 08738.7959 | 13:48:18 | 221.849389 | 357.510415 
 4150.8315 | 08738.7938 | 13:48:19 | 221.851183 | 357.511925 
 4150.8324 | 08738.7921 | 13:48:20 | 221.852637 | 357.512972 
 4150.8329 | 08738.7909 | 13:48:21 | 221.853664 | 357.513555 
 4150.8334 | 08738.7902 | 13:48:22 | 221.854262 | 357.514135 
 4150.8342 | 08738.7891 | 13:48:23 | 221.855200 | 357.515063 
 4150.8359 | 08738.7876 | 13:48:24 | 221.856475 | 357.517029 
 4150.8386 | 08738.7863 | 13:48:25 | 221.857568 | 357.520143 
 4150.8422 | 08738.7854 | 13:48:26 | 221.858309 | 357.524290 
 4150.8466 | 08738.7850 | 13:48:27 | 221.858613 | 357.529354 
 4150.8518 | 08738.7851 | 13:48:28 | 221.858479 | 357.535335 
 4150.8575 | 08738.7854 | 13:48:29 | 221.858168 | 357.541889 
 4150.8636 | 08738.7857 | 13:48:30 | 221.857854 | 357.548904 
 4150.8760 | 08738.7861 | 13:48:32 | 221.857396 | 357.563164 
 4150.8883 | 08738.7865 | 13:48:34 | 221.856939 | 357.577309 
 4150.8955 | 08738.7882 | 13:48:35 | 221.855411 | 357.585579 
 4150.9075 | 08738.7841 | 13:48:36 | 221.858826 | 357.599410 
 4150.9171 | 08738.7830 | 13:48:37 | 221.859684 | 357.610460 
 4150.9255 | 08738.7820 | 13:48:38 | 221.860467 | 357.620129 
 4150.9337 | 08738.7815 | 13:48:39 | 221.860821 | 357.629565 
 4150.9417 | 08738.7807 | 13:48:40 | 221.861436 | 357.638772 
 4150.9489 | 08738.7809 | 13:48:41 | 221.861197 | 357.647053 
 4150.9568 | 08738.7809 | 13:48:42 | 221.861125 | 357.656140 
 4150.9640 | 08738.7819 | 13:48:43 | 221.860198 | 357.664415 
 4150.9712 | 08738.7844 | 13:48:44 | 221.857982 | 357.672679 
 4150.9792 | 08738.7855 | 13:48:45 | 221.856963 | 357.681874 
 4150.9875 | 08738.7855 | 13:48:46 | 221.856886 | 357.691421 
 4150.9962 | 08738.7852 | 13:48:47 | 221.857064 | 357.701430 
 4151.0051 | 08738.7848 | 13:48:48 | 221.857326 | 357.711670 
 4151.0144 | 08738.7843 | 13:48:49 | 221.857671 | 357.722371 
 4151.0240 | 08738.7838 | 13:48:50 | 221.858012 | 357.733416 
 4151.0338 | 08738.7837 | 13:48:51 | 221.858008 | 357.744690 
 4151.0440 | 08738.7837 | 13:48:52 | 221.857914 | 357.756422 
 4151.0542 | 08738.7835 | 13:48:53 | 221.857992 | 357.768156 
 4151.0645 | 08738.7835 | 13:48:54 | 221.857898 | 357.780004 
 4151.0746 | 08738.7835 | 13:48:55 | 221.857805 | 357.791621 
 4151.0843 | 08738.7835 | 13:48:56 | 221.857716 | 357.802779 
 4151.0939 | 08738.7833 | 13:48:57 | 221.857799 | 357.813822 
 4151.1116 | 08738.7829 | 13:48:59 | 221.857980 | 357.834184 
 4151.1193 | 08738.7826 | 13:49:00 | 221.858167 | 357.843043 
 4151.1261 | 08738.7825 | 13:49:01 | 221.858191 | 357.850866 
 4151.1318 | 08738.7824 | 13:49:02 | 221.858224 | 357.857423 
 4151.1368 | 08738.7818 | 13:49:03 | 221.858694 | 357.863178 
 4151.1415 | 08738.7805 | 13:49:04 | 221.859769 | 357.868593 
 4151.1429 | 08738.7808 | 13:49:05 | 221.859498 | 357.870202 
 4151.1452 | 08738.7800 | 13:49:06 | 221.860165 | 357.872853 
 4151.1473 | 08738.7787 | 13:49:07 | 221.861264 | 357.875277 
 4151.1481 | 08738.7781 | 13:49:08 | 221.861772 | 357.876202 
 4151.1495 | 08738.7771 | 13:49:09 | 221.862619 | 357.877819 
 4151.1453 | 08738.7800 | 13:49:10 | 221.860164 | 357.872968 
 4151.1448 | 08738.7802 | 13:49:11 | 221.859997 | 357.872391 
 4151.1427 | 08738.7812 | 13:49:12 | 221.859156 | 357.869969 
 4151.1427 | 08738.7812 | 13:49:13 | 221.859156 | 357.869969 
 4151.1427 | 08738.7812 | 13:49:14 | 221.859156 | 357.869969 
 4151.1427 | 08738.7812 | 13:49:16 | 221.859156 | 357.869969 
 4151.1427 | 08738.7812 | 13:49:17 | 221.859156 | 357.869969 
 4151.1427 | 08738.7812 | 13:49:18 | 221.859156 | 357.869969 
 4151.1427 | 08738.7812 | 13:49:19 | 221.859156 | 357.869969 
 4151.1427 | 08738.7812 | 13:49:21 | 221.859156 | 357.869969 
 4151.1427 | 08738.7812 | 13:49:24 | 221.859156 | 357.869969 
 4151.1418 | 08738.7826 | 13:49:25 | 221.857960 | 357.868924 
 4151.1403 | 08738.7837 | 13:49:26 | 221.857028 | 357.867191 
 4151.1416 | 08738.7846 | 13:49:27 | 221.856242 | 357.868680 
 4151.1446 | 08738.7853 | 13:49:28 | 221.855613 | 357.872126 
 4151.1473 | 08738.7868 | 13:49:29 | 221.854298 | 357.875221 
 4151.1511 | 08738.7876 | 13:49:30 | 221.853575 | 357.879587 
 4151.1576 | 08738.7866 | 13:49:31 | 221.854375 | 357.887070 
 4151.1626 | 08738.7871 | 13:49:32 | 221.853899 | 357.892818 
 4151.1679 | 08738.7881 | 13:49:33 | 221.852990 | 357.898908 
 4151.1761 | 08738.7878 | 13:49:34 | 221.853173 | 357.908342 
 4151.1864 | 08738.7860 | 13:49:35 | 221.854626 | 357.920202 
 4151.1941 | 08738.7864 | 13:49:36 | 221.854211 | 357.929056 
 4151.2023 | 08738.7864 | 13:49:37 | 221.854136 | 357.938488 
 4151.2104 | 08738.7866 | 13:49:38 | 221.853889 | 357.947804 
 4151.2188 | 08738.7869 | 13:49:39 | 221.853554 | 357.957464 
 4151.2273 | 08738.7868 | 13:49:40 | 221.853562 | 357.967241 
 4151.2357 | 08738.7867 | 13:49:41 | 221.853570 | 357.976904 
 4151.2436 | 08738.7866 | 13:49:42 | 221.853584 | 357.985992 
 4151.2512 | 08738.7865 | 13:49:43 | 221.853600 | 357.994734 
 4151.2583 | 08738.7863 | 13:49:44 | 221.853706 | 358.002903 
 4151.2647 | 08738.7865 | 13:49:45 | 221.853476 | 358.010263 
 4151.2710 | 08738.7868 | 13:49:46 | 221.853160 | 358.017507 
 4151.2773 | 08738.7871 | 13:49:47 | 221.852844 | 358.024752 
 4151.2839 | 08738.7874 | 13:49:48 | 221.852525 | 358.032341 
 4151.2917 | 08738.7869 | 13:49:49 | 221.852883 | 358.041317 
 4151.2986 | 08738.7873 | 13:49:50 | 221.852476 | 358.049251 
 4151.3062 | 08738.7879 | 13:49:51 | 221.851890 | 358.057989 
 4151.3138 | 08738.7885 | 13:49:52 | 221.851304 | 358.066726 
 4151.3215 | 08738.7890 | 13:49:53 | 221.850803 | 358.075580 
 4151.3291 | 08738.7893 | 13:49:54 | 221.850475 | 358.084320 
 4151.3366 | 08738.7894 | 13:49:55 | 221.850320 | 358.092946 
 4151.3440 | 08738.7896 | 13:49:56 | 221.850080 | 358.101456 
 4151.3511 | 08738.7898 | 13:49:57 | 221.849843 | 358.109622 
 4151.3581 | 08738.7901 | 13:49:58 | 221.849520 | 358.117671 
 4151.3649 | 08738.7903 | 13:49:59 | 221.849286 | 358.125492 
 4151.3716 | 08738.7902 | 13:50:00 | 221.849310 | 358.133199 
 4151.3778 | 08738.7899 | 13:50:01 | 221.849511 | 358.140333 
 4151.3839 | 08738.7889 | 13:50:02 | 221.850315 | 358.147356 
 4151.3835 | 08738.7919 | 13:50:03 | 221.847739 | 358.146875 
 4151.3865 | 08738.7914 | 13:50:04 | 221.848141 | 358.150330 
 4151.3893 | 08738.7903 | 13:50:05 | 221.849061 | 358.153558 
 4151.3874 | 08738.7922 | 13:50:06 | 221.847445 | 358.151359 
 4151.3875 | 08738.7925 | 13:50:07 | 221.847186 | 358.151472 
 4151.3872 | 08738.7927 | 13:50:08 | 221.847017 | 358.151126 
 4151.3833 | 08738.7957 | 13:50:09 | 221.844473 | 358.146619 
 4151.3818 | 08738.7967 | 13:50:10 | 221.843627 | 358.144887 
 4151.3818 | 08738.7967 | 13:50:11 | 221.843627 | 358.144887 
 4151.3818 | 08738.7967 | 13:50:12 | 221.843627 | 358.144887 
 4151.3818 | 08738.7967 | 13:50:13 | 221.843627 | 358.144887 
 4151.3818 | 08738.7967 | 13:50:14 | 221.843627 | 358.144887 
 4151.3820 | 08738.7973 | 13:50:15 | 221.843109 | 358.145113 
 4151.3828 | 08738.7975 | 13:50:16 | 221.842930 | 358.146032 
 4151.3841 | 08738.7977 | 13:50:17 | 221.842746 | 358.147526 
 4151.3855 | 08738.7976 | 13:50:18 | 221.842819 | 358.149137 
 4151.3868 | 08738.7975 | 13:50:19 | 221.842893 | 358.150633 
 4151.3881 | 08738.7973 | 13:50:20 | 221.843053 | 358.152129 
 4151.3887 | 08738.7974 | 13:50:21 | 221.842961 | 358.152819 
 4151.3896 | 08738.7973 | 13:50:22 | 221.843039 | 358.153855 
 4151.3904 | 08738.7973 | 13:50:23 | 221.843032 | 358.154775 
 4151.3909 | 08738.7973 | 13:50:24 | 221.843027 | 358.155350 
 4151.3929 | 08738.7967 | 13:50:25 | 221.843525 | 358.157655 
 4151.3942 | 08738.7966 | 13:50:26 | 221.843599 | 358.159151 
 4151.3959 | 08738.7967 | 13:50:27 | 221.843497 | 358.161105 
 4151.3981 | 08738.7964 | 13:50:28 | 221.843735 | 358.163638 
 4151.3999 | 08738.7964 | 13:50:29 | 221.843718 | 358.165708 
 4151.4021 | 08738.7961 | 13:50:30 | 221.843956 | 358.168241 
 4151.4044 | 08738.7959 | 13:50:31 | 221.844107 | 358.170888 
 4151.4069 | 08738.7960 | 13:50:32 | 221.843998 | 358.173763 
 4151.4097 | 08738.7960 | 13:50:33 | 221.843972 | 358.176984 
 4151.4126 | 08738.7961 | 13:50:34 | 221.843859 | 358.180319 
 4151.4157 | 08738.7961 | 13:50:35 | 221.843831 | 358.183884 
 4151.4191 | 08738.7960 | 13:50:36 | 221.843886 | 358.187796 
 4151.4225 | 08738.7961 | 13:50:37 | 221.843768 | 358.191706 
 4151.4260 | 08738.7959 | 13:50:38 | 221.843908 | 358.195733 
 4151.4294 | 08738.7955 | 13:50:39 | 221.844221 | 358.199647 
 4151.4328 | 08738.7949 | 13:50:40 | 221.844705 | 358.203562 
 4151.4359 | 08738.7939 | 13:50:41 | 221.845537 | 358.207135 
 4151.4389 | 08738.7926 | 13:50:42 | 221.846627 | 358.210594 
 4151.4417 | 08738.7911 | 13:50:43 | 221.847891 | 358.213825 
 4151.4392 | 08738.7933 | 13:50:44 | 221.846022 | 358.210935 
 4151.4406 | 08738.7923 | 13:50:45 | 221.846869 | 358.212552 
 4151.4296 | 08738.8009 | 13:50:46 | 221.839575 | 358.199840 
 4151.4275 | 08738.8025 | 13:50:47 | 221.838219 | 358.197413 
 4151.4268 | 08738.8031 | 13:50:48 | 221.837709 | 358.196604 
 4151.4264 | 08738.8034 | 13:50:49 | 221.837455 | 358.196142 
 4151.4262 | 08738.8036 | 13:50:50 | 221.837285 | 358.195911 
 4151.4262 | 08738.8036 | 13:50:51 | 221.837285 | 358.195911 
 4151.4265 | 08738.8034 | 13:50:52 | 221.837454 | 358.196257 
 4151.4267 | 08738.8032 | 13:50:53 | 221.837624 | 358.196488 
 4151.4270 | 08738.8030 | 13:50:54 | 221.837793 | 358.196835 
 4151.4276 | 08738.8025 | 13:50:55 | 221.838218 | 358.197528 
 4151.4280 | 08738.8022 | 13:50:56 | 221.838472 | 358.197991 
 4151.4286 | 08738.8017 | 13:50:57 | 221.838897 | 358.198684 
 4151.4291 | 08738.8014 | 13:50:58 | 221.839150 | 358.199261 
 4151.4297 | 08738.8010 | 13:50:59 | 221.839488 | 358.199954 
 4151.4302 | 08738.8006 | 13:51:00 | 221.839828 | 358.200532 
 4151.4309 | 08738.8001 | 13:51:01 | 221.840251 | 358.201341 
 4151.4314 | 08738.7996 | 13:51:02 | 221.840677 | 358.201919 
 4151.4319 | 08738.7992 | 13:51:03 | 221.841016 | 358.202497 
 4151.4254 | 08738.8042 | 13:51:04 | 221.836776 | 358.194986 
 4151.4256 | 08738.8040 | 13:51:05 | 221.836946 | 358.195218 
 4151.4275 | 08738.8024 | 13:51:06 | 221.838305 | 358.197414 
 4151.4275 | 08738.8024 | 13:51:07 | 221.838305 | 358.197414 
 4151.4275 | 08738.8024 | 13:51:08 | 221.838305 | 358.197414 
 4151.4275 | 08738.8024 | 13:51:09 | 221.838305 | 358.197414 
 4151.4275 | 08738.8024 | 13:51:10 | 221.838305 | 358.197414 
 4151.4275 | 08738.8024 | 13:51:11 | 221.838305 | 358.197414 
 4151.4275 | 08738.8024 | 13:51:12 | 221.838305 | 358.197414 
 4151.4275 | 08738.8024 | 13:51:13 | 221.838305 | 358.197414 
 4151.4275 | 08738.8024 | 13:51:14 | 221.838305 | 358.197414 
 4151.4275 | 08738.8024 | 13:51:15 | 221.838305 | 358.197414 
 4151.4275 | 08738.8024 | 13:51:16 | 221.838305 | 358.197414 
 4151.4275 | 08738.8024 | 13:51:17 | 221.838305 | 358.197414 
 4151.4275 | 08738.8024 | 13:51:18 | 221.838305 | 358.197414 
 4151.4275 | 08738.8024 | 13:51:19 | 221.838305 | 358.197414 
 4151.4275 | 08738.8024 | 13:51:20 | 221.838305 | 358.197414 
 4151.4275 | 08738.8024 | 13:51:21 | 221.838305 | 358.197414 
 4151.4275 | 08738.8024 | 13:51:22 | 221.838305 | 358.197414 
 4151.4275 | 08738.8024 | 13:51:23 | 221.838305 | 358.197414 
 4151.4275 | 08738.8024 | 13:51:24 | 221.838305 | 358.197414 
 4151.4275 | 08738.8024 | 13:51:25 | 221.838305 | 358.197414 
 4151.4275 | 08738.8024 | 13:51:26 | 221.838305 | 358.197414 
 4151.4275 | 08738.8024 | 13:51:27 | 221.838305 | 358.197414 
 4151.4275 | 08738.8024 | 13:51:28 | 221.838305 | 358.197414 
 4151.4275 | 08738.8024 | 13:51:29 | 221.838305 | 358.197414 
 4151.4275 | 08738.8024 | 13:51:30 | 221.838305 | 358.197414 
 4151.4275 | 08738.8024 | 13:51:31 | 221.838305 | 358.197414 
 4151.4324 | 08738.7965 | 13:51:32 | 221.843333 | 358.203091 
 4151.4348 | 08738.7959 | 13:51:33 | 221.843827 | 358.205856 
 4151.4371 | 08738.7962 | 13:51:34 | 221.843548 | 358.208499 
 4151.4400 | 08738.7966 | 13:51:35 | 221.843177 | 358.211832 
 4151.4438 | 08738.7969 | 13:51:36 | 221.842884 | 358.216201 
 4151.4497 | 08738.7958 | 13:51:37 | 221.843776 | 358.222995 
 4151.4548 | 08738.7962 | 13:51:38 | 221.843385 | 358.228859 
 4151.4629 | 08738.7984 | 13:51:39 | 221.841419 | 358.238160 
 4151.4689 | 08738.7984 | 13:51:40 | 221.841364 | 358.245062 
 4151.4751 | 08738.7984 | 13:51:41 | 221.841307 | 358.252194 
 4151.4815 | 08738.7986 | 13:51:42 | 221.841076 | 358.259554 
 4151.4881 | 08738.7989 | 13:51:43 | 221.840757 | 358.267143 
 4151.4953 | 08738.7992 | 13:51:44 | 221.840433 | 358.275423 
 4151.5025 | 08738.7998 | 13:51:45 | 221.839851 | 358.283701 
 4151.5097 | 08738.8005 | 13:51:46 | 221.839182 | 358.291978 
 4151.5169 | 08738.8009 | 13:51:47 | 221.838772 | 358.300257 
 4151.5241 | 08738.8011 | 13:51:48 | 221.838534 | 358.308537 
 4151.5311 | 08738.8013 | 13:51:49 | 221.838298 | 358.316588 
 4151.5381 | 08738.8014 | 13:51:50 | 221.838147 | 358.324639 
 4151.5450 | 08738.8015 | 13:51:51 | 221.837998 | 358.332575 
 4151.5518 | 08738.8016 | 13:51:52 | 221.837849 | 358.340396 
 4151.5582 | 08738.8016 | 13:51:53 | 221.837790 | 358.347757 
 4151.5638 | 08738.8016 | 13:51:54 | 221.837739 | 358.354199 
 4151.5687 | 08738.8014 | 13:51:55 | 221.837866 | 358.359836 
 4151.5726 | 08738.8014 | 13:51:56 | 221.837830 | 358.364322 
 4151.5753 | 08738.8013 | 13:51:57 | 221.837891 | 358.367429 
 4151.5770 | 08738.8010 | 13:51:58 | 221.838133 | 358.369386 
 4151.5778 | 08738.8008 | 13:51:59 | 221.838298 | 358.370308 
 4151.5785 | 08738.8005 | 13:52:00 | 221.838550 | 358.371115 
 4151.5791 | 08738.8001 | 13:52:01 | 221.838888 | 358.371808 
 4151.5795 | 08738.7998 | 13:52:02 | 221.839142 | 358.372270 
 4151.5800 | 08738.7995 | 13:52:03 | 221.839396 | 358.372847 
 4151.5809 | 08738.7993 | 13:52:04 | 221.839559 | 358.373884 
 4151.5825 | 08738.7992 | 13:52:05 | 221.839631 | 358.375725 
 4151.5847 | 08738.7995 | 13:52:06 | 221.839352 | 358.378253 
 4151.5906 | 08738.7975 | 13:52:07 | 221.841018 | 358.385054 
 4151.5942 | 08738.7977 | 13:52:08 | 221.840813 | 358.389193 
 4151.6425 | 08738.8055 | 13:52:16 | 221.833661 | 358.444697 
 4151.6522 | 08738.8060 | 13:52:17 | 221.833142 | 358.455851 
 4151.6610 | 08738.8060 | 13:52:18 | 221.833061 | 358.465973 
 4151.6729 | 08738.8006 | 13:52:19 | 221.837595 | 358.479698 
 4151.6824 | 08738.8023 | 13:52:20 | 221.836046 | 358.490614 
 4151.6916 | 08738.8034 | 13:52:21 | 221.835015 | 358.501188 
 4151.7006 | 08738.8041 | 13:52:22 | 221.834331 | 358.511536 
 4151.7099 | 08738.8040 | 13:52:23 | 221.834331 | 358.522234 
 4151.7189 | 08738.8043 | 13:52:24 | 221.833990 | 358.532584 
 4151.7278 | 08738.8045 | 13:52:25 | 221.833737 | 358.542820 
 4151.7369 | 08738.8047 | 13:52:26 | 221.833481 | 358.553286 
 4151.7460 | 08738.8048 | 13:52:27 | 221.833311 | 358.563752 
 4151.7549 | 08738.8048 | 13:52:28 | 221.833229 | 358.573990 
 4151.7639 | 08738.8050 | 13:52:29 | 221.832975 | 358.584340 
 4151.7726 | 08738.8052 | 13:52:30 | 221.832723 | 358.594346 
 4151.7815 | 08738.8055 | 13:52:31 | 221.832383 | 358.604581 
 4151.7905 | 08738.8058 | 13:52:32 | 221.832042 | 358.614932 
 4151.7995 | 08738.8060 | 13:52:33 | 221.831787 | 358.625283 
 4151.8087 | 08738.8062 | 13:52:34 | 221.831531 | 358.635863 
 4151.8178 | 08738.8063 | 13:52:35 | 221.831361 | 358.646330 
 4151.8268 | 08738.8066 | 13:52:36 | 221.831020 | 358.656680 
 4151.8357 | 08738.8068 | 13:52:37 | 221.830766 | 358.666916 
 4151.8444 | 08738.8068 | 13:52:38 | 221.830686 | 358.676923 
 4151.8533 | 08738.8070 | 13:52:39 | 221.830433 | 358.687159 
 4151.8620 | 08738.8075 | 13:52:40 | 221.829923 | 358.697163 
 4151.8706 | 08738.8077 | 13:52:41 | 221.829672 | 358.707054 
 4151.8791 | 08738.8079 | 13:52:42 | 221.829421 | 358.716829 
 4151.8874 | 08738.8081 | 13:52:43 | 221.829173 | 358.726375 
 4151.8956 | 08738.8083 | 13:52:44 | 221.828926 | 358.735806 
 4151.9035 | 08738.8086 | 13:52:45 | 221.828595 | 358.744891 
 4151.9115 | 08738.8087 | 13:52:46 | 221.828436 | 358.754092 
 4151.9196 | 08738.8088 | 13:52:47 | 221.828275 | 358.763408 
 4151.9279 | 08738.8090 | 13:52:48 | 221.828027 | 358.772954 
 4151.9358 | 08738.8100 | 13:52:49 | 221.827094 | 358.782034 
 4151.9442 | 08738.8102 | 13:52:50 | 221.826845 | 358.791695 
 4151.9526 | 08738.8103 | 13:52:51 | 221.826682 | 358.801356 
 4151.9604 | 08738.8107 | 13:52:52 | 221.826266 | 358.810326 
 4151.9684 | 08738.8110 | 13:52:53 | 221.825935 | 358.819526 
 4151.9767 | 08738.8112 | 13:52:54 | 221.825686 | 358.829071 
 4151.9844 | 08738.8117 | 13:52:55 | 221.825186 | 358.837925 
 4151.9915 | 08738.8123 | 13:52:56 | 221.824604 | 358.846088 
 4151.9983 | 08738.8126 | 13:52:57 | 221.824284 | 358.853907 
 4152.0048 | 08738.8127 | 13:52:58 | 221.824138 | 358.861383 
 4152.0106 | 08738.8128 | 13:52:59 | 221.823999 | 358.868054 
 4152.0156 | 08738.8129 | 13:53:00 | 221.823867 | 358.873804 
 4152.0192 | 08738.8130 | 13:53:01 | 221.823748 | 358.877945 
 4152.0211 | 08738.8130 | 13:53:02 | 221.823730 | 358.880130 
 4152.0217 | 08738.8130 | 13:53:03 | 221.823725 | 358.880820 
 4152.0217 | 08738.8129 | 13:53:04 | 221.823811 | 358.880821 
 4152.0215 | 08738.8128 | 13:53:05 | 221.823899 | 358.880592 
 4152.0215 | 08738.8128 | 13:53:06 | 221.823899 | 358.880592 
 4152.0215 | 08738.8128 | 13:53:07 | 221.823899 | 358.880592 
 4152.0215 | 08738.8128 | 13:53:08 | 221.823899 | 358.880592 
 4152.0215 | 08738.8128 | 13:53:09 | 221.823899 | 358.880592 
 4152.0215 | 08738.8128 | 13:53:10 | 221.823899 | 358.880592 
 4152.0215 | 08738.8128 | 13:53:11 | 221.823899 | 358.880592 
 4152.0215 | 08738.8128 | 13:53:12 | 221.823899 | 358.880592 
 4152.0215 | 08738.8128 | 13:53:13 | 221.823899 | 358.880592 
 4152.0215 | 08738.8128 | 13:53:14 | 221.823899 | 358.880592 
 4152.0215 | 08738.8128 | 13:53:15 | 221.823899 | 358.880592 
 4152.0215 | 08738.8128 | 13:53:16 | 221.823899 | 358.880592 
 4152.0215 | 08738.8128 | 13:53:17 | 221.823899 | 358.880592 
 4152.0215 | 08738.8128 | 13:53:18 | 221.823899 | 358.880592 
 4152.0215 | 08738.8128 | 13:53:19 | 221.823899 | 358.880592 
 4152.0215 | 08738.8128 | 13:53:20 | 221.823899 | 358.880592 
 4152.0215 | 08738.8128 | 13:53:21 | 221.823899 | 358.880592 
 4152.0215 | 08738.8128 | 13:53:22 | 221.823899 | 358.880592 
 4152.0215 | 08738.8128 | 13:53:23 | 221.823899 | 358.880592 
 4152.0215 | 08738.8128 | 13:53:24 | 221.823899 | 358.880592 
 4152.0215 | 08738.8128 | 13:53:25 | 221.823899 | 358.880592 
 4152.0215 | 08738.8128 | 13:53:26 | 221.823899 | 358.880592 
 4152.0215 | 08738.8128 | 13:53:27 | 221.823899 | 358.880592 
 4152.0215 | 08738.8128 | 13:53:28 | 221.823899 | 358.880592 
 4152.0215 | 08738.8128 | 13:53:29 | 221.823899 | 358.880592 
 4152.0215 | 08738.8128 | 13:53:30 | 221.823899 | 358.880592 
 4152.0215 | 08738.8128 | 13:53:31 | 221.823899 | 358.880592 
 4152.0215 | 08738.8128 | 13:53:32 | 221.823899 | 358.880592 
 4152.0215 | 08738.8128 | 13:53:33 | 221.823899 | 358.880592 
 4152.0215 | 08738.8128 | 13:53:34 | 221.823899 | 358.880592 
 4152.0215 | 08738.8128 | 13:53:35 | 221.823899 | 358.880592 
 4152.0215 | 08738.8128 | 13:53:36 | 221.823899 | 358.880592 
 4152.0215 | 08738.8128 | 13:53:37 | 221.823899 | 358.880592 
 4152.0215 | 08738.8128 | 13:53:38 | 221.823899 | 358.880592 
 4152.0215 | 08738.8128 | 13:53:39 | 221.823899 | 358.880592 
 4152.0215 | 08738.8128 | 13:53:40 | 221.823899 | 358.880592 
 4152.0215 | 08738.8128 | 13:53:41 | 221.823899 | 358.880592 
 4152.0215 | 08738.8128 | 13:53:42 | 221.823899 | 358.880592 
 4152.0215 | 08738.8128 | 13:53:43 | 221.823899 | 358.880592 
 4152.0215 | 08738.8128 | 13:53:44 | 221.823899 | 358.880592 
 4152.0215 | 08738.8128 | 13:53:45 | 221.823899 | 358.880592 
 4152.0215 | 08738.8128 | 13:53:46 | 221.823899 | 358.880592 
 4152.0215 | 08738.8128 | 13:53:47 | 221.823899 | 358.880592 
 4152.0195 | 08738.8120 | 13:53:48 | 221.824605 | 358.878297 
 4152.0208 | 08738.8121 | 13:53:49 | 221.824507 | 358.879791 
 4152.0229 | 08738.8125 | 13:53:50 | 221.824144 | 358.882204 
 4152.0256 | 08738.8137 | 13:53:51 | 221.823087 | 358.885301 
 4152.0284 | 08738.8163 | 13:53:52 | 221.820826 | 358.888504 
 4152.0305 | 08738.8205 | 13:53:53 | 221.817195 | 358.890891 
 4152.0316 | 08738.8262 | 13:53:54 | 221.812285 | 358.892117 
 4152.0317 | 08738.8330 | 13:53:55 | 221.806437 | 358.892185 
 4152.0315 | 08738.8406 | 13:53:56 | 221.799904 | 358.891903 
 4152.0315 | 08738.8492 | 13:53:57 | 221.792510 | 358.891844 
 4152.0315 | 08738.8583 | 13:53:58 | 221.784686 | 358.891782 
 4152.0316 | 08738.8678 | 13:53:59 | 221.776517 | 358.891831 
 4152.0317 | 08738.8779 | 13:54:00 | 221.767833 | 358.891877 
 4152.0312 | 08738.8885 | 13:54:01 | 221.758723 | 358.891229 
 4152.0309 | 08738.8996 | 13:54:02 | 221.749183 | 358.890808 
 4152.0307 | 08738.9107 | 13:54:03 | 221.739641 | 358.890502 
 4152.0305 | 08738.9217 | 13:54:04 | 221.730185 | 358.890196 
 4152.0303 | 08738.9326 | 13:54:05 | 221.720815 | 358.889891 
 4152.0301 | 08738.9433 | 13:54:06 | 221.711617 | 358.889588 
 4152.0298 | 08738.9539 | 13:54:07 | 221.702506 | 358.889170 
 4152.0297 | 08738.9645 | 13:54:08 | 221.693393 | 358.888983 
 4152.0295 | 08738.9749 | 13:54:09 | 221.684453 | 358.888681 
 4152.0293 | 08738.9853 | 13:54:10 | 221.675513 | 358.888380 
 4152.0292 | 08738.9957 | 13:54:11 | 221.666573 | 358.888194 
 4152.0289 | 08739.0061 | 13:54:12 | 221.657634 | 358.887778 
 4152.0287 | 08739.0166 | 13:54:13 | 221.648608 | 358.887476 
 4152.0287 | 08739.0267 | 13:54:14 | 221.639924 | 358.887407 
 4152.0286 | 08739.0359 | 13:54:15 | 221.632015 | 358.887229 
 4152.0284 | 08739.0437 | 13:54:16 | 221.625310 | 358.886945 
 4152.0284 | 08739.0496 | 13:54:17 | 221.620237 | 358.886905 
 4152.0283 | 08739.0535 | 13:54:18 | 221.616885 | 358.886763 
 4152.0280 | 08739.0543 | 13:54:19 | 221.616200 | 358.886413 
 4152.0279 | 08739.0545 | 13:54:20 | 221.616029 | 358.886296 
 4152.0278 | 08739.0545 | 13:54:21 | 221.616030 | 358.886181 
 4152.0279 | 08739.0540 | 13:54:22 | 221.616459 | 358.886300 
 4152.0279 | 08739.0540 | 13:54:23 | 221.616459 | 358.886300 
 4152.0279 | 08739.0540 | 13:54:24 | 221.616459 | 358.886300 
 4152.0279 | 08739.0540 | 13:54:25 | 221.616459 | 358.886300 
 4152.0279 | 08739.0540 | 13:54:26 | 221.616459 | 358.886300 
 4152.0279 | 08739.0540 | 13:54:27 | 221.616459 | 358.886300 
 4152.0279 | 08739.0540 | 13:54:28 | 221.616459 | 358.886300 
 4152.0279 | 08739.0540 | 13:54:29 | 221.616459 | 358.886300 
 4152.0279 | 08739.0540 | 13:54:30 | 221.616459 | 358.886300 
 4152.0279 | 08739.0540 | 13:54:31 | 221.616459 | 358.886300 
 4152.0279 | 08739.0540 | 13:54:32 | 221.616459 | 358.886300 
 4152.0279 | 08739.0540 | 13:54:33 | 221.616459 | 358.886300 
 4152.0279 | 08739.0540 | 13:54:34 | 221.616459 | 358.886300 
 4152.0285 | 08739.0537 | 13:54:35 | 221.616711 | 358.886992 
 4152.0285 | 08739.0555 | 13:54:36 | 221.615164 | 358.886980 
 4152.0283 | 08739.0586 | 13:54:37 | 221.612500 | 358.886728 
 4152.0280 | 08739.0628 | 13:54:38 | 221.608892 | 358.886355 
 4152.0277 | 08739.0679 | 13:54:39 | 221.604510 | 358.885975 
 4152.0276 | 08739.0739 | 13:54:40 | 221.599352 | 358.885819 
 4152.0274 | 08739.0806 | 13:54:41 | 221.593593 | 358.885543 
 4152.0272 | 08739.0882 | 13:54:42 | 221.587061 | 358.885261 
 4152.0272 | 08739.0963 | 13:54:43 | 221.580096 | 358.885206 
 4152.0270 | 08739.1046 | 13:54:44 | 221.572962 | 358.884919 
 4152.0269 | 08739.1134 | 13:54:45 | 221.565397 | 358.884744 
 4152.0267 | 08739.1228 | 13:54:46 | 221.557316 | 358.884450 
 4152.0265 | 08739.1319 | 13:54:47 | 221.549494 | 358.884157 
 4152.0263 | 08739.1408 | 13:54:48 | 221.541844 | 358.883867 
 4152.0261 | 08739.1493 | 13:54:49 | 221.534538 | 358.883579 
 4152.0260 | 08739.1574 | 13:54:50 | 221.527574 | 358.883408 
 4152.0258 | 08739.1649 | 13:54:51 | 221.521128 | 358.883127 
 4152.0257 | 08739.1715 | 13:54:52 | 221.515454 | 358.882967 
 4152.0256 | 08739.1772 | 13:54:53 | 221.510554 | 358.882813 
 4152.0256 | 08739.1819 | 13:54:54 | 221.506513 | 358.882781 
 4152.0256 | 08739.1855 | 13:54:55 | 221.503418 | 358.882757 
 4152.0255 | 08739.1879 | 13:54:56 | 221.501355 | 358.882625 
 4152.0255 | 08739.1893 | 13:54:57 | 221.500151 | 358.882616 
 4152.0255 | 08739.1899 | 13:54:58 | 221.499636 | 358.882612 
 4152.0255 | 08739.1899 | 13:54:59 | 221.499636 | 358.882612 
 4152.0255 | 08739.1899 | 13:55:00 | 221.499636 | 358.882612 
 4152.0255 | 08739.1899 | 13:55:01 | 221.499636 | 358.882612 
 4152.0255 | 08739.1899 | 13:55:02 | 221.499636 | 358.882612 
 4152.0255 | 08739.1899 | 13:55:03 | 221.499636 | 358.882612 
 4152.0255 | 08739.1899 | 13:55:04 | 221.499636 | 358.882612 
 4152.0255 | 08739.1899 | 13:55:05 | 221.499636 | 358.882612 
 4152.0255 | 08739.1899 | 13:55:06 | 221.499636 | 358.882612 
 4152.0255 | 08739.1899 | 13:55:07 | 221.499636 | 358.882612 
 4152.0255 | 08739.1899 | 13:55:08 | 221.499636 | 358.882612 
 4152.0255 | 08739.1899 | 13:55:09 | 221.499636 | 358.882612 
 4152.0255 | 08739.1902 | 13:55:10 | 221.499378 | 358.882610 
 4152.0254 | 08739.1928 | 13:55:11 | 221.497143 | 358.882477 
 4152.0253 | 08739.1967 | 13:55:12 | 221.493791 | 358.882335 
 4152.0253 | 08739.2015 | 13:55:13 | 221.489664 | 358.882303 
 4152.0252 | 08739.2070 | 13:55:14 | 221.484936 | 358.882150 
 4152.0251 | 08739.2131 | 13:55:15 | 221.479692 | 358.881994 
 4152.0249 | 08739.2199 | 13:55:16 | 221.473847 | 358.881717 
 4152.0248 | 08739.2273 | 13:55:17 | 221.467486 | 358.881552 
 4152.0247 | 08739.2353 | 13:55:18 | 221.460608 | 358.881383 
 4152.0246 | 08739.2439 | 13:55:19 | 221.453215 | 358.881209 
 4152.0244 | 08739.2528 | 13:55:20 | 221.445565 | 358.880918 
 4152.0243 | 08739.2622 | 13:55:21 | 221.437484 | 358.880739 
 4152.0241 | 08739.2719 | 13:55:22 | 221.429146 | 358.880443 
 4152.0240 | 08739.2819 | 13:55:23 | 221.420549 | 358.880260 
 4152.0243 | 08739.2927 | 13:55:24 | 221.411260 | 358.880532 
 4152.0245 | 08739.3036 | 13:55:25 | 221.401887 | 358.880688 
 4152.0243 | 08739.3143 | 13:55:26 | 221.392689 | 358.880385 
 4152.0242 | 08739.3253 | 13:55:27 | 221.383232 | 358.880196 
 4152.0240 | 08739.3362 | 13:55:28 | 221.373862 | 358.879892 
 4152.0238 | 08739.3471 | 13:55:29 | 221.364492 | 358.879588 
 4152.0235 | 08739.3580 | 13:55:30 | 221.355123 | 358.879169 
 4152.0233 | 08739.3691 | 13:55:31 | 221.345581 | 358.878863 
 4152.0231 | 08739.3802 | 13:55:32 | 221.336040 | 358.878558 
 4152.0229 | 08739.3914 | 13:55:33 | 221.326412 | 358.878252 
 4152.0227 | 08739.4029 | 13:55:34 | 221.316526 | 358.877944 
 4152.0225 | 08739.4147 | 13:55:35 | 221.306382 | 358.877634 
 4152.0223 | 08739.4267 | 13:55:36 | 221.296067 | 358.877323 
 4152.0220 | 08739.4389 | 13:55:37 | 221.285580 | 358.876895 
 4152.0219 | 08739.4514 | 13:55:38 | 221.274834 | 358.876695 
 4152.0217 | 08739.4641 | 13:55:39 | 221.263916 | 358.876379 
 4152.0216 | 08739.4769 | 13:55:40 | 221.252912 | 358.876178 
 4152.0216 | 08739.4899 | 13:55:41 | 221.241734 | 358.876090 
 4152.0218 | 08739.5029 | 13:55:42 | 221.230555 | 358.876232 
 4152.0220 | 08739.5162 | 13:55:43 | 221.219118 | 358.876372 
 4152.0220 | 08739.5296 | 13:55:44 | 221.207597 | 358.876281 
 4152.0220 | 08739.5431 | 13:55:45 | 221.195990 | 358.876190 
 4152.0218 | 08739.5569 | 13:55:46 | 221.184127 | 358.875867 
 4152.0215 | 08739.5709 | 13:55:47 | 221.172092 | 358.875427 
 4152.0214 | 08739.5852 | 13:55:48 | 221.159798 | 358.875216 
 4152.0211 | 08739.5996 | 13:55:49 | 221.147420 | 358.874774 
 4152.0208 | 08739.6136 | 13:55:50 | 221.135386 | 358.874334 
 4152.0203 | 08739.6269 | 13:55:51 | 221.123955 | 358.873669 
 4152.0200 | 08739.6396 | 13:55:52 | 221.113038 | 358.873239 
 4152.0198 | 08739.6521 | 13:55:53 | 221.102293 | 358.872925 
 4152.0197 | 08739.6652 | 13:55:54 | 221.091031 | 358.872721 
 4152.0195 | 08739.6782 | 13:55:55 | 221.079855 | 358.872404 
 4152.0191 | 08739.6909 | 13:55:56 | 221.068939 | 358.871858 
 4152.0190 | 08739.7031 | 13:55:57 | 221.058451 | 358.871661 
 4152.0185 | 08739.7139 | 13:55:58 | 221.049170 | 358.871013 
 4152.0182 | 08739.7239 | 13:55:59 | 221.040574 | 358.870601 
 4152.0181 | 08739.7335 | 13:56:00 | 221.032321 | 358.870421 
 4152.0179 | 08739.7427 | 13:56:01 | 221.024413 | 358.870130 
 4152.0175 | 08739.7520 | 13:56:02 | 221.016421 | 358.869607 
 4152.0169 | 08739.7616 | 13:56:03 | 221.008172 | 358.868852 
 4152.0163 | 08739.7718 | 13:56:04 | 220.999408 | 358.868094 
 4152.0159 | 08739.7824 | 13:56:05 | 220.990297 | 358.867562 
 4152.0156 | 08739.7935 | 13:56:06 | 220.980756 | 358.867143 
 4152.0154 | 08739.8050 | 13:56:07 | 220.970871 | 358.866836 
 4152.0152 | 08739.8168 | 13:56:08 | 220.960727 | 358.866526 
 4152.0152 | 08739.8291 | 13:56:09 | 220.950151 | 358.866444 
 4152.0151 | 08739.8415 | 13:56:10 | 220.939491 | 358.866246 
 4152.0151 | 08739.8540 | 13:56:11 | 220.928744 | 358.866162 
 4152.0154 | 08739.8662 | 13:56:12 | 220.918251 | 358.866425 
 4152.0158 | 08739.8781 | 13:56:13 | 220.908016 | 358.866806 
 4152.0160 | 08739.8897 | 13:56:14 | 220.898041 | 358.866958 
 4152.0161 | 08739.9011 | 13:56:15 | 220.888238 | 358.866997 
 4152.0161 | 08739.9120 | 13:56:16 | 220.878867 | 358.866924 
 4152.0160 | 08739.9222 | 13:56:17 | 220.870098 | 358.866741 
 4152.0159 | 08739.9316 | 13:56:18 | 220.862017 | 358.866563 
 4152.0158 | 08739.9401 | 13:56:19 | 220.854709 | 358.866391 
 4152.0158 | 08739.9478 | 13:56:20 | 220.848089 | 358.866339 
 4152.0158 | 08739.9544 | 13:56:21 | 220.842414 | 358.866295 
 4152.0158 | 08739.9600 | 13:56:22 | 220.837599 | 358.866258 
 4152.0158 | 08739.9644 | 13:56:23 | 220.833816 | 358.866228 
 4152.0156 | 08739.9675 | 13:56:24 | 220.831153 | 358.865978 
 4152.0156 | 08739.9696 | 13:56:25 | 220.829347 | 358.865964 
 4152.0157 | 08739.9709 | 13:56:26 | 220.828229 | 358.866070 
 4152.0157 | 08739.9717 | 13:56:27 | 220.827541 | 358.866065 
 4152.0155 | 08739.9717 | 13:56:28 | 220.827543 | 358.865834 
 4152.0154 | 08739.9716 | 13:56:29 | 220.827630 | 358.865720 
 4152.0153 | 08739.9714 | 13:56:30 | 220.827802 | 358.865606 
 4152.0153 | 08739.9714 | 13:56:31 | 220.827802 | 358.865606 
 4152.0153 | 08739.9714 | 13:56:32 | 220.827802 | 358.865606 
 4152.0153 | 08739.9714 | 13:56:33 | 220.827802 | 358.865606 
 4152.0153 | 08739.9714 | 13:56:34 | 220.827802 | 358.865606 
 4152.0153 | 08739.9714 | 13:56:35 | 220.827802 | 358.865606 
 4152.0153 | 08739.9714 | 13:56:36 | 220.827802 | 358.865606 
 4152.0153 | 08739.9714 | 13:56:37 | 220.827802 | 358.865606 
 4152.0153 | 08739.9714 | 13:56:38 | 220.827802 | 358.865606 
 4152.0153 | 08739.9714 | 13:56:39 | 220.827802 | 358.865606 
 4152.0153 | 08739.9714 | 13:56:40 | 220.827802 | 358.865606 
 4152.0153 | 08739.9714 | 13:56:41 | 220.827802 | 358.865606 
 4152.0153 | 08739.9714 | 13:56:42 | 220.827802 | 358.865606 
 4152.0153 | 08739.9714 | 13:56:43 | 220.827802 | 358.865606 
 4152.0153 | 08739.9714 | 13:56:44 | 220.827802 | 358.865606 
 4152.0153 | 08739.9714 | 13:56:45 | 220.827802 | 358.865606 
 4152.0153 | 08739.9714 | 13:56:46 | 220.827802 | 358.865606 
 4152.0153 | 08739.9714 | 13:56:47 | 220.827802 | 358.865606 
 4152.0153 | 08739.9714 | 13:56:48 | 220.827802 | 358.865606 
 4152.0153 | 08739.9714 | 13:56:49 | 220.827802 | 358.865606 
 4152.0153 | 08739.9714 | 13:56:50 | 220.827802 | 358.865606 
 4152.0153 | 08739.9714 | 13:56:51 | 220.827802 | 358.865606 
 4152.0153 | 08739.9714 | 13:56:52 | 220.827802 | 358.865606 
 4152.0153 | 08739.9714 | 13:56:53 | 220.827802 | 358.865606 
 4152.0153 | 08739.9714 | 13:56:54 | 220.827802 | 358.865606 
 4152.0153 | 08739.9714 | 13:56:55 | 220.827802 | 358.865606 
 4152.0153 | 08739.9714 | 13:56:56 | 220.827802 | 358.865606 
 4152.0152 | 08739.9714 | 13:56:57 | 220.827803 | 358.865491 
 4152.0151 | 08739.9742 | 13:56:58 | 220.825397 | 358.865358 
 4152.0151 | 08739.9785 | 13:56:59 | 220.821700 | 358.865329 
 4152.0152 | 08739.9838 | 13:57:00 | 220.817142 | 358.865409 
 4152.0153 | 08739.9901 | 13:57:01 | 220.811724 | 358.865482 
 4152.0154 | 08739.9971 | 13:57:02 | 220.805705 | 358.865550 
 4152.0155 | 08740.0050 | 13:57:03 | 220.798912 | 358.865612 
 4152.0154 | 08740.0137 | 13:57:04 | 220.791432 | 358.865439 
 4152.0153 | 08740.0231 | 13:57:05 | 220.783351 | 358.865261 
 4152.0152 | 08740.0331 | 13:57:06 | 220.774754 | 358.865079 
 4152.0149 | 08740.0433 | 13:57:07 | 220.765987 | 358.864666 
 4152.0150 | 08740.0540 | 13:57:08 | 220.756786 | 358.864710 
 4152.0152 | 08740.0652 | 13:57:09 | 220.747155 | 358.864865 
 4152.0155 | 08740.0768 | 13:57:10 | 220.737179 | 358.865133 
 4152.0158 | 08740.0887 | 13:57:11 | 220.726945 | 358.865399 
 4152.0161 | 08740.1011 | 13:57:12 | 220.716280 | 358.865661 
 4152.0163 | 08740.1138 | 13:57:13 | 220.705359 | 358.865807 
 4152.0166 | 08740.1266 | 13:57:14 | 220.694351 | 358.866067 
 4152.0168 | 08740.1394 | 13:57:15 | 220.683344 | 358.866212 
 4152.0168 | 08740.1523 | 13:57:16 | 220.672253 | 358.866126 
 4152.0167 | 08740.1653 | 13:57:17 | 220.661077 | 358.865924 
 4152.0166 | 08740.1785 | 13:57:18 | 220.649728 | 358.865722 
 4152.0164 | 08740.1919 | 13:57:19 | 220.638209 | 358.865402 
 4152.0162 | 08740.2053 | 13:57:20 | 220.626689 | 358.865083 
 4152.0159 | 08740.2190 | 13:57:21 | 220.614913 | 358.864647 
 4152.0157 | 08740.2326 | 13:57:22 | 220.603222 | 358.864327 
 4152.0155 | 08740.2464 | 13:57:23 | 220.591358 | 358.864005 
 4152.0154 | 08740.2601 | 13:57:24 | 220.579580 | 358.863799 
 4152.0152 | 08740.2738 | 13:57:25 | 220.567803 | 358.863478 
 4152.0151 | 08740.2871 | 13:57:26 | 220.556368 | 358.863275 
 4152.0148 | 08740.3004 | 13:57:27 | 220.544936 | 358.862842 
 4152.0145 | 08740.3136 | 13:57:28 | 220.533589 | 358.862409 
 4152.0142 | 08740.3269 | 13:57:29 | 220.522157 | 358.861976 
 4152.0140 | 08740.3402 | 13:57:30 | 220.510723 | 358.861658 
 4152.0138 | 08740.3535 | 13:57:31 | 220.499290 | 358.861340 
 4152.0136 | 08740.3667 | 13:57:32 | 220.487942 | 358.861023 
 4152.0134 | 08740.3799 | 13:57:33 | 220.476595 | 358.860705 
 4152.0133 | 08740.3932 | 13:57:34 | 220.465161 | 358.860502 
 4152.0132 | 08740.4066 | 13:57:35 | 220.453640 | 358.860299 
 4152.0131 | 08740.4200 | 13:57:36 | 220.442120 | 358.860095 
 4152.0130 | 08740.4334 | 13:57:37 | 220.430600 | 358.859892 
 4152.0129 | 08740.4468 | 13:57:38 | 220.419079 | 358.859688 
 4152.0128 | 08740.4602 | 13:57:39 | 220.407559 | 358.859485 
 4152.0127 | 08740.4731 | 13:57:40 | 220.396469 | 358.859285 
 4152.0125 | 08740.4855 | 13:57:41 | 220.385809 | 358.858973 
 4152.0124 | 08740.4975 | 13:57:42 | 220.375492 | 358.858778 
 4152.0125 | 08740.5089 | 13:57:43 | 220.365690 | 358.858818 
 4152.0129 | 08740.5197 | 13:57:44 | 220.356401 | 358.859207 
 4152.0134 | 08740.5299 | 13:57:45 | 220.347626 | 358.859715 
 4152.0135 | 08740.5395 | 13:57:46 | 220.339371 | 358.859767 
 4152.0135 | 08740.5486 | 13:57:47 | 220.331547 | 358.859707 
 4152.0136 | 08740.5571 | 13:57:48 | 220.324238 | 358.859766 
 4152.0141 | 08740.5647 | 13:57:49 | 220.317699 | 358.860291 
 4152.0157 | 08740.5708 | 13:57:50 | 220.312441 | 358.862091 
 4152.0185 | 08740.5749 | 13:57:51 | 220.308891 | 358.865285 
 4152.0221 | 08740.5767 | 13:57:52 | 220.307311 | 358.869414 
 4152.0266 | 08740.5771 | 13:57:53 | 220.306928 | 358.874588 
 4152.0322 | 08740.5768 | 13:57:54 | 220.307137 | 358.881031 
 4152.0384 | 08740.5763 | 13:57:55 | 220.307512 | 358.888166 
 4152.0451 | 08740.5759 | 13:57:56 | 220.307797 | 358.895875 
 4152.0523 | 08740.5756 | 13:57:57 | 220.307991 | 358.904159 
 4152.0598 | 08740.5753 | 13:57:58 | 220.308183 | 358.912788 
 4152.0677 | 08740.5749 | 13:57:59 | 220.308458 | 358.921878 
 4152.0760 | 08740.5744 | 13:58:00 | 220.308814 | 358.931428 
 4152.0846 | 08740.5741 | 13:58:01 | 220.308997 | 358.941322 
 4152.0934 | 08740.5740 | 13:58:02 | 220.309005 | 358.951445 
 4152.1021 | 08740.5742 | 13:58:03 | 220.308757 | 358.961451 
 4152.1105 | 08740.5748 | 13:58:04 | 220.308167 | 358.971109 
 4152.1185 | 08740.5756 | 13:58:05 | 220.307409 | 358.980306 
 4152.1261 | 08740.5762 | 13:58:06 | 220.306826 | 358.989044 
 4152.1332 | 08740.5765 | 13:58:07 | 220.306505 | 358.997208 
 4152.1396 | 08740.5767 | 13:58:08 | 220.306277 | 359.004569 
 4152.1445 | 08740.5774 | 13:58:09 | 220.305632 | 359.010200 
 4152.1477 | 08740.5795 | 13:58:10 | 220.303798 | 359.013867 
 4152.1500 | 08740.5831 | 13:58:11 | 220.300683 | 359.016489 
 4152.1508 | 08740.5883 | 13:58:12 | 220.296205 | 359.017375 
 4152.1503 | 08740.5948 | 13:58:13 | 220.290621 | 359.016757 
 4152.1499 | 08740.6018 | 13:58:14 | 220.284606 | 359.016251 
 4152.1494 | 08740.6091 | 13:58:15 | 220.278334 | 359.015628 
 4152.1490 | 08740.6162 | 13:58:16 | 220.272234 | 359.015121 
 4152.1488 | 08740.6230 | 13:58:17 | 220.266389 | 359.014847 
 4152.1486 | 08740.6296 | 13:58:18 | 220.260716 | 359.014573 
 4152.1484 | 08740.6359 | 13:58:19 | 220.255302 | 359.014302 
 4152.1483 | 08740.6420 | 13:58:20 | 220.250058 | 359.014147 
 4152.1481 | 08740.6480 | 13:58:21 | 220.244901 | 359.013877 
 4152.1477 | 08740.6540 | 13:58:22 | 220.239746 | 359.013378 
 4152.1473 | 08740.6602 | 13:58:23 | 220.234419 | 359.012877 
 4152.1470 | 08740.6668 | 13:58:24 | 220.228747 | 359.012488 
 4152.1469 | 08740.6738 | 13:58:25 | 220.222730 | 359.012327 
 4152.1469 | 08740.6811 | 13:58:26 | 220.216454 | 359.012279 
 4152.1469 | 08740.6888 | 13:58:27 | 220.209834 | 359.012229 
 4152.1467 | 08740.6974 | 13:58:28 | 220.202441 | 359.011942 
 4152.1466 | 08740.7066 | 13:58:29 | 220.194532 | 359.011767 
 4152.1463 | 08740.7163 | 13:58:30 | 220.186195 | 359.011358 
 4152.1461 | 08740.7264 | 13:58:31 | 220.177514 | 359.011062 
 4152.1458 | 08740.7368 | 13:58:32 | 220.168575 | 359.010649 
 4152.1456 | 08740.7474 | 13:58:33 | 220.159463 | 359.010349 
 4152.1458 | 08740.7584 | 13:58:34 | 220.150004 | 359.010507 
 4152.1457 | 08740.7688 | 13:58:35 | 220.141063 | 359.010324 
 4152.1456 | 08740.7790 | 13:58:36 | 220.132295 | 359.010142 
 4152.1455 | 08740.7892 | 13:58:37 | 220.123526 | 359.009961 
 4152.1456 | 08740.7993 | 13:58:38 | 220.114841 | 359.010009 
 4152.1458 | 08740.8095 | 13:58:39 | 220.106070 | 359.010173 
 4152.1460 | 08740.8199 | 13:58:40 | 220.097127 | 359.010335 
 4152.1472 | 08740.8314 | 13:58:41 | 220.087229 | 359.011640 
 4152.1467 | 08740.8425 | 13:58:42 | 220.077690 | 359.010992 
 4152.1465 | 08740.8533 | 13:58:43 | 220.068406 | 359.010692 
 4152.1463 | 08740.8641 | 13:58:44 | 220.059123 | 359.010391 
 4152.1460 | 08740.8749 | 13:58:45 | 220.049840 | 359.009975 
 4152.1456 | 08740.8857 | 13:58:46 | 220.040558 | 359.009445 
 4152.1452 | 08740.8964 | 13:58:47 | 220.031362 | 359.008915 
 4152.1449 | 08740.9068 | 13:58:48 | 220.022423 | 359.008502 
 4152.1447 | 08740.9170 | 13:58:49 | 220.013655 | 359.008205 
 4152.1444 | 08740.9266 | 13:58:50 | 220.005404 | 359.007798 
 4152.1441 | 08740.9357 | 13:58:51 | 219.997583 | 359.007393 
 4152.1439 | 08740.9440 | 13:58:52 | 219.990449 | 359.007109 
 4152.1436 | 08740.9516 | 13:58:53 | 219.983917 | 359.006714 
 4152.1437 | 08740.9580 | 13:58:54 | 219.978414 | 359.006788 
 4152.1438 | 08740.9634 | 13:58:55 | 219.973770 | 359.006867 
 4152.1439 | 08740.9678 | 13:58:56 | 219.969987 | 359.006954 
 4152.1440 | 08740.9714 | 13:58:57 | 219.966890 | 359.007045 
 4152.1438 | 08740.9744 | 13:58:58 | 219.964313 | 359.006796 
 4152.1439 | 08740.9761 | 13:58:59 | 219.962850 | 359.006900 
 4152.1440 | 08740.9769 | 13:59:00 | 219.962162 | 359.007010 
 4152.1439 | 08740.9771 | 13:59:01 | 219.961991 | 359.006893 
 4152.1436 | 08740.9771 | 13:59:02 | 219.961993 | 359.006548 
 4152.1436 | 08740.9770 | 13:59:03 | 219.962079 | 359.006549 
 4152.1436 | 08740.9770 | 13:59:04 | 219.962079 | 359.006549 
 4152.1436 | 08740.9770 | 13:59:05 | 219.962079 | 359.006549 
 4152.1431 | 08740.9778 | 13:59:06 | 219.961396 | 359.005968 
 4152.1427 | 08740.9784 | 13:59:07 | 219.960883 | 359.005504 
 4152.1423 | 08740.9791 | 13:59:08 | 219.960285 | 359.005040 
 4152.1420 | 08740.9821 | 13:59:09 | 219.957708 | 359.004675 
 4152.1422 | 08740.9851 | 13:59:10 | 219.955127 | 359.004886 
 4152.1421 | 08740.9895 | 13:59:11 | 219.951345 | 359.004742 
 4152.1426 | 08740.9939 | 13:59:12 | 219.947558 | 359.005288 
 4152.1433 | 08740.9986 | 13:59:13 | 219.943511 | 359.006063 
 4152.1440 | 08741.0031 | 13:59:14 | 219.939636 | 359.006839 
 4152.1445 | 08741.0073 | 13:59:15 | 219.936021 | 359.007387 
 4152.1450 | 08741.0110 | 13:59:16 | 219.932835 | 359.007938 
 4152.1453 | 08741.0138 | 13:59:17 | 219.930425 | 359.008265 
 4152.1470 | 08741.0155 | 13:59:18 | 219.928949 | 359.010209 
 4152.1490 | 08741.0165 | 13:59:19 | 219.928072 | 359.012503 
 4152.1517 | 08741.0173 | 13:59:20 | 219.927360 | 359.015603 
 4152.1550 | 08741.0180 | 13:59:21 | 219.926730 | 359.019395 
 4152.1591 | 08741.0185 | 13:59:22 | 219.926264 | 359.024108 
 4152.1638 | 08741.0190 | 13:59:23 | 219.925793 | 359.029510 
 4152.1691 | 08741.0193 | 13:59:24 | 219.925489 | 359.035605 
 4152.1748 | 08741.0194 | 13:59:25 | 219.925354 | 359.042161 
 4152.1806 | 08741.0197 | 13:59:26 | 219.925045 | 359.048830 
 4152.1869 | 08741.0197 | 13:59:27 | 219.924991 | 359.056077 
 4152.1934 | 08741.0196 | 13:59:28 | 219.925020 | 359.063554 
 4152.2002 | 08741.0196 | 13:59:29 | 219.924961 | 359.071376 
 4152.2073 | 08741.0197 | 13:59:30 | 219.924813 | 359.079542 
 4152.2144 | 08741.0199 | 13:59:31 | 219.924579 | 359.087707 
 4152.2216 | 08741.0202 | 13:59:32 | 219.924259 | 359.095987 
 4152.2290 | 08741.0202 | 13:59:33 | 219.924194 | 359.104499 
 4152.2363 | 08741.0201 | 13:59:34 | 219.924217 | 359.112897 
 4152.2434 | 08741.0201 | 13:59:35 | 219.924155 | 359.121063 
 4152.2512 | 08741.0196 | 13:59:36 | 219.924517 | 359.130039 
 4152.2580 | 08741.0195 | 13:59:37 | 219.924544 | 359.137861 
 4152.2640 | 08741.0195 | 13:59:38 | 219.924491 | 359.144762 
 4152.2692 | 08741.0197 | 13:59:39 | 219.924274 | 359.150742 
 4152.2730 | 08741.0192 | 13:59:40 | 219.924671 | 359.155117 
 4152.2759 | 08741.0191 | 13:59:41 | 219.924732 | 359.158453 
 4152.2782 | 08741.0187 | 13:59:42 | 219.925055 | 359.161101 
 4152.2801 | 08741.0173 | 13:59:43 | 219.926243 | 359.163296 
 4152.2815 | 08741.0147 | 13:59:44 | 219.928466 | 359.164923 
 4152.2820 | 08741.0107 | 13:59:45 | 219.931900 | 359.165524 
 4152.2824 | 08741.0052 | 13:59:46 | 219.936625 | 359.166020 
 4152.2828 | 08740.9991 | 13:59:47 | 219.941866 | 359.166520 
 4152.2827 | 08740.9928 | 13:59:48 | 219.947283 | 359.166446 
 4152.2825 | 08740.9864 | 13:59:49 | 219.952787 | 359.166258 
 4152.2826 | 08740.9800 | 13:59:50 | 219.958289 | 359.166414 
 4152.2825 | 08740.9735 | 13:59:51 | 219.963878 | 359.166342 
 4152.2824 | 08740.9676 | 13:59:52 | 219.968951 | 359.166265 
 4152.2824 | 08740.9624 | 13:59:53 | 219.973422 | 359.166299 
 4152.2823 | 08740.9579 | 13:59:54 | 219.977291 | 359.166213 
 4152.2820 | 08740.9544 | 13:59:55 | 219.980303 | 359.165891 
 4152.2814 | 08740.9516 | 13:59:56 | 219.982716 | 359.165219 
 4152.2805 | 08740.9492 | 13:59:57 | 219.984787 | 359.164199 
 4152.2783 | 08740.9481 | 13:59:58 | 219.985752 | 359.161676 
 4152.2753 | 08740.9475 | 13:59:59 | 219.986294 | 359.158229 
 4152.2717 | 08740.9470 | 14:00:00 | 219.986755 | 359.154092 
 4152.2676 | 08740.9469 | 14:00:01 | 219.986877 | 359.149376 
 4152.2631 | 08740.9469 | 14:00:02 | 219.986916 | 359.144200 
 4152.2580 | 08740.9472 | 14:00:03 | 219.986702 | 359.138332 
 4152.2525 | 08740.9473 | 14:00:04 | 219.986664 | 359.132005 
 4152.2469 | 08740.9473 | 14:00:05 | 219.986713 | 359.125563 
 4152.2411 | 08740.9471 | 14:00:06 | 219.986936 | 359.118893 
 4152.2352 | 08740.9470 | 14:00:07 | 219.987073 | 359.112107 
 4152.2291 | 08740.9468 | 14:00:08 | 219.987298 | 359.105092 
 4152.2230 | 08740.9466 | 14:00:09 | 219.987524 | 359.098077 
 4152.2169 | 08740.9464 | 14:00:10 | 219.987749 | 359.091062 
 4152.2107 | 08740.9464 | 14:00:11 | 219.987803 | 359.083930 
 4152.2047 | 08740.9462 | 14:00:12 | 219.988027 | 359.077030 
 4152.1989 | 08740.9460 | 14:00:13 | 219.988250 | 359.070360 
 4152.1936 | 08740.9459 | 14:00:14 | 219.988382 | 359.064264 
 4152.1887 | 08740.9459 | 14:00:15 | 219.988425 | 359.058628 
 4152.1846 | 08740.9458 | 14:00:16 | 219.988546 | 359.053912 
 4152.1808 | 08740.9459 | 14:00:17 | 219.988493 | 359.049541 
 4152.1776 | 08740.9459 | 14:00:18 | 219.988521 | 359.045860 
 4152.1750 | 08740.9459 | 14:00:19 | 219.988544 | 359.042869 
 4152.1728 | 08740.9458 | 14:00:20 | 219.988649 | 359.040339 
 4152.1708 | 08740.9457 | 14:00:21 | 219.988753 | 359.038040 
 4152.1689 | 08740.9457 | 14:00:22 | 219.988769 | 359.035854 
 4152.1674 | 08740.9459 | 14:00:23 | 219.988610 | 359.034127 
 4152.1658 | 08740.9460 | 14:00:24 | 219.988538 | 359.032286 
 4152.1645 | 08740.9463 | 14:00:25 | 219.988292 | 359.030789 
 4152.1638 | 08740.9469 | 14:00:26 | 219.987782 | 359.029980 
 4152.1632 | 08740.9474 | 14:00:27 | 219.987357 | 359.029287 
 4152.1625 | 08740.9477 | 14:00:28 | 219.987105 | 359.028479 
 4152.1617 | 08740.9479 | 14:00:29 | 219.986941 | 359.027558 
 4152.1611 | 08740.9478 | 14:00:30 | 219.987032 | 359.026868 
 4152.1605 | 08740.9477 | 14:00:31 | 219.987123 | 359.026179 
 4152.1601 | 08740.9476 | 14:00:32 | 219.987212 | 359.025720 
 4152.1597 | 08740.9477 | 14:00:33 | 219.987130 | 359.025259 
 4152.1597 | 08740.9474 | 14:00:34 | 219.987388 | 359.025261 
 4152.1600 | 08740.9472 | 14:00:35 | 219.987557 | 359.025607 
 4152.1600 | 08740.9470 | 14:00:36 | 219.987729 | 359.025608 
 4152.1600 | 08740.9470 | 14:00:37 | 219.987729 | 359.025608 
 4152.1600 | 08740.9470 | 14:00:38 | 219.987729 | 359.025608 
 4152.1600 | 08740.9470 | 14:00:39 | 219.987729 | 359.025608 
 4152.1600 | 08740.9470 | 14:00:40 | 219.987729 | 359.025608 
 4152.1600 | 08740.9470 | 14:00:41 | 219.987729 | 359.025608 
 4152.1600 | 08740.9470 | 14:00:42 | 219.987729 | 359.025608 
 4152.1616 | 08740.9470 | 14:00:43 | 219.987715 | 359.027449 
 4152.1618 | 08740.9471 | 14:00:44 | 219.987627 | 359.027678 
 4152.1621 | 08740.9471 | 14:00:45 | 219.987625 | 359.028023 
 4152.1637 | 08740.9460 | 14:00:46 | 219.988557 | 359.029871 
 4152.1643 | 08740.9459 | 14:00:47 | 219.988637 | 359.030562 
 4152.1649 | 08740.9460 | 14:00:48 | 219.988546 | 359.031251 
 4152.1652 | 08740.9456 | 14:00:49 | 219.988887 | 359.031599 
 4152.1655 | 08740.9456 | 14:00:50 | 219.988885 | 359.031944 
 4152.1658 | 08740.9456 | 14:00:51 | 219.988882 | 359.032289 
 4152.1657 | 08740.9459 | 14:00:52 | 219.988625 | 359.032172 
 4152.1633 | 08740.9485 | 14:00:53 | 219.986411 | 359.029394 
 4152.