 4152.1507 | 08741.0207 | 11:26:39 | 219.924446 | 359.014431 
 4152.1491 | 08741.0222 | 11:26:49 | 219.923170 | 359.012581 
 4152.1491 | 08741.0223 | 11:26:50 | 219.923084 | 359.012580 
 4152.1492 | 08741.0221 | 11:26:51 | 219.923255 | 359.012697 
 4152.1492 | 08741.0221 | 11:26:52 | 219.923255 | 359.012697 
 4152.1491 | 08741.0221 | 11:26:53 | 219.923256 | 359.012582 
 4152.1491 | 08741.0220 | 11:26:54 | 219.923342 | 359.012582 
 4152.1493 | 08741.0220 | 11:26:55 | 219.923340 | 359.012812 
 4152.1493 | 08741.0219 | 11:26:56 | 219.923426 | 359.012813 
 4152.1495 | 08741.0218 | 11:26:57 | 219.923511 | 359.013044 
 4152.1495 | 08741.0218 | 11:26:58 | 219.923511 | 359.013044 
 4152.1495 | 08741.0218 | 11:26:59 | 219.923511 | 359.013044 
 4152.1495 | 08741.0218 | 11:27:00 | 219.923511 | 359.013044 
 4152.1495 | 08741.0218 | 11:27:01 | 219.923511 | 359.013044 
 4152.1495 | 08741.0218 | 11:27:02 | 219.923511 | 359.013044 
 4152.1495 | 08741.0218 | 11:27:03 | 219.923511 | 359.013044 
 4152.1495 | 08741.0218 | 11:27:04 | 219.923511 | 359.013044 
 4152.1495 | 08741.0218 | 11:27:05 | 219.923511 | 359.013044 
 4152.1495 | 08741.0218 | 11:27:06 | 219.923511 | 359.013044 
 4152.1495 | 08741.0218 | 11:27:07 | 219.923511 | 359.013044 
 4152.1495 | 08741.0218 | 11:27:08 | 219.923511 | 359.013044 
 4152.1495 | 08741.0218 | 11:27:09 | 219.923511 | 359.013044 
 4152.1495 | 08741.0218 | 11:27:10 | 219.923511 | 359.013044 
 4152.1495 | 08741.0218 | 11:27:11 | 219.923511 | 359.013044 
 4152.1486 | 08741.0206 | 11:27:12 | 219.924550 | 359.012016 
 4152.1470 | 08741.0202 | 11:27:13 | 219.924908 | 359.010178 
 4152.1446 | 08741.0187 | 11:27:14 | 219.926219 | 359.007428 
 4152.1423 | 08741.0156 | 11:27:15 | 219.928904 | 359.004802 
 4152.1411 | 08741.0107 | 11:27:16 | 219.933127 | 359.003454 
 4152.1408 | 08741.0049 | 11:27:17 | 219.938116 | 359.003146 
 4152.1409 | 08740.9984 | 11:27:18 | 219.943704 | 359.003304 
 4152.1410 | 08740.9914 | 11:27:19 | 219.949721 | 359.003464 
 4152.1411 | 08740.9843 | 11:27:20 | 219.955825 | 359.003626 
 4152.1411 | 08740.9780 | 11:27:21 | 219.961241 | 359.003667 
 4152.1409 | 08740.9732 | 11:27:22 | 219.965370 | 359.003468 
 4152.1408 | 08740.9701 | 11:27:23 | 219.968036 | 359.003373 
 4152.1407 | 08740.9684 | 11:27:24 | 219.969499 | 359.003269 
 4152.1406 | 08740.9679 | 11:27:25 | 219.969929 | 359.003157 
 4152.1406 | 08740.9679 | 11:27:26 | 219.969929 | 359.003157 
 4152.1406 | 08740.9679 | 11:27:27 | 219.969929 | 359.003157 
 4152.1406 | 08740.9679 | 11:27:28 | 219.969929 | 359.003157 
 4152.1406 | 08740.9679 | 11:27:29 | 219.969929 | 359.003157 
 4152.1406 | 08740.9679 | 11:27:30 | 219.969929 | 359.003157 
 4152.1406 | 08740.9679 | 11:27:31 | 219.969929 | 359.003157 
 4152.1406 | 08740.9679 | 11:27:32 | 219.969929 | 359.003157 
 4152.1406 | 08740.9679 | 11:27:33 | 219.969929 | 359.003157 
 4152.1406 | 08740.9679 | 11:27:34 | 219.969929 | 359.003157 
 4152.1406 | 08740.9679 | 11:27:35 | 219.969929 | 359.003157 
 4152.1406 | 08740.9679 | 11:27:36 | 219.969929 | 359.003157 
 4152.1406 | 08740.9679 | 11:27:37 | 219.969929 | 359.003157 
 4152.1406 | 08740.9679 | 11:27:38 | 219.969929 | 359.003157 
 4152.1406 | 08740.9679 | 11:27:39 | 219.969929 | 359.003157 
 4152.1406 | 08740.9679 | 11:27:40 | 219.969929 | 359.003157 
 4152.1406 | 08740.9679 | 11:27:41 | 219.969929 | 359.003157 
 4152.1406 | 08740.9679 | 11:27:42 | 219.969929 | 359.003157 
 4152.1406 | 08740.9679 | 11:27:43 | 219.969929 | 359.003157 
 4152.1406 | 08740.9679 | 11:27:44 | 219.969929 | 359.003157 
 4152.1406 | 08740.9679 | 11:27:45 | 219.969929 | 359.003157 
 4152.1406 | 08740.9679 | 11:27:46 | 219.969929 | 359.003157 
 4152.1406 | 08740.9679 | 11:27:47 | 219.969929 | 359.003157 
 4152.1406 | 08740.9679 | 11:27:48 | 219.969929 | 359.003157 
 4152.1406 | 08740.9679 | 11:27:49 | 219.969929 | 359.003157 
 4152.1406 | 08740.9679 | 11:27:50 | 219.969929 | 359.003157 
 4152.1406 | 08740.9679 | 11:27:51 | 219.969929 | 359.003157 
 4152.1406 | 08740.9679 | 11:27:52 | 219.969929 | 359.003157 
 4152.1406 | 08740.9679 | 11:27:53 | 219.969929 | 359.003157 
 4152.1406 | 08740.9679 | 11:27:54 | 219.969929 | 359.003157 
 4152.1406 | 08740.9679 | 11:27:55 | 219.969929 | 359.003157 
 4152.1409 | 08740.9672 | 11:27:56 | 219.970529 | 359.003507 
 4152.1409 | 08740.9657 | 11:27:57 | 219.971818 | 359.003517 
 4152.1411 | 08740.9630 | 11:27:58 | 219.974138 | 359.003764 
 4152.1413 | 08740.9595 | 11:27:59 | 219.977145 | 359.004017 
 4152.1416 | 08740.9554 | 11:28:00 | 219.980668 | 359.004389 
 4152.1419 | 08740.9508 | 11:28:01 | 219.984620 | 359.004764 
 4152.1420 | 08740.9456 | 11:28:02 | 219.989090 | 359.004913 
 4152.1420 | 08740.9397 | 11:28:03 | 219.994162 | 359.004951 
 4152.1419 | 08740.9331 | 11:28:04 | 219.999838 | 359.004879 
 4152.1419 | 08740.9260 | 11:28:05 | 220.005942 | 359.004926 
 4152.1420 | 08740.9186 | 11:28:06 | 220.012303 | 359.005089 
 4152.1421 | 08740.9112 | 11:28:07 | 220.018665 | 359.005252 
 4152.1422 | 08740.9036 | 11:28:08 | 220.025198 | 359.005417 
 4152.1423 | 08740.8961 | 11:28:09 | 220.031645 | 359.005581 
 4152.1423 | 08740.8883 | 11:28:10 | 220.038352 | 359.005632 
 4152.1422 | 08740.8800 | 11:28:11 | 220.045488 | 359.005571 
 4152.1421 | 08740.8714 | 11:28:12 | 220.052883 | 359.005512 
 4152.1422 | 08740.8626 | 11:28:13 | 220.060448 | 359.005685 
 4152.1424 | 08740.8539 | 11:28:14 | 220.067926 | 359.005972 
 4152.1425 | 08740.8454 | 11:28:15 | 220.075234 | 359.006142 
 4152.1426 | 08740.8370 | 11:28:16 | 220.082455 | 359.006312 
 4152.1426 | 08740.8286 | 11:28:17 | 220.089677 | 359.006367 
 4152.1427 | 08740.8202 | 11:28:18 | 220.096898 | 359.006537 
 4152.1428 | 08740.8117 | 11:28:19 | 220.104205 | 359.006708 
 4152.1430 | 08740.8031 | 11:28:20 | 220.111597 | 359.006994 
 4152.1431 | 08740.7942 | 11:28:21 | 220.119248 | 359.007167 
 4152.1432 | 08740.7851 | 11:28:22 | 220.127071 | 359.007342 
 4152.1433 | 08740.7758 | 11:28:23 | 220.135066 | 359.007518 
 4152.1434 | 08740.7662 | 11:28:24 | 220.143319 | 359.007696 
 4152.1435 | 08740.7566 | 11:28:25 | 220.151572 | 359.007874 
 4152.1436 | 08740.7468 | 11:28:26 | 220.159996 | 359.008053 
 4152.1437 | 08740.7371 | 11:28:27 | 220.168335 | 359.008231 
 4152.1438 | 08740.7273 | 11:28:28 | 220.176760 | 359.008411 
 4152.1440 | 08740.7176 | 11:28:29 | 220.185098 | 359.008704 
 4152.1440 | 08740.7077 | 11:28:30 | 220.193610 | 359.008769 
 4152.1441 | 08740.6976 | 11:28:31 | 220.202292 | 359.008950 
 4152.1443 | 08740.6873 | 11:28:32 | 220.211146 | 359.009248 
 4152.1445 | 08740.6768 | 11:28:33 | 220.220172 | 359.009547 
 4152.1447 | 08740.6661 | 11:28:34 | 220.229369 | 359.009847 
 4152.1448 | 08740.6552 | 11:28:35 | 220.238740 | 359.010034 
 4152.1450 | 08740.6443 | 11:28:36 | 220.248110 | 359.010336 
 4152.1451 | 08740.6337 | 11:28:37 | 220.257222 | 359.010520 
 4152.1451 | 08740.6235 | 11:28:38 | 220.265992 | 359.010587 
 4152.1451 | 08740.6139 | 11:28:39 | 220.274245 | 359.010650 
 4152.1448 | 08740.6052 | 11:28:40 | 220.281728 | 359.010363 
 4152.1443 | 08740.5974 | 11:28:41 | 220.288439 | 359.009839 
 4152.1438 | 08740.5907 | 11:28:42 | 220.294203 | 359.009308 
 4152.1430 | 08740.5851 | 11:28:43 | 220.299025 | 359.008424 
 4152.1412 | 08740.5811 | 11:28:44 | 220.302480 | 359.006380 
 4152.1382 | 08740.5787 | 11:28:45 | 220.304570 | 359.002945 
 4152.1341 | 08740.5778 | 11:28:46 | 220.305380 | 358.998235 
 4152.1290 | 08740.5772 | 11:28:47 | 220.305940 | 358.992373 
 4152.1231 | 08740.5768 | 11:28:48 | 220.306336 | 358.985589 
 4152.1164 | 08740.5766 | 11:28:49 | 220.306567 | 358.977884 
 4152.1090 | 08740.5765 | 11:28:50 | 220.306718 | 358.969372 
 4152.1010 | 08740.5764 | 11:28:51 | 220.306875 | 358.960171 
 4152.0928 | 08740.5763 | 11:28:52 | 220.307033 | 358.950740 
 4152.0847 | 08740.5764 | 11:28:53 | 220.307018 | 358.941422 
 4152.0768 | 08740.5768 | 11:28:54 | 220.306744 | 358.932332 
 4152.0690 | 08740.5772 | 11:28:55 | 220.306469 | 358.923358 
 4152.0616 | 08740.5775 | 11:28:56 | 220.306276 | 358.914844 
 4152.0544 | 08740.5774 | 11:28:57 | 220.306425 | 358.906563 
 4152.0475 | 08740.5769 | 11:28:58 | 220.306916 | 358.898629 
 4152.0408 | 08740.5763 | 11:28:59 | 220.307491 | 358.890927 
 4152.0346 | 08740.5759 | 11:29:00 | 220.307889 | 358.883798 
 4152.0290 | 08740.5756 | 11:29:01 | 220.308197 | 358.877358 
 4152.0243 | 08740.5754 | 11:29:02 | 220.308410 | 358.871953 
 4152.0206 | 08740.5753 | 11:29:03 | 220.308528 | 358.867698 
 4152.0184 | 08740.5753 | 11:29:04 | 220.308548 | 358.865167 
 4152.0175 | 08740.5753 | 11:29:05 | 220.308556 | 358.864132 
 4152.0175 | 08740.5753 | 11:29:06 | 220.308556 | 358.864132 
 4152.0175 | 08740.5753 | 11:29:07 | 220.308556 | 358.864132 
 4152.0170 | 08740.5752 | 11:29:08 | 220.308646 | 358.863558 
 4152.0154 | 08740.5750 | 11:29:09 | 220.308832 | 358.861719 
 4152.0128 | 08740.5740 | 11:29:10 | 220.309715 | 358.858735 
 4152.0095 | 08740.5718 | 11:29:11 | 220.311635 | 358.854953 
 4152.0061 | 08740.5684 | 11:29:12 | 220.314589 | 358.851065 
 4152.0032 | 08740.5635 | 11:29:13 | 220.318827 | 358.847761 
 4152.0014 | 08740.5570 | 11:29:14 | 220.324432 | 358.845734 
 4152.0005 | 08740.5496 | 11:29:15 | 220.330802 | 358.844747 
 4152.0002 | 08740.5414 | 11:29:16 | 220.337855 | 358.844456 
 4152.0002 | 08740.5324 | 11:29:17 | 220.345593 | 358.844515 
 4152.0003 | 08740.5230 | 11:29:18 | 220.353674 | 358.844692 
 4152.0004 | 08740.5131 | 11:29:19 | 220.362185 | 358.844873 
 4152.0006 | 08740.5028 | 11:29:20 | 220.371040 | 358.845171 
 4152.0008 | 08740.4922 | 11:29:21 | 220.380152 | 358.845471 
 4152.0010 | 08740.4816 | 11:29:22 | 220.389264 | 358.845770 
 4152.0011 | 08740.4711 | 11:29:23 | 220.398291 | 358.845955 
 4152.0012 | 08740.4609 | 11:29:24 | 220.407060 | 358.846137 
 4152.0014 | 08740.4509 | 11:29:25 | 220.415656 | 358.846433 
 4152.0015 | 08740.4411 | 11:29:26 | 220.424081 | 358.846613 
 4152.0016 | 08740.4315 | 11:29:27 | 220.432334 | 358.846791 
 4152.0018 | 08740.4221 | 11:29:28 | 220.440414 | 358.847083 
 4152.0019 | 08740.4130 | 11:29:29 | 220.448237 | 358.847259 
 4152.0022 | 08740.4039 | 11:29:30 | 220.456059 | 358.847664 
 4152.0023 | 08740.3949 | 11:29:31 | 220.463796 | 358.847838 
 4152.0024 | 08740.3860 | 11:29:32 | 220.471447 | 358.848012 
 4152.0026 | 08740.3774 | 11:29:33 | 220.478840 | 358.848299 
 4152.0028 | 08740.3689 | 11:29:34 | 220.486146 | 358.848585 
 4152.0029 | 08740.3605 | 11:29:35 | 220.493368 | 358.848756 
 4152.0031 | 08740.3522 | 11:29:36 | 220.500502 | 358.849041 
 4152.0032 | 08740.3439 | 11:29:37 | 220.507638 | 358.849211 
 4152.0033 | 08740.3358 | 11:29:38 | 220.514601 | 358.849380 
 4152.0034 | 08740.3278 | 11:29:39 | 220.521479 | 358.849548 
 4152.0035 | 08740.3199 | 11:29:40 | 220.528270 | 358.849715 
 4152.0037 | 08740.3124 | 11:29:41 | 220.534717 | 358.849995 
 4152.0038 | 08740.3056 | 11:29:42 | 220.540562 | 358.850155 
 4152.0039 | 08740.2999 | 11:29:43 | 220.545462 | 358.850308 
 4152.0040 | 08740.2955 | 11:29:44 | 220.549245 | 358.850452 
 4152.0040 | 08740.2925 | 11:29:45 | 220.551824 | 358.850472 
 4152.0040 | 08740.2904 | 11:29:46 | 220.553629 | 358.850486 
 4152.0040 | 08740.2892 | 11:29:47 | 220.554661 | 358.850494 
 4152.0041 | 08740.2888 | 11:29:48 | 220.555004 | 358.850611 
 4152.0041 | 08740.2887 | 11:29:49 | 220.555090 | 358.850612 
 4152.0042 | 08740.2888 | 11:29:50 | 220.555003 | 358.850726 
 4152.0042 | 08740.2888 | 11:29:51 | 220.555003 | 358.850726 
 4152.0044 | 08740.2884 | 11:29:52 | 220.555346 | 358.850959 
 4152.0044 | 08740.2881 | 11:29:53 | 220.555603 | 358.850961 
 4152.0045 | 08740.2881 | 11:29:54 | 220.555603 | 358.851076 
 4152.0045 | 08740.2878 | 11:29:55 | 220.555861 | 358.851078 
 4152.0046 | 08740.2866 | 11:29:56 | 220.556891 | 358.851201 
 4152.0046 | 08740.2839 | 11:29:57 | 220.559213 | 358.851219 
 4152.0047 | 08740.2797 | 11:29:58 | 220.562823 | 358.851362 
 4152.0047 | 08740.2744 | 11:29:59 | 220.567380 | 358.851397 
 4152.0049 | 08740.2679 | 11:30:00 | 220.572967 | 358.851670 
 4152.0051 | 08740.2605 | 11:30:01 | 220.579328 | 358.851949 
 4152.0052 | 08740.2526 | 11:30:02 | 220.586119 | 358.852117 
 4152.0052 | 08740.2444 | 11:30:03 | 220.593169 | 358.852171 
 4152.0054 | 08740.2359 | 11:30:04 | 220.600476 | 358.852457 
 4152.0056 | 08740.2275 | 11:30:05 | 220.607696 | 358.852743 
 4152.0056 | 08740.2194 | 11:30:06 | 220.614661 | 358.852797 
 4152.0057 | 08740.2109 | 11:30:07 | 220.621968 | 358.852969 
 4152.0058 | 08740.2023 | 11:30:08 | 220.629361 | 358.853141 
 4152.0059 | 08740.1938 | 11:30:09 | 220.636669 | 358.853312 
 4152.0060 | 08740.1856 | 11:30:10 | 220.643718 | 358.853482 
 4152.0061 | 08740.1773 | 11:30:11 | 220.650853 | 358.853652 
 4152.0061 | 08740.1689 | 11:30:12 | 220.658076 | 358.853708 
 4152.0049 | 08740.1607 | 11:30:13 | 220.665137 | 358.852382 
 4152.0043 | 08740.1514 | 11:30:14 | 220.673138 | 358.851754 
 4152.0044 | 08740.1410 | 11:30:15 | 220.682079 | 358.851938 
 4152.0044 | 08740.1303 | 11:30:16 | 220.691279 | 358.852009 
 4152.0044 | 08740.1193 | 11:30:17 | 220.700736 | 358.852082 
 4152.0043 | 08740.1079 | 11:30:18 | 220.710539 | 358.852043 
 4152.0043 | 08740.0962 | 11:30:19 | 220.720599 | 358.852121 
 4152.0043 | 08740.0840 | 11:30:20 | 220.731088 | 358.852202 
 4152.0044 | 08740.0716 | 11:30:21 | 220.741749 | 358.852400 
 4152.0046 | 08740.0588 | 11:30:22 | 220.752752 | 358.852715 
 4152.0049 | 08740.0458 | 11:30:23 | 220.763927 | 358.853147 
 4152.0051 | 08740.0325 | 11:30:24 | 220.775360 | 358.853466 
 4152.0053 | 08740.0194 | 11:30:25 | 220.786622 | 358.853783 
 4152.0055 | 08740.0080 | 11:30:26 | 220.796422 | 358.854090 
 4152.0056 | 08740.0002 | 11:30:27 | 220.803127 | 358.854257 
 4152.0057 | 08739.9966 | 11:30:28 | 220.806221 | 358.854396 
 4152.0057 | 08739.9959 | 11:30:29 | 220.806823 | 358.854400 
 4152.0057 | 08739.9959 | 11:30:30 | 220.806823 | 358.854400 
 4152.0056 | 08739.9961 | 11:30:31 | 220.806652 | 358.854284 
 4152.0056 | 08739.9961 | 11:30:32 | 220.806652 | 358.854284 
 4152.0056 | 08739.9961 | 11:30:33 | 220.806652 | 358.854284 
 4152.0056 | 08739.9961 | 11:30:34 | 220.806652 | 358.854284 
 4152.0056 | 08739.9961 | 11:30:35 | 220.806652 | 358.854284 
 4152.0056 | 08739.9961 | 11:30:36 | 220.806652 | 358.854284 
 4152.0056 | 08739.9961 | 11:30:37 | 220.806652 | 358.854284 
 4152.0056 | 08739.9961 | 11:30:38 | 220.806652 | 358.854284 
 4152.0056 | 08739.9961 | 11:30:39 | 220.806652 | 358.854284 
 4152.0056 | 08739.9961 | 11:30:40 | 220.806652 | 358.854284 
 4152.0056 | 08739.9961 | 11:30:41 | 220.806652 | 358.854284 
 4152.0056 | 08739.9961 | 11:30:42 | 220.806652 | 358.854284 
 4152.0056 | 08739.9961 | 11:30:43 | 220.806652 | 358.854284 
 4152.0056 | 08739.9961 | 11:30:44 | 220.806652 | 358.854284 
 4152.0056 | 08739.9961 | 11:30:45 | 220.806652 | 358.854284 
 4152.0056 | 08739.9961 | 11:30:46 | 220.806652 | 358.854284 
 4152.0056 | 08739.9961 | 11:30:47 | 220.806652 | 358.854284 
 4152.0056 | 08739.9961 | 11:30:48 | 220.806652 | 358.854284 
 4152.0056 | 08739.9961 | 11:30:49 | 220.806652 | 358.854284 
 4152.0056 | 08739.9961 | 11:30:50 | 220.806652 | 358.854284 
 4152.0056 | 08739.9961 | 11:30:51 | 220.806652 | 358.854284 
 4152.0056 | 08739.9961 | 11:30:52 | 220.806652 | 358.854284 
 4152.0056 | 08739.9961 | 11:30:53 | 220.806652 | 358.854284 
 4152.0056 | 08739.9961 | 11:30:54 | 220.806652 | 358.854284 
 4152.0056 | 08739.9961 | 11:30:55 | 220.806652 | 358.854284 
 4152.0056 | 08739.9961 | 11:30:56 | 220.806652 | 358.854284 
 4152.0056 | 08739.9961 | 11:30:57 | 220.806652 | 358.854284 
 4152.0056 | 08739.9961 | 11:30:58 | 220.806652 | 358.854284 
 4152.0056 | 08739.9961 | 11:30:59 | 220.806652 | 358.854284 
 4152.0056 | 08739.9961 | 11:31:00 | 220.806652 | 358.854284 
 4152.0056 | 08739.9961 | 11:31:01 | 220.806652 | 358.854284 
 4152.0056 | 08739.9961 | 11:31:02 | 220.806652 | 358.854284 
 4152.0056 | 08739.9961 | 11:31:03 | 220.806652 | 358.854284 
 4152.0056 | 08739.9961 | 11:31:04 | 220.806652 | 358.854284 
 4152.0056 | 08739.9961 | 11:31:05 | 220.806652 | 358.854284 
 4152.0056 | 08739.9961 | 11:31:06 | 220.806652 | 358.854284 
 4152.0056 | 08739.9961 | 11:31:07 | 220.806652 | 358.854284 
 4152.0056 | 08739.9961 | 11:31:08 | 220.806652 | 358.854284 
 4152.0056 | 08739.9961 | 11:31:09 | 220.806652 | 358.854284 
 4152.0056 | 08739.9961 | 11:31:10 | 220.806652 | 358.854284 
 4152.0056 | 08739.9961 | 11:31:11 | 220.806652 | 358.854284 
 4152.0056 | 08739.9961 | 11:31:12 | 220.806652 | 358.854284 
 4152.0056 | 08739.9961 | 11:31:13 | 220.806652 | 358.854284 
 4152.0056 | 08739.9961 | 11:31:14 | 220.806652 | 358.854284 
 4152.0056 | 08739.9961 | 11:31:15 | 220.806652 | 358.854284 
 4152.0056 | 08739.9961 | 11:31:16 | 220.806652 | 358.854284 
 4152.0056 | 08739.9961 | 11:31:17 | 220.806652 | 358.854284 
 4152.0056 | 08739.9961 | 11:31:18 | 220.806652 | 358.854284 
 4152.0056 | 08739.9961 | 11:31:19 | 220.806652 | 358.854284 
 4152.0056 | 08739.9961 | 11:31:20 | 220.806652 | 358.854284 
 4152.0056 | 08739.9961 | 11:31:21 | 220.806652 | 358.854284 
 4152.0056 | 08739.9961 | 11:31:22 | 220.806652 | 358.854284 
 4152.0056 | 08739.9961 | 11:31:23 | 220.806652 | 358.854284 
 4152.0056 | 08739.9961 | 11:31:24 | 220.806652 | 358.854284 
 4152.0056 | 08739.9961 | 11:31:25 | 220.806652 | 358.854284 
 4152.0056 | 08739.9961 | 11:31:26 | 220.806652 | 358.854284 
 4152.0048 | 08739.9979 | 11:31:27 | 220.805112 | 358.853352 
 4152.0048 | 08739.9954 | 11:31:28 | 220.807261 | 358.853368 
 4152.0048 | 08739.9916 | 11:31:29 | 220.810528 | 358.853394 
 4152.0048 | 08739.9866 | 11:31:30 | 220.814827 | 358.853427 
 4152.0049 | 08739.9806 | 11:31:31 | 220.819985 | 358.853582 
 4152.0050 | 08739.9737 | 11:31:32 | 220.825917 | 358.853743 
 4152.0051 | 08739.9657 | 11:31:33 | 220.832794 | 358.853912 
 4152.0053 | 08739.9570 | 11:31:34 | 220.840273 | 358.854200 
 4152.0054 | 08739.9474 | 11:31:35 | 220.848526 | 358.854379 
 4152.0056 | 08739.9373 | 11:31:36 | 220.857208 | 358.854677 
 4152.0058 | 08739.9265 | 11:31:37 | 220.866492 | 358.854979 
 4152.0061 | 08739.9151 | 11:31:38 | 220.876291 | 358.855401 
 4152.0062 | 08739.9035 | 11:31:39 | 220.886264 | 358.855593 
 4152.0063 | 08739.8915 | 11:31:40 | 220.896580 | 358.855789 
 4152.0066 | 08739.8791 | 11:31:41 | 220.907239 | 358.856217 
 4152.0068 | 08739.8665 | 11:31:42 | 220.918071 | 358.856531 
 4152.0071 | 08739.8537 | 11:31:43 | 220.929073 | 358.856962 
 4152.0074 | 08739.8407 | 11:31:44 | 220.940248 | 358.857394 
 4152.0077 | 08739.8274 | 11:31:45 | 220.951680 | 358.857828 
 4152.0079 | 08739.8140 | 11:31:46 | 220.963200 | 358.858148 
 4152.0080 | 08739.8004 | 11:31:47 | 220.974892 | 358.858355 
 4152.0082 | 08739.7866 | 11:31:48 | 220.986755 | 358.858677 
 4152.0084 | 08739.7725 | 11:31:49 | 220.998877 | 358.859002 
 4152.0086 | 08739.7582 | 11:31:50 | 221.011170 | 358.859328 
 4152.0087 | 08739.7438 | 11:31:51 | 221.023550 | 358.859540 
 4152.0091 | 08739.7290 | 11:31:52 | 221.036271 | 358.860099 
 4152.0096 | 08739.7140 | 11:31:53 | 221.049164 | 358.860775 
 4152.0100 | 08739.6991 | 11:31:54 | 221.061971 | 358.861336 
 4152.0101 | 08739.6842 | 11:31:55 | 221.074781 | 358.861551 
 4152.0104 | 08739.6692 | 11:31:56 | 221.087675 | 358.861997 
 4152.0107 | 08739.6542 | 11:31:57 | 221.100569 | 358.862443 
 4152.0109 | 08739.6393 | 11:31:58 | 221.113378 | 358.862774 
 4152.0111 | 08739.6243 | 11:31:59 | 221.126273 | 358.863105 
 4152.0113 | 08739.6094 | 11:32:00 | 221.139083 | 358.863435 
 4152.0116 | 08739.5945 | 11:32:01 | 221.151891 | 358.863881 
 4152.0118 | 08739.5796 | 11:32:02 | 221.164700 | 358.864211 
 4152.0119 | 08739.5646 | 11:32:03 | 221.177596 | 358.864428 
 4152.0121 | 08739.5497 | 11:32:04 | 221.190405 | 358.864758 
 4152.0123 | 08739.5348 | 11:32:05 | 221.203214 | 358.865089 
 4152.0126 | 08739.5198 | 11:32:06 | 221.216108 | 358.865535 
 4152.0129 | 08739.5051 | 11:32:07 | 221.228744 | 358.865980 
 4152.0131 | 08739.4912 | 11:32:08 | 221.240694 | 358.866304 
 4152.0133 | 08739.4783 | 11:32:09 | 221.251783 | 358.866621 
 4152.0136 | 08739.4663 | 11:32:10 | 221.262098 | 358.867047 
 4152.0138 | 08739.4553 | 11:32:11 | 221.271554 | 358.867352 
 4152.0138 | 08739.4450 | 11:32:12 | 221.280410 | 358.867422 
 4152.0136 | 08739.4353 | 11:32:13 | 221.288751 | 358.867257 
 4152.0137 | 08739.4253 | 11:32:14 | 221.297348 | 358.867440 
 4152.0138 | 08739.4149 | 11:32:15 | 221.306289 | 358.867625 
 4152.0140 | 08739.4040 | 11:32:16 | 221.315659 | 358.867929 
 4152.0142 | 08739.3927 | 11:32:17 | 221.325373 | 358.868236 
 4152.0143 | 08739.3809 | 11:32:18 | 221.335518 | 358.868431 
 4152.0146 | 08739.3686 | 11:32:19 | 221.346090 | 358.868859 
 4152.0149 | 08739.3560 | 11:32:20 | 221.356921 | 358.869290 
 4152.0153 | 08739.3428 | 11:32:21 | 221.368267 | 358.869840 
 4152.0157 | 08739.3294 | 11:32:22 | 221.379784 | 358.870391 
 4152.0159 | 08739.3156 | 11:32:23 | 221.391647 | 358.870714 
 4152.0161 | 08739.3015 | 11:32:24 | 221.403769 | 358.871040 
 4152.0164 | 08739.2872 | 11:32:25 | 221.416061 | 358.871483 
 4152.0165 | 08739.2726 | 11:32:26 | 221.428613 | 358.871697 
 4152.0166 | 08739.2578 | 11:32:27 | 221.441337 | 358.871912 
 4152.0169 | 08739.2431 | 11:32:28 | 221.453973 | 358.872358 
 4152.0172 | 08739.2288 | 11:32:29 | 221.466265 | 358.872800 
 4152.0175 | 08739.2150 | 11:32:30 | 221.478128 | 358.873239 
 4152.0177 | 08739.2016 | 11:32:31 | 221.489647 | 358.873560 
 4152.0179 | 08739.1882 | 11:32:32 | 221.501166 | 358.873882 
 4152.0181 | 08739.1746 | 11:32:33 | 221.512858 | 358.874204 
 4152.0183 | 08739.1613 | 11:32:34 | 221.524291 | 358.874525 
 4152.0185 | 08739.1483 | 11:32:35 | 221.535467 | 358.874844 
 4152.0186 | 08739.1360 | 11:32:36 | 221.546041 | 358.875043 
 4152.0187 | 08739.1245 | 11:32:37 | 221.555928 | 358.875236 
 4152.0189 | 08739.1141 | 11:32:38 | 221.564868 | 358.875537 
 4152.0190 | 08739.1051 | 11:32:39 | 221.572605 | 358.875713 
 4152.0192 | 08739.0973 | 11:32:40 | 221.579310 | 358.875997 
 4152.0192 | 08739.0912 | 11:32:41 | 221.584554 | 358.876038 
 4152.0193 | 08739.0868 | 11:32:42 | 221.588336 | 358.876184 
 4152.0191 | 08739.0841 | 11:32:43 | 221.590660 | 358.875972 
 4152.0190 | 08739.0822 | 11:32:44 | 221.592294 | 358.875870 
 4152.0190 | 08739.0811 | 11:32:45 | 221.593240 | 358.875877 
 4152.0190 | 08739.0805 | 11:32:46 | 221.593756 | 358.875881 
 4152.0191 | 08739.0800 | 11:32:47 | 221.594185 | 358.876000 
 4152.0192 | 08739.0787 | 11:32:48 | 221.595302 | 358.876124 
 4152.0193 | 08739.0764 | 11:32:49 | 221.597278 | 358.876255 
 4152.0193 | 08739.0732 | 11:32:50 | 221.600030 | 358.876276 
 4152.0194 | 08739.0686 | 11:32:51 | 221.603984 | 358.876423 
 4152.0194 | 08739.0636 | 11:32:52 | 221.608283 | 358.876457 
 4152.0192 | 08739.0580 | 11:32:53 | 221.613099 | 358.876265 
 4152.0198 | 08739.0501 | 11:32:54 | 221.619886 | 358.877009 
 4152.0199 | 08739.0422 | 11:32:55 | 221.626678 | 358.877178 
 4152.0200 | 08739.0335 | 11:32:56 | 221.634157 | 358.877353 
 4152.0201 | 08739.0240 | 11:32:57 | 221.642324 | 358.877533 
 4152.0203 | 08739.0140 | 11:32:58 | 221.650920 | 358.877831 
 4152.0203 | 08739.0039 | 11:32:59 | 221.659604 | 358.877901 
 4152.0204 | 08738.9938 | 11:33:00 | 221.668287 | 358.878085 
 4152.0206 | 08738.9834 | 11:33:01 | 221.677227 | 358.878386 
 4152.0210 | 08738.9731 | 11:33:02 | 221.686079 | 358.878917 
 4152.0213 | 08738.9629 | 11:33:03 | 221.694846 | 358.879331 
 4152.0215 | 08738.9530 | 11:33:04 | 221.703356 | 358.879629 
 4152.0217 | 08738.9433 | 11:33:05 | 221.711694 | 358.879926 
 4152.0218 | 08738.9337 | 11:33:06 | 221.719947 | 358.880107 
 4152.0219 | 08738.9245 | 11:33:07 | 221.727856 | 358.880285 
 4152.0220 | 08738.9157 | 11:33:08 | 221.735422 | 358.880460 
 4152.0219 | 08738.9080 | 11:33:09 | 221.742043 | 358.880398 
 4152.0219 | 08738.9013 | 11:33:10 | 221.747804 | 358.880444 
 4152.0222 | 08738.8957 | 11:33:11 | 221.752616 | 358.880827 
 4152.0222 | 08738.8907 | 11:33:12 | 221.756915 | 358.880862 
 4152.0219 | 08738.8862 | 11:33:13 | 221.760786 | 358.880548 
 4152.0224 | 08738.8810 | 11:33:14 | 221.765253 | 358.881158 
 4152.0227 | 08738.8755 | 11:33:15 | 221.769979 | 358.881541 
 4152.0225 | 08738.8636 | 11:33:17 | 221.780212 | 358.881393 
 4152.0223 | 08738.8578 | 11:33:18 | 221.785201 | 358.881203 
 4152.0222 | 08738.8524 | 11:33:19 | 221.789844 | 358.881125 
 4152.0221 | 08738.8476 | 11:33:20 | 221.793972 | 358.881043 
 4152.0219 | 08738.8430 | 11:33:21 | 221.797929 | 358.880844 
 4152.0218 | 08738.8376 | 11:33:22 | 221.802573 | 358.880766 
 4152.0218 | 08738.8316 | 11:33:23 | 221.807732 | 358.880807 
 4152.0215 | 08738.8257 | 11:33:24 | 221.812807 | 358.880503 
 4152.0207 | 08738.8209 | 11:33:25 | 221.816942 | 358.879616 
 4152.0187 | 08738.8176 | 11:33:26 | 221.819797 | 358.877338 
 4152.0156 | 08738.8159 | 11:33:27 | 221.821287 | 358.873784 
 4152.0117 | 08738.8153 | 11:33:28 | 221.821839 | 358.869302 
 4152.0072 | 08738.8153 | 11:33:29 | 221.821881 | 358.864126 
 4152.0020 | 08738.8154 | 11:33:30 | 221.821842 | 358.858144 
 4151.9963 | 08738.8152 | 11:33:31 | 221.822067 | 358.851589 
 4151.9901 | 08738.8149 | 11:33:32 | 221.822382 | 358.844459 
 4151.9834 | 08738.8146 | 11:33:33 | 221.822701 | 358.836755 
 4151.9763 | 08738.8142 | 11:33:34 | 221.823111 | 358.828591 
 4151.9688 | 08738.8137 | 11:33:35 | 221.823609 | 358.819967 
 4151.9607 | 08738.8134 | 11:33:36 | 221.823942 | 358.810652 
 4151.9526 | 08738.8132 | 11:33:37 | 221.824188 | 358.801337 
 4151.9446 | 08738.8129 | 11:33:38 | 221.824520 | 358.792137 
 4151.9367 | 08738.8128 | 11:33:39 | 221.824679 | 358.783050 
 4151.9291 | 08738.8126 | 11:33:40 | 221.824920 | 358.774310 
 4151.9216 | 08738.8123 | 11:33:41 | 221.825247 | 358.765685 
 4151.9142 | 08738.8120 | 11:33:42 | 221.825573 | 358.757175 
 4151.9067 | 08738.8118 | 11:33:43 | 221.825814 | 358.748550 
 4151.8991 | 08738.8113 | 11:33:44 | 221.826314 | 358.739811 
 4151.8913 | 08738.8108 | 11:33:45 | 221.826816 | 358.730843 
 4151.8831 | 08738.8106 | 11:33:46 | 221.827063 | 358.721412 
 4151.8749 | 08738.8106 | 11:33:47 | 221.827139 | 358.711980 
 4151.8664 | 08738.8106 | 11:33:48 | 221.827217 | 358.702203 
 4151.8573 | 08738.8076 | 11:33:49 | 221.829880 | 358.691756 
 4151.8492 | 08738.8069 | 11:33:50 | 221.830556 | 358.682444 
 4151.8398 | 08738.8067 | 11:33:51 | 221.830815 | 358.671633 
 4151.8308 | 08738.8065 | 11:33:52 | 221.831069 | 358.661282 
 4151.8215 | 08738.8062 | 11:33:53 | 221.831413 | 358.650587 
 4151.8123 | 08738.8067 | 11:33:54 | 221.831068 | 358.640001 
 4151.8028 | 08738.8069 | 11:33:55 | 221.830983 | 358.629072 
 4151.7932 | 08738.8069 | 11:33:56 | 221.831071 | 358.618030 
 4151.7835 | 08738.8069 | 11:33:57 | 221.831161 | 358.606872 
 4151.7738 | 08738.8068 | 11:33:58 | 221.831336 | 358.595716 
 4151.7641 | 08738.8066 | 11:33:59 | 221.831597 | 358.584560 
 4151.7544 | 08738.8065 | 11:34:00 | 221.831772 | 358.573403 
 4151.7449 | 08738.8063 | 11:34:01 | 221.832032 | 358.562477 
 4151.7356 | 08738.8061 | 11:34:02 | 221.832289 | 358.551781 
 4151.7263 | 08738.8058 | 11:34:03 | 221.832633 | 358.541086 
 4151.7171 | 08738.8053 | 11:34:04 | 221.833147 | 358.530507 
 4151.7079 | 08738.8050 | 11:34:05 | 221.833490 | 358.519926 
 4151.6987 | 08738.8048 | 11:34:06 | 221.833746 | 358.509346 
 4151.6897 | 08738.8045 | 11:34:07 | 221.834087 | 358.498995 
 4151.6807 | 08738.8044 | 11:34:08 | 221.834256 | 358.488644 
 4151.6719 | 08738.8041 | 11:34:09 | 221.834595 | 358.478524 
 4151.6633 | 08738.8039 | 11:34:10 | 221.834846 | 358.468633 
 4151.6548 | 08738.8038 | 11:34:11 | 221.835010 | 358.458856 
 4151.6386 | 08738.8038 | 11:34:13 | 221.835159 | 358.440222 
 4151.6061 | 08738.7980 | 11:34:31 | 221.840445 | 358.402879 
 4151.5963 | 08738.8032 | 11:34:32 | 221.836064 | 358.391571 
 4151.5836 | 08738.8036 | 11:34:34 | 221.835837 | 358.376960 
 4151.5777 | 08738.8016 | 11:34:35 | 221.837611 | 358.370187 
 4151.5710 | 08738.8012 | 11:34:36 | 221.838017 | 358.362483 
 4151.5640 | 08738.8010 | 11:34:37 | 221.838253 | 358.354433 
 4151.5568 | 08738.8009 | 11:34:38 | 221.838405 | 358.346152 
 4151.5495 | 08738.8009 | 11:34:39 | 221.838472 | 358.337755 
 4151.5425 | 08738.7998 | 11:34:40 | 221.839483 | 358.329711 
 4151.5355 | 08738.8002 | 11:34:41 | 221.839203 | 358.321656 
 4151.5295 | 08738.7996 | 11:34:42 | 221.839774 | 358.314759 
 4151.5238 | 08738.7991 | 11:34:43 | 221.840257 | 358.308206 
 4151.5187 | 08738.7986 | 11:34:44 | 221.840733 | 358.302343 
 4151.5131 | 08738.7991 | 11:34:45 | 221.840355 | 358.295898 
 4151.5086 | 08738.8003 | 11:34:46 | 221.839365 | 358.290714 
 4151.5049 | 08738.8010 | 11:34:47 | 221.838797 | 358.286453 
 4151.5019 | 08738.8012 | 11:34:48 | 221.838652 | 358.283001 
 4151.4992 | 08738.8015 | 11:34:49 | 221.838419 | 358.279893 
 4151.4965 | 08738.8020 | 11:34:50 | 221.838014 | 358.276784 
 4151.4982 | 08738.8011 | 11:34:53 | 221.838772 | 358.278746 
 4151.4982 | 08738.8011 | 11:34:54 | 221.838772 | 358.278746 
 4151.4982 | 08738.8011 | 11:34:58 | 221.838772 | 358.278746 
 4151.4982 | 08738.8011 | 11:34:59 | 221.838772 | 358.278746 
 4151.4982 | 08738.8011 | 11:35:00 | 221.838772 | 358.278746 
 4151.4982 | 08738.8011 | 11:35:02 | 221.838772 | 358.278746 
 4151.4982 | 08738.8011 | 11:35:04 | 221.838772 | 358.278746 
 4151.4982 | 08738.8011 | 11:35:05 | 221.838772 | 358.278746 
 4151.4982 | 08738.8011 | 11:35:06 | 221.838772 | 358.278746 
 4151.4982 | 08738.8011 | 11:35:07 | 221.838772 | 358.278746 
 4151.4982 | 08738.8011 | 11:35:08 | 221.838772 | 358.278746 
 4151.4982 | 08738.8011 | 11:35:09 | 221.838772 | 358.278746 
 4151.4982 | 08738.8011 | 11:35:10 | 221.838772 | 358.278746 
 4151.4982 | 08738.8011 | 11:35:11 | 221.838772 | 358.278746 
 4151.4982 | 08738.8011 | 11:35:12 | 221.838772 | 358.278746 
 4151.4982 | 08738.8011 | 11:35:13 | 221.838772 | 358.278746 
 4151.4982 | 08738.8011 | 11:35:14 | 221.838772 | 358.278746 
 4151.4982 | 08738.8011 | 11:35:15 | 221.838772 | 358.278746 
 4151.4982 | 08738.8011 | 11:35:16 | 221.838772 | 358.278746 
 4151.4982 | 08738.8011 | 11:35:17 | 221.838772 | 358.278746 
 4151.4982 | 08738.8011 | 11:35:18 | 221.838772 | 358.278746 
 4151.4982 | 08738.8011 | 11:35:19 | 221.838772 | 358.278746 
 4151.4982 | 08738.8011 | 11:35:20 | 221.838772 | 358.278746 
 4151.4982 | 08738.8011 | 11:35:21 | 221.838772 | 358.278746 
 4151.4982 | 08738.8011 | 11:35:22 | 221.838772 | 358.278746 
 4151.4982 | 08738.8011 | 11:35:23 | 221.838772 | 358.278746 
 4151.4982 | 08738.8011 | 11:35:24 | 221.838772 | 358.278746 
 4151.4982 | 08738.8011 | 11:35:25 | 221.838772 | 358.278746 
 4151.4982 | 08738.8011 | 11:35:26 | 221.838772 | 358.278746 
 4151.4982 | 08738.8011 | 11:35:27 | 221.838772 | 358.278746 
 4151.4982 | 08738.8011 | 11:35:28 | 221.838772 | 358.278746 
 4151.4982 | 08738.8011 | 11:35:29 | 221.838772 | 358.278746 
 4151.4982 | 08738.8011 | 11:35:30 | 221.838772 | 358.278746 
 4151.4982 | 08738.8011 | 11:35:31 | 221.838772 | 358.278746 
 4151.4967 | 08738.8016 | 11:35:32 | 221.838356 | 358.277017 
 4151.4947 | 08738.8014 | 11:35:33 | 221.838547 | 358.274718 
 4151.4916 | 08738.8011 | 11:35:34 | 221.838833 | 358.271154 
 4151.4878 | 08738.8008 | 11:35:35 | 221.839126 | 358.266785 
 4151.4835 | 08738.8004 | 11:35:36 | 221.839509 | 358.261842 
 4151.4786 | 08738.7999 | 11:35:37 | 221.839985 | 358.256209 
 4151.4736 | 08738.7996 | 11:35:38 | 221.840288 | 358.250460 
 4151.4687 | 08738.7997 | 11:35:39 | 221.840248 | 358.244823 
 4151.4638 | 08738.8002 | 11:35:40 | 221.839863 | 358.239183 
 4151.4584 | 08738.8006 | 11:35:41 | 221.839568 | 358.232969 
 4151.4527 | 08738.8007 | 11:35:42 | 221.839535 | 358.226412 
 4151.4466 | 08738.8005 | 11:35:43 | 221.839763 | 358.219397 
 4151.4401 | 08738.8001 | 11:35:44 | 221.840167 | 358.211923 
 4151.4333 | 08738.7995 | 11:35:45 | 221.840745 | 358.204105 
 4151.4260 | 08738.7988 | 11:35:46 | 221.841414 | 358.195713 
 4151.4186 | 08738.7981 | 11:35:47 | 221.842084 | 358.187206 
 4151.4108 | 08738.7976 | 11:35:48 | 221.842586 | 358.178238 
 4151.4029 | 08738.7971 | 11:35:49 | 221.843089 | 358.169154 
 4151.3950 | 08738.7967 | 11:35:50 | 221.843505 | 358.160070 
 4151.3871 | 08738.7963 | 11:35:51 | 221.843922 | 358.150986 
 4151.3792 | 08738.7960 | 11:35:52 | 221.844253 | 358.141901 
 4151.3714 | 08738.7957 | 11:35:53 | 221.844582 | 358.132931 
 4151.3636 | 08738.7954 | 11:35:54 | 221.844912 | 358.123961 
 4151.3559 | 08738.7952 | 11:35:55 | 221.845155 | 358.115106 
 4151.3482 | 08738.7950 | 11:35:56 | 221.845398 | 358.106250 
 4151.3405 | 08738.7948 | 11:35:57 | 221.845641 | 358.097395 
 4151.3329 | 08738.7945 | 11:35:58 | 221.845968 | 358.088655 
 4151.3253 | 08738.7945 | 11:35:59 | 221.846038 | 358.079913 
 4151.3182 | 08738.7937 | 11:36:00 | 221.846792 | 358.071752 
 4151.3112 | 08738.7938 | 11:36:01 | 221.846770 | 358.063699 
 4151.3042 | 08738.7947 | 11:36:02 | 221.846061 | 358.055641 
 4151.2989 | 08738.7949 | 11:36:03 | 221.845937 | 358.049544 
 4151.2948 | 08738.7954 | 11:36:04 | 221.845545 | 358.044824 
 4151.2934 | 08738.7954 | 11:36:05 | 221.845558 | 358.043214 
 4151.2932 | 08738.7955 | 11:36:06 | 221.845474 | 358.042983 
 4151.2932 | 08738.7956 | 11:36:07 | 221.845388 | 358.042982 
 4151.2933 | 08738.7958 | 11:36:08 | 221.845215 | 358.043096 
 4151.2933 | 08738.7958 | 11:36:09 | 221.845215 | 358.043096 
 4151.2929 | 08738.7961 | 11:36:10 | 221.844961 | 358.042634 
 4151.2916 | 08738.7961 | 11:36:11 | 221.844973 | 358.041138 
 4151.2891 | 08738.7962 | 11:36:12 | 221.844910 | 358.038262 
 4151.2856 | 08738.7963 | 11:36:13 | 221.844856 | 358.034236 
 4151.2815 | 08738.7963 | 11:36:14 | 221.844893 | 358.029520 
 4151.2770 | 08738.7962 | 11:36:15 | 221.845021 | 358.024344 
 4151.2719 | 08738.7960 | 11:36:16 | 221.845240 | 358.018479 
 4151.2662 | 08738.7957 | 11:36:17 | 221.845550 | 358.011925 
 4151.2601 | 08738.7953 | 11:36:18 | 221.845950 | 358.004911 
 4151.2536 | 08738.7948 | 11:36:19 | 221.846440 | 357.997438 
 4151.2469 | 08738.7945 | 11:36:20 | 221.846760 | 357.989733 
 4151.2398 | 08738.7942 | 11:36:21 | 221.847083 | 357.981569 
 4151.2325 | 08738.7939 | 11:36:22 | 221.847408 | 357.973174 
 4151.2249 | 08738.7937 | 11:36:23 | 221.847650 | 357.964433 
 4151.2172 | 08738.7932 | 11:36:24 | 221.848151 | 357.955580 
 4151.2097 | 08738.7928 | 11:36:25 | 221.848564 | 357.946956 
 4151.2021 | 08738.7926 | 11:36:26 | 221.848806 | 357.938215 
 4151.1945 | 08738.7924 | 11:36:27 | 221.849048 | 357.929475 
 4151.1869 | 08738.7925 | 11:36:28 | 221.849032 | 357.920732 
 4151.1791 | 08738.7926 | 11:36:29 | 221.849017 | 357.911760 
 4151.1706 | 08738.7927 | 11:36:30 | 221.849010 | 357.901982 
 4151.1624 | 08738.7925 | 11:36:31 | 221.849257 | 357.892551 
 4151.1540 | 08738.7923 | 11:36:32 | 221.849506 | 357.882890 
 4151.1456 | 08738.7920 | 11:36:33 | 221.849842 | 357.873230 
 4151.1372 | 08738.7916 | 11:36:34 | 221.850263 | 357.863571 
 4151.1286 | 08738.7910 | 11:36:35 | 221.850858 | 357.853683 
 4151.1200 | 08738.7904 | 11:36:36 | 221.851453 | 357.843795 
 4151.1112 | 08738.7898 | 11:36:37 | 221.852050 | 357.833677 
 4151.1023 | 08738.7894 | 11:36:38 | 221.852476 | 357.823442 
 4151.0933 | 08738.7891 | 11:36:39 | 221.852817 | 357.813092 
 4151.0840 | 08738.7889 | 11:36:40 | 221.853074 | 357.802396 
 4151.0746 | 08738.7886 | 11:36:41 | 221.853419 | 357.791586 
 4151.0650 | 08738.7882 | 11:36:42 | 221.853851 | 357.780546 
 4151.0554 | 08738.7877 | 11:36:43 | 221.854369 | 357.769507 
 4151.0455 | 08738.7872 | 11:36:44 | 221.854890 | 357.758123 
 4151.0353 | 08738.7870 | 11:36:45 | 221.855156 | 357.746392 
 4151.0246 | 08738.7875 | 11:36:46 | 221.854825 | 357.734081 
 4151.0140 | 08738.7880 | 11:36:47 | 221.854492 | 357.721885 
 4151.0039 | 08738.7887 | 11:36:48 | 221.853983 | 357.710263 
 4150.9939 | 08738.7897 | 11:36:49 | 221.853215 | 357.698753 
 4150.9845 | 08738.7903 | 11:36:50 | 221.852786 | 357.687937 
 4150.9754 | 08738.7906 | 11:36:51 | 221.852611 | 357.677468 
 4150.9667 | 08738.7906 | 11:36:52 | 221.852691 | 357.667460 
 4150.9586 | 08738.7904 | 11:36:53 | 221.852938 | 357.658145 
 4150.9507 | 08738.7903 | 11:36:54 | 221.853097 | 357.649059 
 4150.9430 | 08738.7902 | 11:36:55 | 221.853253 | 357.640202 
 4150.9355 | 08738.7901 | 11:36:56 | 221.853408 | 357.631576 
 4150.9279 | 08738.7899 | 11:36:57 | 221.853650 | 357.622836 
 4150.9204 | 08738.7899 | 11:36:58 | 221.853719 | 357.614209 
 4150.9128 | 08738.7900 | 11:36:59 | 221.853703 | 357.605466 
 4150.9043 | 08738.7923 | 11:37:00 | 221.851803 | 357.595673 
 4150.8962 | 08738.7935 | 11:37:01 | 221.850846 | 357.586348 
 4150.8884 | 08738.7938 | 11:37:02 | 221.850660 | 357.577374 
 4150.8805 | 08738.7942 | 11:37:03 | 221.850388 | 357.568284 
 4150.8725 | 08738.7945 | 11:37:04 | 221.850204 | 357.559080 
 4150.8645 | 08738.7948 | 11:37:05 | 221.850019 | 357.549876 
 4150.8566 | 08738.7951 | 11:37:06 | 221.849834 | 357.540787 
 4150.8486 | 08738.7953 | 11:37:07 | 221.849736 | 357.531584 
 4150.8419 | 08738.7953 | 11:37:08 | 221.849797 | 357.523877 
 4150.8355 | 08738.7935 | 11:37:09 | 221.851404 | 357.516528 
 4150.8273 | 08738.7926 | 11:37:10 | 221.852254 | 357.507102 
 4150.8184 | 08738.7914 | 11:37:11 | 221.853368 | 357.496873 
 4150.8098 | 08738.7907 | 11:37:12 | 221.854049 | 357.486986 
 4150.8014 | 08738.7902 | 11:37:13 | 221.854556 | 357.477327 
 4150.7927 | 08738.7895 | 11:37:14 | 221.855238 | 357.467325 
 4150.7843 | 08738.7891 | 11:37:15 | 221.855659 | 357.457665 
 4150.7760 | 08738.7891 | 11:37:16 | 221.855736 | 357.448118 
 4150.7678 | 08738.7891 | 11:37:17 | 221.855811 | 357.438686 
 4150.7513 | 08738.7893 | 11:37:19 | 221.855791 | 357.419706 
 4150.7431 | 08738.7894 | 11:37:20 | 221.855780 | 357.410273 
 4150.7106 | 08738.7893 | 11:37:24 | 221.856165 | 357.372891 
 4150.6962 | 08738.7880 | 11:37:26 | 221.857416 | 357.356336 
 4150.6946 | 08738.8092 | 11:37:27 | 221.839197 | 357.354350 
 4150.6888 | 08738.8112 | 11:37:28 | 221.837530 | 357.347665 
 4150.6834 | 08738.8131 | 11:37:29 | 221.835946 | 357.341440 
 4150.6744 | 08738.8160 | 11:37:31 | 221.833534 | 357.331068 
 4150.6707 | 08738.8171 | 11:37:32 | 221.832622 | 357.326805 
 4150.6669 | 08738.8183 | 11:37:33 | 221.831625 | 357.322426 
 4150.6644 | 08738.8189 | 11:37:34 | 221.831132 | 357.319546 
 4150.6839 | 08738.8097 | 11:37:35 | 221.838865 | 357.342039 
 4150.6815 | 08738.8099 | 11:37:36 | 221.838715 | 357.339277 
 4150.6790 | 08738.8103 | 11:37:37 | 221.838394 | 357.336399 
 4150.6761 | 08738.8109 | 11:37:38 | 221.837905 | 357.333059 
 4150.6808 | 08738.8068 | 11:37:39 | 221.841388 | 357.338493 
 4150.6744 | 08738.8080 | 11:37:42 | 221.840415 | 357.331123 
 4150.6940 | 08738.8046 | 11:37:43 | 221.843159 | 357.353692 
 4150.7116 | 08738.7909 | 11:37:44 | 221.854780 | 357.374030 
 4150.7135 | 08738.7916 | 11:37:45 | 221.854161 | 357.376211 
 4150.7065 | 08738.7899 | 11:37:46 | 221.855687 | 357.368171 
 4150.7004 | 08738.7892 | 11:37:47 | 221.856345 | 357.361159 
 4150.6953 | 08738.7874 | 11:37:48 | 221.857940 | 357.355305 
 4150.6879 | 08738.7879 | 11:37:49 | 221.857578 | 357.346790 
 4150.6818 | 08738.7876 | 11:37:50 | 221.857893 | 357.339775 
 4150.6759 | 08738.7875 | 11:37:51 | 221.858033 | 357.332990 
 4150.6695 | 08738.7875 | 11:37:52 | 221.858092 | 357.325628 
 4150.6627 | 08738.7875 | 11:37:53 | 221.858154 | 357.317806 
 4150.6555 | 08738.7874 | 11:37:54 | 221.858307 | 357.309525 
 4150.6484 | 08738.7871 | 11:37:55 | 221.858630 | 357.301361 
 4150.6413 | 08738.7869 | 11:37:56 | 221.858867 | 357.293195 
 4150.6342 | 08738.7868 | 11:37:57 | 221.859019 | 357.285029 
 4150.6275 | 08738.7869 | 11:37:58 | 221.858994 | 357.277322 
 4150.6210 | 08738.7867 | 11:37:59 | 221.859226 | 357.269847 
 4150.6146 | 08738.7865 | 11:38:00 | 221.859457 | 357.262486 
 4150.6079 | 08738.7863 | 11:38:01 | 221.859691 | 357.254781 
 4150.6008 | 08738.7860 | 11:38:02 | 221.860014 | 357.246616 
 4150.5935 | 08738.7858 | 11:38:03 | 221.860253 | 357.238221 
 4150.5858 | 08738.7856 | 11:38:04 | 221.860496 | 357.229365 
 4150.5779 | 08738.7854 | 11:38:05 | 221.860741 | 357.220280 
 4150.5700 | 08738.7853 | 11:38:06 | 221.860899 | 357.211194 
 4150.5624 | 08738.7853 | 11:38:07 | 221.860969 | 357.202452 
 4150.5554 | 08738.7852 | 11:38:08 | 221.861120 | 357.194401 
 4150.5492 | 08738.7850 | 11:38:09 | 221.861349 | 357.187271 
 4150.5439 | 08738.7848 | 11:38:10 | 221.861569 | 357.181176 
 4150.5394 | 08738.7847 | 11:38:11 | 221.861697 | 357.176000 
 4150.5356 | 08738.7846 | 11:38:12 | 221.861818 | 357.171630 
 4150.5327 | 08738.7845 | 11:38:13 | 221.861931 | 357.168295 
 4150.5308 | 08738.7844 | 11:38:14 | 221.862034 | 357.166110 
 4150.5295 | 08738.7844 | 11:38:15 | 221.862046 | 357.164615 
 4150.5288 | 08738.7843 | 11:38:16 | 221.862138 | 357.163810 
 4150.5282 | 08738.7843 | 11:38:17 | 221.862144 | 357.163120 
 4150.5280 | 08738.7843 | 11:38:18 | 221.862146 | 357.162890 
 4150.5278 | 08738.7842 | 11:38:19 | 221.862234 | 357.162661 
 4150.5276 | 08738.7841 | 11:38:20 | 221.862322 | 357.162431 
 4150.5273 | 08738.7842 | 11:38:21 | 221.862238 | 357.162086 
 4150.5266 | 08738.7841 | 11:38:22 | 221.862331 | 357.161281 
 4150.5254 | 08738.7840 | 11:38:23 | 221.862428 | 357.159902 
 4150.5235 | 08738.7839 | 11:38:24 | 221.862531 | 357.157717 
 4150.5211 | 08738.7838 | 11:38:25 | 221.862639 | 357.154957 
 4150.5184 | 08738.7837 | 11:38:26 | 221.862750 | 357.151852 
 4150.5154 | 08738.7836 | 11:38:27 | 221.862864 | 357.148402 
 4150.5122 | 08738.7836 | 11:38:28 | 221.862893 | 357.144721 
 4150.5090 | 08738.7835 | 11:38:29 | 221.863009 | 357.141041 
 4150.5058 | 08738.7834 | 11:38:30 | 221.863124 | 357.137361 
 4150.5022 | 08738.7834 | 11:38:31 | 221.863157 | 357.133220 
 4150.4983 | 08738.7833 | 11:38:32 | 221.863279 | 357.128735 
 4150.4939 | 08738.7832 | 11:38:33 | 221.863406 | 357.123674 
 4150.4894 | 08738.7831 | 11:38:34 | 221.863533 | 357.118499 
 4150.4846 | 08738.7829 | 11:38:35 | 221.863749 | 357.112979 
 4150.4795 | 08738.7827 | 11:38:36 | 221.863968 | 357.107114 
 4150.4744 | 08738.7825 | 11:38:37 | 221.864187 | 357.101249 
 4150.4692 | 08738.7825 | 11:38:38 | 221.864235 | 357.095268 
 4150.4643 | 08738.7823 | 11:38:39 | 221.864452 | 357.089633 
 4150.4597 | 08738.7823 | 11:38:40 | 221.864494 | 357.084342 
 4150.4551 | 08738.7824 | 11:38:41 | 221.864451 | 357.079050 
 4150.4503 | 08738.7824 | 11:38:42 | 221.864495 | 357.073529 
 4150.4455 | 08738.7825 | 11:38:43 | 221.864453 | 357.068007 
 4150.4402 | 08738.7825 | 11:38:44 | 221.864502 | 357.061911 
 4150.4345 | 08738.7825 | 11:38:45 | 221.864554 | 357.055354 
 4150.4287 | 08738.7824 | 11:38:46 | 221.864694 | 357.048684 
 4150.4231 | 08738.7823 | 11:38:47 | 221.864831 | 357.042243 
 4150.4177 | 08738.7824 | 11:38:48 | 221.864795 | 357.036031 
 4150.4126 | 08738.7825 | 11:38:49 | 221.864756 | 357.030164 
 4150.4077 | 08738.7826 | 11:38:50 | 221.864715 | 357.024527 
 4150.4031 | 08738.7828 | 11:38:51 | 221.864585 | 357.019235 
 4150.3990 | 08738.7829 | 11:38:52 | 221.864537 | 357.014518 
 4150.3952 | 08738.7832 | 11:38:53 | 221.864314 | 357.010145 
 4150.3935 | 08738.7836 | 11:38:54 | 221.863985 | 357.008187 
 4150.3925 | 08738.7834 | 11:38:55 | 221.864167 | 357.007038 
 4150.3916 | 08738.7835 | 11:38:56 | 221.864089 | 357.006002 
 4150.3908 | 08738.7836 | 11:38:57 | 221.864010 | 357.005081 
 4150.3900 | 08738.7838 | 11:38:58 | 221.863845 | 357.004159 
 4150.3895 | 08738.7840 | 11:38:59 | 221.863678 | 357.003583 
 4150.3889 | 08738.7844 | 11:39:00 | 221.863339 | 357.002890 
 4150.3886 | 08738.7848 | 11:39:01 | 221.862998 | 357.002542 
 4150.3886 | 08738.7852 | 11:39:02 | 221.862654 | 357.002540 
 4150.3886 | 08738.7856 | 11:39:03 | 221.862310 | 357.002537 
 4150.3886 | 08738.7860 | 11:39:04 | 221.861966 | 357.002534 
 4150.3886 | 08738.7865 | 11:39:05 | 221.861536 | 357.002531 
 4150.3883 | 08738.7878 | 11:39:06 | 221.860420 | 357.002177 
 4150.3881 | 08738.7891 | 11:39:07 | 221.859304 | 357.001938 
 4150.3878 | 08738.7908 | 11:39:08 | 221.857845 | 357.001581 
 4150.3875 | 08738.7930 | 11:39:09 | 221.855955 | 357.001221 
 4150.3872 | 08738.7955 | 11:39:10 | 221.853807 | 357.000858 
 4150.3868 | 08738.7978 | 11:39:11 | 221.851833 | 357.000382 
 4150.3862 | 08738.7998 | 11:39:12 | 221.850118 | 356.999678 
 4150.3853 | 08738.8015 | 11:39:13 | 221.848664 | 356.998632 
 4150.3841 | 08738.8027 | 11:39:14 | 221.847643 | 356.997243 
 4150.3827 | 08738.8037 | 11:39:15 | 221.846796 | 356.995626 
 4150.3810 | 08738.8043 | 11:39:16 | 221.846295 | 356.993666 
 4150.3791 | 08738.8046 | 11:39:17 | 221.846054 | 356.991479 
 4150.3769 | 08738.8046 | 11:39:18 | 221.846075 | 356.988948 
 4150.3750 | 08738.8045 | 11:39:19 | 221.846178 | 356.986763 
 4150.3737 | 08738.8043 | 11:39:20 | 221.846362 | 356.985269 
 4150.3728 | 08738.8036 | 11:39:21 | 221.846973 | 356.984239 
 4150.3722 | 08738.8026 | 11:39:22 | 221.847838 | 356.983556 
 4150.3720 | 08738.8015 | 11:39:23 | 221.848786 | 356.983333 
 4150.3717 | 08738.8008 | 11:39:24 | 221.849391 | 356.982993 
 4150.3715 | 08738.8001 | 11:39:25 | 221.849995 | 356.982768 
 4150.3714 | 08738.7996 | 11:39:26 | 221.850426 | 356.982656 
 4150.3712 | 08738.7993 | 11:39:27 | 221.850686 | 356.982428 
 4150.3712 | 08738.7990 | 11:39:28 | 221.850944 | 356.982430 
 4150.3712 | 08738.7990 | 11:39:29 | 221.850