 4150.3604 | 08738.8051 | 12:05:34 | 221.845796 | 356.969966 
 4150.3611 | 08738.8090 | 12:05:44 | 221.842435 | 356.970744 
 4150.3611 | 08738.8090 | 12:05:45 | 221.842435 | 356.970744 
 4150.3611 | 08738.8090 | 12:05:46 | 221.842435 | 356.970744 
 4150.3634 | 08738.8068 | 12:05:47 | 221.844306 | 356.973405 
 4150.3632 | 08738.8066 | 12:05:48 | 221.844480 | 356.973176 
 4150.3633 | 08738.8064 | 12:05:49 | 221.844651 | 356.973292 
 4150.3632 | 08738.8063 | 12:05:50 | 221.844738 | 356.973178 
 4150.3632 | 08738.8063 | 12:05:51 | 221.844738 | 356.973178 
 4150.3635 | 08738.8056 | 12:05:52 | 221.845338 | 356.973528 
 4150.3637 | 08738.8053 | 12:05:53 | 221.845594 | 356.973760 
 4150.3638 | 08738.8050 | 12:05:54 | 221.845851 | 356.973877 
 4150.3638 | 08738.8046 | 12:05:55 | 221.846195 | 356.973880 
 4150.3638 | 08738.8041 | 12:05:56 | 221.846625 | 356.973883 
 4150.3647 | 08738.8039 | 12:05:57 | 221.846789 | 356.974920 
 4150.3650 | 08738.8034 | 12:05:58 | 221.847216 | 356.975269 
 4150.3656 | 08738.8031 | 12:05:59 | 221.847469 | 356.975961 
 4150.3662 | 08738.8027 | 12:06:00 | 221.847807 | 356.976654 
 4150.3665 | 08738.8030 | 12:06:01 | 221.847547 | 356.976997 
 4150.3668 | 08738.8034 | 12:06:02 | 221.847200 | 356.977339 
 4150.3673 | 08738.8034 | 12:06:03 | 221.847195 | 356.977914 
 4150.3676 | 08738.8037 | 12:06:04 | 221.846934 | 356.978257 
 4150.3685 | 08738.8039 | 12:06:05 | 221.846754 | 356.979291 
 4150.3692 | 08738.8039 | 12:06:06 | 221.846748 | 356.980096 
 4150.3701 | 08738.8032 | 12:06:07 | 221.847341 | 356.981136 
 4150.3707 | 08738.8029 | 12:06:08 | 221.847594 | 356.981828 
 4150.3712 | 08738.8034 | 12:06:09 | 221.847159 | 356.982400 
 4150.3717 | 08738.8034 | 12:06:10 | 221.847155 | 356.982975 
 4150.3722 | 08738.8033 | 12:06:11 | 221.847236 | 356.983551 
 4150.3726 | 08738.8029 | 12:06:12 | 221.847577 | 356.984014 
 4150.3730 | 08738.8027 | 12:06:13 | 221.847745 | 356.984475 
 4150.3731 | 08738.8026 | 12:06:14 | 221.847830 | 356.984591 
 4150.3732 | 08738.8025 | 12:06:15 | 221.847915 | 356.984707 
 4150.3731 | 08738.8025 | 12:06:16 | 221.847916 | 356.984592 
 4150.3731 | 08738.8025 | 12:06:17 | 221.847916 | 356.984592 
 4150.3731 | 08738.8025 | 12:06:18 | 221.847916 | 356.984592 
 4150.3731 | 08738.8025 | 12:06:19 | 221.847916 | 356.984592 
 4150.3731 | 08738.8025 | 12:06:20 | 221.847916 | 356.984592 
 4150.3731 | 08738.8025 | 12:06:21 | 221.847916 | 356.984592 
 4150.3731 | 08738.8025 | 12:06:22 | 221.847916 | 356.984592 
 4150.3730 | 08738.8025 | 12:06:23 | 221.847917 | 356.984477 
 4150.3735 | 08738.8027 | 12:06:24 | 221.847740 | 356.985050 
 4150.3729 | 08738.8026 | 12:06:25 | 221.847832 | 356.984361 
 4150.3729 | 08738.8025 | 12:06:26 | 221.847918 | 356.984362 
 4150.3729 | 08738.8024 | 12:06:27 | 221.848004 | 356.984362 
 4150.3729 | 08738.8024 | 12:06:28 | 221.848004 | 356.984362 
 4150.3729 | 08738.8024 | 12:06:29 | 221.848004 | 356.984362 
 4150.3729 | 08738.8024 | 12:06:30 | 221.848004 | 356.984362 
 4150.3729 | 08738.8024 | 12:06:31 | 221.848004 | 356.984362 
 4150.3729 | 08738.8024 | 12:06:32 | 221.848004 | 356.984362 
 4150.3729 | 08738.8024 | 12:06:33 | 221.848004 | 356.984362 
 4150.3729 | 08738.8024 | 12:06:34 | 221.848004 | 356.984362 
 4150.3729 | 08738.8024 | 12:06:35 | 221.848004 | 356.984362 
 4150.3729 | 08738.8024 | 12:06:36 | 221.848004 | 356.984362 
 4150.3729 | 08738.8024 | 12:06:37 | 221.848004 | 356.984362 
 4150.3729 | 08738.8024 | 12:06:38 | 221.848004 | 356.984362 
 4150.3729 | 08738.8024 | 12:06:39 | 221.848004 | 356.984362 
 4150.3729 | 08738.8024 | 12:06:40 | 221.848004 | 356.984362 
 4150.3729 | 08738.8024 | 12:06:41 | 221.848004 | 356.984362 
 4150.3733 | 08738.8014 | 12:06:42 | 221.848860 | 356.984829 
 4150.3735 | 08738.8012 | 12:06:43 | 221.849031 | 356.985061 
 4150.3733 | 08738.8010 | 12:06:44 | 221.849204 | 356.984832 
 4150.3739 | 08738.8010 | 12:06:45 | 221.849199 | 356.985522 
 4150.3739 | 08738.8010 | 12:06:46 | 221.849199 | 356.985522 
 4150.3739 | 08738.8010 | 12:06:47 | 221.849199 | 356.985522 
 4150.3739 | 08738.8010 | 12:06:48 | 221.849199 | 356.985522 
 4150.3739 | 08738.8010 | 12:06:49 | 221.849199 | 356.985522 
 4150.3739 | 08738.8010 | 12:06:50 | 221.849199 | 356.985522 
 4150.3739 | 08738.8010 | 12:06:51 | 221.849199 | 356.985522 
 4150.3739 | 08738.8010 | 12:06:52 | 221.849199 | 356.985522 
 4150.3739 | 08738.8010 | 12:06:53 | 221.849199 | 356.985522 
 4150.3739 | 08738.8010 | 12:06:54 | 221.849199 | 356.985522 
 4150.3739 | 08738.8010 | 12:06:55 | 221.849199 | 356.985522 
 4150.3739 | 08738.8010 | 12:06:56 | 221.849199 | 356.985522 
 4150.3739 | 08738.8010 | 12:06:57 | 221.849199 | 356.985522 
 4150.3739 | 08738.8010 | 12:06:58 | 221.849199 | 356.985522 
 4150.3739 | 08738.8010 | 12:06:59 | 221.849199 | 356.985522 
 4150.3739 | 08738.8010 | 12:07:00 | 221.849199 | 356.985522 
 4150.3739 | 08738.8010 | 12:07:01 | 221.849199 | 356.985522 
 4150.3739 | 08738.8010 | 12:07:02 | 221.849199 | 356.985522 
 4150.3739 | 08738.8010 | 12:07:03 | 221.849199 | 356.985522 
 4150.3739 | 08738.8010 | 12:07:04 | 221.849199 | 356.985522 
 4150.3739 | 08738.8010 | 12:07:05 | 221.849199 | 356.985522 
 4150.3739 | 08738.8010 | 12:07:06 | 221.849199 | 356.985522 
 4150.3739 | 08738.8010 | 12:07:07 | 221.849199 | 356.985522 
 4150.3739 | 08738.8010 | 12:07:08 | 221.849199 | 356.985522 
 4150.3739 | 08738.8010 | 12:07:09 | 221.849199 | 356.985522 
 4150.3739 | 08738.8010 | 12:07:10 | 221.849199 | 356.985522 
 4150.3739 | 08738.8010 | 12:07:11 | 221.849199 | 356.985522 
 4150.3739 | 08738.8010 | 12:07:12 | 221.849199 | 356.985522 
 4150.3739 | 08738.8010 | 12:07:13 | 221.849199 | 356.985522 
 4150.3739 | 08738.8010 | 12:07:14 | 221.849199 | 356.985522 
 4150.3739 | 08738.8010 | 12:07:15 | 221.849199 | 356.985522 
 4150.3739 | 08738.8010 | 12:07:16 | 221.849199 | 356.985522 
 4150.3739 | 08738.8010 | 12:07:17 | 221.849199 | 356.985522 
 4150.3739 | 08738.8010 | 12:07:18 | 221.849199 | 356.985522 
 4150.3739 | 08738.8010 | 12:07:19 | 221.849199 | 356.985522 
 4150.3739 | 08738.8010 | 12:07:20 | 221.849199 | 356.985522 
 4150.3739 | 08738.8010 | 12:07:21 | 221.849199 | 356.985522 
 4150.3739 | 08738.8010 | 12:07:22 | 221.849199 | 356.985522 
 4150.3739 | 08738.8010 | 12:07:23 | 221.849199 | 356.985522 
 4150.3739 | 08738.8010 | 12:07:24 | 221.849199 | 356.985522 
 4150.3739 | 08738.8010 | 12:07:25 | 221.849199 | 356.985522 
 4150.3739 | 08738.8010 | 12:07:26 | 221.849199 | 356.985522 
 4150.3739 | 08738.8010 | 12:07:27 | 221.849199 | 356.985522 
 4150.3739 | 08738.8010 | 12:07:28 | 221.849199 | 356.985522 
 4150.3739 | 08738.8010 | 12:07:29 | 221.849199 | 356.985522 
 4150.3739 | 08738.8010 | 12:07:30 | 221.849199 | 356.985522 
 4150.3739 | 08738.8010 | 12:07:31 | 221.849199 | 356.985522 
 4150.3739 | 08738.8010 | 12:07:32 | 221.849199 | 356.985522 
 4150.3739 | 08738.8010 | 12:07:33 | 221.849199 | 356.985522 
 4150.3739 | 08738.8010 | 12:07:34 | 221.849199 | 356.985522 
 4150.3739 | 08738.8010 | 12:07:35 | 221.849199 | 356.985522 
 4150.3739 | 08738.8010 | 12:07:36 | 221.849199 | 356.985522 
 4150.3739 | 08738.8010 | 12:07:37 | 221.849199 | 356.985522 
 4150.3739 | 08738.8010 | 12:07:38 | 221.849199 | 356.985522 
 4150.3739 | 08738.8010 | 12:07:39 | 221.849199 | 356.985522 
 4150.3739 | 08738.8010 | 12:07:40 | 221.849199 | 356.985522 
 4150.3739 | 08738.8010 | 12:07:41 | 221.849199 | 356.985522 
 4150.3739 | 08738.8010 | 12:07:42 | 221.849199 | 356.985522 
 4150.3739 | 08738.8010 | 12:07:43 | 221.849199 | 356.985522 
 4150.3739 | 08738.8010 | 12:07:44 | 221.849199 | 356.985522 
 4150.3739 | 08738.8010 | 12:07:45 | 221.849199 | 356.985522 
 4150.3739 | 08738.8010 | 12:07:46 | 221.849199 | 356.985522 
 4150.3701 | 08738.8019 | 12:07:47 | 221.848460 | 356.981145 
 4150.3697 | 08738.8020 | 12:07:48 | 221.848377 | 356.980684 
 4150.3693 | 08738.8021 | 12:07:49 | 221.848295 | 356.980224 
 4150.3689 | 08738.8023 | 12:07:50 | 221.848127 | 356.979762 
 4150.3686 | 08738.8025 | 12:07:51 | 221.847957 | 356.979416 
 4150.3681 | 08738.8027 | 12:07:52 | 221.847790 | 356.978839 
 4150.3675 | 08738.8028 | 12:07:53 | 221.847709 | 356.978148 
 4150.3668 | 08738.8029 | 12:07:54 | 221.847630 | 356.977342 
 4150.3661 | 08738.8030 | 12:07:55 | 221.847550 | 356.976537 
 4150.3652 | 08738.8030 | 12:07:56 | 221.847559 | 356.975501 
 4150.3641 | 08738.8031 | 12:07:57 | 221.847483 | 356.974235 
 4150.3627 | 08738.8032 | 12:07:58 | 221.847409 | 356.972624 
 4150.3610 | 08738.8034 | 12:07:59 | 221.847253 | 356.970668 
 4150.3591 | 08738.8035 | 12:08:00 | 221.847185 | 356.968481 
 4150.3573 | 08738.8035 | 12:08:01 | 221.847201 | 356.966411 
 4150.3557 | 08738.8034 | 12:08:02 | 221.847302 | 356.964571 
 4150.3539 | 08738.8031 | 12:08:03 | 221.847576 | 356.962503 
 4150.3521 | 08738.8029 | 12:08:04 | 221.847765 | 356.960434 
 4150.3500 | 08738.8024 | 12:08:05 | 221.848214 | 356.958022 
 4150.3478 | 08738.8016 | 12:08:06 | 221.848923 | 356.955497 
 4150.3456 | 08738.8006 | 12:08:07 | 221.849803 | 356.952973 
 4150.3436 | 08738.7994 | 12:08:08 | 221.850854 | 356.950681 
 4150.3416 | 08738.7981 | 12:08:09 | 221.851990 | 356.948389 
 4150.3396 | 08738.7965 | 12:08:10 | 221.853385 | 356.946100 
 4150.3376 | 08738.7947 | 12:08:11 | 221.854952 | 356.943812 
 4150.3356 | 08738.7927 | 12:08:12 | 221.856690 | 356.941525 
 4150.3337 | 08738.7909 | 12:08:13 | 221.858256 | 356.939352 
 4150.3319 | 08738.7891 | 12:08:14 | 221.859821 | 356.937294 
 4150.3305 | 08738.7876 | 12:08:15 | 221.861124 | 356.935694 
 4150.3294 | 08738.7861 | 12:08:16 | 221.862425 | 356.934439 
 4150.3286 | 08738.7846 | 12:08:17 | 221.863722 | 356.933529 
 4150.3282 | 08738.7831 | 12:08:18 | 221.865016 | 356.933079 
 4150.3280 | 08738.7819 | 12:08:19 | 221.866050 | 356.932857 
 4150.3281 | 08738.7809 | 12:08:20 | 221.866909 | 356.932979 
 4150.3282 | 08738.7800 | 12:08:21 | 221.867683 | 356.933100 
 4150.3285 | 08738.7786 | 12:08:22 | 221.868884 | 356.933455 
 4150.3298 | 08738.7769 | 12:08:23 | 221.870334 | 356.934962 
 4150.3321 | 08738.7756 | 12:08:24 | 221.871431 | 356.937617 
 4150.3354 | 08738.7750 | 12:08:25 | 221.871917 | 356.941417 
 4150.3394 | 08738.7750 | 12:08:26 | 221.871880 | 356.946018 
 4150.3441 | 08738.7752 | 12:08:27 | 221.871665 | 356.951422 
 4150.3494 | 08738.7755 | 12:08:28 | 221.871358 | 356.957517 
 4150.3551 | 08738.7757 | 12:08:29 | 221.871134 | 356.964072 
 4150.3611 | 08738.7757 | 12:08:30 | 221.871079 | 356.970973 
 4150.3670 | 08738.7757 | 12:08:31 | 221.871024 | 356.977760 
 4150.3726 | 08738.7756 | 12:08:32 | 221.871059 | 356.984202 
 4150.3781 | 08738.7756 | 12:08:33 | 221.871008 | 356.990528 
 4150.3837 | 08738.7756 | 12:08:34 | 221.870957 | 356.996969 
 4150.3895 | 08738.7758 | 12:08:35 | 221.870731 | 357.003639 
 4150.3957 | 08738.7761 | 12:08:36 | 221.870416 | 357.010769 
 4150.4023 | 08738.7765 | 12:08:37 | 221.870011 | 357.018358 
 4150.4092 | 08738.7769 | 12:08:38 | 221.869604 | 357.026292 
 4150.4165 | 08738.7773 | 12:08:39 | 221.869193 | 357.034686 
 4150.4242 | 08738.7777 | 12:08:40 | 221.868778 | 357.043540 
 4150.4321 | 08738.7780 | 12:08:41 | 221.868447 | 357.052625 
 4150.4404 | 08738.7782 | 12:08:42 | 221.868199 | 357.062170 
 4150.4489 | 08738.7784 | 12:08:43 | 221.867948 | 357.071946 
 4150.4578 | 08738.7787 | 12:08:44 | 221.867608 | 357.082181 
 4150.4667 | 08738.7790 | 12:08:45 | 221.867268 | 357.092416 
 4150.4756 | 08738.7792 | 12:08:46 | 221.867015 | 357.102652 
 4150.4845 | 08738.7795 | 12:08:47 | 221.866675 | 357.112887 
 4150.4934 | 08738.7797 | 12:08:48 | 221.866421 | 357.123123 
 4150.5024 | 08738.7800 | 12:08:49 | 221.866080 | 357.133473 
 4150.5113 | 08738.7802 | 12:08:50 | 221.865826 | 357.143709 
 4150.5203 | 08738.7804 | 12:08:51 | 221.865571 | 357.154060 
 4150.5292 | 08738.7806 | 12:08:52 | 221.865317 | 357.164296 
 4150.5380 | 08738.7807 | 12:08:53 | 221.865150 | 357.174417 
 4150.5468 | 08738.7809 | 12:08:54 | 221.864897 | 357.184538 
 4150.5555 | 08738.7811 | 12:08:55 | 221.864645 | 357.194544 
 4150.5642 | 08738.7813 | 12:08:56 | 221.864393 | 357.204550 
 4150.5729 | 08738.7815 | 12:08:57 | 221.864141 | 357.214555 
 4150.5816 | 08738.7817 | 12:08:58 | 221.863889 | 357.224561 
 4150.5904 | 08738.7819 | 12:08:59 | 221.863636 | 357.234682 
 4150.5993 | 08738.7819 | 12:09:00 | 221.863554 | 357.244919 
 4150.6083 | 08738.7820 | 12:09:01 | 221.863385 | 357.255271 
 4150.6172 | 08738.7822 | 12:09:02 | 221.863131 | 357.265507 
 4150.6263 | 08738.7825 | 12:09:03 | 221.862790 | 357.275972 
 4150.6354 | 08738.7827 | 12:09:04 | 221.862534 | 357.286438 
 4150.6446 | 08738.7828 | 12:09:05 | 221.862363 | 357.297019 
 4150.6538 | 08738.7830 | 12:09:06 | 221.862107 | 357.307600 
 4150.6630 | 08738.7831 | 12:09:07 | 221.861936 | 357.318182 
 4150.6723 | 08738.7832 | 12:09:08 | 221.861764 | 357.328878 
 4150.6815 | 08738.7836 | 12:09:09 | 221.861336 | 357.339458 
 4150.6905 | 08738.7839 | 12:09:10 | 221.860995 | 357.349808 
 4150.6993 | 08738.7842 | 12:09:11 | 221.860656 | 357.359928 
 4150.7079 | 08738.7844 | 12:09:12 | 221.860405 | 357.369819 
 4150.7161 | 08738.7847 | 12:09:13 | 221.860071 | 357.379249 
 4150.7243 | 08738.7851 | 12:09:14 | 221.859652 | 357.388678 
 4150.7324 | 08738.7852 | 12:09:15 | 221.859491 | 357.397994 
 4150.7404 | 08738.7853 | 12:09:16 | 221.859332 | 357.407196 
 4150.7484 | 08738.7854 | 12:09:17 | 221.859172 | 357.416397 
 4150.7564 | 08738.7855 | 12:09:18 | 221.859012 | 357.425598 
 4150.7645 | 08738.7856 | 12:09:19 | 221.858852 | 357.434915 
 4150.7725 | 08738.7857 | 12:09:20 | 221.858692 | 357.444116 
 4150.7805 | 08738.7859 | 12:09:21 | 221.858447 | 357.453317 
 4150.7890 | 08738.7851 | 12:09:22 | 221.859057 | 357.463099 
 4150.7951 | 08738.7857 | 12:09:23 | 221.858484 | 357.470112 
 4150.8022 | 08738.7861 | 12:09:24 | 221.858075 | 357.478276 
 4150.8093 | 08738.7860 | 12:09:25 | 221.858096 | 357.486443 
 4150.8160 | 08738.7851 | 12:09:26 | 221.858808 | 357.494156 
 4150.8223 | 08738.7849 | 12:09:27 | 221.858922 | 357.501404 
 4150.8273 | 08738.7851 | 12:09:28 | 221.858704 | 357.507154 
 4150.8315 | 08738.7848 | 12:09:29 | 221.858924 | 357.511987 
 4150.8349 | 08738.7832 | 12:09:30 | 221.860268 | 357.515909 
 4150.8379 | 08738.7795 | 12:09:31 | 221.863423 | 357.519385 
 4150.8411 | 08738.7745 | 12:09:32 | 221.867694 | 357.523100 
 4150.8443 | 08738.7683 | 12:09:33 | 221.872997 | 357.526823 
 4150.8479 | 08738.7612 | 12:09:34 | 221.879070 | 357.531013 
 4150.8518 | 08738.7530 | 12:09:35 | 221.886086 | 357.535556 
 4150.8559 | 08738.7442 | 12:09:36 | 221.893617 | 357.540332 
 4150.8601 | 08738.7350 | 12:09:37 | 221.901491 | 357.545227 
 4150.8645 | 08738.7257 | 12:09:38 | 221.909449 | 357.550352 
 4150.8690 | 08738.7160 | 12:09:39 | 221.917750 | 357.555595 
 4150.8737 | 08738.7060 | 12:09:40 | 221.926307 | 357.561070 
 4150.8785 | 08738.6956 | 12:09:41 | 221.935207 | 357.566663 
 4150.8834 | 08738.6850 | 12:09:42 | 221.944278 | 357.572372 
 4150.8882 | 08738.6738 | 12:09:43 | 221.953867 | 357.577970 
 4150.8925 | 08738.6626 | 12:09:44 | 221.963459 | 357.582994 
 4150.8963 | 08738.6511 | 12:09:45 | 221.973315 | 357.587444 
 4150.8996 | 08738.6395 | 12:09:46 | 221.983261 | 357.591320 
 4150.9030 | 08738.6275 | 12:09:47 | 221.993550 | 357.595314 
 4150.9063 | 08738.6157 | 12:09:48 | 222.003668 | 357.599191 
 4150.9096 | 08738.6038 | 12:09:49 | 222.013872 | 357.603069 
 4150.9129 | 08738.5919 | 12:09:50 | 222.024076 | 357.606947 
 4150.9168 | 08738.5790 | 12:09:51 | 222.035134 | 357.611522 
 4150.9232 | 08738.5654 | 12:09:52 | 222.046771 | 357.618978 
 4150.9275 | 08738.5519 | 12:09:53 | 222.058342 | 357.624017 
 4150.9322 | 08738.5391 | 12:09:54 | 222.069307 | 357.629512 
 4150.9374 | 08738.5276 | 12:09:55 | 222.079149 | 357.635573 
 4150.9431 | 08738.5169 | 12:09:56 | 222.088299 | 357.642203 
 4150.9484 | 08738.5064 | 12:09:57 | 222.097280 | 357.648372 
 4150.9536 | 08738.4959 | 12:09:58 | 222.106262 | 357.654427 
 4150.9591 | 08738.4854 | 12:09:59 | 222.115241 | 357.660826 
 4150.9647 | 08738.4748 | 12:10:00 | 222.124306 | 357.667340 
 4150.9703 | 08738.4642 | 12:10:01 | 222.133370 | 357.673855 
 4150.9760 | 08738.4538 | 12:10:02 | 222.142262 | 357.680484 
 4150.9818 | 08738.4438 | 12:10:03 | 222.150808 | 357.687225 
 4150.9876 | 08738.4344 | 12:10:04 | 222.158838 | 357.693961 
 4150.9934 | 08738.4255 | 12:10:05 | 222.166439 | 357.700695 
 4150.9993 | 08738.4169 | 12:10:06 | 222.173780 | 357.707541 
 4151.0055 | 08738.4087 | 12:10:07 | 222.180775 | 357.714729 
 4151.0121 | 08738.4010 | 12:10:08 | 222.187335 | 357.722374 
 4151.0190 | 08738.3934 | 12:10:09 | 222.193808 | 357.730364 
 4151.0257 | 08738.3854 | 12:10:10 | 222.200625 | 357.738126 
 4151.0321 | 08738.3771 | 12:10:11 | 222.207704 | 357.745545 
 4151.0371 | 08738.3680 | 12:10:12 | 222.215484 | 357.751360 
 4151.0418 | 08738.3588 | 12:10:13 | 222.223352 | 357.756830 
 4151.0463 | 08738.3498 | 12:10:14 | 222.231050 | 357.762068 
 4151.0507 | 08738.3411 | 12:10:15 | 222.238491 | 357.767190 
 4151.0548 | 08738.3329 | 12:10:16 | 222.245505 | 357.771963 
 4151.0584 | 08738.3258 | 12:10:17 | 222.251578 | 357.776153 
 4151.0610 | 08738.3204 | 12:10:18 | 222.256198 | 357.779182 
 4151.0626 | 08738.3168 | 12:10:19 | 222.259279 | 357.781047 
 4151.0632 | 08738.3154 | 12:10:20 | 222.260477 | 357.781747 
 4151.0631 | 08738.3153 | 12:10:21 | 222.260564 | 357.781633 
 4151.0630 | 08738.3154 | 12:10:22 | 222.260479 | 357.781517 
 4151.0630 | 08738.3154 | 12:10:23 | 222.260479 | 357.781517 
 4151.0629 | 08738.3154 | 12:10:24 | 222.260480 | 357.781402 
 4151.0629 | 08738.3154 | 12:10:25 | 222.260480 | 357.781402 
 4151.0628 | 08738.3155 | 12:10:26 | 222.260395 | 357.781286 
 4151.0628 | 08738.3155 | 12:10:27 | 222.260395 | 357.781286 
 4151.0628 | 08738.3155 | 12:10:28 | 222.260395 | 357.781286 
 4151.0628 | 08738.3155 | 12:10:29 | 222.260395 | 357.781286 
 4151.0628 | 08738.3155 | 12:10:30 | 222.260395 | 357.781286 
 4151.0628 | 08738.3155 | 12:10:31 | 222.260395 | 357.781286 
 4151.0628 | 08738.3155 | 12:10:32 | 222.260395 | 357.781286 
 4151.0628 | 08738.3155 | 12:10:33 | 222.260395 | 357.781286 
 4151.0628 | 08738.3155 | 12:10:34 | 222.260395 | 357.781286 
 4151.0628 | 08738.3155 | 12:10:35 | 222.260395 | 357.781286 
 4151.0628 | 08738.3155 | 12:10:36 | 222.260395 | 357.781286 
 4151.0628 | 08738.3155 | 12:10:37 | 222.260395 | 357.781286 
 4151.0618 | 08738.3158 | 12:10:38 | 222.260146 | 357.780134 
 4151.0623 | 08738.3147 | 12:10:39 | 222.261088 | 357.780717 
 4151.0635 | 08738.3127 | 12:10:40 | 222.262796 | 357.782111 
 4151.0653 | 08738.3100 | 12:10:41 | 222.265102 | 357.784200 
 4151.0676 | 08738.3071 | 12:10:42 | 222.267574 | 357.786866 
 4151.0714 | 08738.3050 | 12:10:43 | 222.269345 | 357.791251 
 4151.0759 | 08738.3036 | 12:10:44 | 222.270507 | 357.796437 
 4151.0812 | 08738.3029 | 12:10:45 | 222.271060 | 357.802538 
 4151.0869 | 08738.3026 | 12:10:46 | 222.271265 | 357.809097 
 4151.0929 | 08738.3027 | 12:10:47 | 222.271123 | 357.815998 
 4151.0992 | 08738.3029 | 12:10:48 | 222.270892 | 357.823243 
 4151.1058 | 08738.3030 | 12:10:49 | 222.270745 | 357.830834 
 4151.1124 | 08738.3032 | 12:10:50 | 222.270511 | 357.838424 
 4151.1189 | 08738.3034 | 12:10:51 | 222.270279 | 357.845899 
 4151.1254 | 08738.3032 | 12:10:52 | 222.270390 | 357.853377 
 4151.1315 | 08738.3034 | 12:10:53 | 222.270161 | 357.860392 
 4151.1373 | 08738.3038 | 12:10:54 | 222.269763 | 357.867061 
 4151.1430 | 08738.3041 | 12:10:55 | 222.269452 | 357.873615 
 4151.1488 | 08738.3044 | 12:10:56 | 222.269140 | 357.880285 
 4151.1546 | 08738.3047 | 12:10:57 | 222.268828 | 357.886954 
 4151.1604 | 08738.3050 | 12:10:58 | 222.268516 | 357.893624 
 4151.1658 | 08738.3038 | 12:10:59 | 222.269498 | 357.899843 
 4151.1714 | 08738.3039 | 12:11:00 | 222.269360 | 357.906284 
 4151.1585 | 08738.3047 | 12:11:01 | 222.268792 | 357.891440 
 4151.1594 | 08738.3053 | 12:11:02 | 222.268268 | 357.892471 
 4151.1598 | 08738.3057 | 12:11:03 | 222.267920 | 357.892929 
 4151.1600 | 08738.3058 | 12:11:04 | 222.267832 | 357.893158 
 4151.1603 | 08738.3057 | 12:11:05 | 222.267915 | 357.893504 
 4151.1603 | 08738.3057 | 12:11:06 | 222.267915 | 357.893504 
 4151.1603 | 08738.3057 | 12:11:07 | 222.267915 | 357.893504 
 4151.1603 | 08738.3057 | 12:11:08 | 222.267915 | 357.893504 
 4151.1603 | 08738.3057 | 12:11:09 | 222.267915 | 357.893504 
 4151.1603 | 08738.3057 | 12:11:10 | 222.267915 | 357.893504 
 4151.1603 | 08738.3057 | 12:11:11 | 222.267915 | 357.893504 
 4151.1603 | 08738.3057 | 12:11:12 | 222.267915 | 357.893504 
 4151.1603 | 08738.3057 | 12:11:13 | 222.267915 | 357.893504 
 4151.1603 | 08738.3057 | 12:11:14 | 222.267915 | 357.893504 
 4151.1603 | 08738.3057 | 12:11:15 | 222.267915 | 357.893504 
 4151.1603 | 08738.3057 | 12:11:16 | 222.267915 | 357.893504 
 4151.1603 | 08738.3057 | 12:11:17 | 222.267915 | 357.893504 
 4151.1603 | 08738.3057 | 12:11:18 | 222.267915 | 357.893504 
 4151.1603 | 08738.3057 | 12:11:19 | 222.267915 | 357.893504 
 4151.1603 | 08738.3057 | 12:11:20 | 222.267915 | 357.893504 
 4151.1603 | 08738.3057 | 12:11:21 | 222.267915 | 357.893504 
 4151.1603 | 08738.3057 | 12:11:22 | 222.267915 | 357.893504 
 4151.1603 | 08738.3057 | 12:11:23 | 222.267915 | 357.893504 
 4151.1603 | 08738.3057 | 12:11:24 | 222.267915 | 357.893504 
 4151.1603 | 08738.3057 | 12:11:25 | 222.267915 | 357.893504 
 4151.1603 | 08738.3057 | 12:11:26 | 222.267915 | 357.893504 
 4151.1603 | 08738.3057 | 12:11:27 | 222.267915 | 357.893504 
 4151.1603 | 08738.3057 | 12:11:28 | 222.267915 | 357.893504 
 4151.1603 | 08738.3057 | 12:11:29 | 222.267915 | 357.893504 
 4151.1603 | 08738.3057 | 12:11:30 | 222.267915 | 357.893504 
 4151.1603 | 08738.3057 | 12:11:31 | 222.267915 | 357.893504 
 4151.1603 | 08738.3057 | 12:11:32 | 222.267915 | 357.893504 
 4151.1603 | 08738.3057 | 12:11:33 | 222.267915 | 357.893504 
 4151.1603 | 08738.3057 | 12:11:34 | 222.267915 | 357.893504 
 4151.1603 | 08738.3057 | 12:11:35 | 222.267915 | 357.893504 
 4151.1603 | 08738.3057 | 12:11:36 | 222.267915 | 357.893504 
 4151.1603 | 08738.3057 | 12:11:37 | 222.267915 | 357.893504 
 4151.1603 | 08738.3057 | 12:11:38 | 222.267915 | 357.893504 
 4151.1603 | 08738.3057 | 12:11:39 | 222.267915 | 357.893504 
 4151.1603 | 08738.3057 | 12:11:40 | 222.267915 | 357.893504 
 4151.1608 | 08738.3086 | 12:11:41 | 222.265417 | 357.894059 
 4151.1629 | 08738.3082 | 12:11:42 | 222.265741 | 357.896477 
 4151.1661 | 08738.3085 | 12:11:43 | 222.265453 | 357.900156 
 4151.1702 | 08738.3089 | 12:11:44 | 222.265071 | 357.904869 
 4151.1759 | 08738.3048 | 12:11:45 | 222.268544 | 357.911454 
 4151.1806 | 08738.3061 | 12:11:46 | 222.267382 | 357.916851 
 4151.1859 | 08738.3065 | 12:11:47 | 222.266989 | 357.922944 
 4151.1922 | 08738.3068 | 12:11:48 | 222.266672 | 357.930189 
 4151.1987 | 08738.3074 | 12:11:49 | 222.266096 | 357.937661 
 4151.2058 | 08738.3072 | 12:11:50 | 222.266202 | 357.945830 
 4151.2126 | 08738.3075 | 12:11:51 | 222.265881 | 357.953649 
 4151.2193 | 08738.3077 | 12:11:52 | 222.265646 | 357.961354 
 4151.2258 | 08738.3078 | 12:11:53 | 222.265500 | 357.968830 
 4151.2321 | 08738.3079 | 12:11:54 | 222.265355 | 357.976076 
 4151.2383 | 08738.3081 | 12:11:55 | 222.265125 | 357.983206 
 4151.2446 | 08738.3085 | 12:11:56 | 222.264723 | 357.990450 
 4151.2509 | 08738.3094 | 12:11:57 | 222.263890 | 357.997690 
 4151.2573 | 08738.3107 | 12:11:58 | 222.262713 | 358.005043 
 4151.2639 | 08738.3120 | 12:11:59 | 222.261533 | 358.012626 
 4151.2704 | 08738.3133 | 12:12:00 | 222.260355 | 358.020093 
 4151.2769 | 08738.3145 | 12:12:01 | 222.259262 | 358.027561 
 4151.2834 | 08738.3158 | 12:12:02 | 222.258084 | 358.035029 
 4151.2899 | 08738.3172 | 12:12:03 | 222.256820 | 358.042496 
 4151.2963 | 08738.3184 | 12:12:04 | 222.255728 | 358.049849 
 4151.3026 | 08738.3196 | 12:12:05 | 222.254637 | 358.057087 
 4151.3087 | 08738.3211 | 12:12:06 | 222.253291 | 358.064094 
 4151.3148 | 08738.3226 | 12:12:07 | 222.251944 | 358.071100 
 4151.3207 | 08738.3238 | 12:12:08 | 222.250857 | 358.077878 
 4151.3265 | 08738.3246 | 12:12:09 | 222.250115 | 358.084544 
 4151.3319 | 08738.3254 | 12:12:10 | 222.249377 | 358.090749 
 4151.3365 | 08738.3262 | 12:12:11 | 222.248646 | 358.096035 
 4151.3402 | 08738.3266 | 12:12:12 | 222.248268 | 358.100288 
 4151.3429 | 08738.3265 | 12:12:13 | 222.248329 | 358.103394 
 4151.3449 | 08738.3258 | 12:12:14 | 222.248912 | 358.105700 
 4151.3463 | 08738.3246 | 12:12:15 | 222.249931 | 358.107319 
 4151.3475 | 08738.3230 | 12:12:16 | 222.251296 | 358.108710 
 4151.3486 | 08738.3212 | 12:12:17 | 222.252833 | 358.109988 
 4151.3497 | 08738.3193 | 12:12:18 | 222.254457 | 358.111266 
 4151.3507 | 08738.3174 | 12:12:19 | 222.256082 | 358.112430 
 4151.3518 | 08738.3157 | 12:12:20 | 222.257533 | 358.113707 
 4151.3531 | 08738.3143 | 12:12:21 | 222.258725 | 358.115212 
 4151.3543 | 08738.3135 | 12:12:22 | 222.259402 | 358.116598 
 4151.3555 | 08738.3132 | 12:12:23 | 222.259649 | 358.117980 
 4151.3565 | 08738.3134 | 12:12:24 | 222.259467 | 358.119129 
 4151.3574 | 08738.3137 | 12:12:25 | 222.259201 | 358.120162 
 4151.3582 | 08738.3140 | 12:12:26 | 222.258936 | 358.121080 
 4151.3590 | 08738.3142 | 12:12:27 | 222.258756 | 358.121999 
 4151.3598 | 08738.3143 | 12:12:28 | 222.258663 | 358.122919 
 4151.3606 | 08738.3143 | 12:12:29 | 222.258655 | 358.123839 
 4151.3614 | 08738.3144 | 12:12:30 | 222.258562 | 358.124758 
 4151.3620 | 08738.3145 | 12:12:31 | 222.258470 | 358.125448 
 4151.3621 | 08738.3144 | 12:12:32 | 222.258555 | 358.125563 
 4151.3620 | 08738.3144 | 12:12:33 | 222.258556 | 358.125448 
 4151.3620 | 08738.3145 | 12:12:34 | 222.258470 | 358.125448 
 4151.3620 | 08738.3145 | 12:12:35 | 222.258470 | 358.125448 
 4151.3620 | 08738.3145 | 12:12:36 | 222.258470 | 358.125448 
 4151.3620 | 08738.3145 | 12:12:37 | 222.258470 | 358.125448 
 4151.3620 | 08738.3145 | 12:12:38 | 222.258470 | 358.125448 
 4151.3620 | 08738.3145 | 12:12:39 | 222.258470 | 358.125448 
 4151.3620 | 08738.3145 | 12:12:40 | 222.258470 | 358.125448 
 4151.3620 | 08738.3145 | 12:12:41 | 222.258470 | 358.125448 
 4151.3620 | 08738.3145 | 12:12:42 | 222.258470 | 358.125448 
 4151.3620 | 08738.3145 | 12:12:43 | 222.258470 | 358.125448 
 4151.3620 | 08738.3145 | 12:12:44 | 222.258470 | 358.125448 
 4151.3620 | 08738.3145 | 12:12:45 | 222.258470 | 358.125448 
 4151.3620 | 08738.3145 | 12:12:46 | 222.258470 | 358.125448 
 4151.3620 | 08738.3145 | 12:12:47 | 222.258470 | 358.125448 
 4151.3628 | 08738.3144 | 12:12:48 | 222.258549 | 358.126369 
 4151.3634 | 08738.3145 | 12:12:49 | 222.258457 | 358.127058 
 4151.3641 | 08738.3146 | 12:12:50 | 222.258365 | 358.127863 
 4151.3650 | 08738.3149 | 12:12:51 | 222.258098 | 358.128896 
 4151.3659 | 08738.3152 | 12:12:52 | 222.257832 | 358.129929 
 4151.3667 | 08738.3154 | 12:12:53 | 222.257653 | 358.130848 
 4151.3674 | 08738.3156 | 12:12:54 | 222.257474 | 358.131651 
 4151.3678 | 08738.3156 | 12:12:55 | 222.257470 | 358.132112 
 4151.3678 | 08738.3156 | 12:12:56 | 222.257470 | 358.132112 
 4151.3678 | 08738.3156 | 12:12:57 | 222.257470 | 358.132112 
 4151.3678 | 08738.3156 | 12:12:58 | 222.257470 | 358.132112 
 4151.3678 | 08738.3156 | 12:12:59 | 222.257470 | 358.132112 
 4151.3678 | 08738.3156 | 12:13:00 | 222.257470 | 358.132112 
 4151.3678 | 08738.3156 | 12:13:01 | 222.257470 | 358.132112 
 4151.3678 | 08738.3156 | 12:13:02 | 222.257470 | 358.132112 
 4151.3678 | 08738.3156 | 12:13:03 | 222.257470 | 358.132112 
 4151.3678 | 08738.3156 | 12:13:04 | 222.257470 | 358.132112 
 4151.3678 | 08738.3156 | 12:13:05 | 222.257470 | 358.132112 
 4151.3678 | 08738.3156 | 12:13:06 | 222.257470 | 358.132112 
 4151.3678 | 08738.3156 | 12:13:07 | 222.257470 | 358.132112 
 4151.3678 | 08738.3156 | 12:13:08 | 222.257470 | 358.132112 
 4151.3678 | 08738.3156 | 12:13:09 | 222.257470 | 358.132112 
 4151.3678 | 08738.3156 | 12:13:10 | 222.257470 | 358.132112 
 4151.3678 | 08738.3156 | 12:13:11 | 222.257470 | 358.132112 
 4151.3678 | 08738.3156 | 12:13:12 | 222.257470 | 358.132112 
 4151.3678 | 08738.3156 | 12:13:13 | 222.257470 | 358.132112 
 4151.3678 | 08738.3156 | 12:13:14 | 222.257470 | 358.132112 
 4151.3678 | 08738.3156 | 12:13:15 | 222.257470 | 358.132112 
 4151.3678 | 08738.3156 | 12:13:16 | 222.257470 | 358.132112 
 4151.3678 | 08738.3156 | 12:13:17 | 222.257470 | 358.132112 
 4151.3678 | 08738.3156 | 12:13:18 | 222.257470 | 358.132112 
 4151.3678 | 08738.3156 | 12:13:19 | 222.257470 | 358.132112 
 4151.3678 | 08738.3156 | 12:13:20 | 222.257470 | 358.132112 
 4151.3678 | 08738.3156 | 12:13:21 | 222.257470 | 358.132112 
 4151.3678 | 08738.3156 | 12:13:22 | 222.257470 | 358.132112 
 4151.3678 | 08738.3156 | 12:13:23 | 222.257470 | 358.132112 
 4151.3678 | 08738.3156 | 12:13:24 | 222.257470 | 358.132112 
 4151.3678 | 08738.3156 | 12:13:25 | 222.257470 | 358.132112 
 4151.3678 | 08738.3156 | 12:13:26 | 222.257470 | 358.132112 
 4151.3678 | 08738.3156 | 12:13:27 | 222.257470 | 358.132112 
 4151.3678 | 08738.3156 | 12:13:28 | 222.257470 | 358.132112 
 4151.3669 | 08738.3160 | 12:13:29 | 222.257135 | 358.131074 
 4151.3673 | 08738.3161 | 12:13:30 | 222.257045 | 358.131533 
 4151.3682 | 08738.3162 | 12:13:31 | 222.256951 | 358.132567 
 4151.3692 | 08738.3163 | 12:13:32 | 222.256855 | 358.133717 
 4151.3700 | 08738.3161 | 12:13:33 | 222.257020 | 358.134639 
 4151.3706 | 08738.3156 | 12:13:34 | 222.257444 | 358.135332 
 4151.3709 | 08738.3148 | 12:13:35 | 222.258130 | 358.135683 
 4151.3711 | 08738.3141 | 12:13:36 | 222.258730 | 358.135918 
 4151.3711 | 08738.3134 | 12:13:37 | 222.259332 | 358.135923 
 4151.3710 | 08738.3128 | 12:13:38 | 222.259848 | 358.135812 
 4151.3709 | 08738.3124 | 12:13:39 | 222.260193 | 358.135700 
 4151.3708 | 08738.3122 | 12:13:40 | 222.260366 | 358.135586 
 4151.3708 | 08738.3121 | 12:13:41 | 222.260452 | 358.135587 
 4151.3708 | 08738.3121 | 12:13:42 | 222.260452 | 358.135587 
 4151.3708 | 08738.3121 | 12:13:43 | 222.260452 | 358.135587 
 4151.3708 | 08738.3121 | 12:13:44 | 222.260452 | 358.135587 
 4151.3708 | 08738.3121 | 12:13:45 | 222.260452 | 358.135587 
 4151.3708 | 08738.3121 | 12:13:46 | 222.260452 | 358.135587 
 4151.3708 | 08738.3121 | 12:13:47 | 222.260452 | 358.135587 
 4151.3708 | 08738.3121 | 12:13:48 | 222.260452 | 358.135587 
 4151.3708 | 08738.3121 | 12:13:49 | 222.260452 | 358.135587 
 4151.3708 | 08738.3121 | 12:13:50 | 222.260452 | 358.135587 
 4151.3708 | 08738.3121 | 12:13:51 | 222.260452 | 358.135587 
 4151.3708 | 08738.3121 | 12:13:52 | 222.260452 | 358.135587 
 4151.3708 | 08738.3121 | 12:13:53 | 222.260452 | 358.135587 
 4151.3708 | 08738.3121 | 12:13:54 | 222.260452 | 358.135587 
 4151.3708 | 08738.3121 | 12:13:55 | 222.260452 | 358.135587 
 4151.3708 | 08738.3121 | 12:13:56 | 222.260452 | 358.135587 
 4151.3708 | 08738.3121 | 12:13:57 | 222.260452 | 358.135587 
 4151.3708 | 08738.3121 | 12:13:58 | 222.260452 | 358.135587 
 4151.3708 | 08738.3121 | 12:13:59 | 222.260452 | 358.135587 
 4151.3708 | 08738.3121 | 12:14:00 | 222.260452 | 358.135587 
 4151.3708 | 08738.3121 | 12:14:01 | 222.260452 | 358.135587 
 4151.3708 | 08738.3121 | 12:14:02 | 222.260452 | 358.135587 
 4151.3708 | 08738.3121 | 12:14:03 | 222.260452 | 358.135587 
 4151.3708 | 08738.3121 | 12:14:04 | 222.260452 | 358.135587 
 4151.3708 | 08738.3121 | 12:14:05 | 222.260452 | 358.135587 
 4151.3708 | 08738.3121 | 12:14:06 | 222.260452 | 358.135587 
 4151.3708 | 08738.3121 | 12:14:07 | 222.260452 | 358.135587 
 4151.3708 | 08738.3121 | 12:14:08 | 222.260452 | 358.135587 
 4151.3708 | 08738.3121 | 12:14:09 | 222.260452 | 358.135587 
 4151.3708 | 08738.3121 | 12:14:10 | 222.260452 | 358.135587 
 4151.3708 | 08738.3121 | 12:14:11 | 222.260452 | 358.135587 
 4151.3708 | 08738.3121 | 12:14:12 | 222.260452 | 358.135587 
 4151.3708 | 08738.3121 | 12:14:13 | 222.260452 | 358.135587 
 4151.3708 | 08738.3121 | 12:14:14 | 222.260452 | 358.135587 
 4151.3708 | 08738.3121 | 12:14:15 | 222.260452 | 358.135587 
 4151.3708 | 08738.3121 | 12:14:16 | 222.260452 | 358.135587 
 4151.3708 | 08738.3121 | 12:14:17 | 222.260452 | 358.135587 
 4151.3708 | 08738.3121 | 12:14:18 | 222.260452 | 358.135587 
 4151.3708 | 08738.3121 | 12:14:19 | 222.260452 | 358.135587 
 4151.3708 | 08738.3121 | 12:14:20 | 222.260452 | 358.135587 
 4151.3708 | 08738.3121 | 12:14:21 | 222.260452 | 358.135587 
 4151.3708 | 08738.3121 | 12:14:22 | 222.260452 | 358.135587 
 4151.3708 | 08738.3121 | 12:14:23 | 222.260452 | 358.135587 
 4151.3708 | 08738.3121 | 12:14:24 | 222.260452 | 358.135587 
 4151.3708 | 08738.3121 | 12:14:25 | 222.260452 | 358.135587 
 4151.3708 | 08738.3121 | 12:14:26 | 222.260452 | 358.135587 
 4151.3708 | 08738.3121 | 12:14:27 | 222.260452 | 358.135587 
 4151.3666 | 08738.3109 | 12:14:28 | 222.261523 | 358.130764 
 4151.3661 | 08738.3108 | 12:14:29 | 222.261614 | 358.130190 
 4151.3670 | 08738.3120 | 12:14:30 | 222.260574 | 358.131216 
 4151.3667 | 08738.3120 | 12:14:31 | 222.260576 | 358.130871 
 4151.3673 | 08738.3124 | 12:14:32 | 222.260227 | 358.131559 
 4151.3693 | 08738.3134 | 12:14:33 | 222.259348 | 358.133852 
 4151.3690 | 08738.3135 | 12:14:34 | 222.259265 | 358.133506 
 4151.3690 | 08738.3135 | 12:14:35 | 222.259265 | 358.133506 
 4151.3690 | 08738.3135 | 12:14:36 | 222.259265 | 358.133506 
 4151.3690 | 08738.3135 | 12:14:37 | 222.259265 | 358.133506 
 4151.3690 | 08738.3135 | 12:14:38 | 222.259265 | 358.133506 
 4151.3690 | 08738.3135 | 12:14:39 | 222.259265 | 358.133506 
 4151.3690 | 08738.3135 | 12:14:40 | 222.259265 | 358.133506 
 4151.3677 | 08738.3142 | 12:14:41 | 222.258675 | 358.132006 
 4151.3686 | 08738.3147 | 12:14:42 | 222.258237 | 358.133038 
 4151.3684 | 08738.3146 | 12:14:43 | 222.258325 | 358.132809 
 4151.3685 | 08738.3145 | 12:14:44 | 222.258410 | 358.132924 
 4151.3685 | 08738.3145 | 12:14:45 | 222.258410 | 358.132924 
 4151.3685 | 08738.3145 | 12:14:46 | 222.258410 | 358.132924 
 4151.3685 | 08738.3145 | 12:14:47 | 222.258410 | 358.132924 
 4151.3685 | 08738.3145 | 12:14:48 | 222.258410 | 358.132924 
 4151.3685 | 08738.3145 | 12:14:49 | 222.258410 | 358.132924 
 4151.3685 | 08738.3145 | 12:14:50 | 222.258410 | 358.132924 
 4151.3685 | 08738.3145 | 12:14:51 | 222.258410 | 358.132924 
 4151.3685 | 08738.3145 | 12:14:52 | 222.258410 | 358.132924 
 4151.3685 | 08738.3145 | 12:14:53 | 222.258410 | 358.132924 
 4151.3685 | 08738.3145 | 12:14:54 | 222.258410 | 358.132924 
 4151.3685 | 08738.3145 | 12:14:55 | 222.258410 | 358.132924 
 4151.3685 | 08738.3145 | 12:14:56 | 222.258410 | 358.132924 
 4151.3685 | 08738.3145 | 12:14:57 | 222.258410 | 358.132924 
 4151.3699 | 08738.3105 | 12:14:58 | 222.261837 | 358.134563 
 4151.3731 | 08738.3113 | 12:14:59 | 222.261119 | 358.138238 
 4151.3731 | 08738.3114 | 12:15:00 | 222.261033 | 358.138237 
 4151.3730 | 08738.3112 | 12:15:01 | 222.261206 | 358.138123 
 4151.3730 | 08738.3112 | 12:15:02 | 222.261206 | 358.138123 
 4151.3730 | 08738.3112 | 12:15:03 | 222.261206 | 358.138123 
 4151.3730 | 08738.3112 | 12:15:06 | 222.261206 | 358.138123 
 4151.3730 | 08738.3112 | 12:15:07 | 222.261206 | 358.138123 
 4151.3730 | 08738.3112 | 12:15:08 | 222.261206 | 358.138123 
 4151.3730 | 08738.3112 | 12:15:09 | 222.261206 | 358.138123 
 4151.3718 | 08738.3163 | 12:15:10 | 222.256831 | 358.136708 
 4151.3716 | 08738.3171 | 12:15:11 | 222.256145 | 358.136472 
 4151.3717 | 08738.3177 | 12:15:12 | 222.255628 | 358.136583 
 4151.3722 | 08738.3183 | 12:15:13 | 222.255108 | 358.137154 
 4151.3728 | 08738.3183 | 12:15:14 | 222.255102 | 358.137844 
 4151.3735 | 08738.3184 | 12:15:15 | 222.255010 | 358.138648 
 4151.3741 | 08738.3184 | 12:15:16 | 222.255004 | 358.139339 
 4151.3747 | 08738.3185 | 12:15:17 | 222.254912 | 358.140028 
 4151.3753 | 08738.3188 | 12:15:18 | 222.254649 | 358.140716 
 4151.3760 | 08738.3192 | 12:15:19 | 222.254298 | 358.141519 
 4151.3768 | 08738.3196 | 12:15:20 | 222.253947 | 358.142436 
 4151.3776 | 08738.3203 | 12:15:21 | 222.253338 | 358.143351 
 4151.3783 | 08738.3208 | 12:15:22 | 222.252901 | 358.144153 
 4151.3794 | 08738.3219 | 12:15:23 | 222.251945 | 358.145411 
 4151.3801 | 08738.3224 | 12:15:24 | 222.251508 | 358.146212 
 4151.3810 | 08738.3236 | 12:15:25 | 222.250468 | 358.147239 
 4151.3812 | 08738.3235 | 12:15:26 | 222.250552 | 358.147470 
 4151.3785 | 08738.3345 | 12:15:27 | 222.241118 | 358.144288 
 4151.3789 | 08738.3342 | 12:15:28 | 222.241372 | 358.144750 
 4151.3793 | 08738.3341 | 12:15:29 | 222.241455 | 358.145211 
 4151.3800 | 08738.3345 | 12:15:30 | 222.241104 | 358.146013 
 4151.3805 | 08738.3346 | 12:15:31 | 222.241014 | 358.146588 
 4151.3810 | 08738.3347 | 12:15:32 | 222.240923 | 358.147162 
 4151.3815 | 08738.3347 | 12:15:33 | 222.240918 | 358.147737 
 4151.3820 | 08738.3349 | 12:15:34 | 222.240742 | 358.148311 
 4151.3826 | 08738.3348 | 12:15:35 | 222.240822 | 358.149002 
 4151.3830 | 08738.3350 | 12:15:36 | 222.240646 | 358.149460 
 4151.3836 | 08738.3348 | 12:15:37 | 222.240813 | 358.150152 
 4151.3811 | 08738.3224 | 12:15:38 | 222.251499 | 358.147363 
 4151.3812 | 08738.3204 | 12:15:39 |