 4151.3369 | 08748.2858 | 17:18:52 | 213.683977 | 358.035494 
 4151.3371 | 08748.2832 | 17:19:02 | 213.686211 | 358.035737 
 4151.3371 | 08748.2832 | 17:19:03 | 213.686211 | 358.035737 
 4151.3371 | 08748.2832 | 17:19:04 | 213.686211 | 358.035737 
 4151.3371 | 08748.2832 | 17:19:05 | 213.686211 | 358.035737 
 4151.3371 | 08748.2832 | 17:19:06 | 213.686211 | 358.035737 
 4151.3371 | 08748.2832 | 17:19:07 | 213.686211 | 358.035737 
 4151.3371 | 08748.2832 | 17:19:08 | 213.686211 | 358.035737 
 4151.3371 | 08748.2832 | 17:19:09 | 213.686211 | 358.035737 
 4151.3371 | 08748.2832 | 17:19:10 | 213.686211 | 358.035737 
 4151.3371 | 08748.2832 | 17:19:11 | 213.686211 | 358.035737 
 4151.3371 | 08748.2832 | 17:19:12 | 213.686211 | 358.035737 
 4151.3371 | 08748.2832 | 17:19:13 | 213.686211 | 358.035737 
 4151.3385 | 08748.2825 | 17:19:14 | 213.686803 | 358.037351 
 4151.3377 | 08748.2824 | 17:19:15 | 213.686895 | 358.036432 
 4151.3367 | 08748.2823 | 17:19:16 | 213.686988 | 358.035282 
 4151.3356 | 08748.2822 | 17:19:17 | 213.687082 | 358.034017 
 4151.3344 | 08748.2821 | 17:19:18 | 213.687176 | 358.032638 
 4151.3333 | 08748.2821 | 17:19:19 | 213.687184 | 358.031372 
 4151.3319 | 08748.2820 | 17:19:20 | 213.687280 | 358.029762 
 4151.3306 | 08748.2820 | 17:19:21 | 213.687289 | 358.028267 
 4151.3295 | 08748.2819 | 17:19:22 | 213.687383 | 358.027002 
 4151.3285 | 08748.2815 | 17:19:23 | 213.687734 | 358.025854 
 4151.3278 | 08748.2808 | 17:19:24 | 213.688341 | 358.025053 
 4151.3272 | 08748.2797 | 17:19:25 | 213.689291 | 358.024368 
 4151.3269 | 08748.2784 | 17:19:26 | 213.690411 | 358.024030 
 4151.3268 | 08748.2770 | 17:19:27 | 213.691616 | 358.023923 
 4151.3266 | 08748.2755 | 17:19:28 | 213.692907 | 358.023701 
 4151.3263 | 08748.2740 | 17:19:29 | 213.694199 | 358.023363 
 4151.3259 | 08748.2724 | 17:19:30 | 213.695578 | 358.022912 
 4151.3250 | 08748.2711 | 17:19:31 | 213.696702 | 358.021883 
 4151.3239 | 08748.2699 | 17:19:32 | 213.697742 | 358.020625 
 4151.3227 | 08748.2691 | 17:19:33 | 213.698438 | 358.019248 
 4151.3214 | 08748.2685 | 17:19:34 | 213.698963 | 358.017756 
 4151.3199 | 08748.2680 | 17:19:35 | 213.699404 | 358.016034 
 4151.3183 | 08748.2673 | 17:19:36 | 213.700017 | 358.014197 
 4151.3169 | 08748.2663 | 17:19:37 | 213.700887 | 358.012592 
 4151.3156 | 08748.2646 | 17:19:38 | 213.702358 | 358.011106 
 4151.3148 | 08748.2619 | 17:19:39 | 213.704686 | 358.010200 
 4151.3145 | 08748.2586 | 17:19:40 | 213.707526 | 358.009872 
 4151.3144 | 08748.2553 | 17:19:41 | 213.710364 | 358.009775 
 4151.3145 | 08748.2520 | 17:19:42 | 213.713201 | 358.009907 
 4151.3145 | 08748.2491 | 17:19:43 | 213.715695 | 358.009922 
 4151.3144 | 08748.2462 | 17:19:44 | 213.718190 | 358.009823 
 4151.3142 | 08748.2438 | 17:19:45 | 213.720255 | 358.009605 
 4151.3141 | 08748.2424 | 17:19:46 | 213.721460 | 358.009498 
 4151.3141 | 08748.2416 | 17:19:47 | 213.722148 | 358.009502 
 4151.3140 | 08748.2410 | 17:19:48 | 213.722664 | 358.009390 
 4151.3140 | 08748.2403 | 17:19:49 | 213.723266 | 358.009394 
 4151.3141 | 08748.2401 | 17:19:50 | 213.723438 | 358.009510 
 4151.3142 | 08748.2402 | 17:19:51 | 213.723351 | 358.009625 
 4151.3142 | 08748.2403 | 17:19:52 | 213.723265 | 358.009624 
 4151.3142 | 08748.2403 | 17:19:53 | 213.723265 | 358.009624 
 4151.3142 | 08748.2403 | 17:19:54 | 213.723265 | 358.009624 
 4151.3142 | 08748.2403 | 17:19:55 | 213.723265 | 358.009624 
 4151.3144 | 08748.2395 | 17:19:56 | 213.723951 | 358.009858 
 4151.3150 | 08748.2382 | 17:19:57 | 213.725065 | 358.010555 
 4151.3159 | 08748.2356 | 17:19:58 | 213.727295 | 358.011604 
 4151.3180 | 08748.2334 | 17:19:59 | 213.729172 | 358.014031 
 4151.3217 | 08748.2323 | 17:20:00 | 213.730091 | 358.018293 
 4151.3256 | 08748.2318 | 17:20:01 | 213.730494 | 358.022782 
 4151.3296 | 08748.2316 | 17:20:02 | 213.730637 | 358.027384 
 4151.3334 | 08748.2315 | 17:20:03 | 213.730696 | 358.031755 
 4151.3377 | 08748.2318 | 17:20:04 | 213.730408 | 358.036700 
 4151.3418 | 08748.2320 | 17:20:05 | 213.730207 | 358.041415 
 4151.3460 | 08748.2321 | 17:20:06 | 213.730091 | 358.046245 
 4151.3505 | 08748.2321 | 17:20:07 | 213.730059 | 358.051421 
 4151.3561 | 08748.2320 | 17:20:08 | 213.730105 | 358.057863 
 4151.3624 | 08748.2316 | 17:20:09 | 213.730405 | 358.065112 
 4151.3689 | 08748.2312 | 17:20:10 | 213.730702 | 358.072591 
 4151.3757 | 08748.2311 | 17:20:11 | 213.730740 | 358.080413 
 4151.3827 | 08748.2310 | 17:20:12 | 213.730776 | 358.088465 
 4151.3898 | 08748.2311 | 17:20:13 | 213.730640 | 358.096631 
 4151.3969 | 08748.2311 | 17:20:14 | 213.730590 | 358.104798 
 4151.4040 | 08748.2313 | 17:20:15 | 213.730367 | 358.112964 
 4151.4109 | 08748.2316 | 17:20:16 | 213.730060 | 358.120899 
 4151.4179 | 08748.2321 | 17:20:17 | 213.729581 | 358.128948 
 4151.4233 | 08748.2320 | 17:20:18 | 213.729629 | 358.135160 
 4151.4289 | 08748.2323 | 17:20:19 | 213.729331 | 358.141600 
 4151.4335 | 08748.2325 | 17:20:20 | 213.729126 | 358.146890 
 4151.4379 | 08748.2329 | 17:20:21 | 213.728751 | 358.151949 
 4151.4416 | 08748.2336 | 17:20:22 | 213.728123 | 358.156201 
 4151.4417 | 08748.2327 | 17:20:23 | 213.728896 | 358.156321 
 4151.4426 | 08748.2329 | 17:20:24 | 213.728718 | 358.157355 
 4151.4430 | 08748.2331 | 17:20:25 | 213.728543 | 358.157814 
 4151.4441 | 08748.2338 | 17:20:26 | 213.727933 | 358.159075 
 4151.4453 | 08748.2346 | 17:20:27 | 213.727237 | 358.160451 
 4151.4457 | 08748.2348 | 17:20:28 | 213.727062 | 358.160910 
 4151.4457 | 08748.2348 | 17:20:29 | 213.727062 | 358.160910 
 4151.4457 | 08748.2348 | 17:20:30 | 213.727062 | 358.160910 
 4151.4457 | 08748.2348 | 17:20:31 | 213.727062 | 358.160910 
 4151.4457 | 08748.2348 | 17:20:32 | 213.727062 | 358.160910 
 4151.4457 | 08748.2348 | 17:20:33 | 213.727062 | 358.160910 
 4151.4457 | 08748.2348 | 17:20:34 | 213.727062 | 358.160910 
 4151.4457 | 08748.2348 | 17:20:35 | 213.727062 | 358.160910 
 4151.4457 | 08748.2348 | 17:20:36 | 213.727062 | 358.160910 
 4151.4457 | 08748.2348 | 17:20:37 | 213.727062 | 358.160910 
 4151.4457 | 08748.2348 | 17:20:38 | 213.727062 | 358.160910 
 4151.4457 | 08748.2348 | 17:20:39 | 213.727062 | 358.160910 
 4151.4457 | 08748.2348 | 17:20:40 | 213.727062 | 358.160910 
 4151.4457 | 08748.2348 | 17:20:41 | 213.727062 | 358.160910 
 4151.4457 | 08748.2348 | 17:20:42 | 213.727062 | 358.160910 
 4151.4457 | 08748.2348 | 17:20:43 | 213.727062 | 358.160910 
 4151.4457 | 08748.2348 | 17:20:44 | 213.727062 | 358.160910 
 4151.4457 | 08748.2348 | 17:20:45 | 213.727062 | 358.160910 
 4151.4457 | 08748.2348 | 17:20:46 | 213.727062 | 358.160910 
 4151.4457 | 08748.2348 | 17:20:47 | 213.727062 | 358.160910 
 4151.4457 | 08748.2348 | 17:20:48 | 213.727062 | 358.160910 
 4151.4457 | 08748.2348 | 17:20:49 | 213.727062 | 358.160910 
 4151.4457 | 08748.2348 | 17:20:50 | 213.727062 | 358.160910 
 4151.4457 | 08748.2348 | 17:20:51 | 213.727062 | 358.160910 
 4151.4457 | 08748.2348 | 17:20:52 | 213.727062 | 358.160910 
 4151.4457 | 08748.2348 | 17:20:53 | 213.727062 | 358.160910 
 4151.4457 | 08748.2348 | 17:20:54 | 213.727062 | 358.160910 
 4151.4457 | 08748.2348 | 17:20:55 | 213.727062 | 358.160910 
 4151.4457 | 08748.2348 | 17:20:56 | 213.727062 | 358.160910 
 4151.4457 | 08748.2348 | 17:20:57 | 213.727062 | 358.160910 
 4151.4457 | 08748.2348 | 17:20:58 | 213.727062 | 358.160910 
 4151.4457 | 08748.2348 | 17:20:59 | 213.727062 | 358.160910 
 4151.4457 | 08748.2348 | 17:21:00 | 213.727062 | 358.160910 
 4151.4457 | 08748.2348 | 17:21:01 | 213.727062 | 358.160910 
 4151.4457 | 08748.2348 | 17:21:02 | 213.727062 | 358.160910 
 4151.4457 | 08748.2348 | 17:21:03 | 213.727062 | 358.160910 
 4151.4457 | 08748.2348 | 17:21:04 | 213.727062 | 358.160910 
 4151.4455 | 08748.2342 | 17:21:05 | 213.727579 | 358.160684 
 4151.4465 | 08748.2340 | 17:21:06 | 213.727744 | 358.161835 
 4151.4499 | 08748.2347 | 17:21:07 | 213.727118 | 358.165742 
 4151.4527 | 08748.2347 | 17:21:08 | 213.727098 | 358.168963 
 4151.4564 | 08748.2348 | 17:21:09 | 213.726986 | 358.173218 
 4151.4605 | 08748.2349 | 17:21:10 | 213.726871 | 358.177934 
 4151.4650 | 08748.2349 | 17:21:11 | 213.726839 | 358.183110 
 4151.4699 | 08748.2349 | 17:21:12 | 213.726804 | 358.188746 
 4151.4752 | 08748.2350 | 17:21:13 | 213.726681 | 358.194842 
 4151.4809 | 08748.2349 | 17:21:14 | 213.726726 | 358.201399 
 4151.4870 | 08748.2349 | 17:21:15 | 213.726683 | 358.208415 
 4151.4941 | 08748.2353 | 17:21:16 | 213.726289 | 358.216580 
 4151.5011 | 08748.2355 | 17:21:17 | 213.726067 | 358.224630 
 4151.5083 | 08748.2358 | 17:21:18 | 213.725758 | 358.232911 
 4151.5160 | 08748.2362 | 17:21:19 | 213.725359 | 358.241765 
 4151.5238 | 08748.2367 | 17:21:20 | 213.724874 | 358.250735 
 4151.5319 | 08748.2371 | 17:21:21 | 213.724473 | 358.260050 
 4151.5400 | 08748.2377 | 17:21:22 | 213.723899 | 358.269363 
 4151.5482 | 08748.2380 | 17:21:23 | 213.723583 | 358.278794 
 4151.5565 | 08748.2384 | 17:21:24 | 213.723180 | 358.288339 
 4151.5651 | 08748.2387 | 17:21:25 | 213.722862 | 358.298229 
 4151.5741 | 08748.2391 | 17:21:26 | 213.722454 | 358.308579 
 4151.5831 | 08748.2394 | 17:21:27 | 213.722132 | 358.318930 
 4151.5924 | 08748.2397 | 17:21:28 | 213.721808 | 358.329626 
 4151.6020 | 08748.2400 | 17:21:29 | 213.721482 | 358.340666 
 4151.6121 | 08748.2405 | 17:21:30 | 213.720980 | 358.352281 
 4151.6220 | 08748.2408 | 17:21:31 | 213.720652 | 358.363667 
 4151.6321 | 08748.2411 | 17:21:32 | 213.720323 | 358.375283 
 4151.6422 | 08748.2414 | 17:21:33 | 213.719993 | 358.386899 
 4151.6526 | 08748.2418 | 17:21:34 | 213.719575 | 358.398859 
 4151.6627 | 08748.2421 | 17:21:35 | 213.719246 | 358.410475 
 4151.6732 | 08748.2425 | 17:21:36 | 213.718827 | 358.422551 
 4151.6835 | 08748.2429 | 17:21:37 | 213.718410 | 358.434396 
 4151.6939 | 08748.2434 | 17:21:38 | 213.717907 | 358.446356 
 4151.7044 | 08748.2439 | 17:21:39 | 213.717402 | 358.458431 
 4151.7148 | 08748.2444 | 17:21:40 | 213.716899 | 358.470391 
 4151.7251 | 08748.2448 | 17:21:41 | 213.716482 | 358.482236 
 4151.7372 | 08748.2463 | 17:21:42 | 213.715106 | 358.496146 
 4151.7476 | 08748.2471 | 17:21:43 | 213.714345 | 358.508105 
 4151.7572 | 08748.2475 | 17:21:44 | 213.713933 | 358.519145 
 4151.7666 | 08748.2478 | 17:21:45 | 213.713608 | 358.529956 
 4151.7762 | 08748.2483 | 17:21:46 | 213.713110 | 358.540996 
 4151.7854 | 08748.2489 | 17:21:47 | 213.712529 | 358.551575 
 4151.7926 | 08748.2488 | 17:21:48 | 213.712564 | 358.559857 
 4151.7987 | 08748.2484 | 17:21:49 | 213.712864 | 358.566876 
 4151.8050 | 08748.2484 | 17:21:50 | 213.712820 | 358.574122 
 4151.8112 | 08748.2482 | 17:21:51 | 213.712948 | 358.581255 
 4151.8177 | 08748.2482 | 17:21:52 | 213.712902 | 358.588731 
 4151.8242 | 08748.2482 | 17:21:53 | 213.712856 | 358.596208 
 4151.8309 | 08748.2483 | 17:21:54 | 213.712722 | 358.603914 
 4151.8378 | 08748.2485 | 17:21:55 | 213.712501 | 358.611850 
 4151.8446 | 08748.2485 | 17:21:56 | 213.712453 | 358.619671 
 4151.8513 | 08748.2486 | 17:21:57 | 213.712320 | 358.627378 
 4151.8577 | 08748.2489 | 17:21:58 | 213.712016 | 358.634737 
 4151.8648 | 08748.2501 | 17:21:59 | 213.710934 | 358.642898 
 4151.8682 | 08748.2493 | 17:22:00 | 213.711598 | 358.646813 
 4151.8732 | 08748.2498 | 17:22:01 | 213.711132 | 358.652562 
 4151.8770 | 08748.2501 | 17:22:02 | 213.710848 | 358.656931 
 4151.8798 | 08748.2501 | 17:22:03 | 213.710828 | 358.660152 
 4151.8816 | 08748.2501 | 17:22:04 | 213.710815 | 358.662222 
 4151.8826 | 08748.2501 | 17:22:05 | 213.710808 | 358.663372 
 4151.8823 | 08748.2497 | 17:22:06 | 213.711154 | 358.663029 
 4151.8826 | 08748.2498 | 17:22:07 | 213.711066 | 358.663374 
 4151.8826 | 08748.2498 | 17:22:08 | 213.711066 | 358.663374 
 4151.8825 | 08748.2498 | 17:22:09 | 213.711067 | 358.663259 
 4151.8825 | 08748.2498 | 17:22:10 | 213.711067 | 358.663259 
 4151.8825 | 08748.2498 | 17:22:11 | 213.711067 | 358.663259 
 4151.8810 | 08748.2490 | 17:22:12 | 213.711765 | 358.661538 
 4151.8809 | 08748.2489 | 17:22:13 | 213.711852 | 358.661423 
 4151.8807 | 08748.2488 | 17:22:14 | 213.711939 | 358.661194 
 4151.8804 | 08748.2487 | 17:22:15 | 213.712027 | 358.660849 
 4151.8804 | 08748.2487 | 17:22:16 | 213.712027 | 358.660849 
 4151.8804 | 08748.2487 | 17:22:17 | 213.712027 | 358.660849 
 4151.8804 | 08748.2487 | 17:22:18 | 213.712027 | 358.660849 
 4151.8804 | 08748.2487 | 17:22:19 | 213.712027 | 358.660849 
 4151.8804 | 08748.2487 | 17:22:20 | 213.712027 | 358.660849 
 4151.8804 | 08748.2487 | 17:22:21 | 213.712027 | 358.660849 
 4151.8804 | 08748.2487 | 17:22:22 | 213.712027 | 358.660849 
 4151.8804 | 08748.2487 | 17:22:23 | 213.712027 | 358.660849 
 4151.8804 | 08748.2487 | 17:22:24 | 213.712027 | 358.660849 
 4151.8804 | 08748.2487 | 17:22:25 | 213.712027 | 358.660849 
 4151.8804 | 08748.2487 | 17:22:26 | 213.712027 | 358.660849 
 4151.8804 | 08748.2487 | 17:22:27 | 213.712027 | 358.660849 
 4151.8804 | 08748.2487 | 17:22:28 | 213.712027 | 358.660849 
 4151.8804 | 08748.2487 | 17:22:29 | 213.712027 | 358.660849 
 4151.8804 | 08748.2487 | 17:22:30 | 213.712027 | 358.660849 
 4151.8804 | 08748.2487 | 17:22:31 | 213.712027 | 358.660849 
 4151.8804 | 08748.2487 | 17:22:32 | 213.712027 | 358.660849 
 4151.8804 | 08748.2487 | 17:22:33 | 213.712027 | 358.660849 
 4151.8804 | 08748.2487 | 17:22:34 | 213.712027 | 358.660849 
 4151.8804 | 08748.2487 | 17:22:35 | 213.712027 | 358.660849 
 4151.8804 | 08748.2487 | 17:22:36 | 213.712027 | 358.660849 
 4151.8804 | 08748.2487 | 17:22:37 | 213.712027 | 358.660849 
 4151.8804 | 08748.2487 | 17:22:38 | 213.712027 | 358.660849 
 4151.8804 | 08748.2487 | 17:22:39 | 213.712027 | 358.660849 
 4151.8804 | 08748.2487 | 17:22:40 | 213.712027 | 358.660849 
 4151.8804 | 08748.2487 | 17:22:41 | 213.712027 | 358.660849 
 4151.8804 | 08748.2487 | 17:22:42 | 213.712027 | 358.660849 
 4151.8804 | 08748.2487 | 17:22:43 | 213.712027 | 358.660849 
 4151.8804 | 08748.2487 | 17:22:44 | 213.712027 | 358.660849 
 4151.8804 | 08748.2487 | 17:22:45 | 213.712027 | 358.660849 
 4151.8804 | 08748.2487 | 17:22:46 | 213.712027 | 358.660849 
 4151.8804 | 08748.2487 | 17:22:47 | 213.712027 | 358.660849 
 4151.8804 | 08748.2487 | 17:22:48 | 213.712027 | 358.660849 
 4151.8804 | 08748.2487 | 17:22:49 | 213.712027 | 358.660849 
 4151.8804 | 08748.2487 | 17:22:50 | 213.712027 | 358.660849 
 4151.8804 | 08748.2487 | 17:22:51 | 213.712027 | 358.660849 
 4151.8804 | 08748.2487 | 17:22:52 | 213.712027 | 358.660849 
 4151.8804 | 08748.2487 | 17:22:53 | 213.712027 | 358.660849 
 4151.8804 | 08748.2487 | 17:22:54 | 213.712027 | 358.660849 
 4151.8804 | 08748.2487 | 17:22:55 | 213.712027 | 358.660849 
 4151.8804 | 08748.2487 | 17:22:56 | 213.712027 | 358.660849 
 4151.8836 | 08748.2502 | 17:22:57 | 213.710715 | 358.664522 
 4151.8839 | 08748.2502 | 17:22:58 | 213.710713 | 358.664867 
 4151.8849 | 08748.2502 | 17:22:59 | 213.710706 | 358.666017 
 4151.8863 | 08748.2500 | 17:23:00 | 213.710868 | 358.667629 
 4151.8884 | 08748.2498 | 17:23:01 | 213.711025 | 358.670045 
 4151.8909 | 08748.2495 | 17:23:02 | 213.711265 | 358.672923 
 4151.8944 | 08748.2494 | 17:23:03 | 213.711326 | 358.676949 
 4151.9002 | 08748.2503 | 17:23:04 | 213.710511 | 358.683616 
 4151.9052 | 08748.2504 | 17:23:05 | 213.710390 | 358.689366 
 4151.9105 | 08748.2504 | 17:23:06 | 213.710352 | 358.695463 
 4151.9161 | 08748.2505 | 17:23:07 | 213.710226 | 358.701903 
 4151.9221 | 08748.2507 | 17:23:08 | 213.710012 | 358.708804 
 4151.9284 | 08748.2511 | 17:23:09 | 213.709623 | 358.716048 
 4151.9351 | 08748.2516 | 17:23:10 | 213.709146 | 358.723752 
 4151.9418 | 08748.2519 | 17:23:11 | 213.708840 | 358.731457 
 4151.9485 | 08748.2521 | 17:23:12 | 213.708621 | 358.739163 
 4151.9555 | 08748.2524 | 17:23:13 | 213.708313 | 358.747213 
 4151.9624 | 08748.2528 | 17:23:14 | 213.707921 | 358.755148 
 4151.9694 | 08748.2533 | 17:23:15 | 213.707441 | 358.763197 
 4151.9765 | 08748.2538 | 17:23:16 | 213.706961 | 358.771361 
 4151.9836 | 08748.2542 | 17:23:17 | 213.706567 | 358.779526 
 4151.9906 | 08748.2545 | 17:23:18 | 213.706259 | 358.787576 
 4151.9975 | 08748.2549 | 17:23:19 | 213.705866 | 358.795510 
 4152.0040 | 08748.2551 | 17:23:20 | 213.705648 | 358.802986 
 4152.0104 | 08748.2554 | 17:23:21 | 213.705345 | 358.810346 
 4152.0160 | 08748.2553 | 17:23:22 | 213.705391 | 358.816788 
 4152.0216 | 08748.2554 | 17:23:23 | 213.705265 | 358.823229 
 4152.0274 | 08748.2554 | 17:23:24 | 213.705224 | 358.829900 
 4152.0330 | 08748.2552 | 17:23:25 | 213.705357 | 358.836343 
 4152.0387 | 08748.2547 | 17:23:26 | 213.705746 | 358.842902 
 4152.0445 | 08748.2541 | 17:23:27 | 213.706221 | 358.849576 
 4152.0508 | 08748.2538 | 17:23:28 | 213.706434 | 358.856824 
 4152.0574 | 08748.2538 | 17:23:29 | 213.706387 | 358.864416 
 4152.0651 | 08748.2543 | 17:23:30 | 213.705903 | 358.873270 
 4152.0729 | 08748.2546 | 17:23:31 | 213.705590 | 358.882241 
 4152.0811 | 08748.2549 | 17:23:32 | 213.705274 | 358.891671 
 4152.0893 | 08748.2553 | 17:23:33 | 213.704872 | 358.901101 
 4152.0975 | 08748.2556 | 17:23:34 | 213.704555 | 358.910531 
 4152.1063 | 08748.2559 | 17:23:35 | 213.704235 | 358.920652 
 4152.1148 | 08748.2561 | 17:23:36 | 213.704003 | 358.930428 
 4152.1228 | 08748.2560 | 17:23:37 | 213.704032 | 358.939631 
 4152.1310 | 08748.2564 | 17:23:38 | 213.703630 | 358.949061 
 4152.1388 | 08748.2566 | 17:23:39 | 213.703403 | 358.958031 
 4152.1462 | 08748.2567 | 17:23:40 | 213.703264 | 358.966543 
 4152.1533 | 08748.2568 | 17:23:41 | 213.703128 | 358.974709 
 4152.1603 | 08748.2572 | 17:23:42 | 213.702735 | 358.982759 
 4152.1670 | 08748.2574 | 17:23:43 | 213.702515 | 358.990464 
 4152.1737 | 08748.2576 | 17:23:44 | 213.702296 | 358.998170 
 4152.1802 | 08748.2578 | 17:23:45 | 213.702078 | 359.005645 
 4152.1870 | 08748.2580 | 17:23:46 | 213.701858 | 359.013466 
 4152.1938 | 08748.2582 | 17:23:47 | 213.701637 | 359.021287 
 4152.2031 | 08748.2605 | 17:23:48 | 213.699594 | 359.031972 
 4152.2101 | 08748.2606 | 17:23:49 | 213.699458 | 359.040023 
 4152.2173 | 08748.2610 | 17:23:50 | 213.699064 | 359.048303 
 4152.2246 | 08748.2613 | 17:23:51 | 213.698754 | 359.056698 
 4152.2319 | 08748.2614 | 17:23:52 | 213.698616 | 359.065094 
 4152.2392 | 08748.2616 | 17:23:53 | 213.698392 | 359.073490 
 4152.2467 | 08748.2621 | 17:23:54 | 213.697909 | 359.082114 
 4152.2533 | 08748.2620 | 17:23:55 | 213.697949 | 359.089706 
 4152.2606 | 08748.2622 | 17:23:56 | 213.697725 | 359.098102 
 4152.2679 | 08748.2628 | 17:23:57 | 213.697157 | 359.106496 
 4152.2744 | 08748.2633 | 17:23:58 | 213.696681 | 359.113970 
 4152.2802 | 08748.2638 | 17:23:59 | 213.696210 | 359.120638 
 4152.2856 | 08748.2640 | 17:24:00 | 213.696000 | 359.126849 
 4152.2907 | 08748.2641 | 17:24:01 | 213.695878 | 359.132714 
 4152.2955 | 08748.2639 | 17:24:02 | 213.696016 | 359.138237 
 4152.3006 | 08748.2639 | 17:24:03 | 213.695980 | 359.144103 
 4152.3060 | 08748.2639 | 17:24:04 | 213.695942 | 359.150314 
 4152.3120 | 08748.2641 | 17:24:05 | 213.695727 | 359.157215 
 4152.3179 | 08748.2640 | 17:24:06 | 213.695771 | 359.164002 
 4152.3242 | 08748.2640 | 17:24:07 | 213.695727 | 359.171248 
 4152.3315 | 08748.2643 | 17:24:08 | 213.695417 | 359.179644 
 4152.3385 | 08748.2642 | 17:24:09 | 213.695453 | 359.187696 
 4152.3456 | 08748.2642 | 17:24:10 | 213.695403 | 359.195863 
 4152.3527 | 08748.2643 | 17:24:11 | 213.695267 | 359.204029 
 4152.3600 | 08748.2645 | 17:24:12 | 213.695043 | 359.212425 
 4152.3673 | 08748.2648 | 17:24:13 | 213.694733 | 359.220820 
 4152.3743 | 08748.2649 | 17:24:14 | 213.694598 | 359.228871 
 4152.3805 | 08748.2647 | 17:24:15 | 213.694726 | 359.236004 
 4152.3855 | 08748.2639 | 17:24:16 | 213.695378 | 359.241759 
 4152.3914 | 08748.2641 | 17:24:17 | 213.695164 | 359.248545 
 4152.3964 | 08748.2640 | 17:24:18 | 213.695215 | 359.254296 
 4152.4010 | 08748.2638 | 17:24:19 | 213.695354 | 359.259589 
 4152.4054 | 08748.2638 | 17:24:20 | 213.695323 | 359.264650 
 4152.4090 | 08748.2638 | 17:24:21 | 213.695298 | 359.268791 
 4152.4122 | 08748.2638 | 17:24:22 | 213.695275 | 359.272471 
 4152.4152 | 08748.2637 | 17:24:23 | 213.695340 | 359.275923 
 4152.4161 | 08748.2623 | 17:24:24 | 213.696537 | 359.276965 
 4152.4168 | 08748.2604 | 17:24:25 | 213.698165 | 359.277781 
 4152.4174 | 08748.2574 | 17:24:26 | 213.700740 | 359.278487 
 4152.4172 | 08748.2531 | 17:24:27 | 213.704438 | 359.278279 
 4152.4167 | 08748.2477 | 17:24:28 | 213.709084 | 359.277733 
 4152.4158 | 08748.2409 | 17:24:29 | 213.714936 | 359.276734 
 4152.4149 | 08748.2328 | 17:24:30 | 213.721906 | 359.275741 
 4152.4141 | 08748.2240 | 17:24:31 | 213.729477 | 359.274868 
 4152.4132 | 08748.2142 | 17:24:32 | 213.737909 | 359.273885 
 4152.4120 | 08748.2040 | 17:24:33 | 213.746686 | 359.272558 
 4152.4107 | 08748.1937 | 17:24:34 | 213.755550 | 359.271118 
 4152.4094 | 08748.1832 | 17:24:35 | 213.764586 | 359.269678 
 4152.4084 | 08748.1727 | 17:24:36 | 213.773620 | 359.268584 
 4152.4073 | 08748.1623 | 17:24:37 | 213.782569 | 359.267374 
 4152.4063 | 08748.1518 | 17:24:38 | 213.791603 | 359.266279 
 4152.4052 | 08748.1413 | 17:24:39 | 213.800638 | 359.265070 
 4152.4041 | 08748.1307 | 17:24:40 | 213.809758 | 359.263861 
 4152.4031 | 08748.1200 | 17:24:41 | 213.818964 | 359.262768 
 4152.4019 | 08748.1090 | 17:24:42 | 213.828430 | 359.261446 
 4152.4007 | 08748.0977 | 17:24:43 | 213.838153 | 359.260126 
 4152.3995 | 08748.0865 | 17:24:44 | 213.847790 | 359.258805 
 4152.3982 | 08748.0754 | 17:24:45 | 213.857342 | 359.257369 
 4152.3968 | 08748.0646 | 17:24:46 | 213.866637 | 359.255816 
 4152.3954 | 08748.0547 | 17:24:47 | 213.875158 | 359.254259 
 4152.3940 | 08748.0460 | 17:24:48 | 213.882647 | 359.252695 
 4152.3926 | 08748.0386 | 17:24:49 | 213.889019 | 359.251124 
 4152.3914 | 08748.0323 | 17:24:50 | 213.894444 | 359.249777 
 4152.3904 | 08748.0271 | 17:24:51 | 213.898921 | 359.248655 
 4152.3896 | 08748.0235 | 17:24:52 | 213.902022 | 359.247754 
 4152.3891 | 08748.0215 | 17:24:53 | 213.903745 | 359.247189 
 4152.3889 | 08748.0206 | 17:24:54 | 213.904520 | 359.246964 
 4152.3888 | 08748.0202 | 17:24:55 | 213.904865 | 359.246851 
 4152.3888 | 08748.0200 | 17:24:56 | 213.905037 | 359.246852 
 4152.3888 | 08748.0198 | 17:24:57 | 213.905209 | 359.246853 
 4152.3887 | 08748.0195 | 17:24:58 | 213.905467 | 359.246740 
 4152.3887 | 08748.0191 | 17:24:59 | 213.905811 | 359.246742 
 4152.3887 | 08748.0190 | 17:25:00 | 213.905897 | 359.246742 
 4152.3887 | 08748.0192 | 17:25:01 | 213.905725 | 359.246741 
 4152.3887 | 08748.0192 | 17:25:02 | 213.905725 | 359.246741 
 4152.3887 | 08748.0192 | 17:25:03 | 213.905725 | 359.246741 
 4152.3888 | 08748.0191 | 17:25:04 | 213.905810 | 359.246857 
 4152.3887 | 08748.0183 | 17:25:05 | 213.906499 | 359.246746 
 4152.3885 | 08748.0166 | 17:25:06 | 213.907962 | 359.246525 
 4152.3882 | 08748.0139 | 17:25:07 | 213.910285 | 359.246194 
 4152.3880 | 08748.0105 | 17:25:08 | 213.913210 | 359.245983 
 4152.3877 | 08748.0067 | 17:25:09 | 213.916479 | 359.245658 
 4152.3873 | 08748.0023 | 17:25:10 | 213.920264 | 359.245221 
 4152.3868 | 08747.9971 | 17:25:11 | 213.924738 | 359.244674 
 4152.3862 | 08747.9912 | 17:25:12 | 213.929815 | 359.244015 
 4152.3856 | 08747.9851 | 17:25:13 | 213.935063 | 359.243358 
 4152.3850 | 08747.9784 | 17:25:14 | 213.940828 | 359.242703 
 4152.3843 | 08747.9712 | 17:25:15 | 213.947022 | 359.241937 
 4152.3836 | 08747.9636 | 17:25:16 | 213.953561 | 359.241172 
 4152.3828 | 08747.9559 | 17:25:17 | 213.960187 | 359.240293 
 4152.3820 | 08747.9481 | 17:25:18 | 213.966898 | 359.239415 
 4152.3812 | 08747.9403 | 17:25:19 | 213.973610 | 359.238536 
 4152.3808 | 08747.9327 | 17:25:20 | 213.980146 | 359.238117 
 4152.3800 | 08747.9264 | 17:25:21 | 213.985568 | 359.237230 
 4152.3794 | 08747.9198 | 17:25:22 | 213.991246 | 359.236575 
 4152.3788 | 08747.9136 | 17:25:23 | 213.996581 | 359.235919 
 4152.3781 | 08747.9077 | 17:25:24 | 214.001658 | 359.235145 
 4152.3775 | 08747.9020 | 17:25:25 | 214.006563 | 359.234485 
 4152.3770 | 08747.8965 | 17:25:26 | 214.011295 | 359.233940 
 4152.3765 | 08747.8913 | 17:25:27 | 214.015769 | 359.233392 
 4152.3761 | 08747.8861 | 17:25:28 | 214.020242 | 359.232960 
 4152.3757 | 08747.8810 | 17:25:29 | 214.024630 | 359.232527 
 4152.3752 | 08747.8759 | 17:25:30 | 214.029018 | 359.231980 
 4152.3747 | 08747.8704 | 17:25:31 | 214.033750 | 359.231434 
 4152.3742 | 08747.8645 | 17:25:32 | 214.038825 | 359.230891 
 4152.3735 | 08747.8580 | 17:25:33 | 214.044419 | 359.230120 
 4152.3728 | 08747.8509 | 17:25:34 | 214.050528 | 359.229353 
 4152.3721 | 08747.8433 | 17:25:35 | 214.057066 | 359.228589 
 4152.3713 | 08747.8354 | 17:25:36 | 214.063864 | 359.227711 
 4152.3705 | 08747.8271 | 17:25:37 | 214.071005 | 359.226835 
 4152.3696 | 08747.8183 | 17:25:38 | 214.078577 | 359.225847 
 4152.3687 | 08747.8091 | 17:25:39 | 214.086493 | 359.224862 
 4152.3679 | 08747.7994 | 17:25:40 | 214.094838 | 359.223994 
 4152.3670 | 08747.7894 | 17:25:41 | 214.103441 | 359.223012 
 4152.3660 | 08747.7794 | 17:25:42 | 214.112046 | 359.221916 
 4152.3650 | 08747.7694 | 17:25:43 | 214.120650 | 359.220819 
 4152.3640 | 08747.7591 | 17:25:44 | 214.129512 | 359.219724 
 4152.3628 | 08747.7486 | 17:25:45 | 214.138548 | 359.218401 
 4152.3618 | 08747.7378 | 17:25:46 | 214.147840 | 359.217308 
 4152.3607 | 08747.7267 | 17:25:47 | 214.157391 | 359.216103 
 4152.3596 | 08747.7152 | 17:25:48 | 214.167285 | 359.214900 
 4152.3585 | 08747.7037 | 17:25:49 | 214.177180 | 359.213696 
 4152.3575 | 08747.6922 | 17:25:50 | 214.187074 | 359.212608 
 4152.3566 | 08747.6808 | 17:25:51 | 214.196881 | 359.211634 
 4152.3557 | 08747.6693 | 17:25:52 | 214.206774 | 359.210661 
 4152.3548 | 08747.6579 | 17:25:53 | 214.216581 | 359.209688 
 4152.3537 | 08747.6463 | 17:25:54 | 214.226562 | 359.208485 
 4152.3527 | 08747.6347 | 17:25:55 | 214.236542 | 359.207397 
 4152.3516 | 08747.6232 | 17:25:56 | 214.246436 | 359.206194 
 4152.3507 | 08747.6114 | 17:25:57 | 214.256588 | 359.205223 
 4152.3494 | 08747.5971 | 17:25:58 | 214.268891 | 359.203805 
 4152.3481 | 08747.5847 | 17:25:59 | 214.279561 | 359.202377 
 4152.3466 | 08747.5719 | 17:26:00 | 214.290576 | 359.200720 
 4152.3449 | 08747.5589 | 17:26:01 | 214.301764 | 359.198835 
 4152.3433 | 08747.5456 | 17:26:02 | 214.313210 | 359.197067 
 4152.3420 | 08747.5319 | 17:26:03 | 214.324998 | 359.195646 
 4152.3408 | 08747.5181 | 17:26:04 | 214.336871 | 359.194340 
 4152.3396 | 08747.5042 | 17:26:05 | 214.348829 | 359.193036 
 4152.3384 | 08747.4905 | 17:26:06 | 214.360616 | 359.191730 
 4152.3374 | 08747.4772 | 17:26:07 | 214.372058 | 359.190651 
 4152.3363 | 08747.4641 | 17:26:08 | 214.383328 | 359.189457 
 4152.3353 | 08747.4512 | 17:26:09 | 214.394426 | 359.188377 
 4152.3342 | 08747.4383 | 17:26:10 | 214.405524 | 359.187182 
 4152.3331 | 08747.4251 | 17:26:11 | 214.416880 | 359.185988 
 4152.3319 | 08747.4116 | 17:26:12 | 214.428495 | 359.184682 
 4152.3307 | 08747.3978 | 17:26:13 | 214.440368 | 359.183376 
 4152.3295 | 08747.3838 | 17:26:14 | 214.452413 | 359.182072 
 4152.3283 | 08747.3695 | 17:26:15 | 214.464715 | 359.180770 
 4152.3271 | 08747.3548 | 17:26:16 | 214.477362 | 359.179470 
 4152.3258 | 08747.3401 | 17:26:17 | 214.490009 | 359.178054 
 4152.3246 | 08747.3253 | 17:26:18 | 214.502742 | 359.176755 
 4152.3233 | 08747.3098 | 17:26:19 | 214.516077 | 359.175344 
 4152.3221 | 08747.2942 | 17:26:20 | 214.529497 | 359.174049 
 4152.3209 | 08747.2788 | 17:26:21 | 214.542746 | 359.172753 
 4152.3197 | 08747.2634 | 17:26:22 | 214.555994 | 359.171457 
 4152.3183 | 08747.2478 | 17:26:23 | 214.569416 | 359.169932 
 4152.3170 | 08747.2321 | 17:26:24 | 214.582923 | 359.168522 
 4152.3156 | 08747.2165 | 17:26:25 | 214.596345 | 359.166997 
 4152.3142 | 08747.2011 | 17:26:26 | 214.609595 | 359.165471 
 4152.3129 | 08747.1856 | 17:26:27 | 214.622930 | 359.164061 
 4152.3115 | 08747.1702 | 17:26:28 | 214.636180 | 359.162535 
 4152.3101 | 08747.1547 | 17:26:29 | 214.649516 | 359.161009 
 4152.3088 | 08747.1391 | 17:26:30 | 214.662938 | 359.159599 
 4152.3075 | 08747.1233 | 17:26:31 | 214.676531 | 359.158191 
 4152.3061 | 08747.1072 | 17:26:32 | 214.690383 | 359.156669 
 4152.3047 | 08747.0909 | 17:26:33 | 214.704406 | 359.155148 
 4152.3033 | 08747.0744 | 17:26:34 | 214.718602 | 359.153628 
 4152.3019 | 08747.0577 | 17:26:35 | 214.732970 | 359.152110 
 4152.3005 | 08747.0409 | 17:26:36 | 214.747423 | 359.150592 
 4152.2992 | 08747.0241 | 17:26:37 | 214.761876 | 359.149189 
 4152.2978 | 08747.0071 | 17:26:38 | 214.776502 | 359.147672 
 4152.2962 | 08746.9898 | 17:26:39 | 214.791387 | 359.145927 
 4152.2946 | 08746.9730 | 17:26:40 | 214.805842 | 359.144179 
 4152.2931 | 08746.9561 | 17:26:41 | 214.820383 | 359.142547 
 4152.2917 | 08746.9392 | 17:26:42 | 214.834922 | 359.141030 
 4152.2903 | 08746.9227 | 17:26:43 | 214.849118 | 359.139511 
 4152.2888 | 08746.9063 | 17:26:44 | 214.863229 | 359.137876 
 4152.2875 | 08746.8900 | 17:26:45 | 214.877252 | 359.136471 
 4152.2861 | 08746.8737 | 17:26:46 | 214.891276 | 359.134950 
 4152.2848 | 08746.8575 | 17:26:47 | 214.905213 | 359.133545 
 4152.2835 | 08746.8412 | 17:26:48 | 214.919236 | 359.132140 
 4152.2822 | 08746.8247 | 17:26:49 | 214.933431 | 359.130736 
 4152.2809 | 08746.8081 | 17:26:50 | 214.947713 | 359.129332 
 4152.2796 | 08746.7914 | 17:26:51 | 214.962080 | 359.127929 
 4152.2782 | 08746.7748 | 17:26:52 | 214.976362 | 359.126411 
 4152.2769 | 08746.7582 | 17:26:53 | 214.990643 | 359.125008 
 4152.2756 | 08746.7415 | 17:26:54 | 215.005010 | 359.123605 
 4152.2742 | 08746.7248 | 17:26:55 | 215.019378 | 359.122088 
 4152.2728 | 08746.7072 | 17:26:56 | 215.034519 | 359.120575 
 4152.2714 | 08746.6899 | 17:26:57 | 215.049403 | 359.119061 
 4152.2700 | 08746.6723 | 17:26:58 | 215.064545 | 359.117548 
 4152.2689 | 08746.6545 | 17:26:59 | 215.079856 | 359.116382 
 4152.2679 | 08746.6366 | 17:27:00 | 215.095253 | 359.115332 
 4152.2669 | 08746.6187 | 17:27:01 | 215.110650 | 359.114281 
 4152.2660 | 08746.6007 | 17:27:02 | 215.126132 | 359.113346 
 4152.2650 | 08746.5827 | 17:27:03 | 215.141614 | 359.112296 
 4152.2640 | 08746.5647 | 17:27:04 | 215.157097 | 359.111247 
 4152.2629 | 08746.5468 | 17:27:05 | 215.172494 | 359.110081 
 4152.2618 | 08746.5289 | 17:27:06 | 215.187892 | 359.108916 
 4152.2607 | 08746.5108 | 17:27:07 | 215.203461 | 359.107752 
 4152.2595 | 08746.4926 | 17:27:08 | 215.219117 | 359.106473 
 4152.2583 | 08746.4741 | 17:27:09 | 215.235031 | 359.105196 
 4152.2572 | 08746.4555 | 17:27:10 | 215.251031 | 359.104035 
 4152.2561 | 08746.4369 | 17:27:11 | 215.267030 | 359.102874 
 4152.2549 | 08746.4183 | 17:27:12 | 215.283030 | 359.101598 
 4152.2539 | 08746.3996 | 17:27:13 | 215.299114 | 359.100553 
 4152.2527 | 08746.3800 | 17:27:14 | 215.315974 | 359.099282 
 4152.2515 | 08746.3606 | 17:27:15 | 215.332662 | 359.098011 
 4152.2504 | 08746.3411 | 17:27:16 | 215.349435 | 359.096855 
 4152.2492 | 08746.3215 | 17:27:17 | 215.366295 | 359.095585 
 4152.2481 | 08746.3016 | 17:27:18 | 215.383412 | 359.094432 
 4152.2469 | 08746.2817 | 17:27:19 | 215.400530 | 359.093163 
 4152.2457 | 08746.2618 | 17:27:20 | 215.417648 | 359.091895 
 4152.2445 | 08746.2419 | 17:27:21 | 215.434766 | 359.090627 
 4152.2433 | 08746.2221 | 17:27:22 | 215.451797 | 359.089358 
 4152.2422 | 08746.2023 | 17:27:23 | 215.468829 | 359.088205 
 4152.2410 | 08746.1825 | 17:27:24 | 215.485860 | 359.086936 
 4152.2400 | 08746.1627 | 17:27:25 | 215.502891 | 359.085898 
 4152.2392 | 08746.1428 | 17:27:26 | 215.520006 | 359.085090 
 4152.2388 | 08746.1229 | 17:27:27 | 215.537117 | 359.084742 
 4152.2389 | 08746.1030 | 17:27:28 | 215.554225 | 359.084970 
 4152.2395 | 08746.0832 | 17:27:29 | 215.571244 | 359.085772 
 4152.2405 | 08746.0633 | 17:27:30 | 215.588345 | 359.087035 
 4152.2417 | 08746.0434 | 17:27:31 | 215.605445 | 359.088528 
 4152.2432 | 08746.0233 | 17:27:32 | 215.622714 | 359.090368 
 4152.2449 | 08746.0032 | 17:27:33 | 215.639982 | 359.092437 
 4152.2470 | 08745.9835 | 17:27:34 | 215.656903 | 359.094964 
 4152.2492 | 08745.9639 | 17:27:35 | 215.673737 | 359.097606 
 4152.2515 | 08745.9444 | 17:27:36 | 215.690484 | 359.100363 
 4152.2537 | 08745.9250 | 17:27:37 | 215.707146 | 359.103003 
 4152.2559 | 08745.9055 | 17:27:38 | 215.723894 | 359.105645 
 4152.2581 | 08745.8859 | 17:27:39 | 215.740728 | 359.108287 
 4152.2604 | 08745.8663 | 17:27:40 | 215.757562 | 359.111044 
 4152.2627 | 08745.8469 | 17:27:41 | 215.774223 | 359.113800 
 4152.2650 | 08745.8276 | 17:27:42 | 215.790798 | 359.116556 
 4152.2672 | 08745.8087 | 17:27:43 | 215.807030 | 359.119195 
 4152.2694 | 08745.7902 | 17:27:44 | 215.822919 | 359.121831 
 4152.2710 | 08745.7719 | 17:27:45 | 215.838640 | 359.123776 
 4152.2722 | 08745.7537 | 17:27:46 | 215.854277 | 359.125260 
 4152.2730 | 08745.7354 | 17:27:47 | 215.870004 | 359.126285 
 4152.2736 | 08745.7171 | 17:27:48 | 215.885733 | 359.127080 
 4152.2740 | 08745.6987 | 17:27:49 | 215.901549 | 359.127645 
 4152.2742 | 08745.6801 | 17:27:50 | 215.917538 | 359.127982 
 4152.2743 | 08745.6613 | 17:27:51 | 215.933701 | 359.128204 
 4152.2745 | 08745.6425 | 17:27:52 | 215.949862 | 359.128542 
 4152.2748 | 08745.6237 | 17:27:53 | 215.966023 | 359.128995 
 4152.2751 | 08745.6045 | 17:27:54 | 215.982527 | 359.129450 
 4152.2753 | 08745.5851 | 17:27:55 | 215.999204 | 359.129792 
 4152.2755 | 08745.5656 | 17:27:56 | 216.015968 | 359.130134 
 4152.2757 | 08745.5463 | 17:27:57 | 216.032559 | 359.130475 
 4152.2760 | 08745.5272 | 17:27:58 | 216.048977 | 359.130930 
 4152.2761 | 08745.5083 | 17:27:59 | 216.065225 | 359.131154 
 4152.2763 | 08745.4897 | 17:28:00 | 216.081215 | 359.131491 
 4152.2765 | 08745.4712 | 17:28:01 | 216.097118 | 359.131828 
 4152.2767 | 08745.4527 | 17:28:02 | 216.113022 | 359.132164 
 4152.2770 | 08745.4342 | 17:28:03 | 216.128925 | 359.132616 
 4152.2772 | 08745.4157 | 17:28:04 | 216.144828 | 359.132953 
 4152.2774 | 08745.3971 | 17:28:05 | 216.160817 | 359.133290 
 4152.2776 | 08745.3784 | 17:28:06 | 216.176893 | 359.133628 
 4152.2778 | 08745.3596 | 17:28:07 | 216.193054 | 359.133967 
 4152.2779 | 08745.3407 | 17:28:08 | 216.209302 | 359.134192 
 4152.2781 | 08745.3216 | 17:28:09 | 216.225722 | 359.134532 
 4152.2783 | 08745.3025 | 17:28:10 | 216.242141 | 359.134873 
 4152.2787 | 08745.2834 | 17:28:11 | 216.258559 | 359.135444 
 4152.2790 | 08745.2643 | 17:28:12 | 216.274977 | 359.135899 
 4152.2794 | 08745.2452 | 17:28:13 | 216.291395 | 359.136470 
 4152.2801 | 08745.2276 | 17:28:14 | 216.306521 | 359.137378 
 4152.2800 | 08745.2081 | 17:28:15 | 216.323286 | 359.137376 
 4152.2801 | 08745.1890 | 17:28:16 | 216.339706 | 359.137602 
 4152.2803 | 08745.1700 | 17:28:17 | 216.356040 | 359.137942 
 4152.2806 | 08745.1509 | 17:28:18 | 216.372458 | 359.138398 
 4152.2807 | 08745.1316 | 17:28:19 | 216.389050 | 359.138626 
 4152.2809 | 08745.1123 | 17:28:20 | 216.405641 | 359.138968 
 4152.2810 | 08745.0930 | 17:28:21 | 216.422233 | 359.139196 
 4152.2812 | 08745.0739 | 17:28:22 | 216.438653 | 359.139537 
 4152.2814 | 08745.0551 | 17:28:23 | 216.454814 | 359.139877 
 4152.2817 | 08745.0365 | 17:28:24 | 216.470803 | 359.140330 
 4152.2819 | 08745.0182 | 17:28:25 | 216.486534 | 359.140667 
 4152.2821 | 08745.0002 | 17:28:26 | 216.502008 | 359.141002 
 4152.2824 | 08744.9823 | 17:28:27 | 216.517394 | 359.141452 
 4152.2826 | 08744.9643 | 17:28:28 | 216.532868 | 359.141787 
 4152.2828 | 08744.9461 | 17:28:29 | 216.548513 | 359.142124 
 4152.2830 | 08744.9280 | 17:28:30 | 216.564073 | 359.142460 
 4152.2832 | 08744.9096 | 17:28:31 | 216.579890 | 359.142798 
 4152.2836 | 08744.8911 | 17:28:32 | 216.595792 | 359.143366 
 4152.2838 | 08744.8725 | 17:28:33 | 216.611782 | 359.143705 
 4152.2842 | 08744.8540 | 17:28:34 | 216.627683 | 359.144274 
 4152.2846 | 08744.8354 | 17:28:35 | 216.643671 | 359.144843 
 4152.2850 | 08744.8166 | 17:28:36 | 216.659831 | 359.145413 
 4152.2851 | 08744.7975 | 17:28:37 | 216.676251 | 359.145641 
 4152.2854 | 08744.7785 | 17:28:38 | 216.692584 | 359.146097 
 4152.2857 | 08744.7597 | 17:28:39 | 216.708744 | 359.146553 
 4152.2860 | 08744.7412 | 17:28:40 | 216.724647 | 359.147007 
 4152.2862 | 08744.7227 | 17:28:41 | 216.740550 | 359.147346 
 4152.2863 | 08744.7043 | 17:28:42 | 216.756368 | 359.147569 
 4152.2865 | 08744.6859 | 17:28:43 | 216.772186 | 359.147908 
 4152.2867 | 08744.6675 | 17:28:44 | 216.788003 | 359.148246 
 4152.2868 | 08744.6492 | 17:28:45 | 216.803735 | 359.148469 
 4152.2874 | 08744.6323 | 17:28:46 | 216.818260 | 359.149259 
 4152.2877 | 08744.6146 | 17:28:47 | 216.833475 | 359.149709 
 4152.2879 | 08744.5968 | 17:28:48 | 216.848776 | 359.150044 
 4152.2883 | 08744.5790 | 17:28:49 | 216.864076 | 359.150609 
 4152.2889 | 08744.5613 | 17:28:50 | 216.879289 | 359.151404 
 4152.2895 | 08744.5434 | 17:28:51 | 216.894673 | 359.152200 
 4152.2902 | 08744.5254 | 17:28:52 | 216.910143 | 359.153112 
 4152.2910 | 08744.5072 | 17:28:53 | 216.925784 | 359.154140 
 4152.2916 | 08744.4886 | 17:28:54 | 216.941770 | 359.154940 
 4152.2922 | 08744.4698 | 17:28:55 | 216.957928 | 359.155742 
 4152.2928 | 08744.4507 | 17:28:56 | 216.974344 | 359.156546 
 4152.2933 | 08744.4308 | 17:28:57 | 216.991448 | 359.157239 
 4152.2942 | 08744.4113 | 17:28:58 | 217.008206 | 359.158390 
 4152.2951 | 08744.3921 | 17:28:59 | 217.024706 | 359.159539 
 4152.2961 | 08744.3729 | 17:29:00 | 217.041204 | 359.160804 
 4152.2995 | 08744.3545 | 17:29:01 | 217.056996 | 359.164824 
 4152.3026 | 08744.3364 | 17:29:02 | 217.072533 | 359.168497 
 4152.3062 | 08744.3187 | 17:29:03 | 217.087721 | 359.172744 
 4152.3104 | 08744.3011 | 17:29:04 | 217.102819 | 359.177680 
 4152.3149 | 08744.2838 | 17:29:05 | 217.117656 | 359.182959 
 4152.3200 | 08744.2668 | 17:29:06 | 217.132231 | 359.188927 
 4152.3257 | 08744.2501 | 17:29:07 | 217.146542 | 359.195583 
 4152.3321 | 08744.2338 | 17:29:08 | 217.160505 | 359.203041 
 4152.3391 | 08744.2181 | 17:29:09 | 217.173946 | 359.211187 
 4152.3463 | 08744.2027 | 17:29:10 | 217.187128 | 359.219561 
 4152.3536 | 08744.1877 | 17:29:11 | 217.199966 | 359.228047 
 4152.3608 | 08744.1730 | 17:29:12 | 217.212546 | 359.236417 
 4152.3680 | 08744.1584 | 17:29:13 | 217.225040 | 359.244786 
 4152.3747 | 08744.1438 | 17:29:14 | 217.237538 | 359.252580 
 4152.3809 | 08744.1290 | 17:29:15 | 217.250212 | 359.259800 
 4152.3870 | 08744.1142 | 17:29:16 | 217.262887 | 359.266905 
 4152.3931 | 08744.0993 | 17:29:17 | 217.275648 | 359.274011 
 4152.3991 | 08744.0844 | 17:29:18 | 217.288409 | 359.281002 
 4152.4051 | 08744.0696 | 17:29:19 | 217.301085 | 359.287992 
 4152.4051 | 08744.0534 | 17:29:20 | 217.315012 | 359.288090 
 4152.4082 | 08744.0374 | 17:29:21 | 217.328742 | 359.291751 
 4152.4112 | 08744.0211 | 17:29:22 | 217.342731 | 359.295300 
 4152.4136 | 08744.0047 | 17:29:23 | 217.356811 | 359.298159 
 4152.4156 | 08743.9885 | 17:29:24 | 217.370722 | 359.300557 
 4152.4172 | 08743.9724 | 17:29:25 | 217.384550 | 359.302494 
 4152.4187 | 08743.9563 | 17:29:26 | 217.398379 | 359.304316 
 4152.4200 | 08743.9402 | 17:29:27 | 217.412210 | 359.305909 
 4152.4196 | 08743.9235 | 17:29:28 | 217.426570 | 359.305549 
 4152.4195 | 08743.9069 | 17:29:29 | 217.440842 | 359.305534 
 4152.4196 | 08743.8902 | 17:29:30 | 217.455198 | 359.305750 
 4152.4197 | 08743.8731 | 17:29:31 | 217.469898 | 359.305968 
 4152.4197 | 08743.8558 | 17:29:32 | 217.484771 | 359.306072 
 4152.4198 | 08743.8386 | 17:29:33 | 217.499557 | 359.306291 
 4152.4199 | 08743.8220 | 17:29:34 | 217.513827 | 359.306506 
 4152.4201 | 08743.8059 | 17:29:35 | 217.527667 | 359.306834 
 4152.4202 | 08743.7898 | 17:29:36 | 217.541507 | 359.307046 
 4152.4206 | 08743.7759 | 17:29:37 | 217.553454 | 359.307590 
 4152.4204 | 08743.7624 | 17:29:38 | 217.565061 | 359.307442 
 4152.4206 | 08743.7479 | 17:29:39 | 217.577525 | 359.307759 
 4152.4212 | 08743.7334 | 17:29:40 | 217.589986 | 359.308537 
 4152.4215 | 08743.7183 | 17:29:41 | 217.602965 | 359.308974 
 4152.4217 | 08743.7027 | 17:29:42 | 217.616375 | 359.309298 
 4152.4219 | 08743.6870 | 17:29:43 | 217.629870 | 359.309624 
 4152.4222 | 08743.6711 | 17:29:44 | 217.643537 | 359.310065 
 4152.4223 | 08743.6549 | 17:29:45 | 217.657463 | 359.310278 
 4152.4225 | 08743.6386 | 17:29:46 | 217.671475 | 359.310607 
 4152.4226 | 08743.6220 | 17:29:47 | 217.685745 | 359.310823 
 4152.4228 | 08743.6053 | 17:29:48 | 217.700100 | 359.311155 
 4152.4230 | 08743.5884 | 17:29:49 | 217.714628 | 359.311487 
 4152.4233 | 08743.5713 | 17:29:50 | 217.729326 | 359.311936 
 4152.4235 | 08743.5543 | 17:29:51 | 217.743939 | 359.312270 
 4152.4236 | 08743.5376 | 17:29:52 | 217.758295 | 359.312487 
 4152.4238 | 08743.5211 | 17:29:53 | 217.772479 | 359.312817 
 4152.4240 | 08743.5046 | 17:29:54 | 217.786662 | 359.313148 
 4152.4242 | 08743.4881 | 17:29:55 | 217.800846 | 359.313478 
 4152.4243 | 08743.4734 | 17:29:56 | 217.813482 | 359.313683 
 4152.4243 | 08743.4569 | 17:29:57 | 217.827667 | 359.313783 
 4152.4244 | 08743.4408 | 17:29:58 | 217.841508 | 359.313997 
 4152.4250 | 08743.4247 | 17:29:59 | 217.855344 | 359.314785 
 4152.4253 | 08743.4083 | 17:30:00 | 217.869440 | 359.315230 
 4152.4256 | 08743.3918 | 17:30:01 | 217.883623 | 359.315676 
 4152.4257 | 08743.3754 | 17:30:02 | 217.897721 | 359.315891 
 4152.4259 | 08743.3592 | 17:30:03 | 217.911647 | 359.316221 
 4152.4260 | 08743.3432 | 17:30:04 | 217.925401 | 359.316434 
 4152.4261 | 08743.3272 | 17:30:05 | 217.939155 | 359.316646 
 4152.4262 | 08743.3113 | 17:30:06 | 217.952824 | 359.316859 
 4152.4265 | 08743.2955 | 17:30:07 | 217.966405 | 359.317301 
 4152.4270 | 08743.2794 | 17:30:08 | 217.980242 | 359.317974 
 4152.4277 | 08743.2631 | 17:30:09 | 217.994249 | 359.318880 
 4152.4284 | 08743.2465 | 17:30:10 | 218.008514 | 359.319787 
 4152.4290 | 08743.2295 | 17:30:11 | 218.023124 | 359.320581 
 4152.4296 | 08743.2123 | 17:30:12 | 218.037906 | 359.321377 
 4152.4301 | 08743.1951 | 17:30:13 | 218.052689 | 359.322058 
 4152.4306 | 08743.1779 | 17:30:14 | 218.067471 | 359.322738 
 4152.4311 | 08743.1607 | 17:30:15 | 218.082254 | 359.323419 
 4152.4304 | 08743.1395 | 17:30:16 | 218.100485 | 359.322745 
 4152.4308 | 08743.1197 | 17:30:17 | 218.117504 | 359.323327 
 4152.4312 | 08743.1010 | 17:30:18 | 218.133577 | 359.323902 
 4152.4316 | 08743.0824 | 17:30:19 | 218.149564 | 359.324476 
 4152.4317 | 08743.0635 | 17:30:20 | 218.165811 | 359.324708 
 4152.4320 | 08743.0442 | 17:30:21 | 218.182401 | 359.325172 
 4152.4322 | 08743.0249 | 17:30:22 | 218.198992 | 359.325521 
 4152.4324 | 08743.0053 | 17:30:23 | 218.215840 | 359.325872 
 4152.4327 | 08742.9857 | 17:30:24 | 218.232688 | 359.326338 
 4152.4329 | 08742.9657 | 17:30:25 | 218.249880 | 359.326692 
 4152.4331 | 08742.9456 | 17:30:26 | 218.267158 | 359.327046 
 4152.4333 | 08742.9254 | 17:30:27 | 218.284522 | 359.327401 
 4152.4335 | 08742.9055 | 17:30:28 | 218.301629 | 359.327755 
 4152.4339 | 08742.8862 | 17:30:29 | 218.318217 | 359.328334 
 4152.4343 | 08742.8662 | 17:30:30 | 218.335408 | 359.328918 
 4152.4345 | 08742.8466 | 17:30:31 | 218.352256 | 359.329270 
 4152.4348 | 08742.8272 | 17:30:32 | 218.368932 | 359.329735 
 4152.4352 | 08742.8077 | 17:30:33 | 218.385693 | 359.330317 
 4152.4355 | 08742.7879 | 17:30:34 | 218.402712 | 359.330785 
 4152.4357 | 08742.7678 | 17:30:35 | 218.419990 | 359.331140 
 4152.4359 | 08742.7477 | 17:30:36 | 218.437269 | 359.331495 
 4152.4362 | 08742.7277 | 17:30:37 | 218.454460 | 359.331964 
 4152.4365 | 08742.7075 | 17:30:38 | 218.471823 | 359.332435 
 4152.4369 | 08742.6872 | 17:30:39 | 218.489272 | 359.333021 
 4152.4373 | 08742.6667 | 17:30:40 | 218.506892 | 359.333609 
 4152.4376 | 08742.6462 | 17:30:41 | 218.524514 | 359.334082 
 4152.4379 | 08742.6257 | 17:30:42 | 218.542135 | 359.334555 
 4152.4382 | 08742.6055 | 17:30:43 | 218.559498 | 359.335026 
 4152.4382 | 08742.5855 | 17:30:44 | 218.576692 | 359.335151 
 4152.4387 | 08742.5654 | 17:30:45 | 218.593968 | 359.335852 
 4152.4392 | 08742.5458 | 17:30:46 | 218.610814 | 359.336549 
 4152.4396 | 08742.5260 | 17:30:47 | 218.627832 | 359.337133 
 4152.4403 | 08742.5066 | 17:30:48 | 218.644504 | 359.338060 
 4152.4414 | 08742.4873 | 17:30:49 | 218.661087 | 359.339446 
 4152.4430 | 08742.4679 | 17:30:50 | 218.677752 | 359.341408 
 4152.4450 | 08742.4485 | 17:30:51 | 218.694413 | 359.343830 
 4152.4473 | 08742.4292 | 17:30:52 | 218.710986 | 359.346596 
 4152.4500 | 08742.4099 | 17:30:53 | 218.727555 | 359.349823 
 4152.4528 | 08742.3905 | 17:30:54 | 218.744210 | 359.353166 
 4152.4556 | 08742.3709 | 17:30:55 | 218.761036 | 359.356509 
 4152.4583 | 08742.3515 | 17:30:56 | 218.777692 | 359.359737 
 4152.4610 | 08742.3320 | 17:30:57 | 218.794433 | 359.362965 
 4152.4638 | 08742.3125 | 17:30:58 | 218.811173 | 359.366309 
 4152.4669 | 08742.2937 | 17:30:59 | 218.827309 | 359.369993 
 4152.4699 | 08742.2742 | 17:31:00 | 218.844048 | 359.373566 
 4152.4728 | 08742.2552 | 17:31:01 | 218.860358 | 359.377022 
 4152.4756 | 08742.2363 | 17:31:02 | 218.876582 | 359.380362 
 4152.4783 | 08742.2172 | 17:31:03 | 218.892979 | 359.383588 
 4152.4812 | 08742.1983 | 17:31:04 | 218.909203 | 359.387043 
 4152.4840 | 08742.1794 | 17:31:05 | 218.925427 | 359.390383 
 4152.4866 | 08742.1606 | 17:31:06 | 218.941567 | 359.393492 
 4152.4893 | 08742.1419 | 17:31:07 | 218.957621 | 359.396716 
 4152.4920 | 08742.1232 | 17:31:08 | 218.973674 | 359.399940 
 4152.4947 | 08742.1044 | 17:31:09 | 218.989813 | 359.403164 
 4152.4975 | 08742.0855 | 17:31:10 | 219.006037 | 359.406505 
 4152.5002 | 08742.0664 | 17:31:11 | 219.022434 | 359.409731 
 4152.5029 | 08742.0475 | 17:31:12 | 219.038659 | 359.412957 
 4152.5056 | 08742.0285 | 17:31:13 | 219.054971 | 359.416183 
 4152.5061 | 08742.0078 | 17:31:14 | 219.072762 | 359.416889 
 4152.5077 | 08741.9878 | 17:31:15 | 219.089942 | 359.418856 
 4152.5092 | 08741.9680 | 17:31:16 | 219.106951 | 359.420707 
 4152.5108 | 08741.9483 | 17:31:17 | 219.123873 | 359.422673 
 4152.5116 | 08741.9273 | 17:31:18 | 219.141919 | 359.423726 
 4152.5122 | 08741.9064 | 17:31:19 | 219.159881 | 359.424550 
 4152.5125 | 08741.8857 | 17:31:20 | 219.177674 | 359.425026 
 4152.5124 | 08741.8644 | 17:31:21 | 219.195986 | 359.425047 
 4152.5123 | 08741.8431 | 17:31:22 | 219.214298 | 359.425067 
 4152.5126 | 08741.8226 | 17:31:23 | 219.231919 | 359.425543 
 4152.5128 | 08741.8020 | 17:31:24 | 219.249627 | 359.425904 
 4152.5131 | 08741.7816 | 17:31:25 | 219.267162 | 359.426380 
 4152.5133 | 08741.7610 | 17:31:26 | 219.284869 | 359.426741 
 4152.5134 | 08741.7404 | 17:31:27 | 219.302578 | 359.426988 
 4152.5137 | 08741.7211 | 17:31:28 | 219.319167 | 359.427456 
 4152.5135 | 08741.7012 | 17:31:29 | 219.336276 | 359.427353 
 4152.5139 | 08741.6820 | 17:31:30 | 219.352779 | 359.427936 
 4152.5140 | 08741.6624 | 17:31:31 | 219.369628 | 359.428177 
 4152.5143 | 08741.6432 | 17:31:32 | 219.386131 | 359.428645 
 4152.5147 | 08741.6238 | 17:31:33 | 219.402805 | 359.429229 
 4152.5148 | 08741.6044 | 17:31:34 | 219.419482 | 359.429468 
 4152.5149 | 08741.5853 | 17:31:35 | 219.435901 | 359.429706 
 4152.5150 | 08741.5661 | 17:31:36 | 219.452406 | 359.429944 
 4152.5151 | 08741.5469 | 17:31:37 | 219.468911 | 359.430182 
 4152.5152 | 08741.5279 | 17:31:38 | 219.485244 | 359.430419 
 4152.5153 | 08741.5089 | 17:31:39 | 219.501577 | 359.430656 
 4152.5153 | 08741.4900 | 17:31:40 | 219.517825 | 359.430778 
 4152.5154 | 08741.4709 | 17:31:41 | 219.534244 | 359.431015 
 4152.5155 | 08741.4519 | 17:31:42 | 219.550577 | 359.431253 
 4152.5155 | 08741.4328 | 17:31:43 | 219.566997 | 359.431376 
 4152.5150 | 08741.4106 | 17:31:44 | 219.586086 | 359.430944 
 4152.5148 | 08741.3897 | 17:31:45 | 219.604055 | 359.430848 
 4152.5153 | 08741.3696 | 17:31:46 | 219.621330 | 359.431553 
 4152.5158 | 08741.3489 | 17:31:47 | 219.639121 | 359.432262 
 4152.5160 | 08741.3279 | 17:31:48 | 219.657173 | 359.432627 
 4152.5161 | 08741.3067 | 17:31:49 | 219.675397 | 359.432879 
 4152.5163 | 08741.2854 | 17:31:50 | 219.693706 | 359.433247 
 4152.5165 | 08741.2642 | 17:31:51 | 219.711930 | 359.433614 
 4152.5166 | 08741.2430 | 17:31:52 | 219.730154 | 359.433866 
 4152.5168 | 08741.2218 | 17:31:53 | 219.748378 | 359.434233 
 4152.5171 | 08741.2009 | 17:31:54 | 219.766342 | 359.434714 
 4152.5174 | 08741.1803 | 17:31:55 | 219.784049 | 359.435192 
 4152.5178 | 08741.1391 | 17:31:57 | 219.819464 | 359.435919 
 4152.5180 | 08741.1188 | 17:31:58 | 219.836914 | 359.436281 
 4152.5171 | 08741.0996 | 17:31:59 | 219.853428 | 359.435371 
 4152.5169 | 08741.0799 | 17:32:00 | 219.870365 | 359.435268 
 4152.5178 | 08741.0610 | 17:32:01 | 219.886605 | 359.436426 
 4152.5181 | 08741.0416 | 17:32:02 | 219.903280 | 359.436898 
 4152.5182 | 08741.0222 | 17:32:03 | 219.919957 | 359.437139 
 4152.5183 | 08741.0027 | 17:32:04 | 219.936720 | 359.437381 
 4152.5182 | 08740.9839 | 17:32:05 | 219.952883 | 359.437388 
 4152.5184 | 08740.9672 | 17:32:06 | 219.967238 | 359.437727 
 4152.5184 | 08740.9497 | 17:32:07 | 219.982282 | 359.437841 
 4152.5186 | 08740.9325 | 17:32:08 | 219.997067 | 359.438183 
 4152.5188 | 08740.9154 | 17:32:09 | 220.011765 | 359.438525 
 4152.5190 | 08740.8982 | 17:32:10 | 220.026550 | 359.438867 
 4152.5192 | 08740.8643 | 17:32:12 | 220.055691 | 359.439319 
 4152.5194 | 08740.8474 | 17:32:13 | 220.070218 | 359.439659 
 4152.5195 | 08740.8296 | 17:32:14 | 220.085520 | 359.439891 
 4152.5195 | 08740.8114 | 17:32:15 | 220.101166 | 359.440010 
 4152.5195 | 08740.7928 | 17:32:16 | 220.117156 | 359.440131 
 4152.5195 | 08740.7740 | 17:32:17 | 220.133318 | 359.440254 
 4152.5195 | 08740.7551 | 17:32:18 | 220.149566 | 359.440378 
 4152.5195 | 08740.7361 | 17:32:19 | 220.165899 | 359.440503 
 4152.5194 | 08740.7171 | 17:32:20 | 220.182234 | 359.440512 
 4152.5195 | 08740.6986 | 17:32:21 | 220.198137 | 359.440749 
 4152.5195 | 08740.6801 | 17:32:22 | 220.214041 | 359.440870 
 4152.5197 | 08740.6618 | 17:32:23 | 220.229772 | 359.441220 
 4152.5199 | 08740.6436 | 17:32:24 | 220.245416 | 359.441570 
 4152.5200 | 08740.6254 | 17:32:25 | 220.261061 | 359.441804 
 4152.5203 | 08740.6072 | 17:32:26 | 220.276705 | 359.442269 
 4152.5206 | 08740.5889 | 17:32:27 | 220.292434 | 359.442735 
 4152.5208 | 08740.5706 | 17:32:28 | 220.308165 | 359.443085 
 4152.5209 | 08740.5522 | 17:32:29 | 220.323982 | 359.443321 
 4152.5211 | 08740.5358 | 17:32:30 | 220.338079 | 359.443659 
 4152.5212 | 08740.5184 | 17:32:31 | 220.353036 | 359.443889 
 4152.5215 | 08740.5017 | 17:32:32 | 220.367390 | 359.444344 
 4152.5217 | 08740.4853 | 17:32:33 | 220.381487 | 359.444682 
 4152.5219 | 08740.4693 | 17:32:34 | 220.395240 | 359.445018 
 4152.5220 | 08740.4537 | 17:32:35 | 220.408650 | 359.445236 
 4152.5222 | 08740.4390 | 17:32:36 | 220.421286 | 359.445563 
 4152.5226 | 08740.4247 | 17:32:37 | 220.433576 | 359.446118 
 4152.5225 | 08740.4103 | 17:32:38 | 220.445956 | 359.446098 
 4152.5223 | 08740.3959 | 17:32:39 | 220.458337 | 359.445963 
 4152.5221 | 08740.3816 | 17:32:40 | 220.470632 | 359.445827 
 4152.5219 | 08740.3673 | 17:32:41 | 220.482927 | 359.445692 
 4152.5219 | 08740.3508 | 17:32:42 | 220.497112 | 359.445801 
 4152.5213 | 08740.3344 | 17:32:43 | 220.511216 | 359.445219 
 4152.5203 | 08740.3183 | 17:32:44 | 220.525066 | 359.444176 
 4152.5192 | 08740.3023 | 17:32:45 | 220.538830 | 359.443017 
 4152.5180 | 08740.2868 | 17:32:46 | 220.552166 | 359.441739 
 4152.5171 | 08740.2719 | 17:32:47 | 220.564983 | 359.440803 
 4152.5162 | 08740.2578 | 17:32:48 | 220.577112 | 359.439861 
 4152.5152 | 08740.2450 | 17:32:49 | 220.588125 | 359.438796 
 4152.5141 | 08740.2332 | 17:32:50 | 220.598279 | 359.437609 
 4152.5130 | 08740.2223 | 17:32:51 | 220.607659 | 359.436416 
 4152.5117 | 08740.2118 | 17:32:52 | 220.616698 | 359.434990 
 4152.5105 | 08740.2014 | 17:32:53 | 220.625649 | 359.433679 
 4152.5094 | 08740.1912 | 17:32:54 | 220.634428 | 359.432481 
 4152.5084 | 08740.1811 | 17:32:55 | 220.643119 | 359.431398 
 4152.5075 | 08740.1711 | 17:32:56 | 220.651724 | 359.430429 
 4152.5067 | 08740.1611 | 17:32:57 | 220.660328 | 359.429576 
 4152.5058 | 08740.1507 | 17:32:58 | 220.669277 | 359.428610 
 4152.5065 | 08740.1412 | 17:32:59 | 220.677437 | 359.429478 
 4152.5065 | 08740.1308 | 17:33:00 | 220.686378 | 359.429547 
 4152.5066 | 08740.1202 | 17:33:01 | 220.695490 | 359.429733 
 4152.5056 | 08740.1088 | 17:33:02 | 220.705299 | 359.428659 
 4152.5059 | 08740.0982 | 17:33:03 | 220.714409 | 359.429074 
 4152.5058 | 08740.0876 | 17:33:04 | 220.723522 | 359.429030 
 4152.5066 | 08740.0774 | 17:33:05 | 220.732284 | 359.430018 
 4152.5072 | 08740.0674 | 17:33:06 | 220.740876 | 359.430775 
 4152.5069 | 08740.0574 | 17:33:07 | 220.749475 | 359.430496 
 4152.5072 | 08740.0486 | 17:33:08 | 220.757037 | 359.430900 
 4152.5072 | 08740.0409 | 17:33:09 | 220.763657 | 359.430951 
 4152.5073 | 08740.0344 | 17:33:10 | 220.769244 | 359.431110 
 4152.5070 | 08740.0280 | 17:33:11 | 220.774749 | 359.430807 
 4152.5072 | 08740.0218 | 17:33:12 | 220.780077 | 359.431079 
 4152.5073 | 08740.0163 | 17:33:13 | 220.784804 | 359.431231 
 4152.5078 | 08740.0123 | 17:33:14 | 220.788239 | 359.431832 
 4152.5079 | 08740.0094 | 17:33:15 | 220.790731 | 359.431967 
 4152.5082 | 08740.0079 | 17:33:16 | 220.792018 | 359.432322 
 4152.5083 | 08740.0075 | 17:33:17 | 220.792361 | 359.432440 
 4152.5085 | 08740.0076 | 17:33:18 | 220.792273 | 359.432669 
 4152.5089 | 08740.0082 | 17:33:19 | 220.791753 | 359.433125 
 4152.5089 | 08740.0082 | 17:33:20 | 220.791753 | 359.433125 
 4152.5091 | 08740.0082 | 17:33:21 | 220.791752 | 359.433355 
 4152.5091 | 08740.0074 | 17:33:22 | 220.792439 | 359.433361 
 4152.5090 | 08740.0060 | 17:33:23 | 220.793644 | 359.433255 
 4152.5085 | 08740.0040 | 17:33:24 | 220.795368 | 359.432693 
 4152.5069 | 08740.0013 | 17:33:25 | 220.797703 | 359.430871 
 4152.5046 | 08739.9992 | 17:33:26 | 220.799529 | 359.428239 
 4152.5011 | 08739.9985 | 17:33:27 | 220.800162 | 359.424218 
 4152.4966 | 08739.9982 | 17:33:28 | 220.800460 | 359.419044 
 4152.4913 | 08739.9986 | 17:33:29 | 220.800164 | 359.412945 
 4152.4862 | 08739.9988 | 17:33:30 | 220.800037 | 359.407077 
 4152.4812 | 08739.9988 | 17:33:31 | 220.800082 | 359.401326 
 4152.4762 | 08739.9990 | 17:33:32 | 220.799955 | 359.395573 
 4152.4715 | 08739.9990 | 17:33:33 | 220.799997 | 359.390167 
 4152.4673 | 08739.9991 | 17:33:34 | 220.799948 | 359.385335 
 4152.4641 | 08739.9991 | 17:33:35 | 220.799977 | 359.381655 
 4152.4622 | 08739.9992 | 17:33:36 | 220.799908 | 359.379468 
 4152.4614 | 08739.9992 | 17:33:37 | 220.799915 | 359.378548 
 4152.4611 | 08739.9992 | 17:33:38 | 220.799918 | 359.378203 
 4152.4610 | 08739.9992 | 17:33:39 | 220.799918 | 359.378088 
 4152.4610 | 08739.9992 | 17:33:40 | 220.799918 | 359.378088 
 4152.4610 | 08739.9992 | 17:33:41 | 220.799918 | 359.378088 
 4152.4610 | 08739.9992 | 17:33:42 | 220.799918 | 359.378088 
 4152.4610 | 08739.9992 | 17:33:43 | 220.799918 | 359.378088 
 4152.4610 | 08739.9992 | 17:33:44 | 220.799918 | 359.378088 
 4152.4610 | 08739.9992 | 17:33:45 | 220.799918 | 359.378088 
 4152.4610 | 08739.9992 | 17:33:46 | 220.799918 | 359.378088 
 4152.4610 | 08739.9992 | 17:33:47 | 220.799918 | 359.378088 
 4152.4610 | 08739.9992 | 17:33:48 | 220.799918 | 359.378088 
 4152.4610 | 08739.9992 | 17:33:49 | 220.799918 | 359.378088 
 4152.4610 | 08739.9992 | 17:33:50 | 220.799918 | 359.378088 
 4152.4610 | 08739.9992 | 17:33:51 | 220.799918 | 359.378088 
 4152.4610 | 08739.9992 | 17:33:52 | 220.799918 | 359.378088 
 4152.4610 | 08739.9992 | 17:33:53 | 220.799918 | 359.378088 
 4152.4610 | 08739.9992 | 17:33:54 | 220.799918 | 359.378088 
 4152.4610 | 08739.9992 | 17:33:55 | 220.799918 | 359.378088 
 4152.4610 | 08739.9992 | 17:33:56 | 220.799918 | 359.378088 
 4152.4610 | 08739.9992 | 17:33:57 | 220.799918 | 359.378088 
 4152.4610 | 08739.9992 | 17:33:58 | 220.799918 | 359.378088 
 4152.4610 | 08739.9992 | 17:33:59 | 220.799918 | 359.378088 
 4152.4610 | 08739.9992 | 17:34:00 | 220.799918 | 359.378088 
 4152.4610 | 08739.9992 | 17:34:01 | 220.799918 | 359.378088 
 4152.4610 | 08739.9992 | 17:34:02 | 220.799918 | 359.378088 
 4152.4610 | 08739.9992 | 17:34:03 | 220.799918 | 359.378088 
 4152.4610 | 08739.9992 | 17:34:04 | 220.799918 | 359.378088 
 4152.4610 | 08739.9992 | 17:34:05 | 220.799918 | 359.378088 
 4152.4610 | 08739.9992 | 17:34:06 | 220.799918 | 359.378088 
 4152.4610 | 08739.9992 | 17:34:07 | 220.799918 | 359.378088 
 4152.4610 | 08739.9992 | 17:34:08 | 220.799918 | 359.378088 
 4152.4628 | 08739.9989 | 17:34:09 | 220.800160 | 359.380161 
 4152.4618 | 08739.9989 | 17:34:10 | 220.800169 | 359.379010 
 4152.4600 | 08739.9987 | 17:34:11 | 220.800357 | 359.376941 
 4152.4573 | 08739.9986 | 17:34:12 | 220.800467 | 359.373836 
 4152.4535 | 08739.9985 | 17:34:13 | 220.800587 | 359.369466 
 4152.4491 | 08739.9985 | 17:34:14 | 220.800627 | 359.364405 
 4152.4439 | 08739.9986 | 17:34:15 | 220.800587 | 359.358423 
 4152.4380 | 08739.9987 | 17:34:16 | 220.800554 | 359.351636 
 4152.4316 | 08739.9986 | 17:34:17 | 220.800697 | 359.344275 
 4152.4248 | 08739.9983 | 17:34:18 | 220.801016 | 359.336455 
 4152.4175 | 08739.9980 | 17:34:19 | 220.801339 | 359.328060 
 4152.4100 | 08739.9979 | 17:34:20 | 220.801492 | 359.319434 
 4152.4021 | 08739.9979 | 17:34:21 | 220.801562 | 359.310347 
 4152.3941 | 08739.9976 | 17:34:22 | 220.801892 | 359.301147 
 4152.3862 | 08739.9974 | 17:34:23 | 220.802134 | 359.292061 
 4152.3784 | 08739.9971 | 17:34:24 | 220.802462 | 359.283091 
 4152.3707 | 08739.9968 | 17:34:25 | 220.802789 | 359.274236 
 4152.3631 | 08739.9968 | 17:34:26 | 220.802856 | 359.265494 
 4152.3557 | 08739.9970 | 17:34:27 | 220.802751 | 359.256981 
 4152.3484 | 08739.9970 | 17:34:28 | 220.802816 | 359.248584 
 4152.3413 | 08739.9970 | 17:34:29 | 220.802879 | 359.240418 
 4152.3344 | 08739.9969 | 17:34:30 | 220.803027 | 359.232481 
 4152.3281 | 08739.9968 | 17:34:31 | 220.803169 | 359.225236 
 4152.3227 | 08739.9967 | 17:34:32 | 220.803303 | 359.219025 
 4152.3184 | 08739.9965 | 17:34:33 | 220.803514 | 359.214080 
 4152.3155 | 08739.9964 | 17:34:34 | 220.803626 | 359.210745 
 4152.3140 | 08739.9964 | 17:34:35 | 220.803639 | 359.209020 
 4152.3131 | 08739.9965 | 17:34:36 | 220.803561 | 359.207984 
 4152.3127 | 08739.9965 | 17:34:37 | 220.803565 | 359.207524 
 4152.3125 | 08739.9965 | 17:34:38 | 220.803566 | 359.207294 
 4152.3126 | 08739.9966 | 17:34:39 | 220.803480 | 359.207408 
 4152.3127 | 08739.9966 | 17:34:40 | 220.803479 | 359.207523 
 4152.3127 | 08739.9966 | 17:34:41 | 220.803479 | 359.207523 
 4152.3127 | 08739.9966 | 17:34:42 | 220.803479 | 359.207523 
 4152.3127 | 08739.9966 | 17:34:43 | 220.803479 | 359.207523 
 4152.3127 | 08739.9966 | 17:34:44 | 220.803479 | 359.207523 
 4152.3127 | 08739.9966 | 17:34:45 | 220.803479 | 359.207523 
 4152.3127 | 08739.9966 | 17:34:46 | 220.803479 | 359.207523 
 4152.3127 | 08739.9966 | 17:34:47 | 220.803479 | 359.207523 
 4152.3127 | 08739.9966 | 17:34:48 | 220.803479 | 359.207523 
 4152.3127 | 08739.9966 | 17:34:49 | 220.803479 | 359.207523 
 4152.3127 | 08739.9966 | 17:34:50 | 220.803479 | 359.207523 
 4152.3127 | 08739.9966 | 17:34:51 | 220.803479 | 359.207523 
 4152.3127 | 08739.9966 | 17:34:52 | 220.803479 | 359.207523 
 4152.3139 | 08739.9977 | 17:34:53 | 220.802522 | 359.208896 
 4152.3130 | 08739.9977 | 17:34:54 | 220.802530 | 359.207861 
 4152.3114 | 08739.9976 | 17:34:55 | 220.802631 | 359.206021 
 4152.3090 | 08739.9975 | 17:34:56 | 220.802738 | 359.203261 
 4152.3059 | 08739.9974 | 17:34:57 | 220.802852 | 359.199696 
 4152.3021 | 08739.9973 | 17:34:58 | 220.802972 | 359.195326 
 4152.2977 | 08739.9972 | 17:34:59 | 220.803097 | 359.190265 
 4152.2926 | 08739.9970 | 17:35:00 | 220.803314 | 359.184400 
 4152.2870 | 08739.9968 | 17:35:01 | 220.803536 | 359.177960 
 4152.2808 | 08739.9967 | 17:35:02 | 220.803678 | 359.170829 
 4152.2744 | 08739.9966 | 17:35:03 | 220.803821 | 359.163468 
 4152.2676 | 08739.9964 | 17:35:04 | 220.804054 | 359.155648 
 4152.2607 | 08739.9962 | 17:35:05 | 220.804287 | 359.147713 
 4152.2538 | 08739.9960 | 17:35:06 | 220.804521 | 359.139777 
 4152.2464 | 08739.9958 | 17:35:07 | 220.804759 | 359.131267 
 4152.2392 | 08739.9957 | 17:35:08 | 220.804909 | 359.122985 
 4152.2323 | 08739.9955 | 17:35:09 | 220.805143 | 359.115050 
 4152.2256 | 08739.9954 | 17:35:10 | 220.805289 | 359.107344 
 4152.2189 | 08739.9952 | 17:35:11 | 220.805520 | 359.099639 
 4152.2125 | 08739.9951 | 17:35:12 | 220.805664 | 359.092278 
 4152.2063 | 08739.9952 | 17:35:13 | 220.805633 | 359.085146 
 4152.2006 | 08739.9960 | 17:35:14 | 220.804996 | 359.078584 
 4152.1951 | 08739.9940 | 17:35:15 | 220.806765 | 359.072271 
 4152.1903 | 08739.9930 | 17:35:16 | 220.807667 | 359.066756 
 4152.1860 | 08739.9931 | 17:35:17 | 220.807620 | 359.061809 
 4152.1824 | 08739.9935 | 17:35:18 | 220.807308 | 359.057666 
 4152.1790 | 08739.9930 | 17:35:19 | 220.807768 | 359.053758 
 4152.1763 | 08739.9944 | 17:35:20 | 220.806589 | 359.050643 
 4152.1745 | 08739.9934 | 17:35:21 | 220.807465 | 359.048580 
 4152.1730 | 08739.9931 | 17:35:22 | 220.807736 | 359.046856 
 4152.1721 | 08739.9927 | 17:35:23 | 220.808088 | 359.045824 
 4152.1717 | 08739.9924 | 17:35:24 | 220.808349 | 359.045366 
 4152.1717 | 08739.9922 | 17:35:25 | 220.808521 | 359.045367 
 4152.1719 | 08739.9922 | 17:35:26 | 220.808520 | 359.045597 
 4152.1719 | 08739.9922 | 17:35:27 | 220.808520 | 359.045597 
 4152.1719 | 08739.9922 | 17:35:28 | 220.808520 | 359.045597 
 4152.1719 | 08739.9922 | 17:35:29 | 220.808520 | 359.045597 
 4152.1719 | 08739.9927 | 17:35:30 | 220.808090 | 359.045594 
 4152.1714 | 08739.9927 | 17:35:31 | 220.808094 | 359.045018 
 4152.1710 | 08739.9927 | 17:35:32 | 220.808098 | 359.044558 
 4152.1706 | 08739.9927 | 17:35:33 | 220.808101 | 359.044098 
 4152.1699 | 08739.9927 | 17:35:34 | 220.808108 | 359.043293 
 4152.1685 | 08739.9927 | 17:35:35 | 220.808120 | 359.041683 
 4152.1663 | 08739.9926 | 17:35:36 | 220.808226 | 359.039153 
 4152.1633 | 08739.9924 | 17:35:37 | 220.808424 | 359.035703 
 4152.1598 | 08739.9922 | 17:35:38 | 220.808628 | 359.031679 
 4152.1555 | 08739.9920 | 17:35:39 | 220.808838 | 359.026734 
 4152.1505 | 08739.9919 | 17:35:40 | 220.808969 | 359.020984 
 4152.1450 | 08739.9917 | 17:35:41 | 220.809190 | 359.014658 
 4152.1388 | 08739.9915 | 17:35:42 | 220.809417 | 359.007528 
 4152.1321 | 08739.9913 | 17:35:43 | 220.809649 | 358.999823 
 4152.1249 | 08739.9912 | 17:35:44 | 220.809799 | 358.991542 
 4152.1173 | 08739.9910 | 17:35:45 | 220.810039 | 358.982801 
 4152.1096 | 08739.9907 | 17:35:46 | 220.810366 | 358.973946 
 4152.1023 | 08739.9905 | 17:35:47 | 220.810603 | 358.965551 
 4152.0956 | 08739.9903 | 17:35:48 | 220.810835 | 358.957845 
 4152.0891 | 08739.9900 | 17:35:49 | 220.811151 | 358.950371 
 4152.0827 | 08739.9897 | 17:35:50 | 220.811466 | 358.943011 
 4152.0763 | 08739.9895 | 17:35:51 | 220.811695 | 358.935651 
 4152.0700 | 08739.9894 | 17:35:52 | 220.811837 | 358.928405 
 4152.0643 | 08739.9894 | 17:35:53 | 220.811888 | 358.921849 
 4152.0592 | 08739.9895 | 17:35:54 | 220.811848 | 358.915982 
 4152.0549 | 08739.9896 | 17:35:55 | 220.811800 | 358.911035 
 4152.0512 | 08739.9897 | 17:35:56 | 220.811747 | 358.906778 
 4152.0479 | 08739.9897 | 17:35:57 | 220.811777 | 358.902982 
 4152.0447 | 08739.9886 | 17:35:58 | 220.812751 | 358.899309 
 4152.0423 | 08739.9885 | 17:35:59 | 220.812859 | 358.896549 
 4152.0400 | 08739.9886 | 17:36:00 | 220.812793 | 358.893903 
 4152.0382 | 08739.9888 | 17:36:01 | 220.812637 | 358.891831 
 4152.0370 | 08739.9889 | 17:36:02 | 220.812562 | 358.890450 
 4152.0361 | 08739.9889 | 17:36:03 | 220.812570 | 358.889415 
 4152.0358 | 08739.9891 | 17:36:04 | 220.812401 | 358.889068 
 4152.0355 | 08739.9895 | 17:36:05 | 220.812060 | 358.888721 
 4152.0352 | 08739.9897 | 17:36:06 | 220.811890 | 358.888374 
 4152.0348 | 08739.9897 | 17:36:07 | 220.811894 | 358.887914 
 4152.0344 | 08739.9896 | 17:36:08 | 220.811984 | 358.887455 
 4152.0340 | 08739.9896 | 17:36:09 | 220.811987 | 358.886995 
 4152.0338 | 08739.9896 | 17:36:10 | 220.811989 | 358.886765 
 4152.0338 | 08739.9896 | 17:36:11 | 220.811989 | 358.886765 
 4152.0338 | 08739.9897 | 17:36:12 | 220.811903 | 358.886764 
 4152.0338 | 08739.9897 | 17:36:13 | 220.811903 | 358.886764 
 4152.0338 | 08739.9897 | 17:36:14 | 220.811903 | 358.886764 
 4152.0338 | 08739.9897 | 17:36:15 | 220.811903 | 358.886764 
 4152.0338 | 08739.9897 | 17:36:16 | 220.811903 | 358.886764 
 4152.0338 | 08739.9897 | 17:36:17 | 220.811903 | 358.886764 
 4152.0338 | 08739.9897 | 17:36:18 | 220.811903 | 358.886764 
 4152.0338 | 08739.9897 | 17:36:19 | 220.811903 | 358.886764 
 4152.0338 | 08739.9897 | 17:36:20 | 220.811903 | 358.886764 
 4152.0338 | 08739.9897 | 17:36:21 | 220.811903 | 358.886764 
 4152.0338 | 08739.9897 | 17:36:22 | 220.811903 | 358.886764 
 4152.0338 | 08739.9897 | 17:36:23 | 220.811903 | 358.886764 
 4152.0338 | 08739.9897 | 17:36:24 | 220.811903 | 358.886764 
 4152.0338 | 08739.9897 | 17:36:25 | 220.811903 | 358.886764 
 4152.0332 | 08739.9891 | 17:36:26 | 220.812424 | 358.886078 
 4152.0329 | 08739.9890 | 17:36:27 | 220.812513 | 358.885733 
 4152.0328 | 08739.9889 | 17:36:28 | 220.812600 | 358.885619 
 4152.0327 | 08739.9890 | 17:36:29 | 220.812515 | 358.885503 
 4152.0327 | 08739.9890 | 17:36:30 | 220.812515 | 358.885503 
 4152.0327 | 08739.9890 | 17:36:31 | 220.812515 | 358.885503 
 4152.0327 | 08739.9890 | 17:36:32 | 220.812515 | 358.885503 
 4152.0327 | 08739.9890 | 17:36:33 | 220.812515 | 358.885503 
 4152.0327 | 08739.9890 | 17:36:34 | 220.812515 | 358.885503 
 4152.0327 | 08739.9890 | 17:36:35 | 220.812515 | 358.885503 
 4152.0327 | 08739.9890 | 17:36:36 | 220.812515 | 358.885503 
 4152.0327 | 08739.9890 | 17:36:37 | 220.812515 | 358.885503 
 4152.0327 | 08739.9890 | 17:36:38 | 220.812515 | 358.885503 
 4152.0327 | 08739.9890 | 17:36:39 | 220.812515 | 358.885503 
 4152.0327 | 08739.9890 | 17:36:40 | 220.812515 | 358.885503 
 4152.0315 | 08739.9893 | 17:36:41 | 220.812267 | 358.884121 
 4152.0303 | 08739.9892 | 17:36:42 | 220.812364 | 358.882741 
 4152.0283 | 08739.9891 | 17:36:43 | 220.812468 | 358.880441 
 4152.0254 | 08739.9892 | 17:36:44 | 220.812408 | 358.877105 
 4152.0219 | 08739.9894 | 17:36:45 | 220.812267 | 358.873078 
 4152.0178 | 08739.9895 | 17:36:46 | 220.812218 | 358.868361 
 4152.0129 | 08739.9895 | 17:36:47 | 220.812262 | 358.862725 
 4152.0076 | 08739.9893 | 17:36:48 | 220.812481 | 358.856630 
 4152.0021 | 08739.9891 | 17:36:49 | 220.812702 | 358.850305 
 4151.9967 | 08739.9889 | 17:36:50 | 220.812922 | 358.844095 
 4151.9911 | 08739.9890 | 17:36:51 | 220.812886 | 358.837653 
 4151.9851 | 08739.9892 | 17:36:52 | 220.812768 | 358.830750 
 4151.9790 | 08739.9894 | 17:36:53 | 220.812650 | 358.823732 
 4151.9732 | 08739.9894 | 17:36:54 | 220.812702 | 358.817061 
 4151.9682 | 08739.9893 | 17:36:55 | 220.812833 | 358.811310 
 4151.9645 | 08739.9898 | 17:36:56 | 220.812436 | 358.807051 
 4151.9624 | 08739.9916 | 17:36:57 | 220.810907 | 358.804623 
 4151.9617 | 08739.9943 | 17:36:58 | 220.808592 | 358.803800 
 4151.9616 | 08739.9972 | 17:36:59 | 220.806099 | 358.803666 
 4151.9615 | 08740.0006 | 17:37:00 | 220.803177 | 358.803528 
 4151.9615 | 08740.0045 | 17:37:01 | 220.799824 | 358.803502 
 4151.9615 | 08740.0092 | 17:37:02 | 220.795783 | 358.803470 
 4151.9615 | 08740.0144 | 17:37:03 | 220.791312 | 358.803436 
 4151.9616 | 08740.0195 | 17:37:04 | 220.786926 | 358.803517 
 4151.9616 | 08740.0240 | 17:37:05 | 220.783057 | 358.803487 
 4151.9618 | 08740.0276 | 17:37:06 | 220.779960 | 358.803693 
 4151.9625 | 08740.0302 | 17:37:07 | 220.777718 | 358.804481 
 4151.9639 | 08740.0318 | 17:37:08 | 220.776330 | 358.806080 
 4151.9657 | 08740.0326 | 17:37:09 | 220.775626 | 358.808145 
 4151.9676 | 08740.0329 | 17:37:10 | 220.775351 | 358.810329 
 4151.9698 | 08740.0331 | 17:37:11 | 220.775159 | 358.812858 
 4151.9722 | 08740.0332 | 17:37:12 | 220.775052 | 358.815618 
 4151.9746 | 08740.0334 | 17:37:13 | 220.774859 | 358.818377 
 4151.9766 | 08740.0339 | 17:37:14 | 220.774411 | 358.820674 
 4151.9782 | 08740.0353 | 17:37:15 | 220.773193 | 358.822505 
 4151.9790 | 08740.0370 | 17:37:16 | 220.771724 | 358.823414 
 4151.9794 | 08740.0386 | 17:37:17 | 220.770345 | 358.823864 
 4151.9797 | 08740.0397 | 17:37:18 | 220.769396 | 358.824202 
 4151.9801 | 08740.0406 | 17:37:19 | 220.768619 | 358.824656 
 4151.9806 | 08740.0412 | 17:37:20 | 220.768099 | 358.825227 
 4151.9813 | 08740.0416 | 17:37:21 | 220.767748 | 358.826029 
 4151.9820 | 08740.0418 | 17:37:22 | 220.767570 | 358.826833 
 4151.9830 | 08740.0420 | 17:37:23 | 220.767389 | 358.827982 
 4151.9840 | 08740.0421 | 17:37:24 | 220.767294 | 358.829132 
 4151.9851 | 08740.0422 | 17:37:25 | 220.767199 | 358.830396 
 4151.9861 | 08740.0422 | 17:37:26 | 220.767190 | 358.831546 
 4151.9871 | 08740.0423 | 17:37:27 | 220.767095 | 358.832696 
 4151.9882 | 08740.0427 | 17:37:28 | 220.766741 | 358.833959 
 4151.9890 | 08740.0433 | 17:37:29 | 220.766218 | 358.834875 
 4151.9896 | 08740.0443 | 17:37:30 | 220.765353 | 358.835558 
 4151.9899 | 08740.0459 | 17:37:31 | 220.763975 | 358.835893 
 4151.9900 | 08740.0479 | 17:37:32 | 220.762254 | 358.835994 
 4151.9899 | 08740.0498 | 17:37:33 | 220.760621 | 358.835867 
 4151.9897 | 08740.0514 | 17:37:34 | 220.759248 | 358.835626 
 4151.9897 | 08740.0527 | 17:37:35 | 220.758130 | 358.835617 
 4151.9897 | 08740.0538 | 17:37:36 | 220.757184 | 358.835610 
 4151.9899 | 08740.0547 | 17:37:37 | 220.756408 | 358.835834 
 4151.9904 | 08740.0555 | 17:37:38 | 220.755716 | 358.836404 
 4151.9908 | 08740.0559 | 17:37:39 | 220.755369 | 358.836861 
 4151.9913 | 08740.0562 | 17:37:40 | 220.755106 | 358.837434 
 4151.9918 | 08740.0562 | 17:37:41 | 220.755102 | 358.838010 
 4151.9922 | 08740.0563 | 17:37:42 | 220.755012 | 358.838469 
 4151.9925 | 08740.0564 | 17:37:43 | 220.754924 | 358.838813 
 4151.9928 | 08740.0564 | 17:37:44 | 220.754921 | 358.839158 
 4151.9930 | 08740.0563 | 17:37:45 | 220.755005 | 358.839389 
 4151.9931 | 08740.0563 | 17:37:46 | 220.755004 | 358.839504 
 4151.9931 | 08740.0563 | 17:37:47 | 220.755004 | 358.839504 
 4151.9931 | 08740.0563 | 17:37:48 | 220.755004 | 358.839504 
 4151.9931 | 08740.0563 | 17:37:49 | 220.755004 | 358.839504 
 4151.9931 | 08740.0563 | 17:37:50 | 220.755004 | 358.839504 
 4151.9931 | 08740.0563 | 17:37:51 | 220.755004 | 358.839504 
 4151.9931 | 08740.0563 | 17:37:52 | 220.755004 | 358.839504 
 4151.9930 | 08740.0559 | 17:37:53 | 220.755349 | 358.839392 
 4151.9928 | 08740.0560 | 17:37:54 | 220.755265 | 358.839161 
 4151.9929 | 08740.0560 | 17:37:55 | 220.755264 | 358.839276 
 4151.9930 | 08740.0559 | 17:37:56 | 220.755349 | 358.839392 
 4151.9930 | 08740.0559 | 17:37:57 | 220.755349 | 358.839392 
 4151.9930 | 08740.0559 | 17:37:58 | 220.755349 | 358.839392 
 4151.9930 | 08740.0559 | 17:37:59 | 220.755349 | 358.839392 
 4151.9922 | 08740.0549 | 17:38:00 | 220.756216 | 358.838478 
 4151.9919 | 08740.0548 | 17:38:01 | 220.756305 | 358.838134 
 4151.9917 | 08740.0546 | 17:38:02 | 220.756478 | 358.837905 
 4151.9914 | 08740.0544 | 17:38:03 | 220.756653 | 358.837561 
 4151.9912 | 08740.0542 | 17:38:04 | 220.756827 | 358.837333 
 4151.9910 | 08740.0534 | 17:38:05 | 220.757516 | 358.837108 
 4151.9920 | 08740.0554 | 17:38:06 | 220.755788 | 358.838245 
 4151.9921 | 08740.0556 | 17:38:07 | 220.755615 | 358.838359 
 4151.9922 | 08740.0559 | 17:38:08 | 220.755356 | 358.838472 
 4151.9922 | 08740.0559 | 17:38:09 | 220.755356 | 358.838472 
 4151.9932 | 08740.0571 | 17:38:10 | 220.754315 | 358.839614 
 4151.9940 | 08740.0580 | 17:38:11 | 220.753535 | 358.840528 
 4151.9940 | 08740.0585 | 17:38:12 | 220.753105 | 358.840525 
 4151.9939 | 08740.0592 | 17:38:13 | 220.752504 | 358.840405 
 4151.9937 | 08740.0601 | 17:38:14 | 220.751732 | 358.840169 
 4151.9923 | 08740.0641 | 17:38:15 | 220.748305 | 358.838532 
 4151.9921 | 08740.0649 | 17:38:16 | 220.747619 | 358.838297 
 4151.9904 | 08740.0653 | 17:38:17 | 220.747290 | 358.836338 
 4151.9899 | 08740.0662 | 17:38:18 | 220.746521 | 358.835757 
 4151.9894 | 08740.0668 | 17:38:19 | 220.746009 | 358.835178 
 4151.9887 | 08740.0682 | 17:38:20 | 220.744812 | 358.834364 
 4151.9882 | 08740.0693 | 17:38:21 | 220.743871 | 358.833781 
 4151.9879 | 08740.0706 | 17:38:22 | 220.742755 | 358.833428 
 4151.9876 | 08740.0718 | 17:38:23 | 220.741726 | 358.833074 
 4151.9874 | 08740.0726 | 17:38:24 | 220.741040 | 358.832839 
 4151.9873 | 08740.0734 | 17:38:25 | 220.740353 | 358.832719 
 4151.9872 | 08740.0743 | 17:38:26 | 220.739580 | 358.832598 
 4151.9874 | 08740.0751 | 17:38:27 | 220.738891 | 358.832822 
 4151.9872 | 08740.0757 | 17:38:28 | 220.738377 | 358.832588 
 4151.9869 | 08740.0763 | 17:38:29 | 220.737864 | 358.832239 
 4151.9867 | 08740.0770 | 17:38:30 | 220.737263 | 358.832005 
 4151.9865 | 08740.0780 | 17:38:31 | 220.736405 | 358.831768 
 4151.9864 | 08740.0786 | 17:38:32 | 220.735890 | 358.831649 
 4151.9863 | 08740.0795 | 17:38:33 | 220.735118 | 358.831528 
 4151.9862 | 08740.0804 | 17:38:34 | 220.734345 | 358.831407 
 4151.9861 | 08740.0811 | 17:38:35 | 220.733744 | 358.831287 
 4151.9860 | 08740.0818 | 17:38:36 | 220.733143 | 358.831167 
 4151.9859 | 08740.0827 | 17:38:37 | 220.732370 | 358.831046 
 4151.9860 | 08740.0839 | 17:38:38 | 220.731337 | 358.831153 
 4151.9861 | 08740.0852 | 17:38:39 | 220.730219 | 358.831260 
 4151.9862 | 08740.0865 | 17:38:40 | 220.729100 | 358.831366 
 4151.9853 | 08740.0860 | 17:38:41 | 220.729538 | 358.830334 
 4151.9848 | 08740.0866 | 17:38:42 | 220.729026 | 358.829755 
 4151.9843 | 08740.0875 | 17:38:43 | 220.728257 | 358.829174 
 4151.9835 | 08740.0877 | 17:38:44 | 220.728092 | 358.828252 
 4151.9831 | 08740.0885 | 17:38:45 | 220.727408 | 358.827787 
 4151.9826 | 08740.0892 | 17:38:46 | 220.726811 | 358.827207 
 4151.9822 | 08740.0898 | 17:38:47 | 220.726298 | 358.826743 
 4151.9812 | 08740.0901 | 17:38:48 | 220.726049 | 358.825591 
 4151.9807 | 08740.0907 | 17:38:49 | 220.725538 | 358.825012 
 4151.9803 | 08740.0916 | 17:38:50 | 220.724767 | 358.824546 
 4151.9800 | 08740.0922 | 17:38:51 | 220.724254 | 358.824197 
 4151.9798