 4152.1511 | 08741.0224 | 17:25:52 | 219.922981 | 359.014880 
 4152.1492 | 08741.0217 | 17:26:02 | 219.923599 | 359.012699 
 4152.1497 | 08741.0215 | 17:26:03 | 219.923767 | 359.013276 
 4152.1497 | 08741.0217 | 17:26:04 | 219.923595 | 359.013274 
 4152.1495 | 08741.0220 | 17:26:05 | 219.923339 | 359.013042 
 4152.1493 | 08741.0219 | 17:26:06 | 219.923426 | 359.012813 
 4152.1483 | 08741.0205 | 17:26:07 | 219.924639 | 359.011672 
 4152.1455 | 08741.0206 | 17:26:08 | 219.924577 | 359.008450 
 4152.1436 | 08741.0194 | 17:26:09 | 219.925625 | 359.006273 
 4152.1419 | 08741.0155 | 17:26:10 | 219.928993 | 359.004343 
 4152.1424 | 08741.0108 | 17:26:11 | 219.933030 | 359.004948 
 4152.1414 | 08741.0059 | 17:26:12 | 219.937251 | 359.003830 
 4152.1412 | 08741.0024 | 17:26:13 | 219.940262 | 359.003623 
 4152.1407 | 08740.9975 | 17:26:14 | 219.944479 | 359.003080 
 4152.1416 | 08740.9912 | 17:26:15 | 219.949888 | 359.004156 
 4152.1411 | 08740.9850 | 17:26:16 | 219.955223 | 359.003621 
 4152.1426 | 08740.9780 | 17:26:17 | 219.961228 | 359.005392 
 4152.1420 | 08740.9713 | 17:26:18 | 219.966994 | 359.004746 
 4152.1428 | 08740.9643 | 17:26:19 | 219.973005 | 359.005711 
 4152.1434 | 08740.9553 | 17:26:20 | 219.980738 | 359.006460 
 4152.1419 | 08740.9469 | 17:26:21 | 219.987973 | 359.004790 
 4152.1430 | 08740.9395 | 17:26:22 | 219.994326 | 359.006103 
 4152.1467 | 08740.9307 | 17:26:23 | 220.001859 | 359.010416 
 4152.1496 | 08740.9238 | 17:26:24 | 220.007766 | 359.013797 
 4152.1467 | 08740.9145 | 17:26:25 | 220.015787 | 359.010522 
 4152.1444 | 08740.9053 | 17:26:26 | 220.023717 | 359.007936 
 4152.1436 | 08740.8977 | 17:26:27 | 220.030258 | 359.007066 
 4152.1420 | 08740.8920 | 17:26:28 | 220.035173 | 359.005263 
 4152.1411 | 08740.8872 | 17:26:29 | 220.039308 | 359.004259 
 4152.1410 | 08740.8826 | 17:26:30 | 220.043264 | 359.004174 
 4152.1406 | 08740.8795 | 17:26:31 | 220.045932 | 359.003734 
 4152.1402 | 08740.8767 | 17:26:32 | 220.048343 | 359.003292 
 4152.1405 | 08740.8748 | 17:26:33 | 220.049974 | 359.003650 
 4152.1409 | 08740.8736 | 17:26:34 | 220.051002 | 359.004118 
 4152.1409 | 08740.8735 | 17:26:35 | 220.051088 | 359.004118 
 4152.1410 | 08740.8738 | 17:26:36 | 220.050829 | 359.004231 
 4152.1412 | 08740.8742 | 17:26:37 | 220.050484 | 359.004459 
 4152.1412 | 08740.8742 | 17:26:38 | 220.050484 | 359.004459 
 4152.1412 | 08740.8742 | 17:26:39 | 220.050484 | 359.004459 
 4152.1412 | 08740.8742 | 17:26:40 | 220.050484 | 359.004459 
 4152.1412 | 08740.8742 | 17:26:41 | 220.050484 | 359.004459 
 4152.1412 | 08740.8742 | 17:26:42 | 220.050484 | 359.004459 
 4152.1412 | 08740.8742 | 17:26:43 | 220.050484 | 359.004459 
 4152.1412 | 08740.8742 | 17:26:44 | 220.050484 | 359.004459 
 4152.1412 | 08740.8742 | 17:26:45 | 220.050484 | 359.004459 
 4152.1412 | 08740.8742 | 17:26:46 | 220.050484 | 359.004459 
 4152.1412 | 08740.8742 | 17:26:47 | 220.050484 | 359.004459 
 4152.1412 | 08740.8742 | 17:26:48 | 220.050484 | 359.004459 
 4152.1412 | 08740.8742 | 17:26:49 | 220.050484 | 359.004459 
 4152.1412 | 08740.8742 | 17:26:50 | 220.050484 | 359.004459 
 4152.1412 | 08740.8742 | 17:26:51 | 220.050484 | 359.004459 
 4152.1412 | 08740.8742 | 17:26:52 | 220.050484 | 359.004459 
 4152.1412 | 08740.8742 | 17:26:53 | 220.050484 | 359.004459 
 4152.1416 | 08740.8756 | 17:26:54 | 220.049277 | 359.004910 
 4152.1416 | 08740.8741 | 17:26:55 | 220.050566 | 359.004919 
 4152.1416 | 08740.8714 | 17:26:56 | 220.052888 | 359.004937 
 4152.1416 | 08740.8675 | 17:26:57 | 220.056241 | 359.004963 
 4152.1416 | 08740.8627 | 17:26:58 | 220.060368 | 359.004994 
 4152.1417 | 08740.8575 | 17:26:59 | 220.064837 | 359.005143 
 4152.1413 | 08740.8506 | 17:27:00 | 220.070773 | 359.004728 
 4152.1413 | 08740.8444 | 17:27:01 | 220.076104 | 359.004768 
 4152.1415 | 08740.8379 | 17:27:02 | 220.081690 | 359.005041 
 4152.1418 | 08740.8312 | 17:27:03 | 220.087448 | 359.005430 
 4152.1420 | 08740.8242 | 17:27:04 | 220.093465 | 359.005706 
 4152.1421 | 08740.8164 | 17:27:05 | 220.100170 | 359.005872 
 4152.1421 | 08740.8084 | 17:27:06 | 220.107048 | 359.005924 
 4152.1422 | 08740.8003 | 17:27:07 | 220.114011 | 359.006092 
 4152.1424 | 08740.7921 | 17:27:08 | 220.121060 | 359.006376 
 4152.1425 | 08740.7837 | 17:27:09 | 220.128281 | 359.006546 
 4152.1426 | 08740.7750 | 17:27:10 | 220.135760 | 359.006718 
 4152.1427 | 08740.7661 | 17:27:11 | 220.143411 | 359.006891 
 4152.1428 | 08740.7570 | 17:27:12 | 220.151234 | 359.007066 
 4152.1430 | 08740.7479 | 17:27:13 | 220.159056 | 359.007355 
 4152.1432 | 08740.7388 | 17:27:14 | 220.166878 | 359.007645 
 4152.1433 | 08740.7299 | 17:27:15 | 220.174529 | 359.007818 
 4152.1434 | 08740.7211 | 17:27:16 | 220.182094 | 359.007991 
 4152.1436 | 08740.7122 | 17:27:17 | 220.189744 | 359.008280 
 4152.1438 | 08740.7032 | 17:27:18 | 220.197480 | 359.008569 
 4152.1439 | 08740.6941 | 17:27:19 | 220.205303 | 359.008743 
 4152.1441 | 08740.6849 | 17:27:20 | 220.213211 | 359.009034 
 4152.1443 | 08740.6756 | 17:27:21 | 220.221205 | 359.009325 
 4152.1446 | 08740.6661 | 17:27:22 | 220.229370 | 359.009732 
 4152.1448 | 08740.6567 | 17:27:23 | 220.237450 | 359.010024 
 4152.1450 | 08740.6474 | 17:27:24 | 220.245444 | 359.010315 
 4152.1452 | 08740.6384 | 17:27:25 | 220.253180 | 359.010604 
 4152.1452 | 08740.6298 | 17:27:26 | 220.260574 | 359.010661 
 4152.1452 | 08740.6217 | 17:27:27 | 220.267538 | 359.010714 
 4152.1450 | 08740.6143 | 17:27:28 | 220.273902 | 359.010533 
 4152.1446 | 08740.6074 | 17:27:29 | 220.279838 | 359.010118 
 4152.1441 | 08740.6011 | 17:27:30 | 220.285259 | 359.009584 
 4152.1437 | 08740.5952 | 17:27:31 | 220.290335 | 359.009163 
 4152.1435 | 08740.5898 | 17:27:32 | 220.294980 | 359.008969 
 4152.1427 | 08740.5850 | 17:27:33 | 220.299114 | 359.008080 
 4152.1408 | 08740.5814 | 17:27:34 | 220.302226 | 359.005918 
 4152.1378 | 08740.5791 | 17:27:35 | 220.304229 | 359.002482 
 4152.1338 | 08740.5780 | 17:27:36 | 220.305210 | 358.997889 
 4152.1289 | 08740.5774 | 17:27:37 | 220.305769 | 358.992256 
 4152.1234 | 08740.5771 | 17:27:38 | 220.306076 | 358.985932 
 4152.1173 | 08740.5770 | 17:27:39 | 220.306215 | 358.978916 
 4152.1110 | 08740.5769 | 17:27:40 | 220.306357 | 358.971670 
 4152.1044 | 08740.5768 | 17:27:41 | 220.306501 | 358.964079 
 4152.0975 | 08740.5767 | 17:27:42 | 220.306648 | 358.956143 
 4152.0904 | 08740.5767 | 17:27:43 | 220.306710 | 358.947976 
 4152.0831 | 08740.5770 | 17:27:44 | 220.306517 | 358.939578 
 4152.0758 | 08740.5774 | 17:27:45 | 220.306237 | 358.931178 
 4152.0685 | 08740.5779 | 17:27:46 | 220.305871 | 358.922778 
 4152.0613 | 08740.5782 | 17:27:47 | 220.305677 | 358.914494 
 4152.0543 | 08740.5781 | 17:27:48 | 220.305824 | 358.906443 
 4152.0476 | 08740.5776 | 17:27:49 | 220.306313 | 358.898740 
 4152.0415 | 08740.5769 | 17:27:50 | 220.306969 | 358.891728 
 4152.0360 | 08740.5765 | 17:27:51 | 220.307361 | 358.885404 
 4152.0310 | 08740.5764 | 17:27:52 | 220.307491 | 358.879653 
 4152.0266 | 08740.5762 | 17:27:53 | 220.307702 | 358.874594 
 4152.0227 | 08740.5761 | 17:27:54 | 220.307822 | 358.870108 
 4152.0199 | 08740.5761 | 17:27:55 | 220.307847 | 358.866888 
 4152.0183 | 08740.5761 | 17:27:56 | 220.307861 | 358.865047 
 4152.0174 | 08740.5761 | 17:27:57 | 220.307869 | 358.864012 
 4152.0169 | 08740.5762 | 17:27:58 | 220.307787 | 358.863436 
 4152.0167 | 08740.5762 | 17:27:59 | 220.307789 | 358.863206 
 4152.0164 | 08740.5763 | 17:28:00 | 220.307706 | 358.862860 
 4152.0160 | 08740.5764 | 17:28:01 | 220.307623 | 358.862400 
 4152.0154 | 08740.5765 | 17:28:02 | 220.307542 | 358.861709 
 4152.0143 | 08740.5765 | 17:28:03 | 220.307552 | 358.860444 
 4152.0129 | 08740.5764 | 17:28:04 | 220.307650 | 358.858834 
 4152.0116 | 08740.5763 | 17:28:05 | 220.307748 | 358.857339 
 4152.0102 | 08740.5761 | 17:28:06 | 220.307932 | 358.855730 
 4152.0083 | 08740.5756 | 17:28:07 | 220.308379 | 358.853548 
 4152.0064 | 08740.5742 | 17:28:08 | 220.309599 | 358.851372 
 4152.0044 | 08740.5714 | 17:28:09 | 220.312024 | 358.849090 
 4152.0029 | 08740.5672 | 17:28:10 | 220.315649 | 358.847392 
 4152.0017 | 08740.5618 | 17:28:11 | 220.320302 | 358.846047 
 4152.0011 | 08740.5554 | 17:28:12 | 220.325810 | 358.845399 
 4152.0008 | 08740.5483 | 17:28:13 | 220.331917 | 358.845101 
 4152.0008 | 08740.5407 | 17:28:14 | 220.338452 | 358.845151 
 4152.0009 | 08740.5329 | 17:28:15 | 220.345157 | 358.845317 
 4152.0011 | 08740.5249 | 17:28:16 | 220.352034 | 358.845600 
 4152.0013 | 08740.5166 | 17:28:17 | 220.359168 | 358.845885 
 4152.0014 | 08740.5082 | 17:28:18 | 220.366390 | 358.846055 
 4152.0015 | 08740.4995 | 17:28:19 | 220.373869 | 358.846228 
 4152.0015 | 08740.4905 | 17:28:20 | 220.381607 | 358.846287 
 4152.0015 | 08740.4812 | 17:28:21 | 220.389603 | 358.846348 
 4152.0017 | 08740.4713 | 17:28:22 | 220.398113 | 358.846644 
 4152.0019 | 08740.4612 | 17:28:23 | 220.406795 | 358.846940 
 4152.0021 | 08740.4509 | 17:28:24 | 220.415650 | 358.847238 
 4152.0023 | 08740.4404 | 17:28:25 | 220.424676 | 358.847538 
 4152.0024 | 08740.4299 | 17:28:26 | 220.433703 | 358.847722 
 4152.0026 | 08740.4193 | 17:28:27 | 220.442815 | 358.848022 
 4152.0027 | 08740.4086 | 17:28:28 | 220.452013 | 358.848208 
 4152.0029 | 08740.3977 | 17:28:29 | 220.461383 | 358.848510 
 4152.0030 | 08740.3867 | 17:28:30 | 220.470840 | 358.848698 
 4152.0032 | 08740.3756 | 17:28:31 | 220.480382 | 358.849001 
 4152.0033 | 08740.3644 | 17:28:32 | 220.490011 | 358.849190 
 4152.0035 | 08740.3532 | 17:28:33 | 220.499639 | 358.849495 
 4152.0037 | 08740.3418 | 17:28:34 | 220.509439 | 358.849800 
 4152.0039 | 08740.3303 | 17:28:35 | 220.519325 | 358.850106 
 4152.0040 | 08740.3186 | 17:28:36 | 220.529383 | 358.850299 
 4152.0042 | 08740.3069 | 17:28:37 | 220.539441 | 358.850606 
 4152.0044 | 08740.2951 | 17:28:38 | 220.549585 | 358.850915 
 4152.0046 | 08740.2834 | 17:28:39 | 220.559643 | 358.851222 
 4152.0048 | 08740.2717 | 17:28:40 | 220.569701 | 358.851530 
 4152.0051 | 08740.2599 | 17:28:41 | 220.579843 | 358.851953 
 4152.0053 | 08740.2479 | 17:28:42 | 220.590159 | 358.852263 
 4152.0054 | 08740.2356 | 17:28:43 | 220.600734 | 358.852459 
 4152.0055 | 08740.2233 | 17:28:44 | 220.611308 | 358.852656 
 4152.0056 | 08740.2114 | 17:28:45 | 220.621539 | 358.852850 
 4152.0058 | 08740.1996 | 17:28:46 | 220.631683 | 358.853159 
 4152.0059 | 08740.1880 | 17:28:47 | 220.641655 | 358.853351 
 4152.0061 | 08740.1766 | 17:28:48 | 220.651455 | 358.853657 
 4152.0061 | 08740.1657 | 17:28:49 | 220.660827 | 358.853729 
 4152.0060 | 08740.1551 | 17:28:50 | 220.669942 | 358.853684 
 4152.0060 | 08740.1446 | 17:28:51 | 220.678969 | 358.853754 
 4152.0058 | 08740.1349 | 17:28:52 | 220.687311 | 358.853589 
 4152.0055 | 08740.1260 | 17:28:53 | 220.694966 | 358.853303 
 4152.0052 | 08740.1180 | 17:28:54 | 220.701847 | 358.853011 
 4152.0051 | 08740.1111 | 17:28:55 | 220.707781 | 358.852942 
 4152.0051 | 08740.1052 | 17:28:56 | 220.712853 | 358.852981 
 4152.0052 | 08740.0995 | 17:28:57 | 220.717753 | 358.853134 
 4152.0053 | 08740.0936 | 17:28:58 | 220.722825 | 358.853289 
 4152.0054 | 08740.0872 | 17:28:59 | 220.728327 | 358.853446 
 4152.0055 | 08740.0802 | 17:29:00 | 220.734345 | 358.853608 
 4152.0054 | 08740.0726 | 17:29:01 | 220.740880 | 358.853544 
 4152.0055 | 08740.0644 | 17:29:02 | 220.747929 | 358.853713 
 4152.0056 | 08740.0558 | 17:29:03 | 220.755323 | 358.853886 
 4152.0058 | 08740.0471 | 17:29:04 | 220.762801 | 358.854174 
 4152.0059 | 08740.0387 | 17:29:05 | 220.770022 | 358.854345 
 4152.0061 | 08740.0306 | 17:29:06 | 220.776985 | 358.854629 
 4152.0062 | 08740.0229 | 17:29:07 | 220.783604 | 358.854795 
 4152.0063 | 08740.0159 | 17:29:08 | 220.789622 | 358.854957 
 4152.0064 | 08740.0097 | 17:29:09 | 220.794952 | 358.855113 
 4152.0065 | 08740.0045 | 17:29:10 | 220.799422 | 358.855263 
 4152.0066 | 08740.0006 | 17:29:11 | 220.802774 | 358.855404 
 4152.0067 | 08739.9980 | 17:29:12 | 220.805009 | 358.855537 
 4152.0068 | 08739.9968 | 17:29:13 | 220.806040 | 358.855660 
 4152.0068 | 08739.9967 | 17:29:14 | 220.806126 | 358.855660 
 4152.0068 | 08739.9967 | 17:29:15 | 220.806126 | 358.855660 
 4152.0069 | 08739.9967 | 17:29:16 | 220.806125 | 358.855775 
 4152.0069 | 08739.9967 | 17:29:17 | 220.806125 | 358.855775 
 4152.0069 | 08739.9967 | 17:29:18 | 220.806125 | 358.855775 
 4152.0069 | 08739.9967 | 17:29:19 | 220.806125 | 358.855775 
 4152.0069 | 08739.9967 | 17:29:20 | 220.806125 | 358.855775 
 4152.0069 | 08739.9967 | 17:29:21 | 220.806125 | 358.855775 
 4152.0069 | 08739.9967 | 17:29:22 | 220.806125 | 358.855775 
 4152.0069 | 08739.9967 | 17:29:23 | 220.806125 | 358.855775 
 4152.0069 | 08739.9967 | 17:29:24 | 220.806125 | 358.855775 
 4152.0069 | 08739.9967 | 17:29:25 | 220.806125 | 358.855775 
 4152.0069 | 08739.9967 | 17:29:26 | 220.806125 | 358.855775 
 4152.0069 | 08739.9967 | 17:29:27 | 220.806125 | 358.855775 
 4152.0069 | 08739.9967 | 17:29:28 | 220.806125 | 358.855775 
 4152.0069 | 08739.9967 | 17:29:29 | 220.806125 | 358.855775 
 4152.0069 | 08739.9967 | 17:29:30 | 220.806125 | 358.855775 
 4152.0069 | 08739.9967 | 17:29:31 | 220.806125 | 358.855775 
 4152.0069 | 08739.9967 | 17:29:32 | 220.806125 | 358.855775 
 4152.0069 | 08739.9967 | 17:29:33 | 220.806125 | 358.855775 
 4152.0069 | 08739.9967 | 17:29:34 | 220.806125 | 358.855775 
 4152.0069 | 08739.9967 | 17:29:35 | 220.806125 | 358.855775 
 4152.0069 | 08739.9967 | 17:29:36 | 220.806125 | 358.855775 
 4152.0069 | 08739.9967 | 17:29:37 | 220.806125 | 358.855775 
 4152.0069 | 08739.9967 | 17:29:38 | 220.806125 | 358.855775 
 4152.0069 | 08739.9967 | 17:29:39 | 220.806125 | 358.855775 
 4152.0069 | 08739.9967 | 17:29:40 | 220.806125 | 358.855775 
 4152.0069 | 08739.9967 | 17:29:41 | 220.806125 | 358.855775 
 4152.0069 | 08739.9967 | 17:29:42 | 220.806125 | 358.855775 
 4152.0069 | 08739.9967 | 17:29:43 | 220.806125 | 358.855775 
 4152.0069 | 08739.9967 | 17:29:44 | 220.806125 | 358.855775 
 4152.0069 | 08739.9967 | 17:29:45 | 220.806125 | 358.855775 
 4152.0069 | 08739.9967 | 17:29:46 | 220.806125 | 358.855775 
 4152.0069 | 08739.9967 | 17:29:47 | 220.806125 | 358.855775 
 4152.0069 | 08739.9967 | 17:29:48 | 220.806125 | 358.855775 
 4152.0069 | 08739.9967 | 17:29:49 | 220.806125 | 358.855775 
 4152.0069 | 08739.9967 | 17:29:50 | 220.806125 | 358.855775 
 4152.0069 | 08739.9967 | 17:29:51 | 220.806125 | 358.855775 
 4152.0069 | 08739.9967 | 17:29:52 | 220.806125 | 358.855775 
 4152.0069 | 08739.9967 | 17:29:53 | 220.806125 | 358.855775 
 4152.0069 | 08739.9967 | 17:29:54 | 220.806125 | 358.855775 
 4152.0069 | 08739.9967 | 17:29:55 | 220.806125 | 358.855775 
 4152.0069 | 08739.9967 | 17:29:56 | 220.806125 | 358.855775 
 4152.0069 | 08739.9967 | 17:29:57 | 220.806125 | 358.855775 
 4152.0065 | 08739.9960 | 17:29:58 | 220.806730 | 358.855320 
 4152.0065 | 08739.9942 | 17:29:59 | 220.808278 | 358.855332 
 4152.0066 | 08739.9910 | 17:30:00 | 220.811028 | 358.855468 
 4152.0066 | 08739.9866 | 17:30:01 | 220.814811 | 358.855498 
 4152.0067 | 08739.9812 | 17:30:02 | 220.819453 | 358.855649 
 4152.0067 | 08739.9748 | 17:30:03 | 220.824956 | 358.855692 
 4152.0068 | 08739.9675 | 17:30:04 | 220.831232 | 358.855855 
 4152.0069 | 08739.9596 | 17:30:05 | 220.838023 | 358.856023 
 4152.0071 | 08739.9512 | 17:30:06 | 220.845243 | 358.856309 
 4152.0073 | 08739.9425 | 17:30:07 | 220.852722 | 358.856598 
 4152.0076 | 08739.9333 | 17:30:08 | 220.860629 | 358.857004 
 4152.0079 | 08739.9237 | 17:30:09 | 220.868881 | 358.857413 
 4152.0080 | 08739.9136 | 17:30:10 | 220.877564 | 358.857596 
 4152.0082 | 08739.9031 | 17:30:11 | 220.886590 | 358.857896 
 4152.0084 | 08739.8921 | 17:30:12 | 220.896046 | 358.858200 
 4152.0086 | 08739.8811 | 17:30:13 | 220.905501 | 358.858504 
 4152.0088 | 08739.8703 | 17:30:14 | 220.914785 | 358.858806 
 4152.0090 | 08739.8597 | 17:30:15 | 220.923897 | 358.859107 
 4152.0092 | 08739.8493 | 17:30:16 | 220.932837 | 358.859407 
 4152.0094 | 08739.8392 | 17:30:17 | 220.941520 | 358.859705 
 4152.0097 | 08739.8292 | 17:30:18 | 220.950115 | 358.860117 
 4152.0099 | 08739.8191 | 17:30:19 | 220.958797 | 358.860415 
 4152.0101 | 08739.8088 | 17:30:20 | 220.967651 | 358.860714 
 4152.0103 | 08739.7981 | 17:30:21 | 220.976849 | 358.861016 
 4152.0105 | 08739.7874 | 17:30:22 | 220.986047 | 358.861318 
 4152.0106 | 08739.7763 | 17:30:23 | 220.995590 | 358.861507 
 4152.0106 | 08739.7651 | 17:30:24 | 221.005219 | 358.861582 
 4152.0108 | 08739.7536 | 17:30:25 | 221.015105 | 358.861890 
 4152.0110 | 08739.7420 | 17:30:26 | 221.025077 | 358.862198 
 4152.0112 | 08739.7301 | 17:30:27 | 221.035307 | 358.862508 
 4152.0115 | 08739.7182 | 17:30:28 | 221.045535 | 358.862933 
 4152.0118 | 08739.7062 | 17:30:29 | 221.055850 | 358.863358 
 4152.0120 | 08739.6940 | 17:30:30 | 221.066338 | 358.863671 
 4152.0121 | 08739.6818 | 17:30:31 | 221.076826 | 358.863868 
 4152.0122 | 08739.6696 | 17:30:32 | 221.087315 | 358.864065 
 4152.0124 | 08739.6574 | 17:30:33 | 221.097803 | 358.864377 
 4152.0125 | 08739.6449 | 17:30:34 | 221.108549 | 358.864576 
 4152.0128 | 08739.6324 | 17:30:35 | 221.119294 | 358.865006 
 4152.0130 | 08739.6197 | 17:30:36 | 221.130211 | 358.865321 
 4152.0133 | 08739.6071 | 17:30:37 | 221.141042 | 358.865751 
 4152.0135 | 08739.5949 | 17:30:38 | 221.151530 | 358.866064 
 4152.0137 | 08739.5833 | 17:30:39 | 221.161501 | 358.866372 
 4152.0138 | 08739.5723 | 17:30:40 | 221.170958 | 358.866561 
 4152.0140 | 08739.5617 | 17:30:41 | 221.180070 | 358.866863 
 4152.0142 | 08739.5511 | 17:30:42 | 221.189182 | 358.867164 
 4152.0144 | 08739.5403 | 17:30:43 | 221.198466 | 358.867467 
 4152.0145 | 08739.5290 | 17:30:44 | 221.208181 | 358.867659 
 4152.0147 | 08739.5174 | 17:30:45 | 221.218153 | 358.867967 
 4152.0148 | 08739.5055 | 17:30:46 | 221.228383 | 358.868163 
 4152.0151 | 08739.4938 | 17:30:47 | 221.238440 | 358.868587 
 4152.0153 | 08739.4824 | 17:30:48 | 221.248240 | 358.868894 
 4152.0155 | 08739.4713 | 17:30:49 | 221.257782 | 358.869199 
 4152.0157 | 08739.4612 | 17:30:50 | 221.266464 | 358.869497 
 4152.0159 | 08739.4521 | 17:30:51 | 221.274286 | 358.869789 
 4152.0160 | 08739.4443 | 17:30:52 | 221.280992 | 358.869957 
 4152.0161 | 08739.4377 | 17:30:53 | 221.286665 | 358.870117 
 4152.0162 | 08739.4324 | 17:30:54 | 221.291221 | 358.870267 
 4152.0162 | 08739.4277 | 17:30:55 | 221.295262 | 358.870299 
 4152.0162 | 08739.4236 | 17:30:56 | 221.298787 | 358.870327 
 4152.0163 | 08739.4203 | 17:30:57 | 221.301624 | 358.870464 
 4152.0163 | 08739.4179 | 17:30:58 | 221.303687 | 358.870481 
 4152.0163 | 08739.4162 | 17:30:59 | 221.305149 | 358.870492 
 4152.0164 | 08739.4143 | 17:31:00 | 221.306782 | 358.870620 
 4152.0164 | 08739.4116 | 17:31:01 | 221.309103 | 358.870638 
 4152.0165 | 08739.4078 | 17:31:02 | 221.312369 | 358.870779 
 4152.0166 | 08739.4032 | 17:31:03 | 221.316323 | 358.870925 
 4152.0167 | 08739.3977 | 17:31:04 | 221.321051 | 358.871078 
 4152.0168 | 08739.3917 | 17:31:05 | 221.326209 | 358.871233 
 4152.0169 | 08739.3851 | 17:31:06 | 221.331883 | 358.871393 
 4152.0170 | 08739.3779 | 17:31:07 | 221.338073 | 358.871557 
 4152.0170 | 08739.3702 | 17:31:08 | 221.344693 | 358.871609 
 4152.0172 | 08739.3621 | 17:31:09 | 221.351655 | 358.871894 
 4152.0174 | 08739.3536 | 17:31:10 | 221.358962 | 358.872182 
 4152.0175 | 08739.3446 | 17:31:11 | 221.366699 | 358.872358 
 4152.0176 | 08739.3351 | 17:31:12 | 221.374866 | 358.872537 
 4152.0178 | 08739.3253 | 17:31:13 | 221.383290 | 358.872834 
 4152.0179 | 08739.3150 | 17:31:14 | 221.392145 | 358.873019 
 4152.0181 | 08739.3043 | 17:31:15 | 221.401343 | 358.873322 
 4152.0182 | 08739.2933 | 17:31:16 | 221.410800 | 358.873512 
 4152.0185 | 08739.2821 | 17:31:17 | 221.420427 | 358.873933 
 4152.0187 | 08739.2707 | 17:31:18 | 221.430227 | 358.874240 
 4152.0190 | 08739.2592 | 17:31:19 | 221.440111 | 358.874664 
 4152.0192 | 08739.2477 | 17:31:20 | 221.449997 | 358.874972 
 4152.0195 | 08739.2361 | 17:31:21 | 221.459968 | 358.875396 
 4152.0197 | 08739.2248 | 17:31:22 | 221.469682 | 358.875703 
 4152.0199 | 08739.2137 | 17:31:23 | 221.479224 | 358.876008 
 4152.0201 | 08739.2030 | 17:31:24 | 221.488422 | 358.876311 
 4152.0202 | 08739.1924 | 17:31:25 | 221.497534 | 358.876498 
 4152.0204 | 08739.1818 | 17:31:26 | 221.506646 | 358.876801 
 4152.0205 | 08739.1710 | 17:31:27 | 221.515931 | 358.876989 
 4152.0207 | 08739.1601 | 17:31:28 | 221.525301 | 358.877294 
 4152.0208 | 08739.1494 | 17:31:29 | 221.534500 | 358.877482 
 4152.0209 | 08739.1393 | 17:31:30 | 221.543183 | 358.877666 
 4152.0211 | 08739.1300 | 17:31:31 | 221.551177 | 358.877959 
 4152.0212 | 08739.1214 | 17:31:32 | 221.558570 | 358.878133 
 4152.0213 | 08739.1134 | 17:31:33 | 221.565448 | 358.878302 
 4152.0215 | 08739.1058 | 17:31:34 | 221.571980 | 358.878584 
 4152.0216 | 08739.0987 | 17:31:35 | 221.578084 | 358.878748 
 4152.0218 | 08739.0921 | 17:31:36 | 221.583757 | 358.879023 
 4152.0219 | 08739.0858 | 17:31:37 | 221.589172 | 358.879181 
 4152.0220 | 08739.0796 | 17:31:38 | 221.594502 | 358.879338 
 4152.0221 | 08739.0735 | 17:31:39 | 221.599746 | 358.879495 
 4152.0222 | 08739.0674 | 17:31:40 | 221.604990 | 358.879652 
 4152.0223 | 08739.0614 | 17:31:41 | 221.610148 | 358.879808 
 4152.0224 | 08739.0551 | 17:31:42 | 221.615563 | 358.879966 
 4152.0225 | 08739.0482 | 17:31:43 | 221.621495 | 358.880128 
 4152.0226 | 08739.0407 | 17:31:44 | 221.627943 | 358.880294 
 4152.0228 | 08739.0329 | 17:31:45 | 221.634647 | 358.880578 
 4152.0229 | 08739.0247 | 17:31:46 | 221.641696 | 358.880749 
 4152.0230 | 08739.0160 | 17:31:47 | 221.649176 | 358.880923 
 4152.0231 | 08739.0070 | 17:31:48 | 221.656913 | 358.881100 
 4152.0233 | 08738.9976 | 17:31:49 | 221.664993 | 358.881394 
 4152.0234 | 08738.9880 | 17:31:50 | 221.673246 | 358.881575 
 4152.0236 | 08738.9783 | 17:31:51 | 221.681584 | 358.881872 
 4152.0238 | 08738.9687 | 17:31:52 | 221.689836 | 358.882167 
 4152.0239 | 08738.9590 | 17:31:53 | 221.698175 | 358.882349 
 4152.0241 | 08738.9494 | 17:31:54 | 221.706428 | 358.882645 
 4152.0242 | 08738.9397 | 17:31:55 | 221.714767 | 358.882826 
 4152.0244 | 08738.9297 | 17:31:56 | 221.723363 | 358.883125 
 4152.0246 | 08738.9193 | 17:31:57 | 221.732303 | 358.883426 
 4152.0248 | 08738.9088 | 17:31:58 | 221.741328 | 358.883728 
 4152.0250 | 08738.8982 | 17:31:59 | 221.750440 | 358.884031 
 4152.0251 | 08738.8876 | 17:32:00 | 221.759553 | 358.884219 
 4152.0253 | 08738.8772 | 17:32:01 | 221.768493 | 358.884520 
 4152.0254 | 08738.8669 | 17:32:02 | 221.777348 | 358.884706 
 4152.0255 | 08738.8569 | 17:32:03 | 221.785945 | 358.884890 
 4152.0255 | 08738.8474 | 17:32:04 | 221.794113 | 358.884955 
 4152.0252 | 08738.8383 | 17:32:05 | 221.801940 | 358.884672 
 4152.0247 | 08738.8299 | 17:32:06 | 221.809167 | 358.884155 
 4152.0241 | 08738.8229 | 17:32:07 | 221.815191 | 358.883513 
 4152.0228 | 08738.8179 | 17:32:08 | 221.819502 | 358.882052 
 4152.0204 | 08738.8149 | 17:32:09 | 221.822103 | 358.879312 
 4152.0171 | 08738.8136 | 17:32:10 | 221.823251 | 358.875525 
 4152.0131 | 08738.8130 | 17:32:11 | 221.823804 | 358.870928 
 4152.0085 | 08738.8127 | 17:32:12 | 221.824104 | 358.865639 
 4152.0033 | 08738.8126 | 17:32:13 | 221.824238 | 358.859658 
 4151.9980 | 08738.8125 | 17:32:14 | 221.824373 | 358.853563 
 4151.9929 | 08738.8123 | 17:32:15 | 221.824592 | 358.847698 
 4151.9880 | 08738.8119 | 17:32:16 | 221.824980 | 358.842064 
 4151.9830 | 08738.8115 | 17:32:17 | 221.825370 | 358.836316 
 4151.9779 | 08738.8112 | 17:32:18 | 221.825675 | 358.830452 
 4151.9723 | 08738.8111 | 17:32:19 | 221.825813 | 358.824011 
 4151.9667 | 08738.8110 | 17:32:20 | 221.825950 | 358.817570 
 4151.9615 | 08738.8108 | 17:32:21 | 221.826170 | 358.811590 
 4151.9573 | 08738.8107 | 17:32:22 | 221.826295 | 358.806760 
 4151.9538 | 08738.8105 | 17:32:23 | 221.826499 | 358.802735 
 4151.9506 | 08738.8103 | 17:32:24 | 221.826700 | 358.799056 
 4151.9473 | 08738.8099 | 17:32:25 | 221.827074 | 358.795263 
 4151.9438 | 08738.8097 | 17:32:26 | 221.827279 | 358.791238 
 4151.9395 | 08738.8097 | 17:32:27 | 221.827318 | 358.786292 
 4151.9344 | 08738.8098 | 17:32:28 | 221.827279 | 358.780425 
 4151.9287 | 08738.8096 | 17:32:29 | 221.827503 | 358.773870 
 4151.9229 | 08738.8093 | 17:32:30 | 221.827815 | 358.767201 
 4151.9173 | 08738.8090 | 17:32:31 | 221.828124 | 358.760762 
 4151.9120 | 08738.8089 | 17:32:32 | 221.828259 | 358.754666 
 4151.9065 | 08738.8088 | 17:32:33 | 221.828396 | 358.748340 
 4151.9008 | 08738.8087 | 17:32:34 | 221.828534 | 358.741784 
 4151.8947 | 08738.8086 | 17:32:35 | 221.828676 | 358.734769 
 4151.8881 | 08738.8085 | 17:32:36 | 221.828823 | 358.727178 
 4151.8812 | 08738.8085 | 17:32:37 | 221.828886 | 358.719241 
 4151.8739 | 08738.8086 | 17:32:38 | 221.828867 | 358.710843 
 4151.8664 | 08738.8087 | 17:32:39 | 221.828850 | 358.702216 
 4151.8586 | 08738.8085 | 17:32:40 | 221.829094 | 358.693245 
 4151.8507 | 08738.8083 | 17:32:41 | 221.829339 | 358.684160 
 4151.8425 | 08738.8081 | 17:32:42 | 221.829586 | 358.674729 
 4151.8343 | 08738.8078 | 17:32:43 | 221.829920 | 358.665299 
 4151.8260 | 08738.8075 | 17:32:44 | 221.830254 | 358.655754 
 4151.8176 | 08738.8073 | 17:32:45 | 221.830503 | 358.646093 
 4151.8089 | 08738.8073 | 17:32:46 | 221.830583 | 358.636086 
 4151.8002 | 08738.8072 | 17:32:47 | 221.830749 | 358.626079 
 4151.7913 | 08738.8070 | 17:32:48 | 221.831003 | 358.615844 
 4151.7824 | 08738.8067 | 17:32:49 | 221.831343 | 358.605608 
 4151.7736 | 08738.8064 | 17:32:50 | 221.831682 | 358.595488 
 4151.7649 | 08738.8061 | 17:32:51 | 221.832020 | 358.585483 
 4151.7563 | 08738.8060 | 17:32:52 | 221.832185 | 358.575592 
 4151.7476 | 08738.8059 | 17:32:53 | 221.832351 | 358.565585 
 4151.7392 | 08738.8062 | 17:32:54 | 221.832170 | 358.555921 
 4151.7308 | 08738.8062 | 17:32:55 | 221.832247 | 358.546259 
 4151.7224 | 08738.8059 | 17:32:56 | 221.832583 | 358.536599 
 4151.7140 | 08738.8056 | 17:32:57 | 221.832918 | 358.526939 
 4151.7056 | 08738.8053 | 17:32:58 | 221.833253 | 358.517279 
 4151.6971 | 08738.8051 | 17:32:59 | 221.833503 | 358.507503 
 4151.6886 | 08738.8048 | 17:33:00 | 221.833839 | 358.497728 
 4151.6802 | 08738.8046 | 17:33:01 | 221.834089 | 358.488067 
 4151.6721 | 08738.8044 | 17:33:02 | 221.834335 | 358.478752 
 4151.6641 | 08738.8042 | 17:33:03 | 221.834581 | 358.469551 
 4151.6564 | 08738.8041 | 17:33:04 | 221.834737 | 358.460695 
 4151.6489 | 08738.8041 | 17:33:05 | 221.834806 | 358.452068 
 4151.6416 | 08738.8040 | 17:33:06 | 221.834960 | 358.443672 
 4151.6029 | 08738.8022 | 17:33:27 | 221.836863 | 358.399169 
 4151.5967 | 08738.7975 | 17:33:28 | 221.840962 | 358.392070 
 4151.5938 | 08738.8051 | 17:33:29 | 221.834453 | 358.388682 
 4151.5886 | 08738.8049 | 17:33:30 | 221.834673 | 358.382702 
 4151.5833 | 08738.8052 | 17:33:31 | 221.834464 | 358.376604 
 4151.5783 | 08738.8047 | 17:33:32 | 221.834940 | 358.370856 
 4151.5729 | 08738.8040 | 17:33:33 | 221.835591 | 358.364649 
 4151.5673 | 08738.8036 | 17:33:34 | 221.835987 | 358.358211 
 4151.5616 | 08738.8027 | 17:33:35 | 221.836813 | 358.351661 
 4151.5555 | 08738.8024 | 17:33:36 | 221.837127 | 358.344646 
 4151.5492 | 08738.8020 | 17:33:37 | 221.837529 | 358.337402 
 4151.5427 | 08738.8018 | 17:33:38 | 221.837761 | 358.329927 
 4151.5364 | 08738.8016 | 17:33:39 | 221.837991 | 358.322682 
 4151.5304 | 08738.8014 | 17:33:40 | 221.838218 | 358.315782 
 4151.5244 | 08738.8012 | 17:33:41 | 221.838445 | 358.308882 
 4151.5185 | 08738.8010 | 17:33:42 | 221.838672 | 358.302096 
 4151.5130 | 08738.8009 | 17:33:43 | 221.838808 | 358.295771 
 4151.5078 | 08738.8009 | 17:33:44 | 221.838856 | 358.289789 
 4151.5032 | 08738.8010 | 17:33:45 | 221.838812 | 358.284498 
 4151.4994 | 08738.8012 | 17:33:46 | 221.838675 | 358.280125 
 4151.4965 | 08738.8014 | 17:33:47 | 221.838530 | 358.276788 
 4151.4948 | 08738.8014 | 17:33:48 | 221.838546 | 358.274833 
 4151.4938 | 08738.8014 | 17:33:49 | 221.838555 | 358.273683 
 4151.4935 | 08738.8014 | 17:33:50 | 221.838558 | 358.273337 
 4151.4938 | 08738.8015 | 17:33:51 | 221.838469 | 358.273682 
 4151.4941 | 08738.8016 | 17:33:52 | 221.838380 | 358.274026 
 4151.4944 | 08738.8017 | 17:33:53 | 221.838291 | 358.274371 
 4151.4944 | 08738.8017 | 17:33:54 | 221.838291 | 358.274371 
 4151.4944 | 08738.8017 | 17:33:55 | 221.838291 | 358.274371 
 4151.4944 | 08738.8017 | 17:33:56 | 221.838291 | 358.274371 
 4151.4944 | 08738.8017 | 17:33:57 | 221.838291 | 358.274371 
 4151.4944 | 08738.8017 | 17:33:58 | 221.838291 | 358.274371 
 4151.4944 | 08738.8017 | 17:33:59 | 221.838291 | 358.274371 
 4151.4944 | 08738.8017 | 17:34:00 | 221.838291 | 358.274371 
 4151.4944 | 08738.8017 | 17:34:01 | 221.838291 | 358.274371 
 4151.4944 | 08738.8017 | 17:34:02 | 221.838291 | 358.274371 
 4151.4944 | 08738.8017 | 17:34:03 | 221.838291 | 358.274371 
 4151.4944 | 08738.8017 | 17:34:04 | 221.838291 | 358.274371 
 4151.4944 | 08738.8017 | 17:34:05 | 221.838291 | 358.274371 
 4151.4944 | 08738.8017 | 17:34:06 | 221.838291 | 358.274371 
 4151.4944 | 08738.8017 | 17:34:07 | 221.838291 | 358.274371 
 4151.4944 | 08738.8017 | 17:34:08 | 221.838291 | 358.274371 
 4151.4944 | 08738.8017 | 17:34:09 | 221.838291 | 358.274371 
 4151.4944 | 08738.8017 | 17:34:10 | 221.838291 | 358.274371 
 4151.4944 | 08738.8017 | 17:34:11 | 221.838291 | 358.274371 
 4151.4944 | 08738.8017 | 17:34:12 | 221.838291 | 358.274371 
 4151.4944 | 08738.8017 | 17:34:13 | 221.838291 | 358.274371 
 4151.4944 | 08738.8017 | 17:34:14 | 221.838291 | 358.274371 
 4151.4944 | 08738.8017 | 17:34:15 | 221.838291 | 358.274371 
 4151.4944 | 08738.8017 | 17:34:16 | 221.838291 | 358.274371 
 4151.4954 | 08738.8040 | 17:34:17 | 221.836304 | 358.275505 
 4151.4943 | 08738.8039 | 17:34:18 | 221.836400 | 358.274240 
 4151.4922 | 08738.8037 | 17:34:19 | 221.836592 | 358.271826 
 4151.4892 | 08738.8036 | 17:34:20 | 221.836705 | 358.268376 
 4151.4856 | 08738.8034 | 17:34:21 | 221.836910 | 358.264237 
 4151.4815 | 08738.8033 | 17:34:22 | 221.837034 | 358.259521 
 4151.4768 | 08738.8032 | 17:34:23 | 221.837163 | 358.254116 
 4151.4718 | 08738.8031 | 17:34:24 | 221.837295 | 358.248365 
 4151.4664 | 08738.8030 | 17:34:25 | 221.837431 | 358.242155 
 4151.4607 | 08738.8029 | 17:34:26 | 221.837569 | 358.235599 
 4151.4547 | 08738.8027 | 17:34:27 | 221.837797 | 358.228699 
 4151.4354 | 08738.8016 | 17:34:30 | 221.838920 | 358.206507 
 4151.4286 | 08738.8012 | 17:34:31 | 221.839327 | 358.198688 
 4151.4217 | 08738.8005 | 17:34:32 | 221.839992 | 358.190756 
 4151.3938 | 08738.7986 | 17:34:36 | 221.841883 | 358.158677 
 4151.3123 | 08738.7956 | 17:34:48 | 221.845212 | 358.064952 
 4151.3071 | 08738.7957 | 17:34:49 | 221.845174 | 358.058970 
 4151.3033 | 08738.7956 | 17:34:50 | 221.845295 | 358.054600 
 4151.2979 | 08738.7953 | 17:34:52 | 221.845603 | 358.048391 
 4151.2964 | 08738.7948 | 17:34:53 | 221.846046 | 358.046669 
 4151.2955 | 08738.7944 | 17:34:54 | 221.846399 | 358.045636 
 4151.2952 | 08738.7945 | 17:34:55 | 221.846315 | 358.045290 
 4151.2953 | 08738.7946 | 17:34:56 | 221.846228 | 358.045405 
 4151.2954 | 08738.7948 | 17:34:57 | 221.846056 | 358.045518 
 4151.2954 | 08738.7948 | 17:34:58 | 221.846056 | 358.045518 
 4151.2951 | 08738.7948 | 17:34:59 | 221.846058 | 358.045173 
 4151.2940 | 08738.7947 | 17:35:00 | 221.846154 | 358.043909 
 4151.2917 | 08738.7946 | 17:35:01 | 221.846262 | 358.041264 
 4151.2885 | 08738.7945 | 17:35:02 | 221.846377 | 358.037584 
 4151.2845 | 08738.7943 | 17:35:03 | 221.846586 | 358.032984 
 4151.2799 | 08738.7941 | 17:35:04 | 221.846800 | 358.027694 
 4151.2747 | 08738.7937 | 17:35:05 | 221.847192 | 358.021716 
 4151.2690 | 08738.7935 | 17:35:06 | 221.847416 | 358.015161 
 4151.2630 | 08738.7931 | 17:35:07 | 221.847816 | 358.008262 
 4151.2565 | 08738.7927 | 17:35:08 | 221.848219 | 358.000788 
 4151.2499 | 08738.7924 | 17:35:09 | 221.848538 | 357.993199 
 4151.2432 | 08738.7920 | 17:35:10 | 221.848944 | 357.985495 
 4151.2361 | 08738.7917 | 17:35:11 | 221.849267 | 357.977330 
 4151.2289 | 08738.7914 | 17:35:12 | 221.849591 | 357.969050 
 4151.2214 | 08738.7912 | 17:35:13 | 221.849832 | 357.960425 
 4151.2138 | 08738.7910 | 17:35:14 | 221.850074 | 357.951684 
 4151.2062 | 08738.7908 | 17:35:15 | 221.850316 | 357.942944 
 4151.1840 | 08738.7906 | 17:35:18 | 221.850692 | 357.917409 
 4151.1683 | 08738.7906 | 17:35:20 | 221.850837 | 357.899351 
 4151.1522 | 08738.7902 | 17:35:22 | 221.851329 | 357.880834 
 4151.1442 | 08738.7899 | 17:35:23 | 221.851660 | 357.871634 
 4151.1362 | 08738.7894 | 17:35:24 | 221.852164 | 357.862436 
 4151.1281 | 08738.7890 | 17:35:25 | 221.852583 | 357.853122 
 4151.1199 | 08738.7884 | 17:35:26 | 221.853174 | 357.843694 
 4151.1116 | 08738.7878 | 17:35:27 | 221.853766 | 357.834151 
 4151.1031 | 08738.7873 | 17:35:28 | 221.854275 | 357.824377 
 4151.0945 | 08738.7870 | 17:35:29 | 221.854612 | 357.814487 
 4151.0858 | 08738.7867 | 17:35:30 | 221.854950 | 357.804482 
 4151.0768 | 08738.7865 | 17:35:31 | 221.855205 | 357.794131 
 4151.0678 | 08738.7863 | 17:35:32 | 221.855459 | 357.783780 
 4151.0587 | 08738.7860 | 17:35:33 | 221.855801 | 357.773315 
 4151.0493 | 08738.7859 | 17:35:34 | 221.855974 | 357.762503 
 4151.0404 | 08738.7856 | 17:35:35 | 221.856313 | 357.752268 
 4151.0307 | 08738.7854 | 17:35:36 | 221.856575 | 357.741112 
 4151.0213 | 08738.7853 | 17:35:37 | 221.856747 | 357.730300 
 4151.0120 | 08738.7855 | 17:35:38 | 221.856661 | 357.719602 
 4151.0027 | 08738.7861 | 17:35:39 | 221.856230 | 357.708900 
 4150.9935 | 08738.7873 | 17:35:40 | 221.855283 | 357.698310 
 4150.9846 | 08738.7882 | 17:35:41 | 221.854591 | 357.688066 
 4150.9757 | 08738.7888 | 17:35:42 | 221.854157 | 357.677825 
 4150.9671 | 08738.7890 | 17:35:43 | 221.854064 | 357.667932 
 4150.9589 | 08738.7890 | 17:35:44 | 221.854139 | 357.658499 
 4150.9509 | 08738.7889 | 17:35:45 | 221.854299 | 357.649298 
 4150.9430 | 08738.7887 | 17:35:46 | 221.854544 | 357.640213 
 4150.9351 | 08738.7886 | 17:35:47 | 221.854702 | 357.631126 
 4150.9269 | 08738.7884 | 17:35:48 | 221.854950 | 357.621696 
 4150.9186 | 08738.7885 | 17:35:49 | 221.854940 | 357.612148 
 4150.9102 | 08738.7888 | 17:35:50 | 221.854759 | 357.602484 
 4150.9018 | 08738.7894 | 17:35:51 | 221.854321 | 357.592818 
 4150.8933 | 08738.7900 | 17:35:52 | 221.853883 | 357.583036 
 4150.8849 | 08738.7904 | 17:35:53 | 221.853616 | 357.573371 
 4150.8599 | 08738.7911 | 17:35:56 | 221.853244 | 357.544610 
 4150.8515 | 08738.7913 | 17:35:57 | 221.853149 | 357.534947 
 4150.8431 | 08738.7916 | 17:35:58 | 221.852968 | 357.525283 
 4150.8348 | 08738.7893 | 17:35:59 | 221.855023 | 357.515752 
 4150.8264 | 08738.7889 | 17:36:00 | 221.855444 | 357.506092 
 4150.8179 | 08738.7895 | 17:36:01 | 221.855006 | 357.496311 
 4150.8007 | 08738.7879 | 17:36:03 | 221.856541 | 357.476538 
 4150.7924 | 08738.7873 | 17:36:04 | 221.857133 | 357.466995 
 4150.7843 | 08738.7869 | 17:36:05 | 221.857552 | 357.457681 
 4150.7762 | 08738.7869 | 17:36:06 | 221.857626 | 357.448364 
 4150.7599 | 08738.7871 | 17:36:08 | 221.857604 | 357.429613 
 4150.7519 | 08738.7872 | 17:36:09 | 221.857592 | 357.420411 
 4150.7443 | 08738.7876 | 17:36:10 | 221.857318 | 357.411666 
 4150.7364 | 08738.7879 | 17:36:11 | 221.857132 | 357.402577 
 4150.7288 | 08738.7879 | 17:36:12 | 221.857202 | 357.393835 
 4150.7132 | 08738.7882 | 17:36:14 | 221.857088 | 357.375889 
 4150.6997 | 08738.7802 | 17:36:16 | 221.864093 | 357.360416 
 4150.6925 | 08738.7790 | 17:36:17 | 221.865191 | 357.352142 
 4150.6717 | 08738.7756 | 17:36:20 | 221.868307 | 357.328240 
 4150.6670 | 08738.7726 | 17:36:21 | 221.870930 | 357.322855 
 4150.6612 | 08738.7710 | 17:36:22 | 221.872360 | 357.316195 
 4150.6551 | 08738.7693 | 17:36:23 | 221.873878 | 357.309190 
 4150.6452 | 08738.7655 | 17:36:25 | 221.877237 | 357.297828 
 4150.6413 | 08738.7639 | 17:36:26 | 221.878649 | 357.293353 
 4150.6329 | 08738.7605 | 17:36:28 | 221.881651 | 357.283715 
 4150.6323 | 08738.7587 | 17:36:29 | 221.883205 | 357.283037 
 4150.6410 | 08738.7445 | 17:36:31 | 221.895338 | 357.293142 
 4150.6443 | 08738.7362 | 17:36:34 | 221.902447 | 357.296995 
 4150.6447 | 08738.7347 | 17:36:35 | 221.903733 | 357.297465 
 4150.6824 | 08738.7500 | 17:36:43 | 221.890226 | 357.340724 
 4150.7118 | 08738.7630 | 17:36:44 | 221.878775 | 357.374452 
 4150.7214 | 08738.7885 | 17:36:45 | 221.856754 | 357.385319 
 4150.7182 | 08738.7886 | 17:36:46 | 221.856698 | 357.381638 
 4150.7135 | 08738.7876 | 17:36:47 | 221.857601 | 357.376238 
 4150.7084 | 08738.7869 | 17:36:48 | 221.858250 | 357.370377 
 4150.7024 | 08738.7867 | 17:36:49 | 221.858477 | 357.363477 
 4150.6960 | 08738.7865 | 17:36:50 | 221.858708 | 357.356117 
 4150.6891 | 08738.7866 | 17:36:51 | 221.858685 | 357.348179 
 4150.6820 | 08738.7867 | 17:36:52 | 221.858665 | 357.340012 
 4150.6744 | 08738.7867 | 17:36:53 | 221.858735 | 357.331270 
 4150.6667 | 08738.7866 | 17:36:54 | 221.858892 | 357.322414 
 4150.6590 | 08738.7864 | 17:36:55 | 221.859134 | 357.313558 
 4150.6512 | 08738.7862 | 17:36:56 | 221.859378 | 357.304587 
 4150.6433 | 08738.7860 | 17:36:57 | 221.859623 | 357.295502 
 4150.6353 | 08738.7859 | 17:36:58 | 221.859783 | 357.286301 
 4150.6273 | 08738.7857 | 17:36:59 | 221.860028 | 357.277100 
 4150.6192 | 08738.7855 | 17:37:00 | 221.860275 | 357.267784 
 4150.6112 | 08738.7853 | 17:37:01 | 221.860520 | 357.258584 
 4150.6033 | 08738.7851 | 17:37:02 | 221.860765 | 357.249498 
 4150.5956 | 08738.7849 | 17:37:03 | 221.861008 | 357.240643 
 4150.5881 | 08738.7846 | 17:37:04 | 221.861335 | 357.232018 
 4150.5807 | 08738.7844 | 17:37:05 | 221.861575 | 357.223507 
 4150.5735 | 08738.7842 | 17:37:06 | 221.861813 | 357.215227 
 4150.5665 | 08738.7839 | 17:37:07 | 221.862136 | 357.207177 
 4150.5597 | 08738.7837 | 17:37:08 | 221.862370 | 357.199357 
 4150.5530 | 08738.7836 | 17:37:09 | 221.862518 | 357.191651 
 4150.5464 | 08738.7835 | 17:37:10 | 221.862665 | 357.184060 
 4150.5397 | 08738.7833 | 17:37:11 | 221.862898 | 357.176355 
 4150.5330 | 08738.7832 | 17:37:12 | 221.863046 | 357.168649 
 4150.5261 | 08738.7831 | 17:37:13 | 221.863195 | 357.160713 
 4150.5190 | 08738.7829 | 17:37:14 | 221.863433 | 357.152548 
 4150.5117 | 08738.7826 | 17:37:15 | 221.863758 | 357.144153 
 4150.5042 | 08738.7824 | 17:37:16 | 221.863999 | 357.135527 
 4150.4968 | 08738.7821 | 17:37:17 | 221.864325 | 357.127018 
 4150.4890 | 08738.7818 | 17:37:18 | 221.864655 | 357.118048 
 4150.4813 | 08738.7816 | 17:37:19 | 221.864898 | 357.109192 
 4150.4735 | 08738.7815 | 17:37:20 | 221.865056 | 357.100221 
 4150.4657 | 08738.7814 | 17:37:21 | 221.865213 | 357.091250 
 4150.4577 | 08738.7813 | 17:37:22 | 221.865373 | 357.082048 
 4150.4496 | 08738.7812 | 17:37:23 | 221.865534 | 357.072732 
 4150.4417 | 08738.7812 | 17:37:24 | 221.865606 | 357.063645 
 4150.4338 | 08738.7810 | 17:37:25 | 221.865851 | 357.054560 
 4150.4260 | 08738.7809 | 17:37:26 | 221.866009 | 357.045588 
 4150.4184 | 08738.7807 | 17:37:27 | 221.866251 | 357.036848 
 4150.4113 | 08738.7807 | 17:37:28 | 221.866316 | 357.028681 
 4150.4053 | 08738.7809 | 17:37:29 | 221.866199 | 357.021778 
 4150.4001 | 08738.7812 | 17:37:30 | 221.865989 | 357.015795 
 4150.3958 | 08738.7815 | 17:37:31 | 221.865770 | 357.010847 
 4150.3921 | 08738.7818 | 17:37:32 | 221.865546 | 357.006589 
 4150.3890 | 08738.7820 | 17:37:33 | 221.865403 | 357.003022 
 4150.3867 | 08738.7826 | 17:37:34 | 221.864908 | 357.000372 
 4150.3850 | 08738.7834 | 17:37:35 | 221.864236 | 356.998411 
 4150.3841 | 08738.7845 | 17:37:36 | 221.863298 | 356.997368 
 4150.3840 | 08738.7857 | 17:37:37 | 221.862266 | 356.997245 
 4150.3840 | 08738.7870 | 17:37:38 | 221.861148 | 356.997236 
 4150.3840 | 08738.7883 | 17:37:39 | 221.860030 | 356.997227 
 4150.3841 | 08738.7901 | 17:37:40 | 221.858481 | 356.997330 
 4150.3840 | 08738.7924 | 17:37:41 | 221.856503 | 356.997199 
 4150.3841 | 08738.7949 | 17:37:42 | 221.854352 | 356.997297 
 4150.3841 | 08738.7975 | 17:37:43 | 221.852116 | 356.997279 
 4150.3839 | 08738.8001 | 17:37:44 | 221.849881 | 356.997031 
 4150.3832 | 08738.8023 | 17:37:45 | 221.847995 | 356.996211 
 4150.3820 | 08738.8039 | 17:37:46 | 221.846630 | 356.994819 
 4150.3807 | 08738.8046 | 17:37:47 | 221.846040 | 356.993319 
 4150.3795 | 08738.8049 | 17:37:48 | 221.845793 | 356.991937 
 4150.3783 | 08738.8050 | 17:37:49 | 221.845718 | 356.990556 
 4150.3769 | 08738.8050 | 17:37:50 | 221.845731 | 356.988945 
 4150.3751 | 08738.8049 | 17:37:51 | 221.845833 | 356.986876 
 4150.3730 | 08738.8049 | 17:37:52 | 221.845853 | 356.984460 
 4150.3708 | 08738.8049 | 17:37:53 | 221.845873 | 356.981930 
 4150.3688 | 08738.8048 | 17:37:54 | 221.845977 | 356.979630 
 4150.3668 | 08738.8047 | 17:37:55 | 221.846082 | 356.977330 
 4150.3649 | 08738.8046 | 17:37:56 | 221.846185 | 356.975145 
 4150.3631 | 08738.8045 | 17:37:57 | 221.846288 | 356.973075 
 4150.3613 | 08738.8043 | 17:37:58 | 221.846476 | 356.971006 
 4150.3595 | 08738.8042 | 17:37:59 | 221.846579 | 356.968937 
 4150.3580 | 08738.8041 | 17:38:00 | 221.846679 | 356.967212 
 4150.3573 | 08738.8041 | 17:38:01 | 221.846685 | 356.966407 
 4150.3572 | 08738.8041 | 17:38:02 | 221