 4152.1495 | 08740.9552 | 9 | 219.980771 | 359.013477 
 4152.1500 | 08740.9577 | 9 | 219.978617 | 359.014036 
 4152.1495 | 08740.9566 | 9 | 219.979567 | 359.013468 
 4152.1492 | 08740.9565 | 9 | 219.979656 | 359.013124 
 4152.1493 | 08740.9556 | 9 | 219.980429 | 359.013245 
 4152.1491 | 08740.9543 | 9 | 219.981548 | 359.013023 
 4152.1492 | 08740.9542 | 9 | 219.981633 | 359.013139 
 4152.1491 | 08740.9547 | 9 | 219.981204 | 359.013020 
 4152.1493 | 08740.9551 | 9 | 219.980858 | 359.013248 
 4152.1492 | 08740.9550 | 9 | 219.980945 | 359.013134 
 4152.1492 | 08740.9550 | 9 | 219.980945 | 359.013134 
 4152.1491 | 08740.9544 | 9 | 219.981462 | 359.013022 
 4152.1494 | 08740.9564 | 9 | 219.979740 | 359.013354 
 4152.1495 | 08740.9566 | 9 | 219.979567 | 359.013468 
 4152.1496 | 08740.9564 | 9 | 219.979738 | 359.013585 
 4152.1497 | 08740.9562 | 9 | 219.979909 | 359.013701 
 4152.1497 | 08740.9561 | 9 | 219.979995 | 359.013702 
 4152.1496 | 08740.9556 | 9 | 219.980426 | 359.013590 
 4152.1496 | 08740.9555 | 9 | 219.980512 | 359.013590 
 4152.1495 | 08740.9556 | 9 | 219.980427 | 359.013475 
 4152.1494 | 08740.9555 | 9 | 219.980514 | 359.013360 
 4152.1494 | 08740.9551 | 9 | 219.980858 | 359.013363 
 4152.1494 | 08740.9550 | 9 | 219.980943 | 359.013364 
 4152.1494 | 08740.9550 | 9 | 219.980943 | 359.013364 
 4152.1494 | 08740.9548 | 9 | 219.981115 | 359.013365 
 4152.1493 | 08740.9547 | 9 | 219.981202 | 359.013251 
 4152.1493 | 08740.9546 | 9 | 219.981288 | 359.013251 
 4152.1495 | 08740.9549 | 9 | 219.981029 | 359.013479 
 4152.1507 | 08740.9562 | 9 | 219.979900 | 359.014851 
 4152.1509 | 08740.9563 | 9 | 219.979813 | 359.015081 
 4152.1513 | 08740.9566 | 9 | 219.979551 | 359.015539 
 4152.1515 | 08740.9567 | 9 | 219.979464 | 359.015768 
 4152.1516 | 08740.9568 | 9 | 219.979377 | 359.015882 
 4152.1518 | 08740.9569 | 9 | 219.979289 | 359.016112 
 4152.1520 | 08740.9570 | 9 | 219.979201 | 359.016341 
 4152.1524 | 08740.9570 | 9 | 219.979198 | 359.016801 
 4152.1530 | 08740.9585 | 9 | 219.977903 | 359.017482 
 4152.1532 | 08740.9587 | 9 | 219.977729 | 359.017710 
 4152.1534 | 08740.9589 | 9 | 219.977556 | 359.017939 
 4152.1536 | 08740.9592 | 9 | 219.977296 | 359.018167 
 4152.1539 | 08740.9595 | 9 | 219.977035 | 359.018510 
 4152.1537 | 08740.9619 | 9 | 219.974974 | 359.018265 
 4152.1541 | 08740.9621 | 9 | 219.974798 | 359.018724 
 4152.1545 | 08740.9624 | 9 | 219.974537 | 359.019182 
 4152.1550 | 08740.9625 | 9 | 219.974446 | 359.019756 
 4152.1551 | 08740.9629 | 9 | 219.974102 | 359.019869 
 4152.1552 | 08740.9632 | 9 | 219.973843 | 359.019982 
 4152.1552 | 08740.9635 | 9 | 219.973585 | 359.019980 
 4152.1554 | 08740.9638 | 9 | 219.973325 | 359.020208 
 4152.1553 | 08740.9613 | 9 | 219.975476 | 359.020109 
 4152.1553 | 08740.9614 | 9 | 219.975390 | 359.020108 
 4152.1554 | 08740.9617 | 9 | 219.975131 | 359.020221 
 4152.1547 | 08740.9573 | 9 | 219.978920 | 359.019445 
 4152.1546 | 08740.9566 | 9 | 219.979523 | 359.019334 
 4152.1543 | 08740.9563 | 9 | 219.979783 | 359.018991 
 4152.1540 | 08740.9563 | 9 | 219.979786 | 359.018646 
 4152.1521 | 08740.9551 | 9 | 219.980834 | 359.016469 
 4152.1516 | 08740.9546 | 9 | 219.981268 | 359.015897 
 4152.1508 | 08740.9536 | 9 | 219.982135 | 359.014983 
 4152.1508 | 08740.9533 | 9 | 219.982393 | 359.014985 
 4152.1509 | 08740.9533 | 9 | 219.982392 | 359.015100 
 4152.1509 | 08740.9531 | 9 | 219.982564 | 359.015101 
 4152.1509 | 08740.9529 | 9 | 219.982736 | 359.015103 
 4152.1510 | 08740.9527 | 9 | 219.982907 | 359.015219 
 4152.1511 | 08740.9524 | 9 | 219.983164 | 359.015336 
 4152.1511 | 08740.9520 | 9 | 219.983508 | 359.015339 
 4152.1511 | 08740.9517 | 9 | 219.983766 | 359.015341 
 4152.1511 | 08740.9515 | 9 | 219.983938 | 359.015342 
 4152.1512 | 08740.9506 | 9 | 219.984711 | 359.015463 
 4152.1512 | 08740.9504 | 9 | 219.984883 | 359.015464 
 4152.1512 | 08740.9503 | 9 | 219.984969 | 359.015465 
 4152.1513 | 08740.9499 | 9 | 219.985312 | 359.015582 
 4152.1513 | 08740.9497 | 9 | 219.985484 | 359.015584 
 4152.1513 | 08740.9495 | 9 | 219.985656 | 359.015585 
 4152.1513 | 08740.9493 | 9 | 219.985828 | 359.015586 
 4152.1513 | 08740.9491 | 9 | 219.986000 | 359.015588 
 4152.1431 | 08740.9649 | 9 | 219.972487 | 359.006053 
 4152.1321 | 08740.9469 | 9 | 219.988058 | 358.993517 
 4152.1096 | 08740.9056 | 9 | 220.023763 | 358.967906 
 4152.1410 | 08740.9473 | 9 | 219.987637 | 359.003752 
 4152.1407 | 08740.9451 | 9 | 219.989531 | 359.003421 
 4152.1428 | 08740.9453 | 9 | 219.989341 | 359.005835 
 4152.1412 | 08740.9458 | 9 | 219.988925 | 359.003992 
 4152.1398 | 08740.9449 | 9 | 219.989711 | 359.002387 
 4152.1396 | 08740.9441 | 9 | 219.990400 | 359.002162 
 4152.1355 | 08740.9334 | 9 | 219.999636 | 358.997516 
 4152.1382 | 08740.9360 | 9 | 219.997377 | 359.000605 
 4152.1403 | 08740.9380 | 9 | 219.995639 | 359.003007 
 4152.1406 | 08740.9375 | 9 | 219.996066 | 359.003355 
 4152.1413 | 08740.9376 | 9 | 219.995974 | 359.004160 
 4152.1421 | 08740.9377 | 9 | 219.995881 | 359.005080 
 4152.1429 | 08740.9380 | 9 | 219.995616 | 359.005998 
 4152.1447 | 08740.9398 | 9 | 219.994053 | 359.008057 
 4152.1457 | 08740.9409 | 9 | 219.993098 | 359.009200 
 4152.1465 | 08740.9415 | 9 | 219.992576 | 359.010116 
 4152.1470 | 08740.9416 | 9 | 219.992485 | 359.010690 
 4152.1486 | 08740.9430 | 9 | 219.991268 | 359.012522 
 4152.1493 | 08740.9434 | 9 | 219.990918 | 359.013324 
 4152.1500 | 08740.9441 | 9 | 219.990310 | 359.014125 
 4152.1506 | 08740.9444 | 9 | 219.990046 | 359.014813 
 4152.1513 | 08740.9448 | 9 | 219.989696 | 359.015616 
 4152.1519 | 08740.9451 | 9 | 219.989433 | 359.016304 
 4152.1526 | 08740.9454 | 9 | 219.989169 | 359.017107 
 4152.1534 | 08740.9457 | 9 | 219.988904 | 359.018025 
 4152.1537 | 08740.9438 | 9 | 219.990535 | 359.018383 
 4152.1541 | 08740.9424 | 9 | 219.991735 | 359.018852 
 4152.1545 | 08740.9414 | 9 | 219.992592 | 359.019319 
 4152.1550 | 08740.9406 | 9 | 219.993275 | 359.019899 
 4152.1538 | 08740.9320 | 9 | 220.000680 | 359.018575 
 4152.1538 | 08740.9296 | 9 | 220.002743 | 359.018590 
 4152.1529 | 08740.9309 | 9 | 220.001633 | 359.017547 
 4152.1533 | 08740.9306 | 9 | 220.001888 | 359.018009 
 4152.1536 | 08740.9326 | 9 | 220.000165 | 359.018341 
 4152.1542 | 08740.9328 | 9 | 219.999988 | 359.019030 
 4152.1549 | 08740.9329 | 9 | 219.999896 | 359.019834 
 4152.1561 | 08740.9332 | 9 | 219.999628 | 359.021212 
 4152.1588 | 08740.9340 | 9 | 219.998916 | 359.024313 
 4152.1601 | 08740.9343 | 9 | 219.998647 | 359.025806 
 4152.1607 | 08740.9344 | 9 | 219.998556 | 359.026496 
 4152.1612 | 08740.9347 | 9 | 219.998294 | 359.027069 
 4152.1615 | 08740.9351 | 9 | 219.997947 | 359.027411 
 4152.1575 | 08740.9391 | 9 | 219.994543 | 359.022784 
 4152.1524 | 08740.9355 | 9 | 219.997683 | 359.016941 
 4152.1514 | 08740.9341 | 9 | 219.998895 | 359.015800 
 4152.1513 | 08740.9340 | 9 | 219.998982 | 359.015686 
 4152.1510 | 08740.9341 | 9 | 219.998899 | 359.015340 
 4152.1507 | 08740.9341 | 9 | 219.998901 | 359.014995 
 4152.1498 | 08740.9341 | 9 | 219.998909 | 359.013960 
 4152.1494 | 08740.9342 | 9 | 219.998827 | 359.013499 
 4152.1490 | 08740.9342 | 9 | 219.998830 | 359.013039 
 4152.1487 | 08740.9342 | 9 | 219.998833 | 359.012694 
 4152.1484 | 08740.9343 | 9 | 219.998749 | 359.012348 
 4152.1480 | 08740.9354 | 9 | 219.997807 | 359.011881 
 4152.1477 | 08740.9355 | 9 | 219.997724 | 359.011535 
 4152.1473 | 08740.9356 | 9 | 219.997641 | 359.011075 
 4152.1470 | 08740.9356 | 9 | 219.997644 | 359.010729 
 4152.1466 | 08740.9357 | 9 | 219.997561 | 359.010269 
 4152.1462 | 08740.9357 | 9 | 219.997565 | 359.009809 
 4152.1458 | 08740.9358 | 9 | 219.997482 | 359.009348 
 4152.1454 | 08740.9359 | 9 | 219.997400 | 359.008887 
 4152.1447 | 08740.9365 | 9 | 219.996890 | 359.008078 
 4152.1443 | 08740.9366 | 9 | 219.996808 | 359.007617 
 4152.1438 | 08740.9367 | 9 | 219.996726 | 359.007041 
 4152.1433 | 08740.9368 | 9 | 219.996644 | 359.006466 
 4152.1429 | 08740.9369 | 9 | 219.996562 | 359.006005 
 4152.1425 | 08740.9371 | 9 | 219.996393 | 359.005544 
 4152.1418 | 08740.9360 | 9 | 219.997345 | 359.004746 
 4152.1356 | 08740.9335 | 9 | 219.999549 | 358.997630 
 4152.1356 | 08740.9340 | 9 | 219.999119 | 358.997627 
 4152.1345 | 08740.9333 | 9 | 219.999730 | 358.996366 
 4152.1344 | 08740.9340 | 9 | 219.999129 | 358.996247 
 4152.1343 | 08740.9347 | 9 | 219.998528 | 358.996127 
 4152.1341 | 08740.9351 | 9 | 219.998186 | 358.995894 
 4152.1331 | 08740.9354 | 9 | 219.997937 | 358.994742 
 4152.1333 | 08740.9360 | 9 | 219.997419 | 358.994968 
 4152.1332 | 08740.9361 | 9 | 219.997334 | 358.994853 
 4152.1329 | 08740.9366 | 9 | 219.996907 | 358.994504 
 4152.1329 | 08740.9381 | 9 | 219.995617 | 358.994495 
 4152.1329 | 08740.9380 | 9 | 219.995703 | 358.994495 
 4152.1331 | 08740.9387 | 9 | 219.995100 | 358.994721 
 4152.1333 | 08740.9393 | 9 | 219.994582 | 358.994947 
 4152.1334 | 08740.9400 | 9 | 219.993979 | 358.995057 
 4152.1334 | 08740.9408 | 9 | 219.993292 | 358.995052 
 4152.1336 | 08740.9416 | 9 | 219.992602 | 358.995277 
 4152.1336 | 08740.9424 | 9 | 219.991914 | 358.995272 
 4152.1336 | 08740.9432 | 9 | 219.991226 | 358.995267 
 4152.1337 | 08740.9440 | 9 | 219.990538 | 358.995376 
 4152.1337 | 08740.9447 | 9 | 219.989936 | 358.995372 
 4152.1331 | 08740.9461 | 9 | 219.988738 | 358.994673 
 4152.1333 | 08740.9476 | 9 | 219.987446 | 358.994893 
 4152.1332 | 08740.9489 | 9 | 219.986329 | 358.994769 
 4152.1332 | 08740.9496 | 9 | 219.985727 | 358.994765 
 4152.1330 | 08740.9501 | 9 | 219.985299 | 358.994531 
 4152.1331 | 08740.9502 | 9 | 219.985212 | 358.994646 
 4152.1332 | 08740.9509 | 9 | 219.984610 | 358.994756 
 4152.1331 | 08740.9514 | 9 | 219.984181 | 358.994638 
 4152.1330 | 08740.9520 | 9 | 219.983666 | 358.994519 
 4152.1327 | 08740.9524 | 9 | 219.983325 | 358.994171 
 4152.1325 | 08740.9528 | 9 | 219.982982 | 358.993939 
 4152.1324 | 08740.9533 | 9 | 219.982553 | 358.993820 
 4152.1322 | 08740.9538 | 9 | 219.982125 | 358.993587 
 4152.1321 | 08740.9543 | 9 | 219.981696 | 358.993469 
 4152.1315 | 08740.9553 | 9 | 219.980842 | 358.992772 
 4152.1317 | 08740.9560 | 9 | 219.980238 | 358.992998 
 4152.1316 | 08740.9566 | 9 | 219.979723 | 358.992879 
 4152.1315 | 08740.9573 | 9 | 219.979122 | 358.992759 
 4152.1314 | 08740.9580 | 9 | 219.978521 | 358.992640 
 4152.1313 | 08740.9586 | 9 | 219.978006 | 358.992521 
 4152.1312 | 08740.9593 | 9 | 219.977405 | 358.992401 
 4152.1323 | 08740.9610 | 9 | 219.975934 | 358.993655 
 4152.1342 | 08740.9633 | 9 | 219.973940 | 358.995826 
 4152.1348 | 08740.9647 | 9 | 219.972731 | 358.996507 
 4152.1348 | 08740.9655 | 9 | 219.972043 | 358.996502 
 4152.1350 | 08740.9662 | 9 | 219.971440 | 358.996727 
 4152.1352 | 08740.9669 | 9 | 219.970836 | 358.996952 
 4152.1352 | 08740.9676 | 9 | 219.970234 | 358.996948 
 4152.1350 | 08740.9678 | 9 | 219.970064 | 358.996717 
 4152.1349 | 08740.9681 | 9 | 219.969807 | 358.996600 
 4152.1348 | 08740.9686 | 9 | 219.969378 | 358.996481 
 4152.1346 | 08740.9694 | 9 | 219.968692 | 358.996246 
 4152.1347 | 08740.9700 | 9 | 219.968175 | 358.996357 
 4152.1348 | 08740.9706 | 9 | 219.967658 | 358.996468 
 4152.1348 | 08740.9710 | 9 | 219.967315 | 358.996466 
 4152.1349 | 08740.9714 | 9 | 219.966970 | 358.996578 
 4152.1348 | 08740.9719 | 9 | 219.966541 | 358.996460 
 4152.1358 | 08740.9735 | 9 | 219.965156 | 358.997600 
 4152.1366 | 08740.9746 | 9 | 219.964204 | 358.998513 
 4152.1371 | 08740.9756 | 9 | 219.963340 | 358.999081 
 4152.1376 | 08740.9766 | 9 | 219.962476 | 358.999650 
 4152.1380 | 08740.9775 | 9 | 219.961698 | 359.000104 
 4152.1383 | 08740.9784 | 9 | 219.960922 | 359.000443 
 4152.1384 | 08740.9789 | 9 | 219.960491 | 359.000555 
 4152.1384 | 08740.9795 | 9 | 219.959975 | 359.000551 
 4152.1384 | 08740.9800 | 9 | 219.959545 | 359.000548 
 4152.1383 | 08740.9806 | 9 | 219.959030 | 359.000429 
 4152.1387 | 08740.9817 | 9 | 219.958081 | 359.000882 
 4152.1386 | 08740.9823 | 9 | 219.957566 | 359.000763 
 4152.1391 | 08740.9834 | 9 | 219.956616 | 359.001331 
 4152.1393 | 08740.9840 | 9 | 219.956098 | 359.001557 
 4152.1394 | 08740.9846 | 9 | 219.955582 | 359.001668 
 4152.1394 | 08740.9849 | 9 | 219.955324 | 359.001666 
 4152.1397 | 08740.9849 | 9 | 219.955321 | 359.002011 
 4152.1386 | 08740.9832 | 9 | 219.956792 | 359.000757 
 4152.1389 | 08740.9835 | 9 | 219.956532 | 359.001100 
 4152.1397 | 08740.9828 | 9 | 219.957127 | 359.002025 
 4152.1412 | 08740.9814 | 9 | 219.958317 | 359.003760 
 4152.1417 | 08740.9809 | 9 | 219.958743 | 359.004338 
 4152.1426 | 08740.9798 | 9 | 219.959681 | 359.005380 
 4152.1433 | 08740.9788 | 9 | 219.960534 | 359.006192 
 4152.1439 | 08740.9780 | 9 | 219.961217 | 359.006887 
 4152.1445 | 08740.9774 | 9 | 219.961728 | 359.007581 
 4152.1449 | 08740.9768 | 9 | 219.962240 | 359.008045 
 4152.1455 | 08740.9762 | 9 | 219.962751 | 359.008739 
 4152.1461 | 08740.9755 | 9 | 219.963347 | 359.009434 
 4152.1472 | 08740.9740 | 9 | 219.964627 | 359.010709 
 4152.1482 | 08740.9728 | 9 | 219.965650 | 359.011867 
 4152.1492 | 08740.9716 | 9 | 219.966673 | 359.013025 
 4152.1498 | 08740.9708 | 9 | 219.967356 | 359.013721 
 4152.1510 | 08740.9691 | 9 | 219.968807 | 359.015112 
 4152.1514 | 08740.9686 | 9 | 219.969233 | 359.015575 
 4152.1521 | 08740.9678 | 9 | 219.969915 | 359.016386 
 4152.1524 | 08740.9674 | 9 | 219.970256 | 359.016734 
 4152.1524 | 08740.9675 | 9 | 219.970170 | 359.016733 
 4152.1434 | 08740.9820 | 9 | 219.957782 | 359.006286 
 4152.1423 | 08740.9843 | 9 | 219.955814 | 359.005006 
 4152.1424 | 08740.9844 | 9 | 219.955728 | 359.005120 
 4152.1415 | 08740.9823 | 9 | 219.957541 | 359.004099 
 4152.1416 | 08740.9822 | 9 | 219.957626 | 359.004214 
 4152.1414 | 08740.9819 | 9 | 219.957886 | 359.003986 
 4152.1413 | 08740.9816 | 9 | 219.958144 | 359.003873 
 4152.1410 | 08740.9813 | 9 | 219.958405 | 359.003530 
 4152.1406 | 08740.9814 | 9 | 219.958323 | 359.003069 
 4152.1413 | 08740.9817 | 9 | 219.958058 | 359.003873 
 4152.1416 | 08740.9820 | 9 | 219.957798 | 359.004216 
 4152.1418 | 08740.9823 | 9 | 219.957538 | 359.004444 
 4152.1418 | 08740.9826 | 9 | 219.957280 | 359.004442 
 4152.1420 | 08740.9827 | 9 | 219.957193 | 359.004671 
 4152.1420 | 08740.9828 | 9 | 219.957107 | 359.004671 
 4152.1421 | 08740.9827 | 9 | 219.957192 | 359.004786 
 4152.1422 | 08740.9829 | 9 | 219.957019 | 359.004900 
 4152.1424 | 08740.9831 | 9 | 219.956845 | 359.005129 
 4152.1427 | 08740.9832 | 9 | 219.956757 | 359.005473 
 4152.1428 | 08740.9832 | 9 | 219.956756 | 359.005588 
 4152.1426 | 08740.9822 | 9 | 219.957617 | 359.005365 
 4152.1427 | 08740.9822 | 9 | 219.957616 | 359.005480 
 4152.1429 | 08740.9822 | 9 | 219.957615 | 359.005710 
 4152.1431 | 08740.9821 | 9 | 219.957699 | 359.005940 
 4152.1433 | 08740.9819 | 9 | 219.957869 | 359.006172 
 4152.1421 | 08740.9833 | 9 | 219.956676 | 359.004782 
 4152.1423 | 08740.9830 | 9 | 219.956932 | 359.005014 
 4152.1424 | 08740.9829 | 9 | 219.957017 | 359.005130 
 4152.1427 | 08740.9823 | 9 | 219.957530 | 359.005479 
 4152.1430 | 08740.9818 | 9 | 219.957958 | 359.005827 
 4152.1432 | 08740.9818 | 9 | 219.957956 | 359.006057 
 4152.1432 | 08740.9817 | 9 | 219.958042 | 359.006058 
 4152.1433 | 08740.9815 | 9 | 219.958213 | 359.006174 
 4152.1433 | 08740.9816 | 9 | 219.958127 | 359.006174 
 4152.1432 | 08740.9824 | 9 | 219.957440 | 359.006054 
 4152.1433 | 08740.9830 | 9 | 219.956923 | 359.006165 
 4152.1434 | 08740.9835 | 9 | 219.956493 | 359.006276 
 4152.1435 | 08740.9834 | 9 | 219.956578 | 359.006392 
 4152.1435 | 08740.9833 | 9 | 219.956664 | 359.006393 
 4152.1438 | 08740.9838 | 9 | 219.956231 | 359.006735 
 4152.1440 | 08740.9845 | 9 | 219.955628 | 359.006960 
 4152.1443 | 08740.9849 | 9 | 219.955281 | 359.007303 
 4152.1446 | 08740.9849 | 9 | 219.955278 | 359.007648 
 4152.1449 | 08740.9852 | 9 | 219.955018 | 359.007991 
 4152.1452 | 08740.9861 | 9 | 219.954242 | 359.008330 
 4152.1419 | 08740.9809 | 9 | 219.958741 | 359.004568 
 4152.1418 | 08740.9810 | 9 | 219.958656 | 359.004452 
 4152.1417 | 08740.9811 | 9 | 219.958571 | 359.004337 
 4152.1416 | 08740.9811 | 9 | 219.958572 | 359.004222 
 4152.1412 | 08740.9820 | 9 | 219.957801 | 359.003756 
 4152.1408 | 08740.9828 | 9 | 219.957117 | 359.003290 
 4152.1405 | 08740.9834 | 9 | 219.956604 | 359.002941 
 4152.1403 | 08740.9838 | 9 | 219.956262 | 359.002709 
 4152.1401 | 08740.9843 | 9 | 219.955834 | 359.002475 
 4152.1392 | 08740.9835 | 9 | 219.956529 | 359.001445 
 4152.1387 | 08740.9836 | 9 | 219.956448 | 359.000870 
 4152.1384 | 08740.9837 | 9 | 219.956364 | 359.000524 
 4152.1380 | 08740.9839 | 9 | 219.956196 | 359.000062 
 4152.1378 | 08740.9842 | 9 | 219.955940 | 358.999830 
 4152.1377 | 08740.9846 | 9 | 219.955597 | 358.999713 
 4152.1375 | 08740.9850 | 9 | 219.955254 | 358.999480 
 4152.1373 | 08740.9851 | 9 | 219.955170 | 358.999249 
 4152.1373 | 08740.9853 | 9 | 219.954998 | 358.999248 
 4152.1373 | 08740.9854 | 9 | 219.954912 | 358.999248 
 4152.1376 | 08740.9859 | 9 | 219.954480 | 358.999589 
 4152.1374 | 08740.9864 | 9 | 219.954052 | 358.999356 
 4152.1371 | 08740.9861 | 9 | 219.954312 | 358.999013 
 4152.1367 | 08740.9863 | 9 | 219.954144 | 358.998551 
 4152.1366 | 08740.9865 | 9 | 219.953973 | 358.998435 
 4152.1364 | 08740.9864 | 9 | 219.954060 | 358.998206 
 4152.1363 | 08740.9865 | 9 | 219.953975 | 358.998090 
 4152.1362 | 08740.9868 | 9 | 219.953718 | 358.997973 
 4152.1362 | 08740.9872 | 9 | 219.953374 | 358.997971 
 4152.1359 | 08740.9870 | 9 | 219.953549 | 358.997627 
 4152.1358 | 08740.9873 | 9 | 219.953292 | 358.997510 
 4152.1356 | 08740.9874 | 9 | 219.953208 | 358.997279 
 4152.1352 | 08740.9879 | 9 | 219.952781 | 358.996816 
 4152.1349 | 08740.9882 | 9 | 219.952526 | 358.996469 
 4152.1346 | 08740.9886 | 9 | 219.952185 | 358.996121 
 4152.1345 | 08740.9887 | 9 | 219.952099 | 358.996005 
 4152.1345 | 08740.9885 | 9 | 219.952271 | 358.996007 
 4152.1345 | 08740.9884 | 9 | 219.952357 | 358.996007 
 4152.1341 | 08740.9883 | 9 | 219.952447 | 358.995548 
 4152.1338 | 08740.9882 | 9 | 219.952535 | 358.995203 
 4152.1336 | 08740.9883 | 9 | 219.952451 | 358.994973 
 4152.1334 | 08740.9882 | 9 | 219.952539 | 358.994743 
 4152.1332 | 08740.9882 | 9 | 219.952541 | 358.994513 
 4152.1330 | 08740.9879 | 9 | 219.952800 | 358.994285 
 4152.1327 | 08740.9875 | 9 | 219.953147 | 358.993943 
 4152.1323 | 08740.9872 | 9 | 219.953408 | 358.993485 
 4152.1320 | 08740.9868 | 9 | 219.953755 | 358.993142 
 4152.1316 | 08740.9864 | 9 | 219.954102 | 358.992685 
 4152.1312 | 08740.9861 | 9 | 219.954364 | 358.992226 
 4152.1308 | 08740.9856 | 9 | 219.954797 | 358.991770 
 4152.1305 | 08740.9854 | 9 | 219.954971 | 358.991426 
 4152.1306 | 08740.9855 | 9 | 219.954885 | 358.991540 
 4152.1308 | 08740.9854 | 9 | 219.954969 | 358.991771 
 4152.1309 | 08740.9854 | 9 | 219.954968 | 358.991886 
 4152.1312 | 08740.9857 | 9 | 219.954707 | 358.992229 
 4152.1312 | 08740.9860 | 9 | 219.954450 | 358.992227 
 4152.1313 | 08740.9864 | 9 | 219.954105 | 358.992339 
 4152.1314 | 08740.9868 | 9 | 219.953760 | 358.992452 
 4152.1315 | 08740.9872 | 9 | 219.953415 | 358.992564 
 4152.1317 | 08740.9875 | 9 | 219.953156 | 358.992792 
 4152.1319 | 08740.9878 | 9 | 219.952896 | 358.993021 
 4152.1320 | 08740.9879 | 9 | 219.952809 | 358.993135 
 4152.1336 | 08740.9892 | 9 | 219.951677 | 358.994967 
 4152.1339 | 08740.9895 | 9 | 219.951417 | 358.995310 
 4152.1338 | 08740.9895 | 9 | 219.951418 | 358.995195 
 4152.1337 | 08740.9896 | 9 | 219.951333 | 358.995079 
 4152.1337 | 08740.9897 | 9 | 219.951247 | 358.995079 
 4152.1338 | 08740.9899 | 9 | 219.951074 | 358.995192 
 4152.1339 | 08740.9900 | 9 | 219.950987 | 358.995307 
 4152.1334 | 08740.9894 | 9 | 219.951507 | 358.994735 
 4152.1335 | 08740.9897 | 9 | 219.951248 | 358.994849 
 4152.1334 | 08740.9898 | 9 | 219.951163 | 358.994733 
 4152.1335 | 08740.9899 | 9 | 219.951076 | 358.994847 
 4152.1335 | 08740.9902 | 9 | 219.950818 | 358.994845 
 4152.1336 | 08740.9905 | 9 | 219.950560 | 358.994958 
 4152.1336 | 08740.9907 | 9 | 219.950388 | 358.994957 
 4152.1336 | 08740.9908 | 9 | 219.950302 | 358.994956 
 4152.1333 | 08740.9906 | 9 | 219.950476 | 358.994613 
 4152.1334 | 08740.9907 | 9 | 219.950389 | 358.994727 
 4152.1335 | 08740.9909 | 9 | 219.950217 | 358.994841 
 4152.1335 | 08740.9909 | 9 | 219.950217 | 358.994841 
 4152.1365 | 08740.9950 | 9 | 219.946665 | 358.998265 
 4152.1392 | 08740.9984 | 9 | 219.943719 | 359.001348 
 4152.1419 | 08741.0021 | 9 | 219.940514 | 359.004430 
 4152.1426 | 08741.0032 | 9 | 219.939562 | 359.005228 
 4152.1427 | 08741.0035 | 9 | 219.939303 | 359.005341 
 4152.1430 | 08741.0041 | 9 | 219.938785 | 359.005682 
 4152.1440 | 08741.0057 | 9 | 219.937401 | 359.006822 
 4152.1445 | 08741.0066 | 9 | 219.936623 | 359.007391 
 4152.1449 | 08741.0068 | 9 | 219.936447 | 359.007850 
 4152.1449 | 08741.0069 | 9 | 219.936361 | 359.007849 
 4152.1450 | 08741.0070 | 9 | 219.936274 | 359.007964 
 4152.1456 | 08741.0075 | 9 | 219.935839 | 359.008651 
 4152.1456 | 08741.0075 | 9 | 219.935839 | 359.008651 
 4152.1456 | 08741.0075 | 9 | 219.935839 | 359.008651 
 4152.1456 | 08741.0075 | 9 | 219.935839 | 359.008651 
 4152.1456 | 08741.0075 | 9 | 219.935839 | 359.008651 
 4152.1456 | 08741.0075 | 9 | 219.935839 | 359.008651 
 4152.1456 | 08741.0075 | 9 | 219.935839 | 359.008651 
 4152.1456 | 08741.0075 | 9 | 219.935839 | 359.008651 
 4152.1456 | 08741.0075 | 9 | 219.935839 | 359.008651 
 4152.1456 | 08741.0075 | 10:00:00 | 219.935839 | 359.008651 
 4152.1456 | 08741.0075 | 10:00:02 | 219.935839 | 359.008651 
 4152.1456 | 08741.0075 | 10:00:03 | 219.935839 | 359.008651 
 4152.1456 | 08741.0075 | 10:00:04 | 219.935839 | 359.008651 
 4152.1456 | 08741.0075 | 10:00:05 | 219.935839 | 359.008651 
 4152.1456 | 08741.0075 | 10:00:06 | 219.935839 | 359.008651 
 4152.1456 | 08741.0075 | 10:00:07 | 219.935839 | 359.008651 
 4152.1456 | 08741.0075 | 10:00:08 | 219.935839 | 359.008651 
 4152.1456 | 08741.0075 | 10:00:09 | 219.935839 | 359.008651 
 4152.1456 | 08741.0075 | 10:00:10 | 219.935839 | 359.008651 
 4152.1456 | 08741.0075 | 10:00:11 | 219.935839 | 359.008651 
 4152.1456 | 08741.0075 | 10:00:13 | 219.935839 | 359.008651 
 4152.1456 | 08741.0075 | 10:00:14 | 219.935839 | 359.008651 
 4152.1456 | 08741.0075 | 10:00:18 | 219.935839 | 359.008651 
 4152.1456 | 08741.0075 | 10:00:19 | 219.935839 | 359.008651 
 4152.1456 | 08741.0075 | 10:00:21 | 219.935839 | 359.008651 
 4152.1456 | 08741.0075 | 10:00:22 | 219.935839 | 359.008651 
 4152.1456 | 08741.0075 | 10:00:23 | 219.935839 | 359.008651 
 4152.1456 | 08741.0075 | 10:00:24 | 219.935839 | 359.008651 
 4152.1456 | 08741.0075 | 10:00:25 | 219.935839 | 359.008651 
 4152.1456 | 08741.0075 | 10:00:26 | 219.935839 | 359.008651 
 4152.1456 | 08741.0075 | 10:00:27 | 219.935839 | 359.008651 
 4152.1456 | 08741.0075 | 10:00:28 | 219.935839 | 359.008651 
 4152.1456 | 08741.0075 | 10:00:29 | 219.935839 | 359.008651 
 4152.1456 | 08741.0075 | 10:00:30 | 219.935839 | 359.008651 
 4152.1456 | 08741.0075 | 10:00:31 | 219.935839 | 359.008651 
 4152.1456 | 08741.0075 | 10:00:32 | 219.935839 | 359.008651 
 4152.1456 | 08741.0075 | 10:00:34 | 219.935839 | 359.008651 
 4152.1456 | 08741.0075 | 10:00:35 | 219.935839 | 359.008651 
 4152.1456 | 08741.0075 | 10:00:36 | 219.935839 | 359.008651 
 4152.1456 | 08741.0075 | 10:00:37 | 219.935839 | 359.008651 
 4152.1498 | 08741.0085 | 10:00:38 | 219.934943 | 359.013475 
 4152.1496 | 08741.0090 | 10:00:39 | 219.934515 | 359.013242 
 4152.1488 | 08741.0104 | 10:00:40 | 219.933318 | 359.012313 
 4152.1481 | 08741.0116 | 10:00:41 | 219.932292 | 359.011500 
 4152.1481 | 08741.0116 | 10:00:42 | 219.932292 | 359.011500 
 4152.1481 | 08741.0116 | 10:00:43 | 219.932292 | 359.011500 
 4152.1481 | 08741.0116 | 10:00:44 | 219.932292 | 359.011500 
 4152.1481 | 08741.0116 | 10:00:45 | 219.932292 | 359.011500 
 4152.1481 | 08741.0116 | 10:00:46 | 219.932292 | 359.011500 
 4152.1481 | 08741.0116 | 10:00:47 | 219.932292 | 359.011500 
 4152.1481 | 08741.0116 | 10:00:48 | 219.932292 | 359.011500 
 4152.1481 | 08741.0116 | 10:00:52 | 219.932292 | 359.011500 
 4152.1481 | 08741.0116 | 10:00:53 | 219.932292 | 359.011500 
 4152.1481 | 08741.0116 | 10:00:54 | 219.932292 | 359.011500 
 4152.1481 | 08741.0116 | 10:00:55 | 219.932292 | 359.011500 
 4152.1481 | 08741.0116 | 10:00:56 | 219.932292 | 359.011500 
 4152.1481 | 08741.0116 | 10:00:57 | 219.932292 | 359.011500 
 4152.1481 | 08741.0116 | 10:00:58 | 219.932292 | 359.011500 
 4152.1481 | 08741.0116 | 10:00:59 | 219.932292 | 359.011500 
 4152.1481 | 08741.0116 | 10:01:00 | 219.932292 | 359.011500 
 4152.1481 | 08741.0116 | 10:01:01 | 219.932292 | 359.011500 
 4152.1481 | 08741.0116 | 10:01:02 | 219.932292 | 359.011500 
 4152.1481 | 08741.0116 | 10:01:03 | 219.932292 | 359.011500 
 4152.1481 | 08741.0116 | 10:01:04 | 219.932292 | 359.011500 
 4152.1481 | 08741.0116 | 10:01:05 | 219.932292 | 359.011500 
 4152.1481 | 08741.0116 | 10:01:06 | 219.932292 | 359.011500 
 4152.1481 | 08741.0116 | 10:01:07 | 219.932292 | 359.011500 
 4152.1481 | 08741.0116 | 10:01:08 | 219.932292 | 359.011500 
 4152.1481 | 08741.0116 | 10:01:09 | 219.932292 | 359.011500 
 4152.1481 | 08741.0116 | 10:01:10 | 219.932292 | 359.011500 
 4152.1481 | 08741.0116 | 10:01:11 | 219.932292 | 359.011500 
 4152.1481 | 08741.0116 | 10:01:12 | 219.932292 | 359.011500 
 4152.1481 | 08741.0116 | 10:01:13 | 219.932292 | 359.011500 
 4152.1481 | 08741.0116 | 10:01:14 | 219.932292 | 359.011500 
 4152.1481 | 08741.0116 | 10:01:15 | 219.932292 | 359.011500 
 4152.1481 | 08741.0116 | 10:01:16 | 219.932292 | 359.011500 
 4152.1481 | 08741.0116 | 10:01:17 | 219.932292 | 359.011500 
 4152.1481 | 08741.0116 | 10:01:18 | 219.932292 | 359.011500 
 4152.1481 | 08741.0116 | 10:01:19 | 219.932292 | 359.011500 
 4152.1481 | 08741.0116 | 10:01:20 | 219.932292 | 359.011500 
 4152.1481 | 08741.0116 | 10:01:21 | 219.932292 | 359.011500 
 4152.1481 | 08741.0116 | 10:01:22 | 219.932292 | 359.011500 
 4152.1481 | 08741.0116 | 10:01:23 | 219.932292 | 359.011500 
 4152.1481 | 08741.0116 | 10:01:24 | 219.932292 | 359.011500 
 4152.1481 | 08741.0116 | 10:01:25 | 219.932292 | 359.011500 
 4152.1481 | 08741.0116 | 10:01:26 | 219.932292 | 359.011500 
 4152.1481 | 08741.0116 | 10:01:27 | 219.932292 | 359.011500 
 4152.1481 | 08741.0116 | 10:01:28 | 219.932292 | 359.011500 
 4152.1481 | 08741.0116 | 10:01:29 | 219.932292 | 359.011500 
 4152.1481 | 08741.0116 | 10:01:30 | 219.932292 | 359.011500 
 4152.1481 | 08741.0116 | 10:01:31 | 219.932292 | 359.011500 
 4152.1481 | 08741.0116 | 10:01:32 | 219.932292 | 359.011500 
 4152.1481 | 08741.0116 | 10:01:33 | 219.932292 | 359.011500 
 4152.1481 | 08741.0116 | 10:01:34 | 219.932292 | 359.011500 
 4152.1481 | 08741.0116 | 10:01:35 | 219.932292 | 359.011500 
 4152.1481 | 08741.0116 | 10:01:36 | 219.932292 | 359.011500 
 4152.1481 | 08741.0116 | 10:01:37 | 219.932292 | 359.011500 
 4152.1481 | 08741.0116 | 10:01:38 | 219.932292 | 359.011500 
 4152.1481 | 08741.0116 | 10:01:39 | 219.932292 | 359.011500 
 4152.1481 | 08741.0116 | 10:01:40 | 219.932292 | 359.011500 
 4152.1481 | 08741.0116 | 10:01:41 | 219.932292 | 359.011500 
 4152.1481 | 08741.0116 | 10:01:42 | 219.932292 | 359.011500 
 4152.1481 | 08741.0116 | 10:01:43 | 219.932292 | 359.011500 
 4152.1481 | 08741.0116 | 10:01:44 | 219.932292 | 359.011500 
 4152.1481 | 08741.0116 | 10:01:45 | 219.932292 | 359.011500 
 4152.1481 | 08741.0116 | 10:01:46 | 219.932292 | 359.011500 
 4152.1481 | 08741.0116 | 10:01:47 | 219.932292 | 359.011500 
 4152.1481 | 08741.0116 | 10:01:48 | 219.932292 | 359.011500 
 4152.1481 | 08741.0116 | 10:01:49 | 219.932292 | 359.011500 
 4152.1481 | 08741.0116 | 10:01:50 | 219.932292 | 359.011500 
 4152.1481 | 08741.0116 | 10:01:51 | 219.932292 | 359.011500 
 4152.1481 | 08741.0116 | 10:01:52 | 219.932292 | 359.011500 
 4152.1481 | 08741.0116 | 10:01:53 | 219.932292 | 359.011500 
 4152.1481 | 08741.0116 | 10:01:54 | 219.932292 | 359.011500 
 4152.1481 | 08741.0116 | 10:01:55 | 219.932292 | 359.011500 
 4152.1481 | 08741.0116 | 10:01:56 | 219.932292 | 359.011500 
 4152.1481 | 08741.0116 | 10:01:57 | 219.932292 | 359.011500 
 4152.1481 | 08741.0116 | 10:01:58 | 219.932292 | 359.011500 
 4152.1481 | 08741.0116 | 10:01:59 | 219.932292 | 359.011500 
 4152.1481 | 08741.0116 | 10:02:00 | 219.932292 | 359.011500 
 4152.1481 | 08741.0116 | 10:02:01 | 219.932292 | 359.011500 
 4152.1489 | 08741.0104 | 10:02:02 | 219.933317 | 359.012428 
 4152.1485 | 08741.0102 | 10:02:03 | 219.933493 | 359.011969 
 4152.1482 | 08741.0101 | 10:02:04 | 219.933581 | 359.011624 
 4152.1479 | 08741.0098 | 10:02:05 | 219.933842 | 359.011281 
 4152.1476 | 08741.0097 | 10:02:06 | 219.933930 | 359.010937 
 4152.1469 | 08741.0094 | 10:02:07 | 219.934194 | 359.010134 
 4152.1471 | 08741.0095 | 10:02:08 | 219.934107 | 359.010363 
 4152.1473 | 08741.0102 | 10:02:09 | 219.933503 | 359.010589 
 4152.1471 | 08741.0103 | 10:02:10 | 219.933419 | 359.010358 
 4152.1471 | 08741.0103 | 10:02:11 | 219.933419 | 359.010358 
 4152.1471 | 08741.0103 | 10:02:12 | 219.933419 | 359.010358 
 4152.1471 | 08741.0103 | 10:02:13 | 219.933419 | 359.010358 
 4152.1471 | 08741.0103 | 10:02:14 | 219.933419 | 359.010358 
 4152.1471 | 08741.0103 | 10:02:15 | 219.933419 | 359.010358 
 4152.1471 | 08741.0103 | 10:02:16 | 219.933419 | 359.010358 
 4152.1471 | 08741.0103 | 10:02:17 | 219.933419 | 359.010358 
 4152.1479 | 08741.0025 | 10:02:18 | 219.940118 | 359.011329 
 4152.1501 | 08741.0012 | 10:02:19 | 219.941216 | 359.013868 
 4152.1499 | 08741.0013 | 10:02:20 | 219.941132 | 359.013637 
 4152.1471 | 08741.0032 | 10:02:23 | 219.939523 | 359.010404 
 4152.1465 | 08741.0034 | 10:02:24 | 219.939356 | 359.009713 
 4152.1465 | 08741.0034 | 10:02:25 | 219.939356 | 359.009713 
 4152.1465 | 08741.0034 | 10:02:26 | 219.939356 | 359.009713 
 4152.1465 | 08741.0034 | 10:02:27 | 219.939356 | 359.009713 
 4152.1465 | 08741.0034 | 10:02:28 | 219.939356 | 359.009713 
 4152.1465 | 08741.0034 | 10:02:29 | 219.939356 | 359.009713 
 4152.1465 | 08741.0034 | 10:02:30 | 219.939356 | 359.009713 
 4152.1465 | 08741.0034 | 10:02:31 | 219.939356 | 359.009713 
 4152.1465 | 08741.0034 | 10:02:32 | 219.939356 | 359.009713 
 4152.1465 | 08741.0034 | 10:02:33 | 219.939356 | 359.009713 
 4152.1465 | 08741.0034 | 10:02:34 | 219.939356 | 359.009713 
 4152.1465 | 08741.0034 | 10:02:35 | 219.939356 | 359.009713 
 4152.1465 | 08741.0034 | 10:02:36 | 219.939356 | 359.009713 
 4152.1506 | 08741.0049 | 10:02:37 | 219.938031 | 359.014419 
 4152.1433 | 08741.0196 | 10:02:38 | 219.925456 | 359.005926 
 4152.1434 | 08741.0221 | 10:02:39 | 219.923306 | 359.006025 
 4152.1437 | 08741.0233 | 10:02:40 | 219.922272 | 359.006362 
 4152.1436 | 08741.0254 | 10:02:41 | 219.920467 | 359.006234 
 4152.1435 | 08741.0274 | 10:02:42 | 219.918748 | 359.006106 
 4152.1431 | 08741.0302 | 10:02:43 | 219.916344 | 359.005627 
 4152.1430 | 08741.0323 | 10:02:44 | 219.914540 | 359.005499 
 4152.1427 | 08741.0347 | 10:02:45 | 219.912479 | 359.005138 
 4152.1425 | 08741.0369 | 10:02:46 | 219.910589 | 359.004894 
 4152.1370 | 08741.0448 | 10:02:47 | 219.903845 | 358.998516 
 4152.1355 | 08741.0484 | 10:02:48 | 219.900763 | 358.996767 
 4152.1338 | 08741.0519 | 10:02:49 | 219.897768 | 358.994789 
 4152.1326 | 08741.0554 | 10:02:50 | 219.894770 | 358.993386 
 4152.1314 | 08741.0583 | 10:02:51 | 219.892287 | 358.991987 
 4152.1305 | 08741.0616 | 10:02:52 | 219.889457 | 358.990930 
 4152.1296 | 08741.0650 | 10:02:53 | 219.886542 | 358.989873 
 4152.1309 | 08741.0715 | 10:02:54 | 219.880942 | 358.991326 
 4152.1337 | 08741.0821 | 10:02:55 | 219.871804 | 358.994478 
 4152.1358 | 08741.0829 | 10:02:56 | 219.871098 | 358.996888 
 4152.1362 | 08741.0869 | 10:02:57 | 219.867656 | 358.997322 
 4152.1363 | 08741.0908 | 10:02:58 | 219.864302 | 358.997412 
 4152.1365 | 08741.0944 | 10:02:59 | 219.861205 | 358.997618 
 4152.1361 | 08741.0982 | 10:03:00 | 219.857941 | 358.997134 
 4152.1361 | 08741.1016 | 10:03:01 | 219.855018 | 358.997112 
 4152.1370 | 08741.1075 | 10:03:02 | 219.849938 | 358.998108 
 4152.1373 | 08741.1113 | 10:03:03 | 219.846668 | 358.998429 
 4152.1343 | 08741.1180 | 10:03:04 | 219.840934 | 358.994935 
 4152.1337 | 08741.1229 | 10:03:05 | 219.836726 | 358.994213 
 4152.1316 | 08741.1284 | 10:03:06 | 219.832016 | 358.991761 
 4152.1315 | 08741.1320 | 10:03:07 | 219.828921 | 358.991623 
 4152.1313 | 08741.1361 | 10:03:08 | 219.825398 | 358.991366 
 4152.1320 | 08741.1397 | 10:03:09 | 219.822297 | 358.992148 
 4152.1326 | 08741.1427 | 10:03:10 | 219.819712 | 358.992819 
 4152.1333 | 08741.1448 | 10:03:11 | 219.817901 | 358.993611 
 4152.1344 | 08741.1472 | 10:03:12 | 219.815828 | 358.994860 
 4152.1356 | 08741.1499 | 10:03:13 | 219.813496 | 358.996223 
 4152.1367 | 08741.1523 | 10:03:14 | 219.811423 | 358.997473 
 4152.1380 | 08741.1550 | 10:03:15 | 219.809090 | 358.998951 
 4152.1445 | 08741.1675 | 10:03:16 | 219.798287 | 359.006346 
 4152.1455 | 08741.1698 | 10:03:17 | 219.796301 | 359.007481 
 4152.1471 | 08741.1727 | 10:03:18 | 219.793794 | 359.009303 
 4152.1487 | 08741.1755 | 10:03:19 | 219.791372 | 359.011125 
 4152.1503 | 08741.1785 | 10:03:20 | 219.788779 | 359.012946 
 4152.1519 | 08741.1813 | 10:03:21 | 219.786358 | 359.014769 
 4152.1379 | 08741.1619 | 10:03:22 | 219.803159 | 358.998791 
 4152.1389 | 08741.1606 | 10:03:23 | 219.804268 | 358.999949 
 4152.1389 | 08741.1603 | 10:03:24 | 219.804526 | 358.999951 
 4152.1391 | 08741.1608 | 10:03:25 | 219.804094 | 359.000178 
 4152.1391 | 08741.1608 | 10:03:26 | 219.804094 | 359.000178 
 4152.1391 | 08741.1608 | 10:03:27 | 219.804094 | 359.000178 
 4152.1391 | 08741.1608 | 10:03:28 | 219.804094 | 359.000178 
 4152.1311 | 08741.1517 | 10:03:29 | 219.811987 | 358.991035 
 4152.1308 | 08741.1507 | 10:03:30 | 219.812850 | 358.990697 
 4152.1305 | 08741.1497 | 10:03:31 | 219.813712 | 358.990358 
 4152.1305 | 08741.1506 | 10:03:32 | 219.812938 | 358.990352 
 4152.1302 | 08741.1506 | 10:03:33 | 219.812941 | 358.990007 
 4152.1295 | 08741.1513 | 10:03:34 | 219.812345 | 358.989197 
 4152.1289 | 08741.1516 | 10:03:35 | 219.812093 | 358.988505 
 4152.1282 | 08741.1522 | 10:03:36 | 219.811583 | 358.987696 
 4152.1276 | 08741.1529 | 10:03:37 | 219.810986 | 358.987002 
 4152.1268 | 08741.1535 | 10:03:38 | 219.810477 | 358.986077 
 4152.1262 | 08741.1542 | 10:03:39 | 219.809881 | 358.985383 
 4152.1270 | 08741.1565 | 10:03:40 | 219.807896 | 358.986288 
 4152.1284 | 08741.1603 | 10:03:41 | 219.804617 | 358.987874 
 4152.1298 | 08741.1641 | 10:03:42 | 219.801338 | 358.989459 
 4152.1313 | 08741.1681 | 10:03:43 | 219.797886 | 358.991159 
 4152.1434 | 08741.1732 | 10:03:44 | 219.793396 | 359.005044 
 4152.1451 | 08741.1729 | 10:03:45 | 219.793639 | 359.007001 
 4152.1460 | 08741.1728 | 10:03:46 | 219.793717 | 359.008037 
 4152.1465 | 08741.1729 | 10:03:47 | 219.793627 | 359.008612 
 4152.1513 | 08741.1707 | 10:03:48 | 219.795477 | 359.014147 
 4152.1513 | 08741.1707 | 10:03:49 | 219.795477 | 359.014147 
 4152.1513 | 08741.1707 | 10:03:50 | 219.795477 | 359.014147 
 4152.1513 | 08741.1707 | 10:03:51 | 219.795477 | 359.014147 
 4152.1530 | 08741.1703 | 10:03:52 | 219.795806 | 359.016105 
 4152.1537 | 08741.1702 | 10:03:53 | 219.795886 | 359.016911 
 4152.1549 | 08741.1702 | 10:03:54 | 219.795875 | 359.018291 
 4152.1571 | 08741.1694 | 10:03:55 | 219.796544 | 359.020827 
 4152.1596 | 08741.1689 | 10:03:56 | 219.796952 | 359.023706 
 4152.1627 | 08741.1686 | 10:03:57 | 219.797183 | 359.027274 
 4152.1664 | 08741.1687 | 10:03:58 | 219.797065 | 359.031529 
 4152.1705 | 08741.1686 | 10:03:59 | 219.797116 | 359.036246 
 4152.1749 | 08741.1688 | 10:04:00 | 219.796906 | 359.041305 
 4152.1794 | 08741.1691 | 10:04:01 | 219.796609 | 359.046480 
 4152.1840 | 08741.1693 | 10:04:02 | 219.796397 | 359.051769 
 4152.1888 | 08741.1696 | 10:04:03 | 219.796097 | 359.057289 
 4152.1937 | 08741.1697 | 10:04:04 | 219.795969 | 359.062924 
 4152.1989 | 08741.1697 | 10:04:05 | 219.795924 | 359.068906 
 4152.2044 | 08741.1697 | 10:04:06 | 219.795876 | 359.075232 
 4152.2101 | 08741.1697 | 10:04:07 | 219.795827 | 359.081788 
 4152.2160 | 08741.1697 | 10:04:08 | 219.795775 | 359.088575 
 4152.2221 | 08741.1699 | 10:04:09 | 219.795551 | 359.095590 
 4152.2280 | 08741.1700 | 10:04:10 | 219.795413 | 359.102376 
 4152.2340 | 08741.1701 | 10:04:11 | 219.795275 | 359.109277 
 4152.2398 | 08741.1705 | 10:04:12 | 219.794881 | 359.115946 
 4152.2457 | 08741.1708 | 10:04:13 | 219.794572 | 359.122730 
 4152.2509 | 08741.1709 | 10:04:14 | 219.794441 | 359.128711 
 4152.2553 | 08741.1708 | 10:04:15 | 219.794489 | 359.133773 
 4152.2592 | 08741.1703 | 10:04:16 | 219.794885 | 359.138262 
 4152.2614 | 08741.1706 | 10:04:17 | 219.794608 | 359.140790 
 4152.2630 | 08741.1699 | 10:04:18 | 219.795196 | 359.142635 
 4152.2643 | 08741.1687 | 10:04:19 | 219.796216 | 359.144138 
 4152.2650 | 08741.1675 | 10:04:20 | 219.797242 | 359.144951 
 4152.2638 | 08741.1692 | 10:04:21 | 219.795791 | 359.143560 
 4152.2637 | 08741.1693 | 10:04:22 | 219.795706 | 359.143444 
 4152.2638 | 08741.1697 | 10:04:23 | 219.795361 | 359.143557 
 4152.2645 | 08741.1700 | 10:04:24 | 219.795097 | 359.144360 
 4152.2658 | 08741.1706 | 10:04:25 | 219.794570 | 359.145852 
 4152.2676 | 08741.1714 | 10:04:26 | 219.793866 | 359.147917 
 4152.2699 | 08741.1715 | 10:04:27 | 219.793761 | 359.150562 
 4152.2723 | 08741.1715 | 10:04:28 | 219.793740 | 359.153322 
 4152.2747 | 08741.1715 | 10:04:29 | 219.793719 | 359.156083 
 4152.2771 | 08741.1715 | 10:04:30 | 219.793698 | 359.158844 
 4152.2795 | 08741.1714 | 10:04:31 | 219.793763 | 359.161605 
 4152.2866 | 08741.1718 | 10:04:32 | 219.793358 | 359.169769 
 4152.2905 | 08741.1713 | 10:04:33 | 219.793754 | 359.174258 
 4152.3008 | 08741.1726 | 10:04:34 | 219.792547 | 359.186097 
 4152.3058 | 08741.1727 | 10:04:35 | 219.792418 | 359.191848 
 4152.3138 | 08741.1734 | 10:04:36 | 219.791746 | 359.201045 
 4152.3198 | 08741.1737 | 10:04:37 | 219.791436 | 359.207945 
 4152.3259 | 08741.1737 | 10:04:38 | 219.791384 | 359.214962 
 4152.3319 | 08741.1739 | 10:04:39 | 219.791160 | 359.221862 
 4152.3382 | 08741.1740 | 10:04:40 | 219.791019 | 359.229108 
 4152.3454 | 08741.1743 | 10:04:41 | 219.790699 | 359.237388 
 4152.3521 | 08741.1747 | 10:04:42 | 219.790297 | 359.245092 
 4152.3583 | 08741.1749 | 10:04:43 | 219.790071 | 359.252222 
 4152.3642 | 08741.1754 | 10:04:44 | 219.789590 | 359.259005 
 4152.3701 | 08741.1758 | 10:04:45 | 219.789195 | 359.265789 
 4152.3756 | 08741.1754 | 10:04:46 | 219.789491 | 359.272118 
 4152.3810 | 08741.1752 | 10:04:47 | 219.789616 | 359.278331 
 4152.3853 | 08741.1776 | 10:04:48 | 219.787516 | 359.283261 
 4152.3903 | 08741.1781 | 10:04:49 | 219.787042 | 359.289009 
 4152.3964 | 08741.1764 | 10:04:50 | 219.788451 | 359.296037 
 4152.4014 | 08741.1761 | 10:04:51 | 219.788666 | 359.301790 
 4152.4063 | 08741.1760 | 10:04:52 | 219.788709 | 359.307427 
 4152.4107 | 08741.1762 | 10:04:53 | 219.788499 | 359.312487 
 4152.4154 | 08741.1762 | 10:04:54 | 219.788458 | 359.317893 
 4152.4199 | 08741.1758 | 10:04:55 | 219.788763 | 359.323072 
 4152.4237 | 08741.1752 | 10:04:56 | 219.789246 | 359.327447 
 4152.4266 | 08741.1751 | 10:04:57 | 219.789307 | 359.330783 
 4152.4292 | 08741.1749 | 10:04:58 | 219.789456 | 359.333775 
 4152.4316 | 08741.1750 | 10:04:59 | 219.789349 | 359.336535 
 4152.4341 | 08741.1749 | 10:05:00 | 219.789414 | 359.339411 
 4152.4367 | 08741.1750 | 10:05:01 | 219.789305 | 359.342401 
 4152.4391 | 08741.1747 | 10:05:02 | 219.789542 | 359.345164 
 4152.4382 | 08741.1725 | 10:05:03 | 219.791441 | 359.344143 
 4152.4397 | 08741.1713 | 10:05:04 | 219.792460 | 359.345876 
 4152.4388 | 08741.1690 | 10:05:05 | 219.794445 | 359.344856 
 4152.4377 | 08741.1691 | 10:05:06 | 219.794369 | 359.343590 
 4152.4385 | 08741.1676 | 10:05:07 | 219.795651 | 359.344520 
 4152.4346 | 08741.1403 | 10:05:08 | 219.819155 | 359.340211 
 4152.4351 | 08741.1338 | 10:05:09 | 219.824738 | 359.340828 
 4152.4353 | 08741.1280 | 10:05:10 | 219.829723 | 359.341096 
 4152.4356 | 08741.1222 | 10:05:11 | 219.834707 | 359.341478 
 4152.4359 | 08741.1163 | 10:05:12 | 219.839776 | 359.341862 
 4152.4360 | 08741.1103 | 10:05:13 | 219.844933 | 359.342016 
 4152.4360 | 08741.1037 | 10:05:14 | 219.850607 | 359.342058 
 4152.4358 | 08741.0966 | 10:05:15 | 219.856713 | 359.341874 
 4152.4355 | 08741.0897 | 10:05:16 | 219.862648 | 359.341574 
 4152.4352 | 08741.0826 | 10:05:17 | 219.868754 | 359.341275 
 4152.4330 | 08741.0585 | 10:05:19 | 219.889492 | 359.338901 
 4152.4333 | 08741.0532 | 10:05:20 | 219.894046 | 359.339281 
 4152.4336 | 08741.0480 | 10:05:21 | 219.898513 | 359.339660 
 4152.4340 | 08741.0428 | 10:05:22 | 219.902980 | 359.340154 
 4152.4331 | 08741.0389 | 10:05:23 | 219.906341 | 359.339144 
 4152.4328 | 08741.0352 | 10:05:24 | 219.909524 | 359.338823 
 4152.4341 | 08741.0361 | 10:05:25 | 219.908739 | 359.340312 
 4152.4340 | 08741.0343 | 10:05:26 | 219.910288 | 359.340209 
 4152.4349 | 08741.0318 | 10:05:27 | 219.912429 | 359.341260 
 4152.4352 | 08741.0289 | 10:05:28 | 219.914920 | 359.341624 
 4152.4345 | 08741.0269 | 10:05:29 | 219.916645 | 359.340832 
 4152.4342 | 08741.0244 | 10:05:30 | 219.918797 | 359.340503 
 4152.4337 | 08741.0230 | 10:05:31 | 219.920005 | 359.339937 
 4152.4361 | 08741.0367 | 10:05:32 | 219.908206 | 359.342609 
 4152.4363 | 08741.0359 | 10:05:33 | 219.908892 | 359.342844 
 4152.4363 | 08741.0357 | 10:05:34 | 219.909064 | 359.342845 
 4152.4360 | 08741.0359 | 10:05:35 | 219.908895 | 359.342499 
 4152.4345 | 08741.0396 | 10:05:36 | 219.905727 | 359.340750 
 4152.4347 | 08741.0446 | 10:05:37 | 219.901427 | 359.340947 
 4152.4349 | 08741.0450 | 10:05:38 | 219.901081 | 359.341175 
 4152.4353 | 08741.0454 | 10:05:39 | 219.900734 | 359.341632 
 4152.4349 | 08741.0436 | 10:05:40 | 219.902285 | 359.341184 
 4152.4350 | 08741.0436 | 10:05:41 | 219.902284 | 359.341299 
 4152.4343 | 08741.0414 | 10:05:42 | 219.904181 | 359.340508 
 4152.4344 | 08741.0261 | 10:05:43 | 219.917334 | 359.340722 
 4152.4346 | 08741.0210 | 10:05:44 | 219.921717 | 359.340986 
 4152.4347 | 08741.0162 | 10:05:45 | 219.925842 | 359.341132 
 4152.4348 | 08741.0115 | 10:05:46 | 219.929882 | 359.341277 
 4152.4349 | 08741.0068 | 10:05:47 | 219.933922 | 359.341423 
 4152.4372 | 08741.0015 | 10:05:48 | 219.938458 | 359.344103 
 4152.4375 | 08740.9869 | 10:05:51 | 219.951007 | 359.344543 
 4152.4374 | 08740.9814 | 10:05:52 | 219.955736 | 359.344464 
 4152.4396 | 08740.9744 | 10:05:53 | 219.961735 | 359.347040 
 4152.4398 | 08740.9684 | 10:05:54 | 219.966891 | 359.347309 
 4152.4397 | 08740.9624 | 10:05:55 | 219.972050 | 359.347233 
 4152.4395 | 08740.9559 | 10:05:56 | 219.977640 | 359.347046 
 4152.4372 | 08740.9289 | 10:05:57 | 220.000872 | 359.344576 
 4152.4372 | 08740.9213 | 10:05:58 | 220.007406 | 359.344626 
 4152.4372 | 08740.9137 | 10:05:59 | 220.013939 | 359.344675 
 4152.4369 | 08740.9062 | 10:06:00 | 220.020390 | 359.344379 
 4152.4365 | 08740.8990 | 10:06:01 | 220.026583 | 359.343966 
 4152.4380 | 08740.9032 | 10:06:02 | 220.022959 | 359.345664 
 4152.4382 | 08740.8998 | 10:06:03 | 220.025880 | 359.345916 
 4152.4387 | 08740.8964 | 10:06:04 | 220.028799 | 359.346514 
 4152.4391 | 08740.8932 | 10:06:05 | 220.031546 | 359.346995 
 4152.4395 | 08740.8900 | 10:06:06 | 220.034294 | 359.347476 
 4152.4399 | 08740.8868 | 10:06:07 | 220.037041 | 359.347957 
 4152.4405 | 08740.8833 | 10:06:08 | 220.040045 | 359.348670 
 4152.4409 | 08740.8800 | 10:06:09 | 220.042879 | 359.349151 
 4152.4399 | 08740.8776 | 10:06:10 | 220.044951 | 359.348017 
 4152.4390 | 08740.8697 | 10:06:11 | 220.051750 | 359.347033 
 4152.4414 | 08740.8603 | 10:06:12 | 220.059810 | 359.349855 
 4152.4418 | 08740.8554 | 10:06:13 | 220.064019 | 359.350347 
 4152.4421 | 08740.8504 | 10:06:14 | 220.068315 | 359.350725 
 4152.4424 | 08740.8453 | 10:06:15 | 220.072697 | 359.351103 
 4152.4416 | 08740.8320 | 10:06:16 | 220.084138 | 359.350270 
 4152.4416 | 08740.8256 | 10:06:17 | 220.089640 | 359.350312 
 4152.4420 | 08740.8187 | 10:06:18 | 220.095568 | 359.350817 
 4152.4422 | 08740.8121 | 10:06:19 | 220.101241 | 359.351090 
 4152.4424 | 08740.8055 | 10:06:20 | 220.106913 | 359.351364 
 4152.4430 | 08740.7990 | 10:06:21 | 220.112496 | 359.352096 
 4152.4431 | 08740.7924 | 10:06:22 | 220.118169 | 359.352255 
 4152.4427 | 08740.7856 | 10:06:23 | 220.124018 | 359.351839 
 4152.4425 | 08740.7703 | 10:06:25 | 220.137173 | 359.351709 
 4152.4422 | 08740.7618 | 10:06:26 | 220.144483 | 359.351420 
 4152.4419 | 08740.7523 | 10:06:27 | 220.152653 | 359.351137 
 4152.4413 | 08740.7422 | 10:06:28 | 220.161341 | 359.350513 
 4152.4410 | 08740.7313 | 10:06:29 | 220.170714 | 359.350239 
 4152.4405 | 08740.7202 | 10:06:30 | 220.180261 | 359.349737 
 4152.4365 | 08740.6896 | 10:06:31 | 220.206603 | 359.345337 
 4152.4393 | 08740.6791 | 10:06:32 | 220.215605 | 359.348626 
 4152.4396 | 08740.6689 | 10:06:33 | 220.224372 | 359.349038 
 4152.4395 | 08740.6590 | 10:06:34 | 220.232884 | 359.348988 
 4152.4392 | 08740.6494 | 10:06:35 | 220.241139 | 359.348706 
 4152.4391 | 08740.6396 | 10:06:36 | 220.249565 | 359.348656 
 4152.4391 | 08740.6300 | 10:06:37 | 220.257818 | 359.348719 
 4152.4395 | 08740.6117 | 10:06:39 | 220.273547 | 359.349299 
 4152.4429 | 08740.6155 | 10:06:40 | 220.270250 | 359.353185 
 4152.4435 | 08740.6075 | 10:06:41 | 220.277123 | 359.353928 
 4152.4441 | 08740.5995 | 10:06:42 | 220.283995 | 359.354670 
 4152.4447 | 08740.5922 | 10:06:43 | 220.290265 | 359.355409 
 4152.4422 | 08740.5922 | 10:06:44 | 220.290287 | 359.352533 
 4152.4420 | 08740.5861 | 10:06:45 | 220.295533 | 359.352343 
 4152.4414 | 08740.5810 | 10:06:46 | 220.299923 | 359.351686 
 4152.4350 | 08740.5773 | 10:06:47 | 220.303160 | 359.344349 
 4152.4345 | 08740.5731 | 10:06:48 | 220.306775 | 359.343802 
 4152.4337 | 08740.5692 | 10:06:49 | 220.310135 | 359.342907 
 4152.4332 | 08740.5668 | 10:06:50 | 220.312203 | 359.342348 
 4152.4344 | 08740.5725 | 10:06:51 | 220.307292 | 359.343691 
 4152.4343 | 08740.5719 | 10:06:52 | 220.307809 | 359.343580 
 4152.4340 | 08740.5701 | 10:06:53 | 220.309359 | 359.343246 
 4152.4335 | 08740.5676 | 10:06:54 | 220.311513 | 359.342688 
 4152.4340 | 08740.5692 | 10:06:55 | 220.310133 | 359.343252 
 4152.4407 | 08740.6023 | 10:06:57 | 220.281618 | 359.350741 
 4152.4410 | 08740.6015 | 10:06:58 | 220.282303 | 359.351092 
 4152.4410 | 08740.5999 | 10:06:59 | 220.283678 | 359.351102 
 4152.4409 | 08740.5983 | 10:07:00 | 220.285055 | 359.350998 
 4152.4409 | 08740.5966 | 10:07:01 | 220.286516 | 359.351009 
 4152.4408 | 08740.5905 | 10:07:02 | 220.291761 | 359.350934 
 4152.4406 | 08740.5885 | 10:07:03 | 220.293482 | 359.350717 
 4152.4405 | 08740.5866 | 10:07:04 | 220.295117 | 359.350614 
 4152.4403 | 08740.5847 | 10:07:05 | 220.296752 | 359.350397 
 4152.4397 | 08740.5821 | 10:07:06 | 220.298992 | 359.349724 
 4152.4123 | 08740.5856 | 10:07:07 | 220.296225 | 359.318184 
 4152.4041 | 08740.5865 | 10:07:08 | 220.295523 | 359.308746 
 4152.3971 | 08740.5864 | 10:07:09 | 220.295671 | 359.300695 
 4152.3905 | 08740.5862 | 10:07:10 | 220.295901 | 359.293104 
 4152.3842 | 08740.5860 | 10:07:11 | 220.296128 | 359.285859 
 4152.3777 | 08740.5856 | 10:07:12 | 220.296529 | 359.278385 
 4152.3707 | 08740.5852 | 10:07:13 | 220.296935 | 359.270336 
 4152.3640 | 08740.5848 | 10:07:14 | 220.297338 | 359.262632 
 4152.3570 | 08740.5843 | 10:07:15 | 220.297829 | 359.254583 
 4152.3497 | 08740.5842 | 10:07:16 | 220.297979 | 359.246187 
 4152.3418 | 08740.5836 | 10:07:17 | 220.298565 | 359.237104 
 4152.3347 | 08740.5826 | 10:07:18 | 220.299487 | 359.228944 
 4152.3277 | 08740.5822 | 10:07:19 | 220.299892 | 359.220895 
 4152.3208 | 08740.5815 | 10:07:20 | 220.300555 | 359.212963 
 4152.3139 | 08740.5808 | 10:07:21 | 220.301218 | 359.205031 
 4152.3070 | 08740.5802 | 10:07:22 | 220.301794 | 359.197098 
 4152.3066 | 08740.5782 | 10:07:23 | 220.303517 | 359.196651 
 4152.3032 | 08740.5770 | 10:07:24 | 220.304579 | 359.192748 
 4152.2969 | 08740.5785 | 10:07:25 | 220.303345 | 359.185491 
 4152.2923 | 08740.5788 | 10:07:26 | 220.303127 | 359.180198 
 4152.2887 | 08740.5776 | 10:07:27 | 220.304190 | 359.176065 
 4152.2843 | 08740.5770 | 10:07:28 | 220.304745 | 359.171008 
 4152.2799 | 08740.5767 | 10:07:29 | 220.305042 | 359.165949 
 4152.2723 | 08740.5749 | 10:07:31 | 220.306656 | 359.157219 
 4152.2686 | 08740.5734 | 10:07:32 | 220.307978 | 359.152973 
 4152.2654 | 08740.5709 | 10:07:33 | 220.310156 | 359.149309 
 4152.2617 | 08740.5681 | 10:07:34 | 220.312596 | 359.145071 
 4152.2823 | 08740.5601 | 10:07:35 | 220.319292 | 359.168819 
 4152.2821 | 08740.5578 | 10:07:36 | 220.321271 | 359.168604 
 4152.2835 | 08740.5529 | 10:07:37 | 220.325472 | 359.170247 
 4152.2883 | 08740.5504 | 10:07:38 | 220.327579 | 359.175784 
 4152.2897 | 08740.5475 | 10:07:39 | 220.330060 | 359.177414 
 4152.2902 | 08740.5449 | 10:07:40 | 220.332290 | 359.178006 
 4152.2907 | 08740.5416 | 10:07:41 | 220.335123 | 359.178603 
 4152.2916 | 08740.5379 | 10:07:42 | 220.338296 | 359.179662 
 4152.2920 | 08740.5328 | 10:07:43 | 220.342677 | 359.180156 
 4152.2928 | 08740.5294 | 10:07:44 | 220.345593 | 359.181099 
 4152.2928 | 08740.5284 | 10:07:45 | 220.346453 | 359.181105 
 4152.2938 | 08740.5255 | 10:07:46 | 220.348937 | 359.182275 
 4152.2941 | 08740.5230 | 10:07:47 | 220.351084 | 359.182636 
 4152.2955 | 08740.5190 | 10:07:48 | 220.354511 | 359.184273 
 4152.2921 | 08740.5138 | 10:07:49 | 220.359011 | 359.180396 
 4152.2922 | 08740.5096 | 10:07:50 | 220.362621 | 359.180539 
 4152.2926 | 08740.5048 | 10:07:51 | 220.366744 | 359.181031 
 4152.2930 | 08740.5002 | 10:07:52 | 220.370696 | 359.181521 
 4152.2932 | 08740.4956 | 10:07:53 | 220.374649 | 359.181782 
 4152.2933 | 08740.4912 | 10:07:54 | 220.378430 | 359.181926 
 4152.2931 | 08740.4866 | 10:07:55 | 220.382387 | 359.181726 
 4152.2930 | 08740.4821 | 10:07:56 | 220.386257 | 359.181641 
 4152.2930 | 08740.4770 | 10:07:57 | 220.390641 | 359.181674 
 4152.2966 | 08740.4456 | 10:08:00 | 220.417605 | 359.186022 
 4152.2969 | 08740.4388 | 10:08:01 | 220.423448 | 359.186412 
 4152.2972 | 08740.4321 | 10:08:02 | 220.429206 | 359.186802 
 4152.2978 | 08740.4190 | 10:08:04 | 220.440463 | 359.187578 
 4152.2980 | 08740.4129 | 10:08:05 | 220.445706 | 359.187849 
 4152.2873 | 08740.3887 | 10:08:10 | 220.466606 | 359.175701 
 4152.2870 | 08740.3831 | 10:08:11 | 220.471423 | 359.175393 
 4152.2863 | 08740.3668 | 10:08:14 | 220.485443 | 359.174696 
 4152.2865 | 08740.3637 | 10:08:15 | 220.488106 | 359.174946 
 4152.2939 | 08740.3824 | 10:08:19 | 220.471964 | 359.183334 
 4152.2980 | 08740.3991 | 10:08:20 | 220.457570 | 359.187940 
 4152.2999 | 08740.3936 | 10:08:22 | 220.462282 | 359.190162 
 4152.3006 | 08740.3920 | 10:08:23 | 220.463651 | 359.190978 
 4152.3046 | 08740.3862 | 10:08:26 | 220.468602 | 359.195617 
 4152.3048 | 08740.3843 | 10:08:27 | 220.470234 | 359.195860 
 4152.3081 | 08740.3783 | 10:08:30 | 220.475363 | 359.199695 
 4152.3086 | 08740.3755 | 10:08:31 | 220.477766 | 359.200289 
 4152.2999 | 08740.3441 | 10:08:35 | 220.504838 | 359.190489 
 4152.2997 | 08740.3384 | 10:08:36 | 220.509740 | 359.190297 
 4152.2996 | 08740.3333 | 10:08:37 | 220.514126 | 359.190216 
 4152.2997 | 08740.3285 | 10:08:38 | 220.518252 | 359.190363 
 4152.3000 | 08740.3235 | 10:08:39 | 220.522548 | 359.190741 
 4152.3002 | 08740.3184 | 10:08:40 | 220.526930 | 359.191005 
 4152.3004 | 08740.3135 | 10:08:41 | 220.531141 | 359.191267 
 4152.3009 | 08740.3089 | 10:08:42 | 220.535092 | 359.191873 
 4152.3011 | 08740.3041 | 10:08:43 | 220.539216 | 359.192135 
 4152.3016 | 08740.2948 | 10:08:45 | 220.547207 | 359.192771 
 4152.3020 | 08740.2861 | 10:08:47 | 220.554684 | 359.193289 
 4152.3008 | 08740.2876 | 10:08:48 | 220.553405 | 359.191899 
 4152.3006 | 08740.2856 | 10:08:49 | 220.555126 | 359.191682 
 4152.3007 | 08740.2824 | 10:08:50 | 220.557876 | 359.191818 
 4152.3007 | 08740.2793 | 10:08:51 | 220.560541 | 359.191839 
 4152.3008 | 08740.2764 | 10:08:52 | 220.563034 | 359.191973 
 4152.3010 | 08740.2738 | 10:08:53 | 220.565267 | 359.192220 
 4152.3079 | 08740.2808 | 10:08:54 | 220.559188 | 359.200111 
 4152.3085 | 08740.2794 | 10:08:55 | 220.560386 | 359.200810 
 4152.3051 | 08740.2823 | 10:08:56 | 220.557923 | 359.196880 
 4152.3046 | 08740.2826 | 10:08:57 | 220.557670 | 359.196303 
 4152.3046 | 08740.2822 | 10:08:58 | 220.558013 | 359.196306 
 4152.3047 | 08740.2812 | 10:09:00 | 220.558872 | 359.196427 
 4152.3048 | 08740.2790 | 10:09:03 | 220.560763 | 359.196557 
 4152.3044 | 08740.2842 | 10:09:04 | 220.556296 | 359.196062 
 4152.2995 | 08740.2812 | 10:09:05 | 220.558918 | 359.190446 
 4152.2983 | 08740.2813 | 10:09:06 | 220.558843 | 359.189065 
 4152.2949 | 08740.2747 | 10:09:07 | 220.564547 | 359.185198 
 4152.2925 | 08740.2724 | 10:09:08 | 220.566546 | 359.182453 
 4152.2912 | 08740.2688 | 10:09:09 | 220.569653 | 359.180981 
 4152.2895 | 08740.2647 | 10:09:10 | 220.573193 | 359.179053 
 4152.2880 | 08740.2603 | 10:09:11 | 220.576989 | 359.177357 
 4152.2862 | 08740.2564 | 10:09:12 | 220.580358 | 359.175312 
 4152.2847 | 08740.2522 | 10:09:13 | 220.583982 | 359.173615 
 4152.2836 | 08740.2475 | 10:09:14 | 220.588032 | 359.172380 
 4152.2823 | 08740.2366 | 10:09:16 | 220.597415 | 359.170957 
 4152.2832 | 08740.2296 | 10:09:17 | 220.603425 | 359.172039 
 4152.2823 | 08740.2253 | 10:09:18 | 220.607130 | 359.171032 
 4152.2814 | 08740.2206 | 10:09:19 | 220.611179 | 359.170028 
 4152.2786 | 08740.2126 | 10:09:21 | 220.618081 | 359.166861 
 4152.2774 | 08740.2095 | 10:09:22 | 220.620757 | 359.165501 
 4152.2760 | 08740.2068 | 10:09:23 | 220.623091 | 359.163909 
 4152.2750 | 08740.2043 | 10:09:24 | 220.625249 | 359.162775 
 4152.2746 | 08740.2018 | 10:09:25 | 220.627402 | 359.162332 
 4152.2775 | 08740.1962 | 10:09:26 | 220.632191 | 359.165705 
 4152.2782 | 08740.1942 | 10:09:28 | 220.633904 | 359.166523 
 4152.2792 | 08740.1949 | 10:09:29 | 220.633293 | 359.167669 
 4152.2818 | 08740.2045 | 10:09:30 | 220.625017 | 359.170596 
 4152.2823 | 08740.2032 | 10:09:31 | 220.626130 | 359.171179 
 4152.2827 | 08740.2015 | 10:09:32 | 220.627588 | 359.171651 
 4152.2831 | 08740.1995 | 10:09:33 | 220.629304 | 359.172124 
 4152.2837 | 08740.1972 | 10:09:34 | 220.631276 | 359.172829 
 4152.2844 | 08740.1948 | 10:09:35 | 220.633333 | 359.173651 
 4152.2854 | 08740.1925 | 10:09:36 | 220.635301 | 359.174816 
 4152.2895 | 08740.1919 | 10:09:37 | 220.635781 | 359.179536 
 4152.2914 | 08740.1814 | 10:09:41 | 220.644791 | 359.181791 
 4152.2917 | 08740.1783 | 10:09:42 | 220.647454 | 359.182157 
 4152.2913 | 08740.1756 | 10:09:43 | 220.649778 | 359.181715 
 4152.2860 | 08740.1747 | 10:09:44 | 220.650599 | 359.175625 
 4152.2868 | 08740.1719 | 10:09:45 | 220.652999 | 359.176563 
 4152.2870 | 08740.1674 | 10:09:47 | 220.656866 | 359.176823 
 4152.2869 | 08740.1653 | 10:09:48 | 220.658673 | 359.176722 
 4152.2894 | 08740.1592 | 10:09:49 | 220.663895 | 359.179639 
 4152.2897 | 08740.1571 | 10:09:50 | 220.665698 | 359.179998 
 4152.2899 | 08740.1552 | 10:09:51 | 220.667329 | 359.180240 
 4152.2901 | 08740.1538 | 10:09:52 | 220.668531 | 359.180480 
 4152.2902 | 08740.1514 | 10:09:53 | 220.670594 | 359.180611 
 4152.2903 | 08740.1490 | 10:09:54 | 220.672656 | 359.180742 
 4152.2903 | 08740.1464 | 10:09:55 | 220.674891 | 359.180759 
 4152.2887 | 08740.1398 | 10:09:56 | 220.680580 | 359.178962 
 4152.2897 | 08740.1370 | 10:09:57 | 220.682978 | 359.180131 
 4152.2902 | 08740.1343 | 10:09:58 | 220.685295 | 359.180724 
 4152.2904 | 08740.1311 | 10:09:59 | 220.688044 | 359.180976 
 4152.2908 | 08740.1281 | 10:10:00 | 220.690620 | 359.181456 
 4152.2913 | 08740.1240 | 10:10:01 | 220.694140 | 359.182058 
 4152.2919 | 08740.1190 | 10:10:02 | 220.698434 | 359.182782 
 4152.2925 | 08740.1142 | 10:10:03 | 220.702555 | 359.183504 
 4152.2939 | 08740.1083 | 10:10:04 | 220.707615 | 359.185153 
 4152.2948 | 08740.1032 | 10:10:05 | 220.711992 | 359.186223 
 4152.2965 | 08740.0924 | 10:10:07 | 220.721262 | 359.188250 
 4152.2964 | 08740.0857 | 10:10:08 | 220.727023 | 359.188180 
 4152.2967 | 08740.0797 | 10:10:09 | 220.732178 | 359.188565 
 4152.2965 | 08740.0748 | 10:10:10 | 220.736393 | 359.188367 
 4152.2959 | 08740.0702 | 10:10:11 | 220.740353 | 359.187708 
 4152.2938 | 08740.0623 | 10:10:13 | 220.747163 | 359.185345 
 4152.2916 | 08740.0580 | 10:10:14 | 220.750880 | 359.182843 
 4152.2885 | 08740.0499 | 10:10:16 | 220.757871 | 359.179331 
 4152.2851 | 08740.0458 | 10:10:17 | 220.761427 | 359.175448 
 4152.2818 | 08740.0417 | 10:10:18 | 220.764981 | 359.171679 
 4152.2802 | 08740.0410 | 10:10:19 | 220.765597 | 359.169843 
 4152.2763 | 08740.0386 | 10:10:20 | 220.767695 | 359.165374 
 4152.2732 | 08740.0317 | 10:10:22 | 220.773655 | 359.161854 
 4152.2680 | 08740.0311 | 10:10:23 | 220.774217 | 359.155876 
 4152.2599 | 08740.0441 | 10:10:24 | 220.763113 | 359.146473 
 4152.2521 | 08740.0445 | 10:10:25 | 220.762839 | 359.137498 
 4152.1816 | 08740.0715 | 10:10:26 | 220.740254 | 359.056225 
 4152.1766 | 08740.0705 | 10:10:27 | 220.741159 | 359.050481 
 4152.1713 | 08740.0697 | 10:10:28 | 220.741894 | 359.044390 
 4152.1558 | 08740.0669 | 10:10:31 | 220.744439 | 359.026579 
 4152.1509 | 08740.0658 | 10:10:32 | 220.745429 | 359.020951 
 4152.1461 | 08740.0647 | 10:10:33 | 220.746417 | 359.015437 
 4152.1393 | 08740.0616 | 10:10:35 | 220.749143 | 359.007636 
 4152.1354 | 08740.0601 | 10:10:36 | 220.750468 | 359.003160 
 4152.1355 | 08740.0630 | 10:10:39 | 220.747974 | 359.003255 
 4152.1254 | 08740.0627 | 10:10:45 | 220.748322 | 358.991640 
 4152.1486 | 08740.0592 | 10:10:46 | 220.751124 | 359.018349 
 4152.1460 | 08740.0590 | 10:10:48 | 220.751319 | 359.015360 
 4152.1451 | 08740.0582 | 10:10:49 | 220.752015 | 359.014330 
 4152.1439 | 08740.0578 | 10:10:50 | 220.752369 | 359.012952 
 4152.1431 | 08740.0570 | 10:10:51 | 220.753064 | 359.012037 
 4152.1426 | 08740.0549 | 10:10:52 | 220.754874 | 359.011476 
 4152.1465 | 08740.0470 | 10:10:53 | 220.761632 | 359.016015 
 4152.1570 | 08740.0189 | 10:10:54 | 220.785697 | 359.028280 
 4152.1587 | 08740.0126 | 10:10:55 | 220.791098 | 359.030277 
 4152.1606 | 08740.0059 | 10:10:56 | 220.796842 | 359.032508 
 4152.1620 | 08739.9991 | 10:10:57 | 220.802676 | 359.034163 
 4152.1633 | 08739.9923 | 10:10:58 | 220.808510 | 359.035704 
 4152.1660 | 08739.9787 | 10:11:00 | 220.820179 | 359.038901 
 4152.1675 | 08739.9722 | 10:11:01 | 220.825754 | 359.040669 
 4152.1691 | 08739.9660 | 10:11:02 | 220.831070 | 359.042551 
 4152.1708 | 08739.9600 | 10:11:03 | 220.836213 | 359.044547 
 4152.1780 | 08739.9563 | 10:11:04 | 220.839330 | 359.052853 
 4152.1815 | 08739.9527 | 10:11:05 | 220.842394 | 359.056903 
 4152.1846 | 08739.9483 | 10:11:06 | 220.846149 | 359.060498 
 4152.1878 | 08739.9458 | 10:11:07 | 220.848270 | 359.064196 
 4152.1908 | 08739.9448 | 10:11:08 | 220.849103 | 359.067653 
 4152.1914 | 08739.9877 | 10:11:09 | 220.812214 | 359.068057 
 4152.2127 | 08739.9857 | 10:11:10 | 220.813743 | 359.092571 
 4152.2253 | 08739.9861 | 10:11:12 | 220.813287 | 359.107061 
 4152.2314 | 08739.9863 | 10:11:13 | 220.813060 | 359.114076 
 4152.2359 | 08739.9887 | 10:11:14 | 220.810957 | 359.119236 
 4152.2428 | 08739.9896 | 10:11:15 | 220.810121 | 359.127167 
 4152.2500 | 08739.9903 | 10:11:16 | 220.809455 | 359.135444 
 4152.2571 | 08739.9910 | 10:11:17 | 220.808790 | 359.143606 
 4152.2641 | 08739.9916 | 10:11:18 | 220.808212 | 359.151654 
 4152.2712 | 08739.9921 | 10:11:19 | 220.807718 | 359.159818 
 4152.2782 | 08739.9926 | 10:11:20 | 220.807226 | 359.167866 
 4152.2875 | 08739.9936 | 10:11:21 | 220.806283 | 359.178557 
 4152.2950 | 08739.9940 | 10:11:22 | 220.805872 | 359.187181 
 4152.3024 | 08739.9947 | 10:11:23 | 220.805204 | 359.195688 
 4152.3106 | 08739.9956 | 10:11:24 | 220.804357 | 359.205114 
 4152.3182 | 08739.9963 | 10:11:25 | 220.803687 | 359.213851 
 4152.3254 | 08739.9970 | 10:11:26 | 220.803021 | 359.222129 
 4152.3330 | 08739.9977 | 10:11:27 | 220.802352 | 359.230866 
 4152.3406 | 08739.9981 | 10:11:28 | 220.801940 | 359.239605 
 4152.3481 | 08739.9982 | 10:11:29 | 220.801787 | 359.248231 
 4152.3556 | 08739.9980 | 10:11:30 | 220.801892 | 359.256859 
 4152.3630 | 08739.9973 | 10:11:31 | 220.802427 | 359.265376 
 4152.3703 | 08739.9968 | 10:11:32 | 220.802792 | 359.273776 
 4152.3766 | 08739.9932 | 10:11:33 | 220.805831 | 359.281047 
 4152.3775 | 08739.9953 | 10:11:34 | 220.804017 | 359.282068 
 4152.3629 | 08740.0006 | 10:11:35 | 220.799591 | 359.265239 
 4152.3658 | 08739.9997 | 10:11:36 | 220.800339 | 359.268581 
 4152.3704 | 08739.9977 | 10:11:37 | 220.802017 | 359.273885 
 4152.3748 | 08739.9958 | 10:11:38 | 220.803612 | 359.278959 
 4152.3792 | 08739.9939 | 10:11:39 | 220.805206 | 359.284033 
 4152.3831 | 08739.9942 | 10:11:40 | 220.804913 | 359.288517 
 4152.3874 | 08739.9938 | 10:11:41 | 220.805218 | 359.293466 
 4152.3918 | 08739.9936 | 10:11:42 | 220.805351 | 359.298528 
 4152.3961 | 08739.9927 | 10:11:43 | 220.806086 | 359.303480 
 4152.4002 | 08739.9922 | 10:11:44 | 220.806480 | 359.308199 
 4152.4043 | 08739.9920 | 10:11:45 | 220.806615 | 359.312917 
 4152.4087 | 08739.9920 | 10:11:46 | 220.806576 | 359.317978 
 4152.4132 | 08739.9922 | 10:11:47 | 220.806363 | 359.323153 
 4152.4171 | 08739.9930 | 10:11:48 | 220.805641 | 359.327633 
 4152.4216 | 08739.9931 | 10:11:49 | 220.805515 | 359.332809 
 4152.4260 | 08739.9949 | 10:11:50 | 220.803928 | 359.337858 
 4152.4307 | 08739.9955 | 10:11:51 | 220.803370 | 359.343260 
 4152.4351 | 08739.9950 | 10:11:52 | 220.803761 | 359.348325 
 4152.4394 | 08739.9944 | 10:11:53 | 220.804238 | 359.353275 
 4152.4439 | 08739.9941 | 10:11:54 | 220.804456 | 359.358453 
 4152.4480 | 08739.9938 | 10:11:55 | 220.804677 | 359.363171 
 4152.4488 | 08739.9907 | 10:11:56 | 220.807335 | 359.364112 
 4152.4524 | 08739.9902 | 10:11:57 | 220.807733 | 359.368256 
 4152.4566 | 08739.9897 | 10:11:58 | 220.808125 | 359.373090 
 4152.4625 | 08739.9883 | 10:11:59 | 220.809276 | 359.379886 
 4152.4671 | 08739.9870 | 10:12:00 | 220.810352 | 359.385186 
 4152.4709 | 08739.9857 | 10:12:01 | 220.811436 | 359.389566 
 4152.4742 | 08739.9836 | 10:12:02 | 220.813212 | 359.393376 
 4152.4769 | 08739.9804 | 10:12:03 | 220.815939 | 359.396503 
 4152.4857 | 08739.9621 | 10:12:04 | 220.831592 | 359.406747 
 4152.4911 | 08739.9514 | 10:12:05 | 220.840742 | 359.413030 
 4152.4522 | 08739.9282 | 10:12:06 | 220.861035 | 359.368440 
 4152.4516 | 08739.9215 | 10:12:07 | 220.866801 | 359.367795 
 4152.4511 | 08739.9147 | 10:12:08 | 220.872651 | 359.367265 
 4152.4506 | 08739.9075 | 10:12:09 | 220.878845 | 359.366738 
 4152.4502 | 08739.9003 | 10:12:10 | 220.885039 | 359.366327 
 4152.4491 | 08739.8771 | 10:12:13 | 220.904993 | 359.365217 
 4152.4540 | 08739.8543 | 10:12:15 | 220.924550 | 359.371006 
 4152.4540 | 08739.8452 | 10:12:16 | 220.932374 | 359.371067 
 4152.4541 | 08739.8364 | 10:12:17 | 220.939938 | 359.371241 
 4152.4540 | 08739.8273 | 10:12:18 | 220.947762 | 359.371187 
 4152.4539 | 08739.8177 | 10:12:19 | 220.956016 | 359.371136 
 4152.4537 | 08739.8079 | 10:12:20 | 220.964443 | 359.370972 
 4152.4531 | 08739.7766 | 10:12:23 | 220.991357 | 359.370492 
 4152.4501 | 08739.7601 | 10:12:24 | 221.005568 | 359.367152 
 4152.4512 | 08739.7506 | 10:12:25 | 221.013726 | 359.368481 
 4152.4514 | 08739.7434 | 10:12:26 | 221.019914 | 359.368759 
 4152.4526 | 08739.7376 | 10:12:27 | 221.024889 | 359.370179 
 4152.4527 | 08739.7321 | 10:12:28 | 221.029617 | 359.370330 
 4152.4529 | 08739.7264 | 10:12:29 | 221.034515 | 359.370599 
 4152.4537 | 08739.7248 | 10:12:30 | 221.035883 | 359.371530 
 4152.4536 | 08739.7223 | 10:12:31 | 221.038033 | 359.371432 
 4152.4537 | 08739.7206 | 10:12:32 | 221.039494 | 359.371558 
 4152.4491 | 08739.7205 | 10:12:33 | 221.039621 | 359.366268 
 4152.4484 | 08739.7207 | 10:12:34 | 221.039456 | 359.365461 
 4152.4477 | 08739.7206 | 10:12:35 | 221.039548 | 359.364657 
 4152.4472 | 08739.7206 | 10:12:36 | 221.039552 | 359.364081 
 4152.4472 | 08739.7206 | 10:12:37 | 221.039552 | 359.364081 
 4152.4472 | 08739.7206 | 10:12:38 | 221.039552 | 359.364081 
 4152.4472 | 08739.7206 | 10:12:39 | 221.039552 | 359.364081 
 4152.4472 | 08739.7206 | 10:12:40 | 221.039552 | 359.364081 
 4152.4472 | 08739.7206 | 10:12:41 | 221.039552 | 359.364081 
 4152.4472 | 08739.7206 | 10:12:42 | 221.039552 | 359.364081 
 4152.4472 | 08739.7206 | 10:12:43 | 221.039552 | 359.364081 
 4152.4472 | 08739.7206 | 10:12:44 | 221.039552 | 359.364081 
 4152.4472 | 08739.7206 | 10:12:45 | 221.039552 | 359.364081 
 4152.4472 | 08739.7206 | 10:12:46 | 221.039552 | 359.364081 
 4152.4472 | 08739.7206 | 10:12:47 | 221.039552 | 359.364081 
 4152.4472 | 08739.7206 | 10:12:48 | 221.039552 | 359.364081 
 4152.4472 | 08739.7206 | 10:12:49 | 221.039552 | 359.364081 
 4152.4472 | 08739.7206 | 10:12:50 | 221.039552 | 359.364081 
 4152.4471 | 08739.7219 | 10:12:51 | 221.038436 | 359.363958 
 4152.4472 | 08739.7210 | 10:12:52 | 221.039209 | 359.364079 
 4152.4473 | 08739.7192 | 10:12:53 | 221.040755 | 359.364206 
 4152.4475 | 08739.7172 | 10:12:54 | 221.042473 | 359.364449 
 4152.4464 | 08739.7099 | 10:12:55 | 221.048758 | 359.363233 
 4152.4464 | 08739.7059 | 10:12:56 | 221.052197 | 359.363260 
 4152.4462 | 08739.7017 | 10:12:57 | 221.055810 | 359.363058 
 4152.4461 | 08739.6975 | 10:12:58 | 221.059421 | 359.362972 
 4152.4471 | 08739.6915 | 10:12:59 | 221.064570 | 359.364162 
 4152.4461 | 08739.6841 | 10:13:00 | 221.070941 | 359.363062 
 4152.4455 | 08739.6759 | 10:13:01 | 221.077996 | 359.362427 
 4152.4502 | 08739.6662 | 10:13:02 | 221.086293 | 359.367898 
 4152.4499 | 08739.6570 | 10:13:03 | 221.094205 | 359.367615 
 4152.4500 | 08739.6488 | 10:13:04 | 221.101253 | 359.367785 
 4152.4501 | 08739.6404 | 10:13:05 | 221.108474 | 359.367957 
 4152.4502 | 08739.6321 | 10:13:06 | 221.115608 | 359.368128 
 4152.4503 | 08739.6228 | 10:13:07 | 221.123603 | 359.368306 
 4152.4504 | 08739.6137 | 10:13:08 | 221.131425 | 359.368482 
 4152.4506 | 08739.6048 | 10:13:09 | 221.139074 | 359.368772 
 4152.4514 | 08739.5947 | 10:13:10 | 221.147750 | 359.369760 
 4152.4495 | 08739.5824 | 10:13:11 | 221.158341 | 359.367658 
 4152.4495 | 08739.5724 | 10:13:12 | 221.166938 | 359.367725 
 4152.4497 | 08739.5623 | 10:13:13 | 221.175619 | 359.368024 
 4152.4501 | 08739.5525 | 10:13:14 | 221.184041 | 359.368550 
 4152.4506 | 08739.5432 | 10:13:15 | 221.192031 | 359.369188 
 4152.4505 | 08739.5334 | 10:13:16 | 221.200457 | 359.369139 
 4152.4505 | 08739.5239 | 10:13:17 | 221.208624 | 359.369203 
 4152.4506 | 08739.5146 | 10:13:18 | 221.216619 | 359.369381 
 4152.4508 | 08739.5054 | 10:13:19 | 221.224526 | 359.369673 
 4152.4510 | 08739.4961 | 10:13:20 | 221.232519 | 359.369966 
 4152.4519 | 08739.4878 | 10:13:21 | 221.239647 | 359.371057 
 4152.4524 | 08739.4792 | 10:13:22 | 221.247036 | 359.371691 
 4152.4527 | 08739.4716 | 10:13:23 | 221.253566 | 359.372087 
 4152.4541 | 08739.4636 | 10:13:24 | 221.260431 | 359.373752 
 4152.4546 | 08739.4571 | 10:13:25 | 221.266015 | 359.374371 
 4152.4552 | 08739.4514 | 10:13:26 | 221.270910 | 359.375100 
 4152.4544 | 08739.4467 | 10:13:27 | 221.274957 | 359.374211 
 4152.4539 | 08739.4427 | 10:13:28 | 221.278401 | 359.373663 
 4152.4538 | 08739.4401 | 10:13:29 | 221.280637 | 359.373566 
 4152.4536 | 08739.4383 | 10:13:30 | 221.282186 | 359.373348 
 4152.4536 | 08739.4367 | 10:13:31 | 221.283562 | 359.373359 
 4152.4528 | 08739.4352 | 10:13:32 | 221.284858 | 359.372449 
 4152.4524 | 08739.4359 | 10:13:33 | 221.284260 | 359.371984 
 4152.4524 | 08739.4360 | 10:13:34 | 221.284174 | 359.371983 
 4152.4523 | 08739.4360 | 10:13:35 | 221.284175 | 359.371868 
 4152.4520 | 08739.4360 | 10:13:36 | 221.284178 | 359.371523 
 4152.4520 | 08739.4360 | 10:13:37 | 221.284178 | 359.371523 
 4152.4520 | 08739.4360 | 10:13:38 | 221.284178 | 359.371523 
 4152.4520 | 08739.4360 | 10:13:39 | 221.284178 | 359.371523 
 4152.4520 | 08739.4360 | 10:13:40 | 221.284178 | 359.371523 
 4152.4520 | 08739.4360 | 10:13:41 | 221.284178 | 359.371523 
 4152.4520 | 08739.4360 | 10:13:42 | 221.284178 | 359.371523 
 4152.4520 | 08739.4360 | 10:13:43 | 221.284178 | 359.371523 
 4152.4520 | 08739.4360 | 10:13:44 | 221.284178 | 359.371523 
 4152.4520 | 08739.4360 | 10:13:45 | 221.284178 | 359.371523 
 4152.4520 | 08739.4360 | 10:13:46 | 221.284178 | 359.371523 
 4152.4520 | 08739.4360 | 10:13:47 | 221.284178 | 359.371523 
 4152.4520 | 08739.4360 | 10:13:48 | 221.284178 | 359.371523 
 4152.4520 | 08739.4360 | 10:13:49 | 221.284178 | 359.371523 
 4152.4520 | 08739.4360 | 10:13:50 | 221.284178 | 359.371523 
 4152.4520 | 08739.4360 | 10:13:51 | 221.284178 | 359.371523 
 4152.4520 | 08739.4360 | 10:13:52 | 221.284178 | 359.371523 
 4152.4520 | 08739.4360 | 10:13:53 | 221.284178 | 359.371523 
 4152.4520 | 08739.4360 | 10:13:54 | 221.284178 | 359.371523 
 4152.4513 | 08739.4337 | 10:13:55 | 221.286162 | 359.370733 
 4152.4512 | 08739.4327 | 10:13:56 | 221.287022 | 359.370625 
 4152.4513 | 08739.4312 | 10:13:57 | 221.288311 | 359.370750 
 4152.4515 | 08739.4299 | 10:13:58 | 221.289427 | 359.370989 
 4152.4530 | 08739.4264 | 10:13:59 | 221.292422 | 359.372738 
 4152.4542 | 08739.4236 | 10:14:00 | 221.294818 | 359.374138 
 4152.4551 | 08739.4202 | 10:14:01 | 221.297733 | 359.375196 
 4152.4562 | 08739.4171 | 10:14:02 | 221.300388 | 359.376482 
 4152.4572 | 08739.4138 | 10:14:03 | 221.303216 | 359.377655 
 4152.4580 | 08739.4104 | 10:14:04 | 221.306132 | 359.378598 
 4152.4589 | 08739.4068 | 10:14:05 | 221.309218 | 359.379658 
 4152.4600 | 08739.4027 | 10:14:06 | 221.312733 | 359.380951 
 4152.4608 | 08739.3988 | 10:14:07 | 221.316079 | 359.381897 
 4152.4615 | 08739.3947 | 10:14:08 | 221.319597 | 359.382730 
 4152.4621 | 08739.3899 | 10:14:09 | 221.323718 | 359.383453 
 4152.4625 | 08739.3838 | 10:14:10 | 221.328959 | 359.383954 
 4152.4629 | 08739.3776 | 10:14:11 | 221.334285 | 359.384457 
 4152.4625 | 08739.3674 | 10:14:12 | 221.343058 | 359.384066 
 4152.4499 | 08739.3198 | 10:14:13 | 221.384093 | 359.369895 
 4152.4500 | 08739.3098 | 10:14:14 | 221.392689 | 359.370078 
 4152.4513 | 08739.3001 | 10:14:15 | 221.401017 | 359.371640 
 4152.4521 | 08739.2894 | 10:14:16 | 221.410208 | 359.372633 
 4152.4528 | 08739.2790 | 10:14:17 | 221.419142 | 359.373508 
 4152.4531 | 08739.2690 | 10:14:18 | 221.427737 | 359.373921 
 4152.4534 | 08739.2588 | 10:14:19 | 221.436503 | 359.374336 
 4152.4537 | 08739.2488 | 10:14:20 | 221.445097 | 359.374749 
 4152.4537 | 08739.2388 | 10:14:21 | 221.453694 | 359.374817 
 4152.4534 | 08739.2292 | 10:14:22 | 221.461950 | 359.374537 
 4152.4539 | 08739.2190 | 10:14:23 | 221.470714 | 359.375182 
 4152.4549 | 08739.2109 | 10:14:24 | 221.477668 | 359.376387 
 4152.4557 | 08739.2009 | 10:14:25 | 221.486258 | 359.377376 
 4152.4566 | 08739.1908 | 10:14:26 | 221.494933 | 359.378480 
 4152.4577 | 08739.1818 | 10:14:27 | 221.502660 | 359.379806 
 4152.4583 | 08739.1723 | 10:14:28 | 221.510821 | 359.380561 
 4152.4600 | 08739.1677 | 10:14:29 | 221.514761 | 359.382548 
 4152.4610 | 08739.1609 | 10:14:30 | 221.520597 | 359.383744 
 4152.4656 | 08739.1515 | 10:14:31 | 221.528636 | 359.389100 
 4152.4660 | 08739.1449 | 10:14:32 | 221.534307 | 359.389605 
 4152.4660 | 08739.1384 | 10:14:33 | 221.539895 | 359.389649 
 4152.4659 | 08739.1321 | 10:14:34 | 221.545312 | 359.389577 
 4152.4649 | 08739.1261 | 10:14:35 | 221.550479 | 359.388468 
 4152.4565 | 08739.1369 | 10:14:36 | 221.541271 | 359.378732 
 4152.4546 | 08739.1376 | 10:14:37 | 221.540687 | 359.376542 
 4152.4550 | 08739.1369 | 10:14:38 | 221.541285 | 359.377007 
 4152.4549 | 08739.1371 | 10:14:39 | 221.541114 | 359.376890 
 4152.4541 | 08739.1371 | 10:14:40 | 221.541121 | 359.375970 
 4152.4542 | 08739.1371 | 10:14:41 | 221.541120 | 359.376085 
 4152.4542 | 08739.1370 | 10:14:42 | 221.541206 | 359.376086 
 4152.4542 | 08739.1370 | 10:14:43 | 221.541206 | 359.376086 
 4152.4542 | 08739.1370 | 10:14:44 | 221.541206 | 359.376086 
 4152.4542 | 08739.1370 | 10:14:45 | 221.541206 | 359.376086 
 4152.4542 | 08739.1370 | 10:14:46 | 221.541206 | 359.376086 
 4152.4542 | 08739.1370 | 10:14:47 | 221.541206 | 359.376086 
 4152.4544 | 08739.1341 | 10:14:48 | 221.543697 | 359.376336 
 4152.4545 | 08739.1325 | 10:14:49 | 221.545072 | 359.376461 
 4152.4547 | 08739.1308 | 10:14:50 | 221.546532 | 359.376703 
 4152.4549 | 08739.1292 | 10:14:51 | 221.547905 | 359.376944 
 4152.4551 | 08739.1275 | 10:14:52 | 221.549365 | 359.377186 
 4152.4550 | 08739.1201 | 10:14:53 | 221.555727 | 359.377121 
 4152.4552 | 08739.1106 | 10:14:54 | 221.563893 | 359.377416 
 4152.4548 | 08739.1024 | 10:14:55 | 221.570946 | 359.377012 
 4152.4554 | 08739.0963 | 10:14:56 | 221.576185 | 359.377744 
 4152.4558 | 08739.0902 | 10:14:57 | 221.581425 | 359.378246 
 4152.4560 | 08739.0842 | 10:14:58 | 221.586581 | 359.378517 
 4152.4563 | 08739.0770 | 10:14:59 | 221.592768 | 359.378911 
 4152.4567 | 08739.0706 | 10:15:00 | 221.598267 | 359.379415 
 4152.4582 | 08739.0577 | 10:15:01 | 221.609343 | 359.381228 
 4152.4592 | 08739.0494 | 10:15:02 | 221.616469 | 359.382435 
 4152.4621 | 08739.0257 | 10:15:04 | 221.636817 | 359.385933 
 4152.4634 | 08739.0166 | 10:15:05 | 221.644629 | 359.387491 
 4152.4644 | 08739.0087 | 10:15:06 | 221.651411 | 359.388695 
 4152.4619 | 08738.9998 | 10:15:07 | 221.659085 | 359.385880 
 4152.4605 | 08738.9917 | 10:15:08 | 221.666062 | 359.384325 
 4152.4599 | 08738.9838 | 10:15:09 | 221.672859 | 359.383689 
 4152.4580 | 08738.9682 | 10:15:11 | 221.686287 | 359.381610 
 4152.4555 | 08738.9611 | 10:15:12 | 221.692414 | 359.378783 
 4152.4541 | 08738.9540 | 10:15:13 | 221.698531 | 359.377222 
 4152.4530 | 08738.9474 | 10:15:14 | 221.704215 | 359.376002 
 4152.4507 | 08738.9421 | 10:15:15 | 221.708792 | 359.373392 
 4152.4489 | 08738.9374 | 10:15:16 | 221.712849 | 359.371354 
 4152.4476 | 08738.9342 | 10:15:17 | 221.715612 | 359.369881 
 4152.4466 | 08738.9312 | 10:15:18 | 221.718200 | 359.368751 
 4152.4464 | 08738.9276 | 10:15:20 | 221.721297 | 359.368546 
 4152.4475 | 08738.9296 | 10:15:21 | 221.719568 | 359.369797 
 4152.4480 | 08738.9297 | 10:15:22 | 221.719477 | 359.370372 
 4152.4486 | 08738.9301 | 10:15:23 | 221.719128 | 359.371059 
 4152.4578 | 08738.9571 | 10:15:24 | 221.695832 | 359.381456 
 4152.4592 | 08738.9552 | 10:15:25 | 221.697452 | 359.383080 
 4152.4600 | 08738.9501 | 10:15:26 | 221.701829 | 359.384035 
 4152.4607 | 08738.9445 | 10:15:27 | 221.706637 | 359.384879 
 4152.4615 | 08738.9388 | 10:15:28 | 221.711530 | 359.385838 
 4152.4621 | 08738.9331 | 10:15:29 | 221.716425 | 359.386567 
 4152.4626 | 08738.9276 | 10:15:30 | 221.721149 | 359.387180 
 4152.4630 | 08738.9220 | 10:15:31 | 221.725959 | 359.387678 
 4152.4635 | 08738.9166 | 10:15:32 | 221.730597 | 359.388291 
 4152.4588 | 08738.9094 | 10:15:33 | 221.736830 | 359.382934 
 4152.4587 | 08738.9041 | 10:15:34 | 221.741387 | 359.382855 
 4152.4584 | 08738.8987 | 10:15:35 | 221.746032 | 359.382547 
 4152.4581 | 08738.8932 | 10:15:36 | 221.750763 | 359.382240 
 4152.4578 | 08738.8878 | 10:15:37 | 221.755408 | 359.381932 
 4152.4575 | 08738.8826 | 10:15:38 | 221.759881 | 359.381622 
 4152.4572 | 08738.8772 | 10:15:39 | 221.764527 | 359.381314 
 4152.4569 | 08738.8722 | 10:15:40 | 221.768828 | 359.381004 
 4152.4575 | 08738.8846 | 10:15:41 | 221.758162 | 359.381609 
 4152.4572 | 08738.8837 | 10:15:42 | 221.758939 | 359.381270 
 4152.4572 | 08738.8821 | 10:15:43 | 221.760314 | 359.381281 
 4152.4574 | 08738.8793 | 10:15:44 | 221.762719 | 359.381530 
 4152.4575 | 08738.8766 | 10:15:45 | 221.765040 | 359.381663 
 4152.4574 | 08738.8740 | 10:15:46 | 221.767276 | 359.381566 
 4152.4573 | 08738.8713 | 10:15:47 | 221.769598 | 359.381470 
 4152.4574 | 08738.8686 | 10:15:48 | 221.771918 | 359.381603 
 4152.4574 | 08738.8659 | 10:15:49 | 221.774239 | 359.381622 
 4152.4576 | 08738.8630 | 10:15:50 | 221.776731 | 359.381872 
 4152.4576 | 08738.8601 | 10:15:51 | 221.779224 | 359.381892 
 4152.4573 | 08738.8570 | 10:15:52 | 221.781891 | 359.381568 
 4152.4518 | 08738.8496 | 10:15:53 | 221.788304 | 359.375292 
 4152.4517 | 08738.8461 | 10:15:54 | 221.791314 | 359.375201 
 4152.4422 | 08738.8314 | 10:15:57 | 221.804038 | 359.364375 
 4152.4409 | 08738.8276 | 10:15:58 | 221.807317 | 359.362906 
 4152.4390 | 08738.8246 | 10:15:59 | 221.809914 | 359.360741 
 4152.4370 | 08738.8215 | 10:16:00 | 221.812597 | 359.358462 
 4152.4351 | 08738.8184 | 10:16:01 | 221.815280 | 359.356298 
 4152.4333 | 08738.8155 | 10:16:02 | 221.817789 | 359.354247 
 4152.4252 | 08738.8169 | 10:16:03 | 221.816660 | 359.344920 
 4152.4222 | 08738.8147 | 10:16:04 | 221.818579 | 359.341485 
 4152.4187 | 08738.8131 | 10:16:05 | 221.819987 | 359.337470 
 4152.4146 | 08738.8120 | 10:16:06 | 221.820970 | 359.332761 
 4152.4114 | 08738.8099 | 10:16:07 | 221.822805 | 359.329095 
 4152.4077 | 08738.8087 | 10:16:08 | 221.823871 | 359.324847 
 4152.4036 | 08738.8078 | 10:16:09 | 221.824682 | 359.320138 
 4152.3994 | 08738.8062 | 10:16:10 | 221.826096 | 359.315317 
 4152.3934 | 08738.8057 | 10:16:11 | 221.826582 | 359.308419 
 4152.3862 | 08738.8057 | 10:16:12 | 221.826648 | 359.300138 
 4152.3804 | 08738.8065 | 10:16:13 | 221.826013 | 359.293461 
 4152.3732 | 08738.8065 | 10:16:14 | 221.826080 | 359.285179 
 4152.3628 | 08738.8024 | 10:16:15 | 221.829700 | 359.273244 
 4152.3588 | 08738.7999 | 10:16:16 | 221.831886 | 359.268661 
 4152.3525 | 08738.8042 | 10:16:17 | 221.828247 | 359.261384 
 4152.3460 | 08738.8048 | 10:16:18 | 221.827791 | 359.253904 
 4152.3400 | 08738.8068 | 10:16:19 | 221.826127 | 359.246988 
 4152.3348 | 08738.8065 | 10:16:20 | 221.826433 | 359.241009 
 4152.3300 | 08738.8072 | 10:16:21 | 221.825875 | 359.235483 
 4152.3259 | 08738.8063 | 10:16:22 | 221.826687 | 359.230773 
 4152.3207 | 08738.8085 | 10:16:23 | 221.824843 | 359.224777 
 4152.3174 | 08738.8099 | 10:16:24 | 221.823670 | 359.220971 
 4152.3123 | 08738.8102 | 10:16:25 | 221.823459 | 359.215103 
 4152.3084 | 08738.8120 | 10:16:26 | 221.821947 | 359.210605 
 4152.3078 | 08738.8216 | 10:16:27 | 221.813699 | 359.209848 
 4152.3078 | 08738.8247 | 10:16:28 | 221.811034 | 359.209827 
 4152.3196 | 08738.8191 | 10:16:29 | 221.815740 | 359.223439 
 4152.3280 | 08738.8263 | 10:16:30 | 221.809473 | 359.233051 
 4152.3267 | 08738.8286 | 10:16:31 | 221.807508 | 359.231540 
 4152.3252 | 08738.8322 | 10:16:32 | 221.804426 | 359.229790 
 4152.3242 | 08738.8339 | 10:16:33 | 221.802974 | 359.228628 
 4152.3232 | 08738.8355 | 10:16:34 | 221.801608 | 359.227467 
 4152.3221 | 08738.8372 | 10:16:35 | 221.800156 | 359.226190 
 4152.3211 | 08738.8390 | 10:16:36 | 221.798618 | 359.225027 
 4152.3202 | 08738.8407 | 10:16:37 | 221.797165 | 359.223980 
 4152.3192 | 08738.8415 | 10:16:38 | 221.796486 | 359.222825 
 4152.3180 | 08738.8435 | 10:16:39 | 221.794778 | 359.221430 
 4152.3192 | 08738.8371 | 10:16:40 | 221.800269 | 359.222855 
 4152.3189 | 08738.8367 | 10:16:41 | 221.800616 | 359.222512 
 4152.3195 | 08738.8372 | 10:16:42 | 221.800180 | 359.223199 
 4152.3189 | 08738.8378 | 10:16:43 | 221.799670 | 359.222505 
 4152.3199 | 08738.8383 | 10:16:44 | 221.799231 | 359.223652 
 4152.3196 | 08738.8390 | 10:16:45 | 221.798632 | 359.223302 
 4152.3192 | 08738.8383 | 10:16:46 | 221.799237 | 359.222847 
 4152.3189 | 08738.8390 | 10:16:47 | 221.798638 | 359.222497 
 4152.3187 | 08738.8398 | 10:16:48 | 221.797952 | 359.222261 
 4152.3182 | 08738.8408 | 10:16:49 | 221.797097 | 359.221679 
 4152.3179 | 08738.8416 | 10:16:50 | 221.796412 | 359.221329 
 4152.3180 | 08738.8425 | 10:16:51 | 221.795637 | 359.221437 
 4152.3179 | 08738.8433 | 10:16:52 | 221.794951 | 359.221317 
 4152.3179 | 08738.8442 | 10:16:53 | 221.794177 | 359.221311 
 4152.3176 | 08738.8450 | 10:16:54 | 221.793492 | 359.220960 
 4152.3174 | 08738.8458 | 10:16:55 | 221.792806 | 359.220725 
 4152.3173 | 08738.8466 | 10:16:56 | 221.792119 | 359.220604 
 4152.3174 | 08738.8472 | 10:16:57 | 221.791602 | 359.220715 
 4152.3173 | 08738.8483 | 10:16:58 | 221.790657 | 359.220592 
 4152.3171 | 08738.8491 | 10:16:59 | 221.789972 | 359.220357 
 4152.3171 | 08738.8499 | 10:17:00 | 221.789284 | 359.220351 
 4152.3169 | 08738.8505 | 10:17:01 | 221.788770 | 359.220117 
 4152.3168 | 08738.8513 | 10:17:02 | 221.788083 | 359.219997 
 4152.3171 | 08738.8514 | 10:17:03 | 221.787994 | 359.220341 
 4152.3170 | 08738.8518 | 10:17:04 | 221.787651 | 359.220223 
 4152.3170 | 08738.8523 | 10:17:05 | 221.787221 | 359.220220 
 4152.3169 | 08738.8528 | 10:17:06 | 221.786792 | 359.220101 
 4152.3167 | 08738.8551 | 10:17:09 | 221.784817 | 359.219855 
 4152.3166 | 08738.8574 | 10:17:12 | 221.782840 | 359.219725 
 4152.3165 | 08738.8584 | 10:17:13 | 221.781982 | 359.219603 
 4152.3180 | 08738.8916 | 10:18:04 | 221.753425 | 359.221100 
 4152.3178 | 08738.8887 | 10:18:05 | 221.755920 | 359.220890 
 4152.3202 | 08738.8878 | 10:18:06 | 221.756672 | 359.223657 
 4152.3130 | 08738.9110 | 10:18:07 | 221.736792 | 359.215216 
 4152.3123 | 08738.9051 | 10:18:08 | 221.741871 | 359.214451 
 4152.3130 | 08738.9039 | 10:18:09 | 221.742896 | 359.215265 
 4152.3128 | 08738.9044 | 10:18:10 | 221.742468 | 359.215031 
 4152.3127 | 08738.9054 | 10:18:11 | 221.741610 | 359.214909 
 4152.3094 | 08738.9066 | 10:18:12 | 221.740608 | 359.211105 
 4152.3093 | 08738.9072 | 10:18:13 | 221.740093 | 359.210986 
 4152.3094 | 08738.9082 | 10:18:14 | 221.739233 | 359.211094 
 4152.3093 | 08738.9089 | 10:18:15 | 221.738632 | 359.210974 
 4152.3092 | 08738.9095 | 10:18:16 | 221.738117 | 359.210855 
 4152.3092 | 08738.9101 | 10:18:17 | 221.737601 | 359.210851 
 4152.3091 | 08738.9106 | 10:18:18 | 221.737172 | 359.210733 
 4152.3090 | 08738.9112 | 10:18:19 | 221.736657 | 359.210613 
 4152.3089 | 08738.9116 | 10:18:20 | 221.736314 | 359.210496 
 4152.3087 | 08738.9125 | 10:18:22 | 221.735542 | 359.210259 
 4152.3075 | 08738.9138 | 10:18:26 | 221.734436 | 359.208870 
 4152.3034 | 08738.9103 | 10:18:32 | 221.737482 | 359.204178 
 4152.3017 | 08738.9097 | 10:18:34 | 221.738014 | 359.202227 
 4152.2995 | 08738.9070 | 10:18:37 | 221.740355 | 359.199715 
 4152.2985 | 08738.9053 | 10:18:38 | 221.741826 | 359.198576 
 4152.2946 | 08738.9048 | 10:18:40 | 221.742291 | 359.194094 
 4152.2960 | 08738.9107 | 10:18:41 | 221.737206 | 359.195664 
 4152.2936 | 08738.9071 | 10:18:44 | 221.740323 | 359.192928 
 4152.2930 | 08738.9066 | 10:18:45 | 221.740759 | 359.192241 
 4152.2922 | 08738.9055 | 10:18:46 | 221.741712 | 359.191328 
 4152.2907 | 08738.9050 | 10:18:48 | 221.742155 | 359.189606 
 4152.2898 | 08738.9051 | 10:18:49 | 221.742078 | 359.188570 
 4152.2880 | 08738.9044 | 10:18:52 | 221.742696 | 359.186505 
 4152.2876 | 08738.9039 | 10:18:53 | 221.743129 | 359.186048 
 4152.2869 | 08738.9030 | 10:18:54 | 221.743910 | 359.185249 
 4152.2865 | 08738.9029 | 10:18:55 | 221.743999 | 359.184790 
 4152.2956 | 08738.9040 | 10:18:56 | 221.742970 | 359.195249 
 4152.2956 | 08738.9057 | 10:18:57 | 221.741509 | 359.195238 
 4152.2920 | 08738.9199 | 10:18:58 | 221.729333 | 359.191000 
 4152.2917 | 08738.9210 | 10:18:59 | 221.728390 | 359.190647 
 4152.2924 | 08738.9190 | 10:19:00 | 221.730104 | 359.191466 
 4152.2923 | 08738.9195 | 10:19:01 | 221.729675 | 359.191347 
 4152.2900 | 08738.9229 | 10:19:02 | 221.726773 | 359.188678 
 4152.2896 | 08738.9242 | 10:19:03 | 221.725659 | 359.188209 
 4152.2892 | 08738.9254 | 10:19:04 | 221.724631 | 359.187741 
 4152.2888 | 08738.9265 | 10:19:05 | 221.723689 | 359.187273 
 4152.2884 | 08738.9277 | 10:19:06 | 221.722661 | 359.186805 
 4152.2851 | 08738.9278 | 10:19:07 | 221.722605 | 359.183009 
 4152.2841 | 08738.9247 | 10:19:08 | 221.725279 | 359.181880 
 4152.2835 | 08738.9248 | 10:19:09 | 221.725199 | 359.181189 
 4152.2825 | 08738.9248 | 10:19:10 | 221.725208 | 359.180039 
 4152.2811 | 08738.9248 | 10:19:11 | 221.725221 | 359.178428 
 4152.2801 | 08738.9250 | 10:19:12 | 221.725058 | 359.177277 
 4152.2793 | 08738.9252 | 10:19:13 | 221.724893 | 359.176355 
 4152.2785 | 08738.9255 | 10:19:14 | 221.724643 | 359.175433 
 4152.2778 | 08738.9257 | 10:19:15 | 221.724477 | 359.174626 
 4152.2771 | 08738.9256 | 10:19:16 | 221.724570 | 359.173822 
 4152.2764 | 08738.9258 | 10:19:17 | 221.724404 | 359.173015 
 4152.2758 | 08738.9259 | 10:19:18 | 221.724324 | 359.172324 
 4152.2749 | 08738.9272 | 10:19:19 | 221.723214 | 359.171280 
 4152.2742 | 08738.9276 | 10:19:20 | 221.722877 | 359.170472 
 4152.2735 | 08738.9279 | 10:19:21 | 221.722625 | 359.169665 
 4152.2729 | 08738.9284 | 10:19:22 | 221.722201 | 359.168971 
 4152.2719 | 08738.9293 | 10:19:23 | 221.721436 | 359.167815 
 4152.2711 | 08738.9293 | 10:19:24 | 221.721444 | 359.166895 
 4152.2707 | 08738.9269 | 10:19:25 | 221.723511 | 359.166451 
 4152.2699 | 08738.9268 | 10:19:26 | 221.723604 | 359.165532 
 4152.2690 | 08738.9268 | 10:19:27 | 221.723612 | 359.164496 
 4152.2680 | 08738.9267 | 10:19:28 | 221.723707 | 359.163347 
 4152.2672 | 08738.9266 | 10:19:29 | 221.723801 | 359.162427 
 4152.2664 | 08738.9265 | 10:19:30 | 221.723894 | 359.161508 
 4152.2655 | 08738.9264 | 10:19:31 | 221.723988 | 359.160473 
 4152.2648 | 08738.9264 | 10:19:32 | 221.723995 | 359.159668 
 4152.2641 | 08738.9267 | 10:19:33 | 221.723743 | 359.158861 
 4152.2632 | 08738.9269 | 10:19:34 | 221.723580 | 359.157824 
 4152.2622 | 08738.9275 | 10:19:35 | 221.723073 | 359.156670 
 4152.2623 | 08738.9282 | 10:19:36 | 221.722470 | 359.156780 
 4152.2626 | 08738.9255 | 10:19:37 | 221.724789 | 359.157144 
 4152.2620 | 08738.9255 | 10:19:38 | 221.724794 | 359.156454 
 4152.2614 | 08738.9253 | 10:19:39 | 221.724972 | 359.155765 
 4152.2608 | 08738.9252 | 10:19:40 | 221.725063 | 359.155075 
 4152.2603 | 08738.9251 | 10:19:41 | 221.725154 | 359.154501 
 4152.2594 | 08738.9253 | 10:19:42 | 221.724990 | 359.153464 
 4152.2587 | 08738.9252 | 10:19:43 | 221.725082 | 359.152660 
 4152.2580 | 08738.9250 | 10:19:44 | 221.725261 | 359.151856 
 4152.2566 | 08738.9257 | 10:19:45 | 221.724672 | 359.150241 
 4152.2556 | 08738.9257 | 10:19:46 | 221.724681 | 359.149091 
 4152.2547 | 08738.9256 | 10:19:47 | 221.724775 | 359.148056 
 4152.2537 | 08738.9254 | 10:19:48 | 221.724956 | 359.146907 
 4152.2528 | 08738.9254 | 10:19:49 | 221.724965 | 359.145872 
 4152.2518 | 08738.9252 | 10:19:50 | 221.725146 | 359.144723 
 4152.2509 | 08738.9251 | 10:19:51 | 221.725240 | 359.143688 
 4152.2510 | 08738.9255 | 10:19:52 | 221.724895 | 359.143801 
 4152.2503 | 08738.9255 | 10:19:53 | 221.724901 | 359.142996 
 4152.2507 | 08738.9257 | 10:19:54 | 221.724726 | 359.143454 
 4152.2499 | 08738.9256 | 10:19:55 | 221.724819 | 359.142535 
 4152.2500 | 08738.9258 | 10:19:56 | 221.724646 | 359.142648 
 4152.2496 | 08738.9259 | 10:19:57 | 221.724564 | 359.142188 
 4152.2476 | 08738.9253 | 10:20:03 | 221.725098 | 359.139891 
