 4152.2514 | 08738.8352 | 17:42:20 | 221.802526 | 359.144881 | 3
 4152.2477 | 08738.8291 | 17:42:21 | 221.807804 | 359.140667 | 3
 4152.2502 | 08738.8337 | 17:42:22 | 221.803826 | 359.143511 | 3
 4152.2500 | 08738.8371 | 17:42:23 | 221.800905 | 359.143257 | 3
 4152.2522 | 08738.8392 | 17:42:24 | 221.799079 | 359.145773 | 3
 4152.2537 | 08738.8409 | 17:42:25 | 221.797604 | 359.147487 | 3
 4152.2521 | 08738.8373 | 17:42:26 | 221.800714 | 359.145671 | 3
 4152.2500 | 08738.8368 | 17:42:27 | 221.801163 | 359.143259 | 3
 4152.2479 | 08738.8326 | 17:42:28 | 221.804793 | 359.140873 | 3
 4152.2453 | 08738.8317 | 17:42:29 | 221.805591 | 359.137888 | 3
 4152.2451 | 08738.8312 | 17:42:30 | 221.806023 | 359.137662 | 3
 4152.2455 | 08738.8344 | 17:42:31 | 221.803268 | 359.138100 | 3
 4152.2440 | 08738.8255 | 17:42:32 | 221.810933 | 359.136435 | 3
 4152.2468 | 08738.8333 | 17:42:33 | 221.804202 | 359.139603 | 3
 4152.2498 | 08738.8389 | 17:42:35 | 221.799359 | 359.143015 | 3
 4152.2502 | 08738.8356 | 17:42:36 | 221.802193 | 359.143498 | 3
 4152.2483 | 08738.8316 | 17:42:37 | 221.805649 | 359.141340 | 3
 4152.2483 | 08738.8296 | 17:42:38 | 221.807369 | 359.141353 | 3
 4152.2478 | 08738.8296 | 17:42:39 | 221.807373 | 359.140778 | 3
 4152.2462 | 08738.8276 | 17:42:40 | 221.809108 | 359.138952 | 3
 4152.2480 | 08738.8286 | 17:42:41 | 221.808231 | 359.141015 | 3
 4152.2444 | 08738.8188 | 17:42:42 | 221.816690 | 359.136942 | 3
 4152.2428 | 08738.8108 | 17:42:43 | 221.823582 | 359.135156 | 3
 4152.2436 | 08738.8107 | 17:42:44 | 221.823661 | 359.136077 | 3
 4152.2444 | 08738.8085 | 17:42:45 | 221.825545 | 359.137012 | 3
 4152.2415 | 08738.8051 | 17:42:46 | 221.828495 | 359.133700 | 3
 4152.2415 | 08738.8037 | 17:42:47 | 221.829699 | 359.133710 | 3
 4152.2423 | 08738.8065 | 17:42:49 | 221.827284 | 359.134611 | 3
 4152.2430 | 08738.8130 | 17:42:51 | 221.821689 | 359.135371 | 3
 4152.2415 | 08738.8103 | 17:42:52 | 221.824024 | 359.133664 | 3
 4152.2423 | 08738.8096 | 17:42:53 | 221.824619 | 359.134589 | 3
 4152.2406 | 08738.8086 | 17:42:54 | 221.825494 | 359.132641 | 3
 4152.2422 | 08738.8117 | 17:42:55 | 221.822814 | 359.134460 | 3
 4152.2413 | 08738.8128 | 17:42:56 | 221.821877 | 359.133417 | 3
 4152.2422 | 08738.8118 | 17:42:57 | 221.822728 | 359.134459 | 3
 4152.2441 | 08738.8157 | 17:42:59 | 221.819358 | 359.136618 | 3
 4152.2430 | 08738.8160 | 17:43:00 | 221.819110 | 359.135351 | 3
 4152.2393 | 08738.8115 | 17:43:01 | 221.823013 | 359.131126 | 3
 4152.2392 | 08738.8117 | 17:43:02 | 221.822842 | 359.131009 | 3
 4152.2390 | 08738.8119 | 17:43:03 | 221.822672 | 359.130778 | 3
 4152.2385 | 08738.8124 | 17:43:04 | 221.822246 | 359.130199 | 3
 4152.2380 | 08738.8122 | 17:43:05 | 221.822423 | 359.129625 | 3
 4152.2375 | 08738.8122 | 17:43:06 | 221.822428 | 359.129050 | 3
 4152.2371 | 08738.8131 | 17:43:07 | 221.821657 | 359.128584 | 3
 4152.2366 | 08738.8129 | 17:43:08 | 221.821834 | 359.128010 | 3
 4152.2347 | 08738.8122 | 17:43:09 | 221.822453 | 359.125830 | 3
 4152.2332 | 08738.8116 | 17:43:10 | 221.822983 | 359.124108 | 3
 4152.2322 | 08738.8116 | 17:43:11 | 221.822992 | 359.122958 | 3
 4152.2308 | 08738.8110 | 17:43:12 | 221.823521 | 359.121352 | 3
 4152.2293 | 08738.8108 | 17:43:13 | 221.823707 | 359.119628 | 3
 4152.2276 | 08738.8105 | 17:43:14 | 221.823980 | 359.117674 | 3
 4152.2252 | 08738.8102 | 17:43:15 | 221.824260 | 359.114916 | 3
 4152.2236 | 08738.8101 | 17:43:16 | 221.824361 | 359.113076 | 3
 4152.2227 | 08738.8102 | 17:43:17 | 221.824283 | 359.112040 | 3
 4152.2241 | 08738.8112 | 17:43:18 | 221.823411 | 359.113644 | 3
 4152.2237 | 08738.8113 | 17:43:19 | 221.823328 | 359.113183 | 3
 4152.2246 | 08738.8104 | 17:43:20 | 221.824094 | 359.114224 | 3
 4152.2239 | 08738.8108 | 17:43:21 | 221.823756 | 359.113416 | 3
 4152.2239 | 08738.8112 | 17:43:22 | 221.823412 | 359.113414 | 3
 4152.2257 | 08738.8123 | 17:43:23 | 221.822450 | 359.115477 | 3
 4152.2266 | 08738.8130 | 17:43:24 | 221.821840 | 359.116507 | 3
 4152.2276 | 08738.8137 | 17:43:25 | 221.821229 | 359.117652 | 3
 4152.2286 | 08738.8144 | 17:43:26 | 221.820618 | 359.118798 | 3
 4152.2278 | 08738.8142 | 17:43:27 | 221.820797 | 359.117879 | 3
 4152.2268 | 08738.8143 | 17:43:29 | 221.820721 | 359.116728 | 3
 4152.2279 | 08738.8149 | 17:43:30 | 221.820195 | 359.117989 | 3
 4152.2264 | 08738.8145 | 17:43:31 | 221.820552 | 359.116267 | 3
 4152.2252 | 08738.8141 | 17:43:32 | 221.820907 | 359.114889 | 3
 4152.2240 | 08738.8137 | 17:43:33 | 221.821262 | 359.113512 | 3
 4152.2227 | 08738.8132 | 17:43:34 | 221.821704 | 359.112020 | 3
 4152.2217 | 08738.8128 | 17:43:35 | 221.822057 | 359.110872 | 3
 4152.2206 | 08738.8125 | 17:43:36 | 221.822325 | 359.109609 | 3
 4152.2196 | 08738.8122 | 17:43:37 | 221.822592 | 359.108461 | 3
 4152.2188 | 08738.8120 | 17:43:38 | 221.822772 | 359.107542 | 3
 4152.2179 | 08738.8117 | 17:43:39 | 221.823038 | 359.106509 | 3
 4152.2169 | 08738.8113 | 17:43:40 | 221.823391 | 359.105361 | 3
 4152.2161 | 08738.8113 | 17:43:41 | 221.823398 | 359.104441 | 3
 4152.2151 | 08738.8109 | 17:43:42 | 221.823751 | 359.103294 | 3
 4152.2138 | 08738.8113 | 17:43:44 | 221.823419 | 359.101795 | 3
 4152.2146 | 08738.8121 | 17:43:45 | 221.822724 | 359.102710 | 3
 4152.2134 | 08738.8119 | 17:43:46 | 221.822907 | 359.101331 | 3
 4152.2126 | 08738.8120 | 17:43:47 | 221.822829 | 359.100410 | 3
 4152.2120 | 08738.8121 | 17:43:48 | 221.822748 | 359.099719 | 3
 4152.2114 | 08738.8123 | 17:43:49 | 221.822582 | 359.099028 | 3
 4152.2104 | 08738.8125 | 17:43:50 | 221.822419 | 359.097876 | 3
 4152.2097 | 08738.8127 | 17:43:51 | 221.822253 | 359.097070 | 3
 4152.2090 | 08738.8128 | 17:43:52 | 221.822174 | 359.096264 | 3
 4152.2093 | 08738.8137 | 17:43:53 | 221.821397 | 359.096603 | 3
 4152.2088 | 08738.8141 | 17:43:54 | 221.821058 | 359.096025 | 3
 4152.2085 | 08738.8145 | 17:43:55 | 221.820717 | 359.095677 | 3
 4152.2080 | 08738.8149 | 17:43:56 | 221.820378 | 359.095099 | 3
 4152.2078 | 08738.8155 | 17:43:57 | 221.819864 | 359.094865 | 3
 4152.2075 | 08738.8159 | 17:43:58 | 221.819522 | 359.094517 | 3
 4152.2071 | 08738.8163 | 17:43:59 | 221.819182 | 359.094054 | 3
 4152.2068 | 08738.8168 | 17:44:00 | 221.818755 | 359.093706 | 3
 4152.2065 | 08738.8172 | 17:44:01 | 221.818414 | 359.093358 | 3
 4152.2062 | 08738.8176 | 17:44:02 | 221.818073 | 359.093010 | 3
 4152.2100 | 08738.8114 | 17:44:03 | 221.823368 | 359.097424 | 3
 4152.2117 | 08738.8086 | 17:44:04 | 221.825760 | 359.099398 | 3
 4152.2118 | 08738.8082 | 17:44:05 | 221.826103 | 359.099516 | 3
 4152.2087 | 08738.8132 | 17:44:06 | 221.821833 | 359.095916 | 3
 4152.2090 | 08738.8125 | 17:44:07 | 221.822432 | 359.096266 | 3
 4152.2088 | 08738.8127 | 17:44:08 | 221.822262 | 359.096035 | 3
 4152.2087 | 08738.8128 | 17:44:09 | 221.822177 | 359.095919 | 3
 4152.2080 | 08738.8142 | 17:44:10 | 221.820979 | 359.095104 | 3
 4152.2079 | 08738.8144 | 17:44:11 | 221.820808 | 359.094988 | 3
 4152.2079 | 08738.8144 | 17:44:12 | 221.820808 | 359.094988 | 3
 4152.2079 | 08738.8144 | 17:44:13 | 221.820808 | 359.094988 | 3
 4152.2079 | 08738.8144 | 17:44:14 | 221.820808 | 359.094988 | 3
 4152.2079 | 08738.8144 | 17:44:15 | 221.820808 | 359.094988 | 3
 4152.2079 | 08738.8144 | 17:44:16 | 221.820808 | 359.094988 | 3
 4152.2079 | 08738.8144 | 17:44:18 | 221.820808 | 359.094988 | 3
 4152.2079 | 08738.8144 | 17:44:19 | 221.820808 | 359.094988 | 3
 4152.2079 | 08738.8144 | 17:44:20 | 221.820808 | 359.094988 | 3
 4152.2079 | 08738.8144 | 17:44:21 | 221.820808 | 359.094988 | 3
 4152.2079 | 08738.8144 | 17:44:22 | 221.820808 | 359.094988 | 3
 4152.2079 | 08738.8144 | 17:44:23 | 221.820808 | 359.094988 | 3
 4152.2079 | 08738.8144 | 17:44:24 | 221.820808 | 359.094988 | 3
 4152.2079 | 08738.8144 | 17:44:25 | 221.820808 | 359.094988 | 3
 4152.2079 | 08738.8144 | 17:44:26 | 221.820808 | 359.094988 | 3
 4152.2079 | 08738.8144 | 17:44:27 | 221.820808 | 359.094988 | 3
 4152.2079 | 08738.8144 | 17:44:28 | 221.820808 | 359.094988 | 3
 4152.2079 | 08738.8144 | 17:44:29 | 221.820808 | 359.094988 | 3
 4152.2079 | 08738.8144 | 17:44:30 | 221.820808 | 359.094988 | 3
 4152.2079 | 08738.8144 | 17:44:31 | 221.820808 | 359.094988 | 3
 4152.2079 | 08738.8144 | 17:44:32 | 221.820808 | 359.094988 | 3
 4152.2079 | 08738.8144 | 17:44:33 | 221.820808 | 359.094988 | 3
 4152.2079 | 08738.8144 | 17:44:34 | 221.820808 | 359.094988 | 3
 4152.2079 | 08738.8144 | 17:44:35 | 221.820808 | 359.094988 | 3
 4152.2079 | 08738.8144 | 17:44:36 | 221.820808 | 359.094988 | 3
 4152.2079 | 08738.8144 | 17:44:37 | 221.820808 | 359.094988 | 3
 4152.2079 | 08738.8144 | 17:44:38 | 221.820808 | 359.094988 | 3
 4152.2079 | 08738.8144 | 17:44:41 | 221.820808 | 359.094988 | 3
 4152.2079 | 08738.8144 | 17:44:42 | 221.820808 | 359.094988 | 3
 4152.2079 | 08738.8144 | 17:44:43 | 221.820808 | 359.094988 | 3
 4152.2079 | 08738.8144 | 17:44:44 | 221.820808 | 359.094988 | 3
 4152.2079 | 08738.8144 | 17:44:45 | 221.820808 | 359.094988 | 3
 4152.2079 | 08738.8144 | 17:44:46 | 221.820808 | 359.094988 | 3
 4152.2079 | 08738.8144 | 17:44:47 | 221.820808 | 359.094988 | 3
 4152.2079 | 08738.8144 | 17:44:48 | 221.820808 | 359.094988 | 3
 4152.2079 | 08738.8144 | 17:44:49 | 221.820808 | 359.094988 | 3
 4152.1929 | 08738.8113 | 17:44:50 | 221.823612 | 359.077755 | 3
 4152.1925 | 08738.8113 | 17:44:51 | 221.823615 | 359.077295 | 3
 4152.1923 | 08738.8115 | 17:44:52 | 221.823445 | 359.077064 | 3
 4152.1919 | 08738.8115 | 17:44:53 | 221.823449 | 359.076604 | 3
 4152.1916 | 08738.8116 | 17:44:54 | 221.823366 | 359.076258 | 3
 4152.1913 | 08738.8117 | 17:44:55 | 221.823282 | 359.075912 | 3
 4152.1910 | 08738.8118 | 17:44:56 | 221.823199 | 359.075566 | 3
 4152.1907 | 08738.8118 | 17:44:57 | 221.823202 | 359.075221 | 3
 4152.1902 | 08738.8117 | 17:44:58 | 221.823293 | 359.074647 | 3
 4152.1898 | 08738.8118 | 17:44:59 | 221.823210 | 359.074186 | 3
 4152.1895 | 08738.8118 | 17:45:00 | 221.823213 | 359.073841 | 3
 4152.1889 | 08738.8119 | 17:45:01 | 221.823133 | 359.073150 | 3
 4152.1884 | 08738.8118 | 17:45:02 | 221.823223 | 359.072576 | 3
 4152.1880 | 08738.8117 | 17:45:03 | 221.823313 | 359.072116 | 3
 4152.1876 | 08738.8116 | 17:45:04 | 221.823402 | 359.071657 | 3
 4152.1874 | 08738.8114 | 17:45:05 | 221.823576 | 359.071428 | 3
 4152.1874 | 08738.8111 | 17:45:06 | 221.823834 | 359.071430 | 3
 4152.1876 | 08738.8106 | 17:45:07 | 221.824262 | 359.071664 | 3
 4152.1873 | 08738.8106 | 17:45:08 | 221.824265 | 359.071319 | 3
 4152.1872 | 08738.8107 | 17:45:09 | 221.824180 | 359.071203 | 3
 4152.1872 | 08738.8107 | 17:45:10 | 221.824180 | 359.071203 | 3
 4152.1877 | 08738.8101 | 17:45:11 | 221.824691 | 359.071782 | 3
 4152.1886 | 08738.8089 | 17:45:13 | 221.825715 | 359.072826 | 3
 4152.1898 | 08738.8078 | 17:45:14 | 221.826649 | 359.074213 | 3
 4152.1941 | 08738.8074 | 17:45:15 | 221.826954 | 359.079162 | 3
 4152.1994 | 08738.8035 | 17:45:16 | 221.830258 | 359.085285 | 3
 4152.2007 | 08738.8027 | 17:45:17 | 221.830934 | 359.086786 | 3
 4152.2012 | 08738.8019 | 17:45:18 | 221.831617 | 359.087367 | 3
 4152.2015 | 08738.8029 | 17:45:19 | 221.830754 | 359.087705 | 3
 4152.2018 | 08738.8042 | 17:45:20 | 221.829634 | 359.088041 | 3
 4152.2023 | 08738.8037 | 17:45:21 | 221.830059 | 359.088620 | 3
 4152.2029 | 08738.8035 | 17:45:22 | 221.830226 | 359.089311 | 3
 4152.2043 | 08738.8058 | 17:45:23 | 221.828235 | 359.090906 | 3
 4152.2047 | 08738.8056 | 17:45:24 | 221.828404 | 359.091367 | 3
 4152.2050 | 08738.8055 | 17:45:25 | 221.828487 | 359.091713 | 3
 4152.2054 | 08738.8053 | 17:45:26 | 221.828655 | 359.092175 | 3
 4152.2059 | 08738.8051 | 17:45:27 | 221.828822 | 359.092751 | 3
 4152.2062 | 08738.8060 | 17:45:28 | 221.828046 | 359.093090 | 3
 4152.2062 | 08738.8064 | 17:45:29 | 221.827702 | 359.093087 | 3
 4152.2063 | 08738.8068 | 17:45:30 | 221.827357 | 359.093200 | 3
 4152.2067 | 08738.8070 | 17:45:32 | 221.827182 | 359.093658 | 3
 4152.2070 | 08738.8070 | 17:45:33 | 221.827179 | 359.094003 | 3
 4152.2075 | 08738.8068 | 17:45:34 | 221.827346 | 359.094580 | 3
 4152.2073 | 08738.8074 | 17:45:35 | 221.826832 | 359.094346 | 3
 4152.2072 | 08738.8081 | 17:45:37 | 221.826231 | 359.094226 | 3
 4152.2075 | 08738.8081 | 17:45:38 | 221.826228 | 359.094571 | 3
 4152.2078 | 08738.8080 | 17:45:39 | 221.826312 | 359.094917 | 3
 4152.2078 | 08738.8080 | 17:45:40 | 221.826312 | 359.094917 | 3
 4152.2078 | 08738.8080 | 17:45:41 | 221.826312 | 359.094917 | 3
 4152.2078 | 08738.8080 | 17:45:42 | 221.826312 | 359.094917 | 3
 4152.2078 | 08738.8080 | 17:45:43 | 221.826312 | 359.094917 | 3
 4152.2078 | 08738.8080 | 17:45:44 | 221.826312 | 359.094917 | 3
 4152.2078 | 08738.8080 | 17:45:45 | 221.826312 | 359.094917 | 3
 4152.2078 | 08738.8080 | 17:45:46 | 221.826312 | 359.094917 | 3
 4152.2078 | 08738.8080 | 17:45:47 | 221.826312 | 359.094917 | 3
 4152.2108 | 08738.8083 | 17:45:48 | 221.826026 | 359.098365 | 3
 4152.2141 | 08738.8089 | 17:45:49 | 221.825480 | 359.102157 | 3
 4152.2199 | 08738.8164 | 17:45:50 | 221.818979 | 359.108777 | 3
 4152.2209 | 08738.8172 | 17:45:51 | 221.818282 | 359.109922 | 3
 4152.2230 | 08738.8168 | 17:45:52 | 221.818606 | 359.112340 | 3
 4152.2313 | 08738.8095 | 17:45:53 | 221.824806 | 359.121937 | 3
 4152.2331 | 08738.8092 | 17:45:54 | 221.825047 | 359.124010 | 3
 4152.2351 | 08738.8086 | 17:45:55 | 221.825545 | 359.126314 | 3
 4152.2390 | 08738.8089 | 17:45:57 | 221.825251 | 359.130798 | 3
 4152.2410 | 08738.8094 | 17:45:58 | 221.824803 | 359.133095 | 3
 4152.2439 | 08738.8105 | 17:45:59 | 221.823830 | 359.136424 | 3
 4152.2489 | 08738.8231 | 17:46:00 | 221.812952 | 359.142088 | 3
 4152.2517 | 08738.8245 | 17:46:01 | 221.811722 | 359.145299 | 3
 4152.2552 | 08738.8248 | 17:46:02 | 221.811432 | 359.149323 | 3
 4152.2586 | 08738.8256 | 17:46:03 | 221.810713 | 359.153228 | 3
 4152.2620 | 08738.8262 | 17:46:04 | 221.810166 | 359.157135 | 3
 4152.2654 | 08738.8266 | 17:46:05 | 221.809791 | 359.161043 | 3
 4152.2712 | 08738.8293 | 17:46:06 | 221.807416 | 359.167696 | 3
 4152.2758 | 08738.8315 | 17:46:07 | 221.805482 | 359.172972 | 3
 4152.2773 | 08738.8297 | 17:46:08 | 221.807016 | 359.174710 | 3
 4152.2799 | 08738.8286 | 17:46:09 | 221.807938 | 359.177708 | 3
 4152.2823 | 08738.8252 | 17:46:10 | 221.810839 | 359.180492 | 3
 4152.2903 | 08738.8124 | 17:46:11 | 221.821770 | 359.189782 | 3
 4152.2916 | 08738.8104 | 17:46:12 | 221.823477 | 359.191291 | 3
 4152.2941 | 08738.8066 | 17:46:14 | 221.826721 | 359.194193 | 3
 4152.2953 | 08738.8046 | 17:46:15 | 221.828430 | 359.195587 | 3
 4152.2965 | 08738.8027 | 17:46:16 | 221.830052 | 359.196980 | 3
 4152.2977 | 08738.8007 | 17:46:17 | 221.831761 | 359.198375 | 3
 4152.2990 | 08738.7988 | 17:46:18 | 221.833382 | 359.199883 | 3
 4152.3002 | 08738.7970 | 17:46:19 | 221.834919 | 359.201276 | 3
 4152.3007 | 08738.7961 | 17:46:20 | 221.835688 | 359.201857 | 3
 4152.3021 | 08738.7942 | 17:46:21 | 221.837308 | 359.203480 | 3
 4152.3034 | 08738.7922 | 17:46:22 | 221.839016 | 359.204989 | 3
 4152.3050 | 08738.7900 | 17:46:23 | 221.840893 | 359.206845 | 3
 4152.3141 | 08738.7795 | 17:46:24 | 221.849836 | 359.217385 | 3
 4152.3161 | 08738.7773 | 17:46:25 | 221.851709 | 359.219700 | 3
 4152.3182 | 08738.7747 | 17:46:26 | 221.853925 | 359.222134 | 3
 4152.3255 | 08738.7661 | 17:46:27 | 221.861251 | 359.230590 | 3
 4152.3280 | 08738.7636 | 17:46:28 | 221.863377 | 359.233482 | 3
 4152.3305 | 08738.7613 | 17:46:29 | 221.865332 | 359.236374 | 3
 4152.3332 | 08738.7596 | 17:46:30 | 221.866768 | 359.239491 | 3
 4152.3417 | 08738.7545 | 17:46:31 | 221.871075 | 359.249304 | 3
 4152.3456 | 08738.7525 | 17:46:32 | 221.872758 | 359.253803 | 3
 4152.3492 | 08738.7500 | 17:46:33 | 221.874874 | 359.257961 | 3
 4152.3527 | 08738.7471 | 17:46:34 | 221.877335 | 359.262007 | 3
 4152.3599 | 08738.7422 | 17:46:36 | 221.881482 | 359.270323 | 3
 4152.3640 | 08738.7411 | 17:46:37 | 221.882389 | 359.275047 | 3
 4152.3687 | 08738.7419 | 17:46:38 | 221.881658 | 359.280447 | 3
 4152.3730 | 08738.7415 | 17:46:39 | 221.881963 | 359.285396 | 3
 4152.3781 | 08738.7420 | 17:46:40 | 221.881486 | 359.291259 | 3
 4152.3831 | 08738.7423 | 17:46:41 | 221.881182 | 359.297008 | 3
 4152.3880 | 08738.7424 | 17:46:42 | 221.881051 | 359.302644 | 3
 4152.3965 | 08738.7410 | 17:46:44 | 221.882176 | 359.312430 | 3
 4152.4014 | 08738.7429 | 17:46:45 | 221.880497 | 359.318054 | 3
 4152.4191 | 08738.7449 | 17:46:49 | 221.878615 | 359.338399 | 3
 4152.4325 | 08738.7545 | 17:46:51 | 221.870238 | 359.353747 | 3
 4152.4370 | 08738.7608 | 17:46:52 | 221.864781 | 359.358879 | 3
 4152.4401 | 08738.7697 | 17:46:53 | 221.857101 | 359.362384 | 3
 4152.4399 | 08738.7867 | 17:46:54 | 221.842488 | 359.362037 | 3
 4152.4441 | 08738.7933 | 17:46:55 | 221.836775 | 359.366822 | 3
 4152.4477 | 08738.7969 | 17:46:56 | 221.833647 | 359.370939 | 3
 4152.4545 | 08738.8021 | 17:46:58 | 221.829114 | 359.378725 | 3
 4152.4607 | 08738.8084 | 17:47:00 | 221.823641 | 359.385813 | 3
 4152.4620 | 08738.8148 | 17:47:02 | 221.818127 | 359.387264 | 3
 4152.4658 | 08738.8186 | 17:47:03 | 221.814825 | 359.391609 | 3
 4152.4726 | 08738.8262 | 17:47:05 | 221.808229 | 359.399378 | 3
 4152.4647 | 08738.9385 | 17:47:29 | 221.711759 | 359.389521 | 3
 4152.4648 | 08738.9481 | 17:47:30 | 221.703505 | 359.389570 | 3
 4152.4673 | 08738.9688 | 17:47:32 | 221.685686 | 359.392304 | 3
 4152.4657 | 08738.9758 | 17:47:33 | 221.679683 | 359.390415 | 3
 4152.4690 | 08739.0119 | 17:47:36 | 221.648618 | 359.393964 | 3
 4152.4698 | 08739.0240 | 17:47:37 | 221.638208 | 359.394802 | 3
 4152.4631 | 08739.0316 | 17:47:39 | 221.631736 | 359.387043 | 3
 4152.4633 | 08739.0355 | 17:47:40 | 221.628382 | 359.387246 | 3
 4152.4643 | 08739.0407 | 17:47:43 | 221.623902 | 359.388361 | 3
 4152.4637 | 08739.0536 | 17:47:44 | 221.612817 | 359.387583 | 3
 4152.4632 | 08739.0609 | 17:47:45 | 221.606546 | 359.386958 | 3
 4152.4627 | 08739.0665 | 17:47:46 | 221.601737 | 359.386344 | 3
 4152.4634 | 08739.0748 | 17:47:49 | 221.594595 | 359.387093 | 3
 4152.4673 | 08739.0804 | 17:47:50 | 221.589745 | 359.391540 | 3
 4152.4683 | 08739.0819 | 17:47:51 | 221.588446 | 359.392680 | 3
 4152.4679 | 08739.0818 | 17:47:52 | 221.588536 | 359.392221 | 3
 4152.4677 | 08739.0821 | 17:47:53 | 221.588280 | 359.391989 | 3
 4152.4675 | 08739.0824 | 17:47:54 | 221.588024 | 359.391757 | 3
 4152.4675 | 08739.0829 | 17:47:55 | 221.587594 | 359.391753 | 3
 4152.4663 | 08739.0833 | 17:47:56 | 221.587261 | 359.390370 | 3
 4152.4648 | 08739.0834 | 17:47:57 | 221.587189 | 359.388644 | 3
 4152.4648 | 08739.0840 | 17:47:58 | 221.586673 | 359.388640 | 3
 4152.4642 | 08739.0844 | 17:47:59 | 221.586334 | 359.387947 | 3
 4152.4630 | 08739.0845 | 17:48:00 | 221.586259 | 359.386566 | 3
 4152.4619 | 08739.0847 | 17:48:01 | 221.586098 | 359.385300 | 3
 4152.4618 | 08739.0853 | 17:48:02 | 221.585583 | 359.385181 | 3
 4152.4615 | 08739.0858 | 17:48:03 | 221.585156 | 359.384832 | 3
 4152.4608 | 08739.0860 | 17:48:04 | 221.584990 | 359.384025 | 3
 4152.4598 | 08739.0863 | 17:48:06 | 221.584741 | 359.382873 | 3
 4152.4594 | 08739.0867 | 17:48:07 | 221.584401 | 359.382410 | 3
 4152.4596 | 08739.0863 | 17:48:08 | 221.584743 | 359.382643 | 3
 4152.4600 | 08739.0864 | 17:48:10 | 221.584653 | 359.383103 | 3
 4152.4604 | 08739.0865 | 17:48:11 | 221.584564 | 359.383562 | 3
 4152.4609 | 08739.0866 | 17:48:12 | 221.584473 | 359.384136 | 3
 4152.4628 | 08739.0858 | 17:48:17 | 221.585144 | 359.386327 | 3
 4152.4627 | 08739.0851 | 17:48:18 | 221.585746 | 359.386217 | 3
 4152.4628 | 08739.0847 | 17:48:19 | 221.586089 | 359.386335 | 3
 4152.4628 | 08739.0840 | 17:48:20 | 221.586691 | 359.386340 | 3
 4152.4625 | 08739.0825 | 17:48:21 | 221.587983 | 359.386005 | 3
 4152.4623 | 08739.0816 | 17:48:22 | 221.588759 | 359.385781 | 3
 4152.4622 | 08739.0823 | 17:48:24 | 221.588158 | 359.385661 | 3
 4152.4624 | 08739.0840 | 17:48:25 | 221.586695 | 359.385880 | 3
 4152.4624 | 08739.0854 | 17:48:26 | 221.585491 | 359.385870 | 3
 4152.4611 | 08739.0901 | 17:48:27 | 221.581463 | 359.384343 | 3
 4152.4556 | 08739.1048 | 17:48:29 | 221.568875 | 359.377916 | 3
 4152.4571 | 08739.1148 | 17:48:31 | 221.560265 | 359.379573 | 3
 4152.4574 | 08739.1188 | 17:48:32 | 221.556823 | 359.379891 | 3
 4152.4534 | 08739.1205 | 17:48:33 | 221.555398 | 359.375278 | 3
 4152.4528 | 08739.1244 | 17:48:34 | 221.552051 | 359.374561 | 3
 4152.4532 | 08739.1297 | 17:48:35 | 221.547491 | 359.374985 | 3
 4152.4535 | 08739.1351 | 17:48:36 | 221.542846 | 359.375293 | 3
 4152.4511 | 08739.1415 | 17:48:38 | 221.537366 | 359.372489 | 3
 4152.4522 | 08739.1491 | 17:48:39 | 221.530822 | 359.373703 | 3
 4152.4528 | 08739.1560 | 17:48:40 | 221.524885 | 359.374346 | 3
 4152.4545 | 08739.1650 | 17:48:41 | 221.517132 | 359.376240 | 3
 4152.4559 | 08739.1727 | 17:48:42 | 221.510499 | 359.377798 | 3
 4152.4554 | 08739.1801 | 17:48:43 | 221.504142 | 359.377172 | 3
 4152.4561 | 08739.1914 | 17:48:44 | 221.494421 | 359.377900 | 3
 4152.4562 | 08739.2017 | 17:48:45 | 221.485566 | 359.377945 | 3
 4152.4550 | 08739.2126 | 17:48:46 | 221.476206 | 359.376491 | 3
 4152.4559 | 08739.2223 | 17:48:47 | 221.467859 | 359.377460 | 3
 4152.4459 | 08739.2568 | 17:48:48 | 221.438290 | 359.365723 | 3
 4152.4444 | 08739.2756 | 17:48:50 | 221.422142 | 359.363869 | 3
 4152.4451 | 08739.2888 | 17:48:51 | 221.410787 | 359.364585 | 3
 4152.4423 | 08739.3015 | 17:48:52 | 221.399895 | 359.361278 | 3
 4152.4426 | 08739.3121 | 17:48:53 | 221.390779 | 359.361551 | 3
 4152.4426 | 08739.3227 | 17:48:54 | 221.381666 | 359.361479 | 3
 4152.4425 | 08739.3356 | 17:48:55 | 221.370577 | 359.361276 | 3
 4152.4441 | 08739.3469 | 17:48:56 | 221.360848 | 359.363040 | 3
 4152.4448 | 08739.3588 | 17:48:57 | 221.350612 | 359.363764 | 3
 4152.4455 | 08739.3704 | 17:48:58 | 221.340633 | 359.364491 | 3
 4152.4462 | 08739.3819 | 17:48:59 | 221.330740 | 359.365218 | 3
 4152.4465 | 08739.3925 | 17:49:00 | 221.321624 | 359.365491 | 3
 4152.4465 | 08739.4022 | 17:49:01 | 221.313285 | 359.365426 | 3
 4152.4473 | 08739.4099 | 17:49:02 | 221.306658 | 359.366294 | 3
 4152.4475 | 08739.4283 | 17:49:04 | 221.290838 | 359.366399 | 3
 4152.4506 | 08739.4366 | 17:49:05 | 221.283675 | 359.369909 | 3
 4152.4512 | 08739.4454 | 17:49:06 | 221.276104 | 359.370539 | 3
 4152.4516 | 08739.4538 | 17:49:07 | 221.268879 | 359.370942 | 3
 4152.4573 | 08739.4520 | 17:49:08 | 221.270375 | 359.377511 | 3
 4152.4597 | 08739.4576 | 17:49:09 | 221.265539 | 359.380234 | 3
 4152.4605 | 08739.4639 | 17:49:10 | 221.260115 | 359.381111 | 3
 4152.4611 | 08739.4696 | 17:49:11 | 221.255210 | 359.381763 | 3
 4152.4561 | 08739.4631 | 17:49:12 | 221.260843 | 359.376056 | 3
 4152.4572 | 08739.4696 | 17:49:13 | 221.255245 | 359.377277 | 3
 4152.4580 | 08739.4752 | 17:49:14 | 221.250424 | 359.378159 | 3
 4152.4600 | 08739.4820 | 17:49:15 | 221.244560 | 359.380414 | 3
 4152.4609 | 08739.4884 | 17:49:16 | 221.239049 | 359.381406 | 3
 4152.4588 | 08739.4979 | 17:49:17 | 221.230901 | 359.378926 | 3
 4152.4594 | 08739.5048 | 17:49:18 | 221.224964 | 359.379569 | 3
 4152.4600 | 08739.5117 | 17:49:19 | 221.219027 | 359.380213 | 3
 4152.4606 | 08739.5185 | 17:49:20 | 221.213175 | 359.380857 | 3
 4152.4611 | 08739.5255 | 17:49:21 | 221.207153 | 359.381385 | 3
 4152.4608 | 08739.5347 | 17:49:22 | 221.199247 | 359.380978 | 3
 4152.4610 | 08739.5421 | 17:49:23 | 221.192883 | 359.381158 | 3
 4152.4610 | 08739.5496 | 17:49:24 | 221.186435 | 359.381107 | 3
 4152.4551 | 08739.5579 | 17:49:25 | 221.179353 | 359.374265 | 3
 4152.4549 | 08739.5656 | 17:49:26 | 221.172735 | 359.373983 | 3
 4152.4547 | 08739.5734 | 17:49:27 | 221.166032 | 359.373700 | 3
 4152.4544 | 08739.5814 | 17:49:28 | 221.159157 | 359.373301 | 3
 4152.4540 | 08739.5894 | 17:49:29 | 221.152283 | 359.372787 | 3
 4152.4539 | 08739.5979 | 17:49:30 | 221.144976 | 359.372614 | 3
 4152.4537 | 08739.6064 | 17:49:31 | 221.137671 | 359.372327 | 3
 4152.4532 | 08739.6338 | 17:49:34 | 221.114120 | 359.371567 | 3
 4152.4533 | 08739.6439 | 17:49:35 | 221.105436 | 359.371614 | 3
 4152.4529 | 08739.6531 | 17:49:36 | 221.097530 | 359.371092 | 3
 4152.4514 | 08739.6660 | 17:49:37 | 221.086454 | 359.369280 | 3
 4152.4503 | 08739.6759 | 17:49:38 | 221.077953 | 359.367948 | 3
 4152.4506 | 08739.6852 | 17:49:39 | 221.069955 | 359.368230 | 3
 4152.4506 | 08739.6942 | 17:49:40 | 221.062218 | 359.368170 | 3
 4152.4502 | 08739.7024 | 17:49:41 | 221.055172 | 359.367655 | 3
 4152.4494 | 08739.7098 | 17:49:42 | 221.048817 | 359.366685 | 3
 4152.4486 | 08739.7168 | 17:49:43 | 221.042807 | 359.365717 | 3
 4152.4416 | 08739.7098 | 17:49:44 | 221.048888 | 359.357713 | 3
 4152.4412 | 08739.7170 | 17:49:45 | 221.042701 | 359.357204 | 3
 4152.4410 | 08739.7237 | 17:49:46 | 221.036943 | 359.356929 | 3
 4152.4409 | 08739.7295 | 17:49:47 | 221.031958 | 359.356775 | 3
 4152.4384 | 08739.7323 | 17:49:48 | 221.029573 | 359.353881 | 3
 4152.4344 | 08739.7331 | 17:49:49 | 221.028921 | 359.349274 | 3
 4152.4333 | 08739.7367 | 17:49:50 | 221.025836 | 359.347985 | 3
 4152.4300 | 08739.7351 | 17:49:51 | 221.027242 | 359.344200 | 3
 4152.4302 | 08739.7375 | 17:49:52 | 221.025177 | 359.344414 | 3
 4152.4308 | 08739.7393 | 17:49:53 | 221.023624 | 359.345092 | 3
 4152.4322 | 08739.7399 | 17:49:54 | 221.023095 | 359.346698 | 3
 4152.4335 | 08739.7406 | 17:49:55 | 221.022482 | 359.348189 | 3
 4152.4353 | 08739.7357 | 17:49:56 | 221.026678 | 359.350292 | 3
 4152.4372 | 08739.7341 | 17:49:57 | 221.028037 | 359.352488 | 3
 4152.4305 | 08739.7256 | 17:49:58 | 221.035404 | 359.344839 | 3
 4152.4310 | 08739.7233 | 17:49:59 | 221.037377 | 359.345429 | 3
 4152.4311 | 08739.7226 | 17:50:00 | 221.037978 | 359.345549 | 3
 4152.4299 | 08739.7242 | 17:50:01 | 221.036613 | 359.344158 | 3
 4152.4304 | 08739.7242 | 17:50:02 | 221.036609 | 359.344733 | 3
 4152.4294 | 08739.7258 | 17:50:03 | 221.035242 | 359.343572 | 3
 4152.4302 | 08739.7245 | 17:50:04 | 221.036353 | 359.344501 | 3
 4152.4320 | 08739.7250 | 17:50:05 | 221.035907 | 359.346568 | 3
 4152.4334 | 08739.7233 | 17:50:06 | 221.037355 | 359.348190 | 3
 4152.4351 | 08739.7192 | 17:50:07 | 221.040865 | 359.350173 | 3
 4152.4366 | 08739.7173 | 17:50:08 | 221.042485 | 359.351911 | 3
 4152.4385 | 08739.7149 | 17:50:09 | 221.044531 | 359.354113 | 3
 4152.4400 | 08739.7127 | 17:50:10 | 221.046409 | 359.355853 | 3
 4152.4415 | 08739.7106 | 17:50:11 | 221.048201 | 359.357592 | 3
 4152.4432 | 08739.7080 | 17:50:12 | 221.050421 | 359.359565 | 3
 4152.4449 | 08739.7058 | 17:50:13 | 221.052297 | 359.361535 | 3
 4152.4458 | 08739.7042 | 17:50:14 | 221.053664 | 359.362581 | 3
 4152.4473 | 08739.7022 | 17:50:15 | 221.055370 | 359.364320 | 3
 4152.4483 | 08739.7011 | 17:50:16 | 221.056307 | 359.365478 | 3
 4152.4494 | 08739.6996 | 17:50:17 | 221.057586 | 359.366753 | 3
 4152.4505 | 08739.6981 | 17:50:18 | 221.058866 | 359.368029 | 3
 4152.4534 | 08739.6840 | 17:50:19 | 221.070961 | 359.371459 | 3
 4152.4540 | 08739.6829 | 17:50:20 | 221.071902 | 359.372157 | 3
 4152.4554 | 08739.6810 | 17:50:22 | 221.073523 | 359.373780 | 3
 4152.4556 | 08739.6809 | 17:50:23 | 221.073607 | 359.374011 | 3
 4152.4564 | 08739.6802 | 17:50:24 | 221.074201 | 359.374936 | 3
 4152.4566 | 08739.6795 | 17:50:25 | 221.074801 | 359.375170 | 3
 4152.4477 | 08739.6815 | 17:50:26 | 221.073162 | 359.364920 | 3
 4152.4473 | 08739.6818 | 17:50:27 | 221.072908 | 359.364457 | 3
 4152.4474 | 08739.6827 | 17:50:28 | 221.072133 | 359.364566 | 3
 4152.4461 | 08739.6848 | 17:50:30 | 221.070339 | 359.363057 | 3
 4152.4438 | 08739.6875 | 17:50:31 | 221.068039 | 359.360393 | 3
 4152.4340 | 08739.7083 | 17:50:32 | 221.050245 | 359.348981 | 3
 4152.4314 | 08739.7131 | 17:50:33 | 221.046142 | 359.345958 | 3
 4152.4281 | 08739.7165 | 17:50:34 | 221.043249 | 359.342139 | 3
 4152.4269 | 08739.7244 | 17:50:35 | 221.036468 | 359.340706 | 3
 4152.4260 | 08739.7329 | 17:50:36 | 221.029169 | 359.339613 | 3
 4152.4495 | 08739.8027 | 17:50:38 | 220.968951 | 359.366176 | 3
 4152.4485 | 08739.8109 | 17:50:39 | 220.961910 | 359.364970 | 3
 4152.4491 | 08739.8206 | 17:50:40 | 220.953566 | 359.365595 | 3
 4152.4477 | 08739.8368 | 17:50:42 | 220.939652 | 359.363876 | 3
 4152.4473 | 08739.8452 | 17:50:43 | 220.932434 | 359.363360 | 3
 4152.4466 | 08739.8533 | 17:50:44 | 220.925476 | 359.362500 | 3
 4152.4461 | 08739.8616 | 17:50:45 | 220.918345 | 359.361870 | 3
 4152.4442 | 08739.8796 | 17:50:47 | 220.902888 | 359.359564 | 3
 4152.4455 | 08739.8920 | 17:50:48 | 220.892216 | 359.360976 | 3
 4152.4476 | 08739.8998 | 17:50:49 | 220.885492 | 359.363339 | 3
 4152.4467 | 08739.9130 | 17:50:50 | 220.874152 | 359.362216 | 3
 4152.4466 | 08739.9223 | 17:50:51 | 220.866158 | 359.362038 | 3
 4152.4466 | 08739.9319 | 17:50:52 | 220.857905 | 359.361974 | 3
 4152.4467 | 08739.9413 | 17:50:53 | 220.849823 | 359.362026 | 3
 4152.4485 | 08739.9549 | 17:50:54 | 220.838115 | 359.364006 | 3
 4152.4474 | 08739.9609 | 17:50:55 | 220.832966 | 359.362701 | 3
 4152.4474 | 08739.9699 | 17:50:56 | 220.825229 | 359.362640 | 3
 4152.4473 | 08739.9788 | 17:50:57 | 220.817579 | 359.362466 | 3
 4152.4472 | 08739.9876 | 17:50:58 | 220.810014 | 359.362292 | 3
 4152.4477 | 08739.9965 | 17:50:59 | 220.802358 | 359.362808 | 3
 4152.4475 | 08740.0051 | 17:51:00 | 220.794967 | 359.362520 | 3
 4152.4474 | 08740.0135 | 17:51:01 | 220.787746 | 359.362349 | 3
 4152.4476 | 08740.0214 | 17:51:02 | 220.780953 | 359.362527 | 3
 4152.4475 | 08740.0292 | 17:51:03 | 220.774248 | 359.362359 | 3
 4152.4582 | 08740.0562 | 17:51:08 | 220.750941 | 359.374487 | 3
 4152.4571 | 08740.0627 | 17:51:09 | 220.745363 | 359.373178 | 3
 4152.4599 | 08740.0634 | 17:51:10 | 220.744736 | 359.376394 | 3
 4152.4617 | 08740.0639 | 17:51:11 | 220.744290 | 359.378462 | 3
 4152.4690 | 08740.0637 | 17:51:14 | 220.744397 | 359.386860 | 3
 4152.4710 | 08740.0351 | 17:51:16 | 220.768966 | 359.389351 | 3
 4152.4686 | 08740.0317 | 17:51:17 | 220.771911 | 359.386613 | 3
 4152.4685 | 08740.0303 | 17:51:19 | 220.773115 | 359.386507 | 3
 4152.4668 | 08740.0276 | 17:51:20 | 220.775451 | 359.384570 | 3
 4152.4673 | 08740.0276 | 17:51:21 | 220.775447 | 359.385145 | 3
 4152.4657 | 08740.0241 | 17:51:22 | 220.778470 | 359.383328 | 3
 4152.4660 | 08740.0243 | 17:51:23 | 220.778296 | 359.383672 | 3
 4152.4647 | 08740.0216 | 17:51:24 | 220.780628 | 359.382195 | 3
 4152.4629 | 08740.0188 | 17:51:25 | 220.783052 | 359.380143 | 3
 4152.4628 | 08740.0182 | 17:51:26 | 220.783568 | 359.380032 | 3
 4152.4604 | 08740.0144 | 17:51:27 | 220.786857 | 359.377296 | 3
 4152.4588 | 08740.0128 | 17:51:28 | 220.788246 | 359.375467 | 3
 4152.4567 | 08740.0106 | 17:51:30 | 220.790156 | 359.373066 | 3
 4152.4555 | 08740.0115 | 17:51:32 | 220.789393 | 359.371680 | 3
 4152.4543 | 08740.0102 | 17:51:33 | 220.790522 | 359.370308 | 3
 4152.4519 | 08740.0081 | 17:51:34 | 220.792349 | 359.367561 | 3
 4152.4506 | 08740.0068 | 17:51:35 | 220.793478 | 359.366075 | 3
 4152.4499 | 08740.0056 | 17:51:36 | 220.794516 | 359.365278 | 3
 4152.4599 | 08740.0088 | 17:51:37 | 220.791675 | 359.376759 | 3
 4152.4592 | 08740.0071 | 17:51:38 | 220.793143 | 359.375965 | 3
 4152.4580 | 08740.0048 | 17:51:39 | 220.795131 | 359.374600 | 3
 4152.4536 | 08739.9990 | 17:51:43 | 220.800157 | 359.369578 | 3
 4152.4520 | 08739.9979 | 17:51:44 | 220.801116 | 359.367745 | 3
 4152.4502 | 08739.9971 | 17:51:45 | 220.801820 | 359.365679 | 3
 4152.4488 | 08739.9969 | 17:51:46 | 220.802005 | 359.364070 | 3
 4152.4466 | 08739.9969 | 17:51:47 | 220.802024 | 359.361540 | 3
 4152.4396 | 08740.0036 | 17:51:48 | 220.796327 | 359.353443 | 3
 4152.4356 | 08740.0035 | 17:51:49 | 220.796449 | 359.348843 | 3
 4152.4310 | 08740.0052 | 17:51:50 | 220.795028 | 359.343540 | 3
 4152.4204 | 08740.0109 | 17:51:53 | 220.790223 | 359.331310 | 3
 4152.4153 | 08740.0102 | 17:51:54 | 220.790870 | 359.325448 | 3
 4152.3891 | 08739.9987 | 17:51:55 | 220.800991 | 359.295388 | 3
 4152.3861 | 08739.9975 | 17:51:56 | 220.802049 | 359.291946 | 3
 4152.3843 | 08739.9969 | 17:51:57 | 220.802581 | 359.289879 | 3
 4152.3825 | 08739.9963 | 17:51:58 | 220.803113 | 359.287813 | 3
 4152.3808 | 08739.9957 | 17:51:59 | 220.803644 | 359.285861 | 3
 4152.3883 | 08740.0005 | 17:52:00 | 220.799450 | 359.294456 | 3
 4152.3847 | 08739.9948 | 17:52:01 | 220.804383 | 359.290353 | 3
 4152.3833 | 08739.9941 | 17:52:02 | 220.804997 | 359.288748 | 3
 4152.3819 | 08739.9934 | 17:52:03 | 220.805611 | 359.287142 | 3
 4152.3860 | 08739.9949 | 17:52:04 | 220.804285 | 359.291848 | 3
 4152.3851 | 08739.9945 | 17:52:05 | 220.804637 | 359.290815 | 3
 4152.3839 | 08739.9927 | 17:52:06 | 220.806195 | 359.289447 | 3
 4152.3868 | 08739.9924 | 17:52:07 | 220.806427 | 359.292785 | 3
 4152.3868 | 08739.9917 | 17:52:08 | 220.807029 | 359.292789 | 3
 4152.3870 | 08739.9908 | 17:52:09 | 220.807801 | 359.293025 | 3
 4152.3869 | 08739.9902 | 17:52:10 | 220.808318 | 359.292914 | 3
 4152.3868 | 08739.9897 | 17:52:11 | 220.808749 | 359.292803 | 3
 4152.3868 | 08739.9890 | 17:52:12 | 220.809350 | 359.292807 | 3
 4152.3865 | 08739.9890 | 17:52:13 | 220.809353 | 359.292462 | 3
 4152.3863 | 08739.9887 | 17:52:14 | 220.809613 | 359.292234 | 3
 4152.3861 | 08739.9883 | 17:52:15 | 220.809958 | 359.292007 | 3
 4152.3860 | 08739.9884 | 17:52:16 | 220.809873 | 359.291891 | 3
 4152.3871 | 08739.9951 | 17:52:17 | 220.804104 | 359.293112 | 3
 4152.3869 | 08739.9962 | 17:52:18 | 220.803160 | 359.292874 | 3
 4152.3866 | 08739.9967 | 17:52:19 | 220.802732 | 359.292526 | 3
 4152.3860 | 08739.9975 | 17:52:20 | 220.802050 | 359.291831 | 3
 4152.3831 | 08740.0110 | 17:52:21 | 220.790470 | 359.288405 | 3
 4152.3809 | 08740.0144 | 17:52:23 | 220.787567 | 359.285851 | 3
 4152.3792 | 08740.0159 | 17:52:24 | 220.786292 | 359.283886 | 3
 4152.3742 | 08740.0186 | 17:52:26 | 220.784016 | 359.278117 | 3
 4152.3678 | 08740.0188 | 17:52:27 | 220.783901 | 359.270754 | 3
 4152.3600 | 08740.0206 | 17:52:29 | 220.782423 | 359.261770 | 3
 4152.3552 | 08740.0207 | 17:52:30 | 220.782380 | 359.256248 | 3
 4152.3511 | 08740.0215 | 17:52:31 | 220.781729 | 359.251526 | 3
 4152.3471 | 08740.0211 | 17:52:32 | 220.782108 | 359.246928 | 3
 4152.3418 | 08740.0106 | 17:52:33 | 220.791183 | 359.240902 | 3
 4152.3373 | 08740.0089 | 17:52:34 | 220.792684 | 359.235737 | 3
 4152.3296 | 08740.0058 | 17:52:35 | 220.795418 | 359.226901 | 3
 4152.3240 | 08740.0037 | 17:52:36 | 220.797274 | 359.220473 | 3
 4152.3196 | 08740.0021 | 17:52:37 | 220.798689 | 359.215423 | 3
 4152.3141 | 08740.0000 | 17:52:38 | 220.800543 | 359.209111 | 3
 4152.3101 | 08739.9987 | 17:52:39 | 220.801696 | 359.204518 | 3
 4152.3065 | 08739.9976 | 17:52:40 | 220.802674 | 359.200385 | 3
 4152.3078 | 08740.0002 | 17:52:41 | 220.800427 | 359.201863 | 3
 4152.3051 | 08740.0002 | 17:52:42 | 220.800452 | 359.198757 | 3
 4152.3028 | 08740.0006 | 17:52:43 | 220.800128 | 359.196109 | 3
 4152.3003 | 08740.0011 | 17:52:44 | 220.799721 | 359.193230 | 3
 4152.2979 | 08740.0015 | 17:52:45 | 220.799398 | 359.190467 | 3
 4152.2955 | 08740.0023 | 17:52:46 | 220.798732 | 359.187701 | 3
 4152.2940 | 08740.0040 | 17:52:47 | 220.797284 | 359.185964 | 3
 4152.2871 | 08740.0088 | 17:52:48 | 220.793219 | 359.177995 | 3
 4152.2845 | 08740.0097 | 17:52:49 | 220.792468 | 359.174998 | 3
 4152.2816 | 08740.0115 | 17:52:50 | 220.790947 | 359.171651 | 3
 4152.2787 | 08740.0132 | 17:52:51 | 220.789511 | 359.168304 | 3
 4152.2727 | 08740.0151 | 17:52:52 | 220.787931 | 359.161389 | 3
 4152.2697 | 08740.0163 | 17:52:53 | 220.786926 | 359.157931 | 3
 4152.2666 | 08740.0176 | 17:52:54 | 220.785836 | 359.154356 | 3
 4152.2648 | 08740.0222 | 17:52:55 | 220.781897 | 359.152255 | 3
 4152.2634 | 08740.0276 | 17:52:56 | 220.777267 | 359.150609 | 3
 4152.2598 | 08740.0371 | 17:52:58 | 220.769132 | 359.146404 | 3
 4152.2595 | 08740.0465 | 17:52:59 | 220.761053 | 359.145997 | 3
 4152.2585 | 08740.0539 | 17:53:00 | 220.754700 | 359.144797 | 3
 4152.2574 | 08740.0600 | 17:53:01 | 220.749465 | 359.143491 | 3
 4152.2565 | 08740.0674 | 17:53:02 | 220.743111 | 359.142406 | 3
 4152.2574 | 08740.0741 | 17:53:03 | 220.737343 | 359.143397 | 3
 4152.2575 | 08740.0776 | 17:53:04 | 220.734333 | 359.143489 | 3
 4152.2594 | 08740.0886 | 17:53:05 | 220.724859 | 359.145601 | 3
 4152.2621 | 08740.1023 | 17:53:06 | 220.713057 | 359.148615 | 3
 4152.2638 | 08740.1128 | 17:53:07 | 220.704014 | 359.150501 | 3
 4152.2651 | 08740.1211 | 17:53:08 | 220.696867 | 359.151941 | 3
 4152.2659 | 08740.1271 | 17:53:09 | 220.691701 | 359.152821 | 3
 4152.2667 | 08740.1336 | 17:53:10 | 220.686106 | 359.153698 | 3
 4152.2670 | 08740.1382 | 17:53:11 | 220.682149 | 359.154013 | 3
 4152.2667 | 08740.1423 | 17:53:12 | 220.678626 | 359.153640 | 3
 4152.2654 | 08740.1469 | 17:53:13 | 220.674683 | 359.152114 | 3
 4152.2586 | 08740.1522 | 17:53:14 | 220.670187 | 359.144257 | 3
 4152.2565 | 08740.1555 | 17:53:15 | 220.667369 | 359.141820 | 3
 4152.2545 | 08740.1589 | 17:53:16 | 220.664463 | 359.139497 | 3
 4152.2512 | 08740.1604 | 17:53:17 | 220.663203 | 359.135691 | 3
 4152.2462 | 08740.1614 | 17:53:18 | 220.662388 | 359.129933 | 3
 4152.2253 | 08740.1546 | 17:53:22 | 220.668420 | 359.105938 | 3
 4152.2225 | 08740.1522 | 17:53:23 | 220.670508 | 359.102733 | 3
 4152.2192 | 08740.1504 | 17:53:24 | 220.672085 | 359.098949 | 3
 4152.2043 | 08740.1499 | 17:53:27 | 220.672648 | 359.081814 | 3
 4152.1995 | 08740.1503 | 17:53:28 | 220.672347 | 359.076290 | 3
 4152.1922 | 08740.1533 | 17:53:30 | 220.669832 | 359.067873 | 3
 4152.1862 | 08740.1537 | 17:53:31 | 220.669542 | 359.060969 | 3
 4152.1814 | 08740.1552 | 17:53:32 | 220.668295 | 359.055438 | 3
 4152.1763 | 08740.1559 | 17:53:33 | 220.667738 | 359.049567 | 3
 4152.1721 | 08740.1560 | 17:53:34 | 220.667690 | 359.044735 | 3
 4152.1679 | 08740.1550 | 17:53:35 | 220.668587 | 359.039911 | 3
 4152.1640 | 08740.1550 | 17:53:36 | 220.668622 | 359.035425 | 3
 4152.1597 | 08740.1550 | 17:53:37 | 220.668660 | 359.030479 | 3
 4152.1556 | 08740.1550 | 17:53:38 | 220.668696 | 359.025763 | 3
 4152.1513 | 08740.1552 | 17:53:39 | 220.668563 | 359.020815 | 3
 4152.1478 | 08740.1540 | 17:53:40 | 220.669626 | 359.016797 | 3
 4152.1438 | 08740.1534 | 17:53:41 | 220.670177 | 359.012200 | 3
 4152.1395 | 08740.1532 | 17:53:42 | 220.670387 | 359.007256 | 3
 4152.1351 | 08740.1511 | 17:53:43 | 220.672232 | 359.002209 | 3
 4152.1309 | 08740.1494 | 17:53:44 | 220.673731 | 358.997389 | 3
 4152.1258 | 08740.1480 | 17:53:45 | 220.674980 | 358.991532 | 3
 4152.1204 | 08740.1471 | 17:53:46 | 220.675802 | 358.985326 | 3
 4152.1145 | 08740.1463 | 17:53:47 | 220.676542 | 358.978545 | 3
 4152.1079 | 08740.1459 | 17:53:48 | 220.676945 | 358.970956 | 3
 4152.1022 | 08740.1453 | 17:53:49 | 220.677511 | 358.964404 | 3
 4152.0959 | 08740.1440 | 17:53:50 | 220.678685 | 358.957166 | 3
 4152.0888 | 08740.1423 | 17:53:51 | 220.680210 | 358.949010 | 3
 4152.0804 | 08740.1399 | 17:53:52 | 220.682348 | 358.939364 | 3
 4152.0610 | 08740.1309 | 17:53:53 | 220.690259 | 358.917109 | 3
 4152.0550 | 08740.1294 | 17:53:54 | 220.691602 | 358.910218 | 3
 4152.0492 | 08740.1280 | 17:53:55 | 220.692857 | 358.903556 | 3
 4152.0429 | 08740.1273 | 17:53:56 | 220.693515 | 358.896314 | 3
 4152.0366 | 08740.1268 | 17:53:57 | 220.694001 | 358.889070 | 3
 4152.0300 | 08740.1267 | 17:53:58 | 220.694146 | 358.881479 | 3
 4152.0255 | 08740.1242 | 17:53:59 | 220.696336 | 358.876320 | 3
 4152.0196 | 08740.1231 | 17:54:00 | 220.697334 | 358.869541 | 3
 4152.0152 | 08740.1190 | 17:54:01 | 220.700898 | 358.864507 | 3
 4152.0096 | 08740.1176 | 17:54:02 | 220.702152 | 358.858075 | 3
 4152.0040 | 08740.1164 | 17:54:03 | 220.703233 | 358.851641 | 3
 4151.9993 | 08740.1177 | 17:54:04 | 220.702158 | 358.846227 | 3
 4151.9942 | 08740.1171 | 17:54:05 | 220.702719 | 358.840364 | 3
 4151.9898 | 08740.1167 | 17:54:06 | 220.703102 | 358.835306 | 3
 4151.9857 | 08740.1169 | 17:54:07 | 220.702967 | 358.830589 | 3
 4151.9846 | 08740.1235 | 17:54:08 | 220.697302 | 358.829279 | 3
 4151.9836 | 08740.1283 | 17:54:09 | 220.693184 | 358.828097 | 3
 4151.9807 | 08740.1284 | 17:54:10 | 220.693123 | 358.824761 | 3
 4151.9784 | 08740.1292 | 17:54:11 | 220.692456 | 358.822110 | 3
 4151.9765 | 08740.1300 | 17:54:12 | 220.691785 | 358.819919 | 3
 4151.9748 | 08740.1306 | 17:54:13 | 220.691284 | 358.817960 | 3
 4151.9805 | 08740.1326 | 17:54:14 | 220.689514 | 358.824503 | 3
 4151.9793 | 08740.1345 | 17:54:15 | 220.687891 | 358.823110 | 3
 4151.9775 | 08740.1351 | 17:54:16 | 220.687391 | 358.821035 | 3
 4151.9754 | 08740.1354 | 17:54:17 | 220.687152 | 358.818618 | 3
 4151.9736 | 08740.1369 | 17:54:18 | 220.685878 | 358.816537 | 3
 4151.9740 | 08740.1399 | 17:54:19 | 220.683295 | 358.816978 | 3
 4151.9749 | 08740.1444 | 17:54:20 | 220.679418 | 358.817983 | 3
 4151.9749 | 08740.1480 | 17:54:21 | 220.676323 | 358.817959 | 3
 4151.9803 | 08740.1565 | 17:54:22 | 220.668967 | 358.824114 | 3
 4152.0068 | 08740.1826 | 17:54:23 | 220.646290 | 358.854422 | 3
 4152.0338 | 08740.2072 | 17:54:24 | 220.624899 | 358.885315 | 3
 4152.0431 | 08740.2034 | 17:54:25 | 220.628084 | 358.896038 | 3
 4152.0477 | 08740.2046 | 17:54:26 | 220.627011 | 358.901321 | 3
 4152.0523 | 08740.2045 | 17:54:27 | 220.627056 | 358.906613 | 3
 4152.0567 | 08740.2046 | 17:54:28 | 220.626931 | 358.911673 | 3
 4152.0615 | 08740.2044 | 17:54:29 | 220.627061 | 358.917196 | 3
 4152.0662 | 08740.2037 | 17:54:30 | 220.627621 | 358.922607 | 3
 4152.0712 | 08740.2031 | 17:54:31 | 220.628092 | 358.928362 | 3
 4152.0760 | 08740.2027 | 17:54:32 | 220.628393 | 358.933886 | 3
 4152.0809 | 08740.2024 | 17:54:33 | 220.628608 | 358.939524 | 3
 4152.0854 | 08740.2015 | 17:54:34 | 220.629342 | 358.944706 | 3
 4152.0902 | 08740.2009 | 17:54:35 | 220.629815 | 358.950231 | 3
 4152.0949 | 08740.2005 | 17:54:36 | 220.630117 | 358.955640 | 3
 4152.0997 | 08740.2000 | 17:54:37 | 220.630504 | 358.961165 | 3
 4152.1051 | 08740.2000 | 17:54:38 | 220.630456 | 358.967376 | 3
 4152.1098 | 08740.1995 | 17:54:39 | 220.630844 | 358.972785 | 3
 4152.1138 | 08740.2012 | 17:54:40 | 220.629347 | 358.977375 | 3
 4152.1180 | 08740.2024 | 17:54:41 | 220.628278 | 358.982198 | 3
 4152.1226 | 08740.2022 | 17:54:42 | 220.628409 | 358.987491 | 3
 4152.1272 | 08740.2020 | 17:54:43 | 220.628540 | 358.992783 | 3
 4152.1317 | 08740.2018 | 17:54:44 | 220.628672 | 358.997961 | 3
 4152.1407 | 08740.2016 | 17:54:46 | 220.628764 | 359.008314 | 3
 4152.1449 | 08740.2017 | 17:54:47 | 220.628641 | 359.013145 | 3
 4152.1505 | 08740.2043 | 17:54:49 | 220.626356 | 359.019569 | 3
 4152.1479 | 08740.2048 | 17:54:50 | 220.625949 | 359.016575 | 3
 4152.1542 | 08740.2180 | 17:54:51 | 220.614544 | 359.023734 | 3
 4152.1571 | 08740.2168 | 17:54:52 | 220.615550 | 359.027077 | 3
 4152.1603 | 08740.2162 | 17:54:53 | 220.616037 | 359.030762 | 3
 4152.1635 | 08740.2164 | 17:54:54 | 220.615837 | 359.034442 | 3
 4152.1667 | 08740.2167 | 17:54:55 | 220.615551 | 359.038120 | 3
 4152.1695 | 08740.2170 | 17:54:56 | 220.615268 | 359.041339 | 3
 4152.1700 | 08740.2201 | 17:54:57 | 220.612598 | 359.041894 | 3
 4152.1710 | 08740.2216 | 17:54:58 | 220.611300 | 359.043034 | 3
 4152.1662 | 08740.2257 | 17:54:59 | 220.607817 | 359.037486 | 3
 4152.1667 | 08740.2264 | 17:55:00 | 220.607211 | 359.038056 | 3
 4152.1673 | 08740.2283 | 17:55:01 | 220.605572 | 359.038734 | 3
 4152.1676 | 08740.2280 | 17:55:02 | 220.605827 | 359.039081 | 3
 4152.1682 | 08740.2299 | 17:55:03 | 220.604189 | 359.039758 | 3
 4152.1689 | 08740.2315 | 17:55:04 | 220.602807 | 359.040553 | 3
 4152.1682 | 08740.2310 | 17:55:05 | 220.603243 | 359.039751 | 3
 4152.1679 | 08740.2311 | 17:55:06 | 220.603160 | 359.039405 | 3
 4152.1679 | 08740.2317 | 17:55:07 | 220.602644 | 359.039401 | 3
 4152.1681 | 08740.2330 | 17:55:08 | 220.601524 | 359.039623 | 3
 4152.1678 | 08740.2342 | 17:55:09 | 220.600495 | 359.039270 | 3
 4152.1672 | 08740.2361 | 17:55:10 | 220.598867 | 359.038567 | 3
 4152.1672 | 08740.2381 | 17:55:11 | 220.597147 | 359.038554 | 3
 4152.1661 | 08740.2399 | 17:55:12 | 220.595610 | 359.037276 | 3
 4152.1649 | 08740.2419 | 17:55:13 | 220.593901 | 359.035883 | 3
 4152.1772 | 08740.2976 | 17:55:14 | 220.545903 | 359.049661 | 3
 4152.1760 | 08740.3017 | 17:55:15 | 220.542389 | 359.048254 | 3
 4152.1712 | 08740.3122 | 17:55:16 | 220.533404 | 359.042663 | 3
 4152.1623 | 08740.3381 | 17:55:17 | 220.511215 | 359.032254 | 3
 4152.1592 | 08740.3439 | 17:55:18 | 220.506256 | 359.028650 | 3
 4152.1569 | 08740.3500 | 17:55:20 | 220.501032 | 359.025964 | 3
 4152.1551 | 08740.3522 | 17:55:21 | 220.499156 | 359.023879 | 3
 4152.1513 | 08740.3566 | 17:55:24 | 220.495407 | 359.019479 | 3
 4152.1392 | 08740.3330 | 17:55:25 | 220.515805 | 359.005717 | 3
 4152.1380 | 08740.3344 | 17:55:26 | 220.514612 | 359.004328 | 3
 4152.1400 | 08740.3362 | 17:55:27 | 220.513046 | 359.006616 | 3
 4152.1451 | 08740.3377 | 17:55:28 | 220.511711 | 359.012473 | 3
 4152.1473 | 08740.3393 | 17:55:29 | 220.510316 | 359.014993 | 3
 4152.1486 | 08740.3410 | 17:55:30 | 220.508843 | 359.016477 | 3
 4152.1492 | 08740.3445 | 17:55:32 | 220.505829 | 359.017144 | 3
 4152.1495 | 08740.3492 | 17:55:35 | 220.501785 | 359.017458 | 3
 4152.1511 | 08740.3502 | 17:55:36 | 220.500911 | 359.019291 | 3
 4152.1512 | 08740.3518 | 17:55:37 | 220.499535 | 359.019396 | 3
 4152.1505 | 08740.3554 | 17:55:39 | 220.496446 | 359.018567 | 3
 4152.1470 | 08740.3580 | 17:55:41 | 220.494242 | 359.014524 | 3
 4152.1487 | 08740.3594 | 17:55:42 | 220.493023 | 359.016470 | 3
 4152.1500 | 08740.3615 | 17:55:43 | 220.491206 | 359.017951 | 3
 4152.1591 | 08740.3763 | 17:55:44 | 220.478401 | 359.028321 | 3
 4152.1625 | 08740.3980 | 17:55:52 | 220.459714 | 359.032088 | 3
 4152.1621 | 08740.4017 | 17:55:53 | 220.456536 | 359.031604 | 3
 4152.1621 | 08740.4051 | 17:55:54 | 220.453613 | 359.031581 | 3
 4152.1624 | 08740.4081 | 17:55:55 | 220.451031 | 359.031906 | 3
 4152.1624 | 08740.4116 | 17:55:56 | 220.448022 | 359.031883 | 3
 4152.1627 | 08740.4150 | 17:55:57 | 220.445096 | 359.032206 | 3
 4152.1632 | 08740.4180 | 17:55:58 | 220.442513 | 359.032761 | 3
 4152.1632 | 08740.4215 | 17:55:59 | 220.439504 | 359.032738 | 3
 4152.1641 | 08740.4276 | 17:56:01 | 220.434251 | 359.033733 | 3
 4152.1666 | 08740.4282 | 17:56:02 | 220.433713 | 359.036605 | 3
 4152.1696 | 08740.4281 | 17:56:03 | 220.433773 | 359.040056 | 3
 4152.1730 | 08740.4268 | 17:56:04 | 220.434860 | 359.043975 | 3
 4152.1767 | 08740.4251 | 17:56:05 | 220.436289 | 359.048243 | 3
 4152.2143 | 08740.3932 | 17:56:06 | 220.463383 | 359.091703 | 3
 4152.2191 | 08740.3894 | 17:56:07 | 220.466607 | 359.097249 | 3
 4152.2225 | 08740.3869 | 17:56:08 | 220.468726 | 359.101177 | 3
 4152.2247 | 08740.3838 | 17:56:09 | 220.471372 | 359.103728 | 3
 4152.2263 | 08740.3815 | 17:56:10 | 220.473335 | 359.105583 | 3
 4152.2221 | 08740.3897 | 17:56:16 | 220.466323 | 359.100698 | 3
 4152.1923 | 08740.3897 | 17:56:18 | 220.466586 | 359.066421 | 3
 4152.1886 | 08740.3941 | 17:56:20 | 220.462836 | 359.062136 | 3
 4152.1869 | 08740.3954 | 17:56:21 | 220.461734 | 359.060171 | 3
 4152.1781 | 08740.4124 | 17:56:22 | 220.447196 | 359.049937 | 3
 4152.1729 | 08740.4234 | 17:56:23 | 220.437784 | 359.043883 | 3
 4152.1599 | 08740.4664 | 17:56:24 | 220.400930 | 359.028646 | 3
 4152.1567 | 08740.4679 | 17:56:25 | 220.399668 | 359.024955 | 3
 4152.1532 | 08740.4681 | 17:56:26 | 220.399527 | 359.020928 | 3
 4152.1487 | 08740.4695 | 17:56:27 | 220.398363 | 359.015742 | 3
 4152.1391 | 08740.4616 | 17:56:28 | 220.405240 | 359.004752 | 3
 4152.1384 | 08740.4624 | 17:56:29 | 220.404558 | 359.003942 | 3
 4152.1443 | 08740.4547 | 17:56:30 | 220.411127 | 359.010779 | 3
 4152.1424 | 08740.4565 | 17:56:31 | 220.409596 | 359.008582 | 3
 4152.1403 | 08740.4585 | 17:56:32 | 220.407895 | 359.006153 | 3
 4152.1378 | 08740.4599 | 17:56:33 | 220.406713 | 359.003268 | 3
 4152.1362 | 08740.4625 | 17:56:34 | 220.404492 | 359.001410 | 3
 4152.1344 | 08740.4649 | 17:56:35 | 220.402444 | 358.999324 | 3
 4152.1318 | 08740.4694 | 17:56:36 | 220.398598 | 358.996304 | 3
 4152.1302 | 08740.4727 | 17:56:37 | 220.395775 | 358.994442 | 3
 4152.1285 | 08740.4779 | 17:56:38 | 220.391319 | 358.992452 | 3
 4152.1281 | 08740.4834 | 17:56:39 | 220.386594 | 358.991956 | 3
 4152.1271 | 08740.4876 | 17:56:40 | 220.382992 | 358.990778 | 3
 4152.1270 | 08740.4937 | 17:56:41 | 220.377748 | 358.990622 | 3
 4152.1275 | 08740.5010 | 17:56:42 | 220.371468 | 358.991149 | 3
 4152.1440 | 08740.5312 | 17:56:43 | 220.345357 | 359.009929 | 3
 4152.1444 | 08740.5341 | 17:56:44 | 220.342861 | 359.010370 | 3
 4152.1447 | 08740.5368 | 17:56:45 | 220.340537 | 359.010698 | 3
 4152.1454 | 08740.5404 | 17:56:46 | 220.337435 | 359.011479 | 3
 4152.1463 | 08740.5410 | 17:56:47 | 220.336911 | 359.012510 | 3
 4152.1449 | 08740.5412 | 17:56:48 | 220.336752 | 359.010899 | 3
 4152.1443 | 08740.5424 | 17:56:49 | 220.335725 | 359.010201 | 3
 4152.1441 | 08740.5436 | 17:56:50 | 220.334695 | 359.009963 | 3
 4152.1463 | 08740.5397 | 17:56:51 | 220.338029 | 359.012519 | 3
 4152.1463 | 08740.5398 | 17:56:52 | 220.337943 | 359.012518 | 3
 4152.1464 | 08740.5398 | 17:56:53 | 220.337942 | 359.012633 | 3
 4152.1464 | 08740.5398 | 17:56:54 | 220.337942 | 359.012633 | 3
 4152.1464 | 08740.5398 | 17:56:55 | 220.337942 | 359.012633 | 3
 4152.1508 | 08740.5361 | 17:56:56 | 220.341085 | 359.017719 | 3
 4152.1514 | 08740.5357 | 17:56:57 | 220.341423 | 359.018412 | 3
 4152.1517 | 08740.5359 | 17:56:58 | 220.341249 | 359.018755 | 3
 4152.1518 | 08740.5363 | 17:56:59 | 220.340904 | 359.018868 | 3
 4152.1521 | 08740.5364 | 17:57:00 | 220.340815 | 359.019212 | 3
 4152.1521 | 08740.5369 | 17:57:01 | 220.340385 | 359.019209 | 3
 4152.1524 | 08740.5375 | 17:57:02 | 220.339867 | 359.019550 | 3
 4152.1524 | 08740.5375 | 17:57:03 | 220.339867 | 359.019550 | 3
 4152.1473 | 08740.5346 | 17:57:04 | 220.342405 | 359.013703 | 3
 4152.1453 | 08740.5320 | 17:57:05 | 220.344658 | 359.011419 | 3
 4152.1450 | 08740.5312 | 17:57:06 | 220.345349 | 359.011080 | 3
 4152.1444 | 08740.5310 | 17:57:07 | 220.345526 | 359.010391 | 3
 4152.1440 | 08740.5309 | 17:57:08 | 220.345615 | 359.009931 | 3
 4152.1433 | 08740.5306 | 17:57:09 | 220.345879 | 359.009128 | 3
 4152.1406 | 08740.5343 | 17:57:11 | 220.342722 | 359.005998 | 3
 4152.1397 | 08740.5349 | 17:57:12 | 220.342214 | 359.004959 | 3
 4152.1395 | 08740.5362 | 17:57:13 | 220.341098 | 359.004720 | 3
 4152.1408 | 08740.5351 | 17:57:14 | 220.342033 | 359.006223 | 3
 4152.1402 | 08740.5413 | 17:57:15 | 220.336707 | 359.005492 | 3
 4152.1400 | 08740.5432 | 17:57:16 | 220.335076 | 359.005249 | 3
 4152.1399 | 08740.5445 | 17:57:17 | 220.333959 | 359.005126 | 3
 4152.1399 | 08740.5445 | 17:57:18 | 220.333959 | 359.005126 | 3
 4152.1399 | 08740.5445 | 17:57:19 | 220.333959 | 359.005126 | 3
 4152.1399 | 08740.5445 | 17:57:20 | 220.333959 | 359.005126 | 3
 4152.1399 | 08740.5445 | 17:57:21 | 220.333959 | 359.005126 | 3
 4152.1399 | 08740.5445 | 17:57:22 | 220.333959 | 359.005126 | 3
 4152.1436 | 08740.5492 | 17:57:23 | 220.329885 | 359.009351 | 3
 4152.1436 | 08740.5485 | 17:57:24 | 220.330487 | 359.009355 | 3
 4152.1391 | 08740.5378 | 17:57:25 | 220.339726 | 359.004250 | 3
 4152.1392 | 08740.5369 | 17:57:26 | 220.340499 | 359.004371 | 3
 4152.1417 | 08740.5360 | 17:57:27 | 220.341251 | 359.007252 | 3
 4152.1424 | 08740.5348 | 17:57:28 | 220.342276 | 359.008065 | 3
 4152.1428 | 08740.5390 | 17:57:29 | 220.338662 | 359.008498 | 3
 4152.1432 | 08740.5396 | 17:57:30 | 220.338142 | 359.008954 | 3
 4152.1400 | 08740.5386 | 17:57:31 | 220.339030 | 359.005280 | 3
 4152.1450 | 08740.5430 | 17:57:32 | 220.335203 | 359.011002 | 3
 4152.1457 | 08740.5434 | 17:57:33 | 220.334853 | 359.011805 | 3
 4152.1461 | 08740.5438 | 17:57:34 | 220.334506 | 359.012262 | 3
 4152.1465 | 08740.5441 | 17:57:35 | 220.334244 | 359.012720 | 3
 4152.1498 | 08740.5601 | 17:57:36 | 220.320459 | 359.016411 | 3
 4152.1490 | 08740.5661 | 17:57:37 | 220.315308 | 359.015451 | 3
 4152.1488 | 08740.5709 | 17:57:38 | 220.311183 | 359.015189 | 3
 4152.1492 | 08740.5762 | 17:57:39 | 220.306622 | 359.015614 | 3
 4152.1486 | 08740.5834 | 17:57:40 | 220.300437 | 359.014877 | 3
 4152.1472 | 08740.5893 | 17:57:41 | 220.295377 | 359.013228 | 3
 4152.1467 | 08740.5960 | 17:57:42 | 220.289621 | 359.012609 | 3
 4152.1463 | 08740.6026 | 17:57:43 | 220.283950 | 359.012105 | 3
 4152.1460 | 08740.6093 | 17:57:44 | 220.278192 | 359.011716 | 3
 4152.1457 | 08740.6159 | 17:57:45 | 220.272521 | 359.011327 | 3
 4152.1445 | 08740.6226 | 17:57:46 | 220.266771 | 359.009903 | 3
 4152.1439 | 08740.6292 | 17:57:47 | 220.261102 | 359.009170 | 3
 4152.1434 | 08740.6359 | 17:57:48 | 220.255346 | 359.008550 | 3
 4152.1428 | 08740.6426 | 17:57:49 | 220.249591 | 359.007816 | 3
 4152.1423 | 08740.6492 | 17:57:50 | 220.243921 | 359.007198 | 3
 4152.1413 | 08740.6560 | 17:57:51 | 220.238083 | 359.006003 | 3
 4152.1386 | 08740.6632 | 17:57:52 | 220.231916 | 359.002850 | 3
 4152.1378 | 08740.6695 | 17:57:53 | 220.226507 | 359.001888 | 3
 4152.1367 | 08740.6762 | 17:57:54 | 220.220756 | 359.000579 | 3
 4152.1359 | 08740.6829 | 17:57:55 | 220.215003 | 358.999615 | 3
 4152.1350 | 08740.6898 | 17:57:56 | 220.209078 | 358.998534 | 3
 4152.1344 | 08740.6944 | 17:57:57 | 220.205129 | 358.997814 | 3
 4152.1340 | 08740.7018 | 17:57:58 | 220.198770 | 358.997305 | 3
 4152.1333 | 08740.7085 | 17:57:59 | 220.193016 | 358.996456 | 3
 4152.1393 | 08740.7292 | 17:58:00 | 220.175166 | 359.003222 | 3
 4152.1390 | 08740.7368 | 17:58:01 | 220.168634 | 359.002827 | 3
 4152.1379 | 08740.7426 | 17:58:02 | 220.163657 | 359.001524 | 3
 4152.1375 | 08740.7499 | 17:58:03 | 220.157385 | 359.001016 | 3
 4152.1372 | 08740.7573 | 17:58:04 | 220.151025 | 359.000622 | 3
 4152.1374 | 08740.7636 | 17:58:05 | 220.145607 | 359.000811 | 3
 4152.1375 | 08740.7711 | 17:58:06 | 220.139158 | 359.000877 | 3
 4152.1375 | 08740.7785 | 17:58:07 | 220.132795 | 359.000829 | 3
 4152.1375 | 08740.7860 | 17:58:08 | 220.126347 | 359.000779 | 3
 4152.1377 | 08740.7938 | 17:58:09 | 220.119639 | 359.000958 | 3
 4152.1379 | 08740.8016 | 17:58:10 | 220.112931 | 359.001137 | 3
 4152.1381 | 08740.8092 | 17:58:11 | 220.106395 | 359.001318 | 3
 4152.1399 | 08740.8171 | 17:58:12 | 220.099588 | 359.003337 | 3
 4152.1442 | 08740.8289 | 17:58:13 | 220.089405 | 359.008206 | 3
 4152.1441 | 08740.8348 | 17:58:14 | 220.084333 | 359.008052 | 3
 4152.1443 | 08740.8407 | 17:58:15 | 220.079259 | 359.008243 | 3
 4152.1444 | 08740.8462 | 17:58:16 | 220.074529 | 359.008322 | 3
 4152.1445 | 08740.8518 | 17:58:17 | 220.069714 | 359.008401 | 3
 4152.1446 | 08740.8573 | 17:58:18 | 220.064984 | 359.008480 | 3
 4152.1451 | 08740.8622 | 17:58:19 | 220.060767 | 359.009023 | 3
 4152.1454 | 08740.8676 | 17:58:20 | 220.056121 | 359.009333 | 3
 4152.1460 | 08740.8727 | 17:58:21 | 220.051731 | 359.009990 | 3
 4152.1473 | 08740.8748 | 17:58:22 | 220.049915 | 359.011471 | 3
 4152.1479 | 08740.8796 | 17:58:23 | 220.045783 | 359.012130 | 3
 4152.1485 | 08740.8845 | 17:58:24 | 220.041564 | 359.012788 | 3
 4152.1491 | 08740.8893 | 17:58:25 | 220.037432 | 359.013447 | 3
 4152.1476 | 08740.8988 | 17:58:26 | 220.029278 | 359.011660 | 3
 4152.1476 | 08740.9049 | 17:58:27 | 220.024033 | 359.011620 | 3
 4152.1478 | 08740.9104 | 17:58:28 | 220.019303 | 359.011814 | 3
 4152.1476 | 08740.9183 | 17:58:29 | 220.012512 | 359.011532 | 3
 4152.1476 | 08740.9260 | 17:58:30 | 220.005892 | 359.011482 | 3
 4152.1474 | 08740.9325 | 17:58:31 | 220.000306 | 359.011210 | 3
 4152.1467 | 08740.9384 | 17:58:32 | 219.995239 | 359.010366 | 3
 4152.1459 | 08740.9442 | 17:58:33 | 219.990259 | 359.009408 | 3
 4152.1451 | 08740.9501 | 17:58:34 | 219.985194 | 359.008449 | 3
 4152.1448 | 08740.9568 | 17:58:35 | 219.979436 | 359.008061 | 3
 4152.1444 | 08740.9639 | 17:58:36 | 219.973335 | 359.007554 | 3
 4152.1501 | 08740.9838 | 17:58:37 | 219.956176 | 359.013981 | 3
 4152.1502 | 08740.9909 | 17:58:38 | 219.950071 | 359.014050 | 3
 4152.1498 | 08740.9980 | 17:58:39 | 219.943970 | 359.013544 | 3
 4152.1498 | 08741.0051 | 17:58:40 | 219.937866 | 359.013497 | 3
 4152.1506 | 08741.0120 | 17:58:41 | 219.931927 | 359.014373 | 3
 4152.1509 | 08741.0190 | 17:58:42 | 219.925906 | 359.014672 | 3
 4152.1546 | 08741.0194 | 17:58:43 | 219.925530 | 359.018926 | 3
 4152.1555 | 08741.0261 | 17:58:44 | 219.919761 | 359.019917 | 3
 4152.1571 | 08741.0320 | 17:58:45 | 219.914675 | 359.021719 | 3
 4152.1584 | 08741.0372 | 17:58:46 | 219.910193 | 359.023181 | 3
 4152.1594 | 08741.0428 | 17:58:47 | 219.905370 | 359.024295 | 3
 4152.1609 | 08741.0490 | 17:58:48 | 219.900026 | 359.025980 | 3
 4152.1617 | 08741.0533 | 17:58:49 | 219.896322 | 359.026872 | 3
 4152.1613 | 08741.0547 | 17:58:50 | 219.895122 | 359.026403 | 3
 4152.1603 | 08741.0550 | 17:58:51 | 219.894873 | 359.025250 | 3
 4152.1483 | 08741.0325 | 17:58:52 | 219.914322 | 359.011594 | 3
 4152.1462 | 08741.0330 | 17:58:53 | 219.913910 | 359.009175 | 3
 4152.1379 | 08741.0276 | 17:58:54 | 219.918625 | 358.999663 | 3
 4152.1364 | 08741.0292 | 17:58:55 | 219.917262 | 358.997927 | 3
 4152.1353 | 08741.0296 | 17:58:57 | 219.916928 | 358.996659 | 3
 4152.1396 | 08741.0165 | 17:58:58 | 219.928154 | 359.001691 | 3
 4152.1393 | 08741.0162 | 17:58:59 | 219.928414 | 359.001347 | 3
 4152.1391 | 08741.0156 | 17:59:00 | 219.928932 | 359.001121 | 3
 4152.1402 | 08741.0109 | 17:59:01 | 219.932963 | 359.002417 | 3
 4152.1400 | 08741.0104 | 17:59:02 | 219.933395 | 359.002190 | 3
 4152.1398 | 08741.0101 | 17:59:03 | 219.933654 | 359.001962 | 3
 4152.1398 | 08741.0094 | 17:59:04 | 219.934256 | 359.001967 | 3
 4152.1400 | 08741.0087 | 17:59:05 | 219.934856 | 359.002201 | 3
 4152.1414 | 08741.0077 | 17:59:06 | 219.935704 | 359.003818 | 3
 4152.1414 | 08741.0065 | 17:59:07 | 219.936736 | 359.003826 | 3
 4152.1412 | 08741.0047 | 17:59:09 | 219.938285 | 359.003608 | 3
 4152.1412 | 08741.0036 | 17:59:10 | 219.939231 | 359.003615 | 3
 4152.1412 | 08741.0025 | 17:59:11 | 219.940176 | 359.003622 | 3
 4152.1413 | 08741.0013 | 17:59:12 | 219.941207 | 359.003745 | 3
 4152.1413 | 08741.0002 | 17:59:13 | 219.942153 | 359.003752 | 3
 4152.1416 | 08740.9985 | 17:59:14 | 219.943612 | 359.004108 | 3
 4152.1417 | 08740.9972 | 17:59:15 | 219.944729 | 359.004232 | 3
 4152.1420 | 08740.9956 | 17:59:16 | 219.946102 | 359.004587 | 3
 4152.1423 | 08740.9940 | 17:59:17 | 219.947475 | 359.004943 | 3
 4152.1426 | 08740.9926 | 17:59:18 | 219.948676 | 359.005297 | 3
 4152.1427 | 08740.9915 | 17:59:19 | 219.949621 | 359.005419 | 3
 4152.1434 | 08740.9897 | 17:59:20 | 219.951162 | 359.006236 | 3
 4152.1441 | 08740.9882 | 17:59:21 | 219.952446 | 359.007051 | 3
 4152.1446 | 08740.9869 | 17:59:22 | 219.953559 | 359.007635 | 3
 4152.1453 | 08740.9856 | 17:59:23 | 219.954671 | 359.008448 | 3
 4152.1458 | 08740.9845 | 17:59:24 | 219.955612 | 359.009031 | 3
 4152.1463 | 08740.9835 | 17:59:25 | 219.956467 | 359.009612 | 3
 4152.1468 | 08740.9824 | 17:59:26 | 219.957409 | 359.010194 | 3
 4152.1474 | 08740.9708 | 17:59:27 | 219.967377 | 359.010960 | 3
 4152.1476 | 08740.9699 | 17:59:28 | 219.968149 | 359.011196 | 3
 4152.1480 | 08740.9690 | 17:59:29 | 219.968919 | 359.011662 | 3
 4152.1505 | 08740.9732 | 17:59:30 | 219.965286 | 359.014510 | 3
 4152.1479 | 08740.9746 | 17:59:31 | 219.964105 | 359.011511 | 3
 4152.1480 | 08740.9737 | 17:59:32 | 219.964878 | 359.011631 | 3
 4152.1479 | 08740.9728 | 17:59:33 | 219.965653 | 359.011522 | 3
 4152.1473 | 08740.9719 | 17:59:34 | 219.966432 | 359.010838 | 3
 4152.1471 | 08740.9712 | 17:59:35 | 219.967035 | 359.010612 | 3
 4152.1469 | 08740.9705 | 17:59:36 | 219.967639 | 359.010387 | 3
 4152.1439 | 08740.9709 | 17:59:37 | 219.967321 | 359.006934 | 3
 4152.1413 | 08740.9688 | 17:59:40 | 219.969149 | 359.003957 | 3
 4152.1409 | 08740.9678 | 17:59:41 | 219.970013 | 359.003503 | 3
 4152.1405 | 08740.9666 | 17:59:42 | 219.971048 | 359.003051 | 3
 4152.1402 | 08740.9657 | 17:59:43 | 219.971824 | 359.002712 | 3
 4152.1399 | 08740.9648 | 17:59:44 | 219.972601 | 359.002372 | 3
 4152.1450 | 08740.9593 | 17:59:45 | 219.977285 | 359.008274 | 3
 4152.1450 | 08740.9588 | 17:59:46 | 219.977715 | 359.008278 | 3
 4152.1448 | 08740.9585 | 17:59:47 | 219.977974 | 359.008050 | 3
 4152.1447 | 08740.9522 | 17:59:49 | 219.983392 | 359.007976 | 3
 4152.1436 | 08740.9525 | 17:59:50 | 219.983143 | 359.006708 | 3
 4152.1450 | 08740.9497 | 17:59:51 | 219.985539 | 359.008337 | 3
 4152.1444 | 08740.9500 | 17:59:52 | 219.985286 | 359.007645 | 3
 4152.1440 | 08740.9497 | 17:59:53 | 219.985547 | 359.007187 | 3
 4152.1434 | 08740.9506 | 17:59:54 | 219.984779 | 359.006491 | 3
 4152.1434 | 08740.9497 | 17:59:55 | 219.985553 | 359.006497 | 3
 4152.1434 | 08740.9488 | 17:59:56 | 219.986326 | 359.006503 | 3
 4152.1435 | 08740.9480 | 17:59:57 | 219.987013 | 359.006623 | 3
 4152.1437 | 08740.9473 | 17:59:58 | 219.987613 | 359.006857 | 3
 4152.1439 | 08740.9465 | 17:59:59 | 219.988299 | 359.007093 | 3
 4152.1468 | 08740.9434 | 18:00:00 | 219.990939 | 359.010449 | 3
 4152.1469 | 08740.9427 | 18:00:01 | 219.991540 | 359.010568 | 3
 4152.1480 | 08740.9416 | 18:00:03 | 219.992476 | 359.011841 | 3
 4152.1483 | 08740.9409 | 18:00:04 | 219.993076 | 359.012190 | 3
 4152.1498 | 08740.9396 | 18:00:05 | 219.994180 | 359.013924 | 3
 4152.1504 | 08740.9387 | 18:00:06 | 219.994949 | 359.014620 | 3
 4152.1511 | 08740.9376 | 18:00:07 | 219.995888 | 359.015432 | 3
 4152.1516 | 08740.9367 | 18:00:08 | 219.996658 | 359.016013 | 3
 4152.1522 | 08740.9359 | 18:00:09 | 219.997340 | 359.016709 | 3
 4152.1545 | 08740.9409 | 18:00:10 | 219.993022 | 359.019322 | 3
 4152.1555 | 08740.9418 | 18:00:11 | 219.992239 | 359.020466 | 3
 4152.1564 | 08740.9427 | 18:00:12 | 219.991457 | 359.021496 | 3
 4152.1570 | 08740.9429 | 18:00:13 | 219.991280 | 359.022184 | 3
 4152.1578 | 08740.9418 | 18:00:14 | 219.992219 | 359.023112 | 3
 4152.1586 | 08740.9413 | 18:00:15 | 219.992642 | 359.024035 | 3
 4152.1629 | 08740.9575 | 18:00:49 | 219.978676 | 359.028876 | 3
 4152.1593 | 08740.9658 | 18:00:52 | 219.971572 | 359.024681 | 3
 4152.1567 | 08740.9656 | 18:01:03 | 219.971766 | 359.021691 | 3
 4152.1606 | 08740.9563 | 18:01:04 | 219.979728 | 359.026238 | 3
 4152.1553 | 08740.9504 | 18:01:05 | 219.984847 | 359.020180 | 3
 4152.1606 | 08740.9607 | 18:01:08 | 219.975945 | 359.026209 | 3
 4152.1601 | 08740.9602 | 18:01:09 | 219.976379 | 359.025637 | 3
 4152.1595 | 08740.9599 | 18:01:10 | 219.976643 | 359.024949 | 3
 4152.1594 | 08740.9599 | 18:01:13 | 219.976643 | 359.024834 | 3
 4152.1594 | 08740.9599 | 18:01:16 | 219.976643 | 359.024834 | 3
 4152.1594 | 08740.9599 | 18:01:17 | 219.976643 | 359.024834 | 3
 4152.1594 | 08740.9599 | 18:01:20 | 219.976643 | 359.024834 | 3
 4152.1594 | 08740.9599 | 18:01:21 | 219.976643 | 359.024834 | 2
 4152.1594 | 08740.9599 | 18:01:22 | 219.976643 | 359.024834 | 3
 4152.1594 | 08740.9599 | 18:01:23 | 219.976643 | 359.024834 | 3
 4152.1594 | 08740.9599 | 18:01:24 | 219.976643 | 359.024834 | 3
 4152.1594 | 08740.9599 | 18:01:25 | 219.976643 | 359.024834 | 3
 4152.1594 | 08740.9599 | 18:01:26 | 219.976643 | 359.024834 | 3
 4152.1594 | 08740.9599 | 18:01:27 | 219.976643 | 359.024834 | 3
 4152.1594 | 08740.9599 | 18:01:28 | 219.976643 | 359.024834 | 3
 4152.1594 | 08740.9599 | 18:01:29 | 219.976643 | 359.024834 | 3
 4152.1594 | 08740.9599 | 18:01:30 | 219.976643 | 359.024834 | 3
 4152.1492 | 08740.9569 | 18:01:31 | 219.979312 | 359.013121 | 3
 4152.1492 | 08740.9570 | 18:01:32 | 219.979226 | 359.013121 | 3
 4152.1494 | 08740.9570 | 18:01:33 | 219.979224 | 359.013351 | 3
 4152.1501 | 08740.9570 | 18:01:34 | 219.979218 | 359.014156 | 3
 4152.1501 | 08740.9569 | 18:01:35 | 219.979304 | 359.014156 | 3
 4152.1500 | 08740.9567 | 18:01:36 | 219.979477 | 359.014043 | 3
 4152.1500 | 08740.9567 | 18:01:37 | 219.979477 | 359.014043 | 3
 4152.1500 | 08740.9567 | 18:01:38 | 219.979477 | 359.014043 | 3
 4152.1500 | 08740.9567 | 18:01:39 | 219.979477 | 359.014043 | 3
 4152.1500 | 08740.9567 | 18:01:40 | 219.979477 | 359.014043 | 3
 4152.1500 | 08740.9567 | 18:01:41 | 219.979477 | 359.014043 | 3
 4152.1504 | 08740.9687 | 18:01:42 | 219.969156 | 359.014425 | 3
 4152.1501 | 08740.9690 | 18:01:43 | 219.968901 | 359.014078 | 3
 4152.1500 | 08740.9700 | 18:01:44 | 219.968042 | 359.013956 | 3
 4152.1500 | 08740.9664 | 18:01:45 | 219.971137 | 359.013979 | 3
 4152.1450 | 08740.9575 | 18:01:46 | 219.978832 | 359.008286 | 3
 4152.1446 | 08740.9569 | 18:01:47 | 219.979352 | 359.007830 | 3
 4152.1431 | 08740.9549 | 18:01:48 | 219.981084 | 359.006118 | 3
 4152.1422 | 08740.9541 | 18:01:49 | 219.981780 | 359.005088 | 3
 4152.1417 | 08740.9539 | 18:01:50 | 219.981956 | 359.004514 | 3
 4152.1414 | 08740.9538 | 18:01:51 | 219.982045 | 359.004169 | 3
 4152.1418 | 08740.9536 | 18:01:52 | 219.982213 | 359.004631 | 3
 4152.1415 | 08740.9537 | 18:01:53 | 219.982130 | 359.004285 | 3
 4152.1414 | 08740.9535 | 18:01:54 | 219.982303 | 359.004171 | 3
 4152.1416 | 08740.9528 | 18:01:55 | 219.982903 | 359.004406 | 3
 4152.1417 | 08740.9521 | 18:01:56 | 219.983504 | 359.004526 | 3
 4152.1420 | 08740.9513 | 18:01:57 | 219.984189 | 359.004876 | 3
 4152.1437 | 08740.9478 | 18:01:58 | 219.987183 | 359.006854 | 3
 4152.1438 | 08740.9475 | 18:01:59 | 219.987441 | 359.006971 | 3
 4152.1439 | 08740.9473 | 18:02:00 | 219.987612 | 359.007087 | 3
 4152.1472 | 08740.9562 | 18:02:01 | 219.979931 | 359.010825 | 3
 4152.1473 | 08740.9564 | 18:02:02 | 219.979758 | 359.010939 | 3
 4152.1473 | 08740.9564 | 18:02:03 | 219.979758 | 359.010939 | 3
 4152.1473 | 08740.9564 | 18:02:04 | 219.979758 | 359.010939 | 3
 4152.1473 | 08740.9564 | 18:02:05 | 219.979758 | 359.010939 | 3
 4152.1473 | 08740.9564 | 18:02:06 | 219.979758 | 359.010939 | 3
 4152.1473 | 08740.9564 | 18:02:07 | 219.979758 | 359.010939 | 3
 4152.1473 | 08740.9564 | 18:02:08 | 219.979758 | 359.010939 | 3
 4152.1473 | 08740.9564 | 18:02:09 | 219.979758 | 359.010939 | 3
 4152.1473 | 08740.9564 | 18:02:10 | 219.979758 | 359.010939 | 3
 4152.1473 | 08740.9564 | 18:02:11 | 219.979758 | 359.010939 | 3
 4152.1473 | 08740.9564 | 18:02:12 | 219.979758 | 359.010939 | 3
 4152.1473 | 08740.9564 | 18:02:13 | 219.979758 | 359.010939 | 3
 4152.1473 | 08740.9564 | 18:02:14 | 219.979758 | 359.010939 | 3
 4152.1473 | 08740.9564 | 18:02:15 | 219.979758 | 359.010939 | 3
 4152.1473 | 08740.9564 | 18:02:16 | 219.979758 | 359.010939 | 3
 4152.1473 | 08740.9564 | 18:02:17 | 219.979758 | 359.010939 | 3
 4152.1473 | 08740.9564 | 18:02:18 | 219.979758 | 359.010939 | 3
 4152.1473 | 08740.9564 | 18:02:19 | 219.979758 | 359.010939 | 3
 4152.1473 | 08740.9564 | 18:02:20 | 219.979758 | 359.010939 | 3
 4152.1473 | 08740.9564 | 18:02:21 | 219.979758 | 359.010939 | 3
 4152.1473 | 08740.9564 | 18:02:22 | 219.979758 | 359.010939 | 3
 4152.1473 | 08740.9564 | 18:02:23 | 219.979758 | 359.010939 | 3
 4152.1473 | 08740.9564 | 18:02:24 | 219.979758 | 359.010939 | 3
 4152.1473 | 08740.9564 | 18:02:25 | 219.979758 | 359.010939 | 3
 4152.1473 | 08740.9564 | 18:02:26 | 219.979758 | 359.010939 | 3
 4152.1466 | 08740.9514 | 18:02:27 | 219.984063 | 359.010166 | 3
 4152.1462 | 08740.9515 | 18:02:28 | 219.983981 | 359.009706 | 3
 4152.1468 | 08740.9519 | 18:02:29 | 219.983631 | 359.010393 | 3
 4152.1467 | 08740.9520 | 18:02:30 | 219.983546 | 359.010277 | 3
 4152.1467 | 08740.9524 | 18:02:31 | 219.983202 | 359.010275 | 3
 4152.1467 | 08740.9524 | 18:02:32 | 219.983202 | 359.010275 | 3
 4152.1467 | 08740.9524 | 18:02:33 | 219.983202 | 359.010275 | 3
 4152.1467 | 08740.9524 | 18:02:34 | 219.983202 | 359.010275 | 3
 4152.1467 | 08740.9524 | 18:02:35 | 219.983202 | 359.010275 | 3
 4152.1467 | 08740.9524 | 18:02:36 | 219.983202 | 359.010275 | 3
 4152.1467 | 08740.9524 | 18:02:37 | 219.983202 | 359.010275 | 3
 4152.1467 | 08740.9524 | 18:02:38 | 219.983202 | 359.010275 | 3
 4152.1467 | 08740.9524 | 18:02:39 | 219.983202 | 359.010275 | 3
 4152.1467 | 08740.9524 | 18:02:40 | 219.983202 | 359.010275 | 3
 4152.1467 | 08740.9524 | 18:02:41 | 219.983202 | 359.010275 | 3
 4152.1467 | 08740.9524 | 18:02:42 | 219.983202 | 359.010275 | 3
 4152.1467 | 08740.9524 | 18:02:43 | 219.983202 | 359.010275 | 3
 4152.1467 | 08740.9524 | 18:02:44 | 219.983202 | 359.010275 | 3
 4152.1467 | 08740.9524 | 18:02:45 | 219.983202 | 359.010275 | 3
 4152.1467 | 08740.9524 | 18:02:46 | 219.983202 | 359.010275 | 3
 4152.1467 | 08740.9524 | 18:02:47 | 219.983202 | 359.010275 | 3
 4152.1527 | 08740.9484 | 18:02:48 | 219.986589 | 359.017202 | 3
 4152.1530 | 08740.9482 | 18:02:49 | 219.986758 | 359.017549 | 3
 4152.1533 | 08740.9480 | 18:02:50 | 219.986928 | 359.017895 | 3
 4152.1536 | 08740.9477 | 18:02:51 | 219.987183 | 359.018242 | 3
 4152.1539 | 08740.9474 | 18:02:52 | 219.987438 | 359.018589 | 3
 4152.1541 | 08740.9471 | 18:02:53 | 219.987695 | 359.018821 | 3
 4152.1544 | 08740.9465 | 18:02:54 | 219.988208 | 359.019170 | 3
 4152.1547 | 08740.9458 | 18:02:55 | 219.988807 | 359.019520 | 3
 4152.1547 | 08740.9453 | 18:02:56 | 219.989237 | 359.019523 | 3
 4152.1545 | 08740.9453 | 18:02:57 | 219.989239 | 359.019293 | 3
 4152.1541 | 08740.9457 | 18:02:58 | 219.988898 | 359.018830 | 3
 4152.1542 | 08740.9454 | 18:02:59 | 219.989155 | 359.018947 | 3
 4152.1541 | 08740.9453 | 18:03:00 | 219.989242 | 359.018833 | 3
 4152.1539 | 08740.9456 | 18:03:03 | 219.988986 | 359.018601 | 3
 4152.1534 | 08740.9464 | 18:03:04 | 219.988303 | 359.018021 | 3
 4152.1534 | 08740.9464 | 18:03:05 | 219.988303 | 359.018021 | 3
 4152.1534 | 08740.9464 | 18:03:06 | 219.988303 | 359.018021 | 3
 4152.1534 | 08740.9464 | 18:03:07 | 219.988303 | 359.018021 | 3
 4152.1534 | 08740.9464 | 18:03:08 | 219.988303 | 359.018021 | 3
 4152.1534 | 08740.9464 | 18:03:09 | 219.988303 | 359.018021 | 3
 4152.1534 | 08740.9464 | 18:03:10 | 219.988303 | 359.018021 | 3
 4152.1534 | 08740.9464 | 18:03:11 | 219.988303 | 359.018021 | 3
 4152.1534 | 08740.9464 | 18:03:12 | 219.988303 | 359.018021 | 3
 4152.1534 | 08740.9464 | 18:03:13 | 219.988303 | 359.018021 | 3
 4152.1534 | 08740.9464 | 18:03:14 | 219.988303 | 359.018021 | 3
 4152.1534 | 08740.9464 | 18:03:15 | 219.988303 | 359.018021 | 3
 4152.1534 | 08740.9464 | 18:03:16 | 219.988303 | 359.018021 | 3
 4152.1534 | 08740.9464 | 18:03:17 | 219.988303 | 359.018021 | 3
 4152.1534 | 08740.9464 | 18:03:18 | 219.988303 | 359.018021 | 3
 4152.1534 | 08740.9464 | 18:03:19 | 219.988303 | 359.018021 | 3
 4152.1534 | 08740.9464 | 18:03:20 | 219.988303 | 359.018021 | 3
 4152.1534 | 08740.9464 | 18:03:21 | 219.988303 | 359.018021 | 3
 4152.1534 | 08740.9464 | 18:03:22 | 219.988303 | 359.018021 | 3
 4152.1534 | 08740.9464 | 18:03:23 | 219.988303 | 359.018021 | 3
 4152.1534 | 08740.9464 | 18:03:24 | 219.988303 | 359.018021 | 3
 4152.1534 | 08740.9464 | 18:03:25 | 219.988303 | 359.018021 | 3
 4152.1534 | 08740.9464 | 18:03:26 | 219.988303 | 359.018021 | 3
 4152.1534 | 08740.9464 | 18:03:27 | 219.988303 | 359.018021 | 3
 4152.1534 | 08740.9464 | 18:03:28 | 219.988303 | 359.018021 | 3
 4152.1534 | 08740.9464 | 18:03:29 | 219.988303 | 359.018021 | 3
 4152.1534 | 08740.9464 | 18:03:30 | 219.988303 | 359.018021 | 3
 4152.1534 | 08740.9464 | 18:03:31 | 219.988303 | 359.018021 | 3
 4152.1534 | 08740.9464 | 18:03:32 | 219.988303 | 359.018021 | 3
 4152.1534 | 08740.9464 | 18:03:33 | 219.988303 | 359.018021 | 3
 4152.1534 | 08740.9464 | 18:03:35 | 219.988303 | 359.018021 | 3
 4152.1534 | 08740.9464 | 18:03:36 | 219.988303 | 359.018021 | 3
 4152.1534 | 08740.9464 | 18:03:37 | 219.988303 | 359.018021 | 3
 4152.1534 | 08740.9464 | 18:03:38 | 219.988303 | 359.018021 | 3
 4152.1534 | 08740.9464 | 18:03:39 | 219.988303 | 359.018021 | 3
 4152.1534 | 08740.9464 | 18:03:40 | 219.988303 | 359.018021 | 3
 4152.1534 | 08740.9464 | 18:03:41 | 219.988303 | 359.018021 | 3
 4152.1534 | 08740.9464 | 18:03:42 | 219.988303 | 359.018021 | 3
 4152.1534 | 08740.9464 | 18:03:43 | 219.988303 | 359.018021 | 3
 4152.1534 | 08740.9464 | 18:03:44 | 219.988303 | 359.018021 | 3
 4152.1534 | 08740.9464 | 18:03:45 | 219.988303 | 359.018021 | 3
 4152.1534 | 08740.9464 | 18:03:46 | 219.988303 | 359.018021 | 3
 4152.1534 | 08740.9464 | 18:03:47 | 219.988303 | 359.018021 | 3
 4152.1534 | 08740.9464 | 18:03:50 | 219.988303 | 359.018021 | 3
 4152.1534 | 08740.9464 | 18:03:51 | 219.988303 | 359.018021 | 3
 4152.1534 | 08740.9464 | 18:03:53 | 219.988303 | 359.018021 | 3
 4152.1534 | 08740.9464 | 18:03:54 | 219.988303 | 359.018021 | 3
 4152.1534 | 08740.9464 | 18:03:55 | 219.988303 | 359.018021 | 3
 4152.1534 | 08740.9464 | 18:03:56 | 219.988303 | 359.018021 | 3
 4152.1523 | 08740.9460 | 18:03:57 | 219.988656 | 359.016758 | 3
 4152.1526 | 08740.9456 | 18:03:58 | 219.988997 | 359.017106 | 3
 4152.1528 | 08740.9454 | 18:03:59 | 219.989168 | 359.017337 | 3
 4152.1529 | 08740.9452 | 18:04:00 | 219.989339 | 359.017453 | 3
 4152.1531 | 08740.9447 | 18:04:01 | 219.989767 | 359.017687 | 3
 4152.1535 | 08740.9438 | 18:04:02 | 219.990537 | 359.018153 | 3
 4152.1537 | 08740.9435 | 18:04:03 | 219.990793 | 359.018385 | 3
 4152.1539 | 08740.9431 | 18:04:04 | 219.991135 | 359.018617 | 3
 4152.1541 | 08740.9426 | 18:04:05 | 219.991564 | 359.018851 | 3
 4152.1516 | 08740.9439 | 18:04:06 | 219.990468 | 359.015967 | 3
 4152.1516 | 08740.9437 | 18:04:07 | 219.990640 | 359.015968 | 3
 4152.1515 | 08740.9434 | 18:04:08 | 219.990898 | 359.015855 | 3
 4152.1515 | 08740.9434 | 18:04:09 | 219.990898 | 359.015855 | 3
 4152.1515 | 08740.9434 | 18:04:10 | 219.990898 | 359.015855 | 3
 4152.1515 | 08740.9434 | 18:04:11 | 219.990898 | 359.015855 | 3
 4152.1515 | 08740.9434 | 18:04:12 | 219.990898 | 359.015855 | 3
 4152.1515 | 08740.9434 | 18:04:13 | 219.990898 | 359.015855 | 3
 4152.1515 | 08740.9434 | 18:04:14 | 219.990898 | 359.015855 | 3
 4152.1515 | 08740.9434 | 18:04:15 | 219.990898 | 359.015855 | 3
 4152.1515 | 08740.9434 | 18:04:16 | 219.990898 | 359.015855 | 3
 4152.1515 | 08740.9434 | 18:04:17 | 219.990898 | 359.015855 | 3
 4152.1515 | 08740.9434 | 18:04:18 | 219.990898 | 359.015855 | 3
 4152.1515 | 08740.9434 | 18:04:19 | 219.990898 | 359.015855 | 3
 4152.1515 | 08740.9434 | 18:04:20 | 219.990898 | 359.015855 | 3
 4152.1515 | 08740.9434 | 18:04:21 | 219.990898 | 359.015855 | 3
 4152.1515 | 08740.9434 | 18:04:22 | 219.990898 | 359.015855 | 3
 4152.1515 | 08740.9434 | 18:04:23 | 219.990898 | 359.015855 | 3
 4152.1515 | 08740.9434 | 18:04:24 | 219.990898 | 359.015855 | 3
 4152.1515 | 08740.9434 | 18:04:25 | 219.990898 | 359.015855 | 3
 4152.1515 | 08740.9434 | 18:04:26 | 219.990898 | 359.015855 | 3
 4152.1515 | 08740.9434 | 18:04:27 | 219.990898 | 359.015855 | 3
 4152.1515 | 08740.9434 | 18:04:28 | 219.990898 | 359.015855 | 3
 4152.1515 | 08740.9434 | 18:04:29 | 219.990898 | 359.015855 | 3
 4152.1515 | 08740.9434 | 18:04:30 | 219.990898 | 359.015855 | 3
 4152.1515 | 08740.9434 | 18:04:31 | 219.990898 | 359.015855 | 3
 4152.1515 | 08740.9434 | 18:04:32 | 219.990898 | 359.015855 | 3
 4152.1515 | 08740.9434 | 18:04:33 | 219.990898 | 359.015855 | 3
 4152.1519 | 08740.9588 | 18:04:34 | 219.977655 | 359.016214 | 3
 4152.1522 | 08740.9604 | 18:04:35 | 219.976276 | 359.016549 | 3
 4152.1525 | 08740.9619 | 18:04:36 | 219.974984 | 359.016884 | 3
 4152.1524 | 08740.9623 | 18:04:37 | 219.974641 | 359.016767 | 3
 4152.1503 | 08740.9642 | 18:04:38 | 219.973026 | 359.014339 | 3
 4152.1496 | 08740.9631 | 18:04:39 | 219.973978 | 359.013541 | 3
 4152.1494 | 08740.9639 | 18:04:40 | 219.973292 | 359.013306 | 3
 4152.1495 | 08740.9662 | 18:04:41 | 219.971313 | 359.013406 | 3
 4152.1495 | 08740.9679 | 18:04:42 | 219.969852 | 359.013395 | 3
 4152.1494 | 08740.9689 | 18:04:43 | 219.968993 | 359.013273 | 3
 4152.1495 | 08740.9696 | 18:04:44 | 219.968390 | 359.013383 | 3
 4152.1496 | 08740.9703 | 18:04:45 | 219.967787 | 359.013494 | 3
 4152.1531 | 08740.9719 | 18:04:46 | 219.966381 | 359.017509 | 3
 4152.1530 | 08740.9729 | 18:04:47 | 219.965522 | 359.017388 | 3
 4152.1529 | 08740.9741 | 18:04:48 | 219.964492 | 359.017265 | 3
 4152.1524 | 08740.9719 | 18:04:49 | 219.966387 | 359.016704 | 3
 4152.1523 | 08740.9717 | 18:04:50 | 219.966560 | 359.016591 | 3
 4152.1516 | 08740.9693 | 18:04:51 | 219.968630 | 359.015801 | 3
 4152.1516 | 08740.9691 | 18:04:52 | 219.968802 | 359.015802 | 3
 4152.1515 | 08740.9684 | 18:04:53 | 219.969404 | 359.015692 | 3
