 4152.1449 | 08740.5977 | 13:52:06 | 220.288175 | 359.010527 
 4152.1427 | 08740.5497 | 13:52:16 | 220.329463 | 359.008312 
 4152.1432 | 08740.5423 | 13:52:17 | 220.335821 | 359.008936 
 4152.1438 | 08740.5347 | 13:52:18 | 220.342350 | 359.009676 
 4152.1440 | 08740.5271 | 13:52:19 | 220.348882 | 359.009956 
 4152.1443 | 08740.5196 | 13:52:20 | 220.355328 | 359.010351 
 4152.1444 | 08740.5124 | 13:52:21 | 220.361517 | 359.010513 
 4152.1445 | 08740.5055 | 13:52:22 | 220.367449 | 359.010674 
 4152.1446 | 08740.4984 | 13:52:23 | 220.373552 | 359.010836 
 4152.1446 | 08740.4914 | 13:52:24 | 220.379571 | 359.010882 
 4152.1447 | 08740.4847 | 13:52:25 | 220.385330 | 359.011041 
 4152.1448 | 08740.4782 | 13:52:26 | 220.390918 | 359.011199 
 4152.1449 | 08740.4719 | 13:52:27 | 220.396333 | 359.011356 
 4152.1449 | 08740.4657 | 13:52:28 | 220.401664 | 359.011397 
 4152.1448 | 08740.4595 | 13:52:29 | 220.406995 | 359.011322 
 4152.1459 | 08740.4541 | 13:52:30 | 220.411628 | 359.012623 
 4152.1466 | 08740.4488 | 13:52:31 | 220.416179 | 359.013464 
 4152.1473 | 08740.4442 | 13:52:32 | 220.420127 | 359.014299 
 4152.1476 | 08740.4403 | 13:52:33 | 220.423478 | 359.014670 
 4152.1476 | 08740.4371 | 13:52:34 | 220.426229 | 359.014691 
 4152.1481 | 08740.4346 | 13:52:35 | 220.428374 | 359.015283 
 4152.1482 | 08740.4326 | 13:52:36 | 220.430093 | 359.015411 
 4152.1483 | 08740.4310 | 13:52:37 | 220.431467 | 359.015537 
 4152.1483 | 08740.4294 | 13:52:38 | 220.432843 | 359.015547 
 4152.1483 | 08740.4280 | 13:52:39 | 220.434047 | 359.015556 
 4152.1485 | 08740.4267 | 13:52:40 | 220.435163 | 359.015795 
 4152.1486 | 08740.4248 | 13:52:41 | 220.436795 | 359.015923 
 4152.1487 | 08740.4219 | 13:52:42 | 220.439288 | 359.016057 
 4152.1489 | 08740.4183 | 13:52:43 | 220.442381 | 359.016311 
 4152.1486 | 08740.4135 | 13:52:44 | 220.446511 | 359.015997 
 4152.1489 | 08740.4086 | 13:52:45 | 220.450721 | 359.016375 
 4152.1489 | 08740.4028 | 13:52:46 | 220.455707 | 359.016413 
 4152.1493 | 08740.3967 | 13:52:47 | 220.460948 | 359.016913 
 4152.1493 | 08740.3906 | 13:52:48 | 220.466193 | 359.016954 
 4152.1494 | 08740.3843 | 13:52:49 | 220.471609 | 359.017110 
 4152.1501 | 08740.3778 | 13:52:50 | 220.477191 | 359.017959 
 4152.1504 | 08740.3709 | 13:52:51 | 220.483121 | 359.018349 
 4152.1507 | 08740.3639 | 13:52:52 | 220.489136 | 359.018741 
 4152.1508 | 08740.3567 | 13:52:53 | 220.495326 | 359.018903 
 4152.1508 | 08740.3493 | 13:52:54 | 220.501688 | 359.018952 
 4152.1509 | 08740.3418 | 13:52:55 | 220.508135 | 359.019117 
 4152.1509 | 08740.3344 | 13:52:56 | 220.514497 | 359.019166 
 4152.1510 | 08740.3274 | 13:52:57 | 220.520515 | 359.019327 
 4152.1514 | 08740.3211 | 13:52:58 | 220.525928 | 359.019829 
 4152.1516 | 08740.3151 | 13:52:59 | 220.531084 | 359.020099 
 4152.1514 | 08740.3094 | 13:53:00 | 220.535987 | 359.019907 
 4152.1529 | 08740.3069 | 13:53:01 | 220.538123 | 359.021649 
 4152.1531 | 08740.3037 | 13:53:02 | 220.540872 | 359.021900 
 4152.1531 | 08740.3024 | 13:53:03 | 220.541990 | 359.021909 
 4152.1524 | 08740.3008 | 13:53:04 | 220.543372 | 359.021114 
 4152.1520 | 08740.2993 | 13:53:05 | 220.544665 | 359.020664 
 4152.1519 | 08740.2978 | 13:53:06 | 220.545956 | 359.020559 
 4152.1517 | 08740.2964 | 13:53:07 | 220.547161 | 359.020338 
 4152.1514 | 08740.2949 | 13:53:08 | 220.548453 | 359.020003 
 4152.1510 | 08740.2936 | 13:53:09 | 220.549575 | 359.019551 
 4152.1506 | 08740.2921 | 13:53:10 | 220.550868 | 359.019101 
 4152.1279 | 08740.3063 | 13:53:11 | 220.538860 | 358.992896 
 4152.1167 | 08740.3172 | 13:53:14 | 220.529588 | 358.979941 
 4152.1109 | 08740.3179 | 13:53:15 | 220.529038 | 358.973265 
 4152.1061 | 08740.3155 | 13:53:16 | 220.531144 | 358.967760 
 4152.1438 | 08740.2587 | 13:53:18 | 220.579644 | 359.011501 
 4152.1473 | 08740.2468 | 13:53:19 | 220.589844 | 359.015606 
 4152.1484 | 08740.2386 | 13:53:20 | 220.596885 | 359.016925 
 4152.1493 | 08740.2308 | 13:53:21 | 220.603583 | 359.018012 
 4152.1499 | 08740.2236 | 13:53:22 | 220.609768 | 359.018750 
 4152.1505 | 08740.2166 | 13:53:23 | 220.615781 | 359.019487 
 4152.1510 | 08740.2102 | 13:53:24 | 220.621279 | 359.020105 
 4152.1501 | 08740.2050 | 13:53:25 | 220.625757 | 359.019104 
 4152.1509 | 08740.1984 | 13:53:26 | 220.631425 | 359.020068 
 4152.1511 | 08740.1924 | 13:53:27 | 220.636581 | 359.020338 
 4152.1513 | 08740.1865 | 13:53:28 | 220.641652 | 359.020607 
 4152.1515 | 08740.1805 | 13:53:29 | 220.646809 | 359.020877 
 4152.1517 | 08740.1747 | 13:53:30 | 220.651794 | 359.021146 
 4152.1518 | 08740.1689 | 13:53:31 | 220.656780 | 359.021299 
 4152.1519 | 08740.1631 | 13:53:32 | 220.661765 | 359.021453 
 4152.1496 | 08740.1611 | 13:53:33 | 220.663505 | 359.018821 
 4152.1483 | 08740.1579 | 13:53:34 | 220.666268 | 359.017347 
 4152.1517 | 08740.1604 | 13:53:35 | 220.664088 | 359.021241 
 4152.1519 | 08740.1598 | 13:53:36 | 220.664603 | 359.021475 
 4152.1518 | 08740.1589 | 13:53:37 | 220.665377 | 359.021366 
 4152.1525 | 08740.1573 | 13:53:38 | 220.666747 | 359.022182 
 4152.1514 | 08740.1544 | 13:53:39 | 220.669250 | 359.020936 
 4152.1514 | 08740.1520 | 13:53:40 | 220.671313 | 359.020952 
 4152.1514 | 08740.1506 | 13:53:41 | 220.672517 | 359.020961 
 4152.1512 | 08740.1495 | 13:53:42 | 220.673464 | 359.020738 
 4152.1509 | 08740.1486 | 13:53:43 | 220.674241 | 359.020399 
 4152.1509 | 08740.1480 | 13:53:44 | 220.674757 | 359.020403 
 4152.1509 | 08740.1479 | 13:53:45 | 220.674843 | 359.020404 
 4152.1509 | 08740.1478 | 13:53:46 | 220.674929 | 359.020404 
 4152.1508 | 08740.1475 | 13:53:47 | 220.675187 | 359.020291 
 4152.1510 | 08740.1464 | 13:53:48 | 220.676131 | 359.020529 
 4152.1509 | 08740.1435 | 13:53:49 | 220.678625 | 359.020433 
 4152.1509 | 08740.1394 | 13:53:50 | 220.682151 | 359.020460 
 4152.1510 | 08740.1344 | 13:53:51 | 220.686448 | 359.020609 
 4152.1514 | 08740.1289 | 13:53:52 | 220.691174 | 359.021105 
 4152.1520 | 08740.1227 | 13:53:53 | 220.696499 | 359.021837 
 4152.1521 | 08740.1153 | 13:53:54 | 220.702860 | 359.022001 
 4152.1526 | 08740.1075 | 13:53:55 | 220.709562 | 359.022628 
 4152.1530 | 08740.0996 | 13:53:56 | 220.716350 | 359.023141 
 4152.1533 | 08740.0917 | 13:53:57 | 220.723140 | 359.023539 
 4152.1533 | 08740.0834 | 13:53:58 | 220.730276 | 359.023594 
 4152.1533 | 08740.0754 | 13:53:59 | 220.737154 | 359.023647 
 4152.1538 | 08740.0680 | 13:54:00 | 220.743512 | 359.024272 
 4152.1544 | 08740.0606 | 13:54:01 | 220.749868 | 359.025011 
 4152.1550 | 08740.0536 | 13:54:02 | 220.755881 | 359.025748 
 4152.1555 | 08740.0468 | 13:54:03 | 220.761723 | 359.026368 
 4152.1556 | 08740.0400 | 13:54:04 | 220.767569 | 359.026529 
 4152.1551 | 08740.0328 | 13:54:05 | 220.773763 | 359.026002 
 4152.1546 | 08740.0262 | 13:54:06 | 220.779442 | 359.025471 
 4152.1542 | 08740.0204 | 13:54:07 | 220.784432 | 359.025049 
 4152.1542 | 08740.0157 | 13:54:08 | 220.788473 | 359.025081 
 4152.1543 | 08740.0125 | 13:54:09 | 220.791224 | 359.025217 
 4152.1543 | 08740.0107 | 13:54:10 | 220.792771 | 359.025229 
 4152.1543 | 08740.0099 | 13:54:11 | 220.793459 | 359.025234 
 4152.1542 | 08740.0094 | 13:54:12 | 220.793890 | 359.025123 
 4152.1541 | 08740.0091 | 13:54:13 | 220.794149 | 359.025010 
 4152.1538 | 08740.0090 | 13:54:14 | 220.794237 | 359.024665 
 4152.1538 | 08740.0090 | 13:54:15 | 220.794237 | 359.024665 
 4152.1538 | 08740.0090 | 13:54:16 | 220.794237 | 359.024665 
 4152.1538 | 08740.0090 | 13:54:17 | 220.794237 | 359.024665 
 4152.1538 | 08740.0090 | 13:54:18 | 220.794237 | 359.024665 
 4152.1538 | 08740.0090 | 13:54:19 | 220.794237 | 359.024665 
 4152.1538 | 08740.0090 | 13:54:20 | 220.794237 | 359.024665 
 4152.1538 | 08740.0090 | 13:54:21 | 220.794237 | 359.024665 
 4152.1538 | 08740.0090 | 13:54:22 | 220.794237 | 359.024665 
 4152.1538 | 08740.0090 | 13:54:23 | 220.794237 | 359.024665 
 4152.1538 | 08740.0090 | 13:54:24 | 220.794237 | 359.024665 
 4152.1538 | 08740.0090 | 13:54:25 | 220.794237 | 359.024665 
 4152.1538 | 08740.0090 | 13:54:26 | 220.794237 | 359.024665 
 4152.1538 | 08740.0090 | 13:54:27 | 220.794237 | 359.024665 
 4152.1538 | 08740.0090 | 13:54:28 | 220.794237 | 359.024665 
 4152.1538 | 08740.0090 | 13:54:29 | 220.794237 | 359.024665 
 4152.1538 | 08740.0090 | 13:54:30 | 220.794237 | 359.024665 
 4152.1533 | 08740.0089 | 13:54:31 | 220.794328 | 359.024091 
 4152.1533 | 08740.0073 | 13:54:32 | 220.795703 | 359.024101 
 4152.1534 | 08740.0043 | 13:54:33 | 220.798282 | 359.024236 
 4152.1534 | 08740.0003 | 13:54:34 | 220.801721 | 359.024263 
 4152.1534 | 08739.9956 | 13:54:35 | 220.805762 | 359.024295 
 4152.1534 | 08739.9906 | 13:54:36 | 220.810060 | 359.024328 
 4152.1534 | 08739.9851 | 13:54:37 | 220.814789 | 359.024365 
 4152.1536 | 08739.9790 | 13:54:38 | 220.820032 | 359.024635 
 4152.1539 | 08739.9728 | 13:54:39 | 220.825360 | 359.025022 
 4152.1543 | 08739.9668 | 13:54:40 | 220.830515 | 359.025522 
 4152.1545 | 08739.9610 | 13:54:41 | 220.835499 | 359.025791 
 4152.1547 | 08739.9549 | 13:54:42 | 220.840742 | 359.026062 
 4152.1551 | 08739.9484 | 13:54:43 | 220.846327 | 359.026565 
 4152.1554 | 08739.9417 | 13:54:44 | 220.852085 | 359.026955 
 4152.1557 | 08739.9348 | 13:54:45 | 220.858014 | 359.027346 
 4152.1559 | 08739.9279 | 13:54:46 | 220.863945 | 359.027623 
 4152.1562 | 08739.9211 | 13:54:47 | 220.869789 | 359.028013 
 4152.1563 | 08739.9143 | 13:54:48 | 220.875634 | 359.028174 
 4152.1564 | 08739.9076 | 13:54:49 | 220.881394 | 359.028334 
 4152.1567 | 08739.9011 | 13:54:50 | 220.886979 | 359.028722 
 4152.1568 | 08739.8946 | 13:54:51 | 220.892567 | 359.028881 
 4152.1569 | 08739.8884 | 13:54:52 | 220.897897 | 359.029037 
 4152.1571 | 08739.8825 | 13:54:53 | 220.902967 | 359.029307 
 4152.1573 | 08739.8769 | 13:54:54 | 220.907780 | 359.029574 
 4152.1574 | 08739.8716 | 13:54:55 | 220.912336 | 359.029725 
 4152.1575 | 08739.8668 | 13:54:56 | 220.916462 | 359.029872 
 4152.1577 | 08739.8629 | 13:54:57 | 220.919813 | 359.030128 
 4152.1578 | 08739.8597 | 13:54:58 | 220.922564 | 359.030265 
 4152.1578 | 08739.8579 | 13:54:59 | 220.924111 | 359.030277 
 4152.1583 | 08739.8571 | 13:55:00 | 220.924794 | 359.030857 
 4152.1582 | 08739.8559 | 13:55:01 | 220.925827 | 359.030750 
 4152.1582 | 08739.8548 | 13:55:02 | 220.926773 | 359.030758 
 4152.1581 | 08739.8537 | 13:55:03 | 220.927719 | 359.030650 
 4152.1581 | 08739.8530 | 13:55:04 | 220.928321 | 359.030655 
 4152.1581 | 08739.8526 | 13:55:05 | 220.928665 | 359.030657 
 4152.1582 | 08739.8518 | 13:55:06 | 220.929352 | 359.030778 
 4152.1584 | 08739.8501 | 13:55:07 | 220.930812 | 359.031019 
 4152.1584 | 08739.8469 | 13:55:08 | 220.933563 | 359.031041 
 4152.1586 | 08739.8429 | 13:55:09 | 220.937000 | 359.031297 
 4152.1591 | 08739.8383 | 13:55:10 | 220.940951 | 359.031903 
 4152.1591 | 08739.8327 | 13:55:11 | 220.945765 | 359.031941 
 4152.1593 | 08739.8267 | 13:55:12 | 220.950922 | 359.032211 
 4152.1596 | 08739.8202 | 13:55:13 | 220.956508 | 359.032600 
 4152.1598 | 08739.8134 | 13:55:14 | 220.962352 | 359.032876 
 4152.1598 | 08739.8068 | 13:55:15 | 220.968027 | 359.032920 
 4152.1599 | 08739.7999 | 13:55:16 | 220.973958 | 359.033081 
 4152.1600 | 08739.7927 | 13:55:17 | 220.980148 | 359.033245 
 4152.1601 | 08739.7851 | 13:55:18 | 220.986681 | 359.033411 
 4152.1602 | 08739.7774 | 13:55:19 | 220.993300 | 359.033577 
 4152.1602 | 08739.7700 | 13:55:20 | 220.999662 | 359.033627 
 4152.1607 | 08739.7633 | 13:55:21 | 221.005418 | 359.034247 
 4152.1609 | 08739.7566 | 13:55:22 | 221.011177 | 359.034522 
 4152.1611 | 08739.7504 | 13:55:23 | 221.016505 | 359.034794 
 4152.1613 | 08739.7443 | 13:55:24 | 221.021748 | 359.035065 
 4152.1613 | 08739.7382 | 13:55:25 | 221.026993 | 359.035106 
 4152.1614 | 08739.7320 | 13:55:26 | 221.032322 | 359.035263 
 4152.1614 | 08739.7253 | 13:55:27 | 221.038083 | 359.035308 
 4152.1613 | 08739.7181 | 13:55:28 | 221.044274 | 359.035241 
 4152.1613 | 08739.7103 | 13:55:29 | 221.050980 | 359.035294 
 4152.1614 | 08739.7022 | 13:55:30 | 221.057943 | 359.035463 
 4152.1617 | 08739.6938 | 13:55:31 | 221.065162 | 359.035865 
 4152.1616 | 08739.6850 | 13:55:32 | 221.072729 | 359.035809 
 4152.1617 | 08739.6758 | 13:55:33 | 221.080638 | 359.035986 
 4152.1620 | 08739.6667 | 13:55:34 | 221.088459 | 359.036392 
 4152.1622 | 08739.6578 | 13:55:35 | 221.096109 | 359.036682 
 4152.1623 | 08739.6490 | 13:55:36 | 221.103674 | 359.036856 
 4152.1624 | 08739.6398 | 13:55:37 | 221.111583 | 359.037033 
 4152.1625 | 08739.6305 | 13:55:38 | 221.119578 | 359.037211 
 4152.1625 | 08739.6213 | 13:55:39 | 221.127488 | 359.037273 
 4152.1625 | 08739.6120 | 13:55:40 | 221.135483 | 359.037336 
 4152.1624 | 08739.6031 | 13:55:41 | 221.143136 | 359.037281 
 4152.1624 | 08739.5945 | 13:55:42 | 221.150530 | 359.037339 
 4152.1625 | 08739.5858 | 13:55:43 | 221.158009 | 359.037512 
 4152.1625 | 08739.5770 | 13:55:44 | 221.165575 | 359.037572 
 4152.1634 | 08739.5687 | 13:55:45 | 221.172703 | 359.038663 
 4152.1624 | 08739.5595 | 13:55:46 | 221.180621 | 359.037575 
 4152.1622 | 08739.5510 | 13:55:47 | 221.187931 | 359.037402 
 4152.1622 | 08739.5428 | 13:55:48 | 221.194981 | 359.037458 
 4152.1624 | 08739.5346 | 13:55:49 | 221.202029 | 359.037743 
 4152.1625 | 08739.5262 | 13:55:50 | 221.209250 | 359.037915 
 4152.1627 | 08739.5176 | 13:55:51 | 221.216643 | 359.038203 
 4152.1627 | 08739.5087 | 13:55:52 | 221.224294 | 359.038263 
 4152.1629 | 08739.4997 | 13:55:53 | 221.232030 | 359.038554 
 4152.1630 | 08739.4905 | 13:55:54 | 221.239939 | 359.038731 
 4152.1632 | 08739.4809 | 13:55:55 | 221.248191 | 359.039026 
 4152.1632 | 08739.4709 | 13:55:56 | 221.256789 | 359.039094 
 4152.1636 | 08739.4611 | 13:55:57 | 221.265211 | 359.039620 
 4152.1636 | 08739.4511 | 13:55:58 | 221.273808 | 359.039688 
 4152.1640 | 08739.4423 | 13:55:59 | 221.281371 | 359.040208 
 4152.1639 | 08739.4349 | 13:56:00 | 221.287734 | 359.040143 
 4152.1638 | 08739.4291 | 13:56:01 | 221.292721 | 359.040067 
 4152.1639 | 08739.4248 | 13:56:02 | 221.296417 | 359.040211 
 4152.1639 | 08739.4214 | 13:56:03 | 221.299340 | 359.040234 
 4152.1639 | 08739.4192 | 13:56:04 | 221.301232 | 359.040249 
 4152.1640 | 08739.4183 | 13:56:05 | 221.302005 | 359.040370 
 4152.1639 | 08739.4181 | 13:56:06 | 221.302178 | 359.040256 
 4152.1636 | 08739.4181 | 13:56:07 | 221.302180 | 359.039911 
 4152.1637 | 08739.4181 | 13:56:08 | 221.302179 | 359.040026 
 4152.1637 | 08739.4181 | 13:56:09 | 221.302179 | 359.040026 
 4152.1637 | 08739.4181 | 13:56:10 | 221.302179 | 359.040026 
 4152.1637 | 08739.4181 | 13:56:11 | 221.302179 | 359.040026 
 4152.1637 | 08739.4181 | 13:56:12 | 221.302179 | 359.040026 
 4152.1637 | 08739.4181 | 13:56:13 | 221.302179 | 359.040026 
 4152.1637 | 08739.4181 | 13:56:14 | 221.302179 | 359.040026 
 4152.1637 | 08739.4181 | 13:56:15 | 221.302179 | 359.040026 
 4152.1637 | 08739.4181 | 13:56:16 | 221.302179 | 359.040026 
 4152.1637 | 08739.4181 | 13:56:17 | 221.302179 | 359.040026 
 4152.1637 | 08739.4181 | 13:56:18 | 221.302179 | 359.040026 
 4152.1637 | 08739.4181 | 13:56:19 | 221.302179 | 359.040026 
 4152.1637 | 08739.4181 | 13:56:20 | 221.302179 | 359.040026 
 4152.1637 | 08739.4181 | 13:56:21 | 221.302179 | 359.040026 
 4152.1637 | 08739.4181 | 13:56:22 | 221.302179 | 359.040026 
 4152.1637 | 08739.4181 | 13:56:23 | 221.302179 | 359.040026 
 4152.1637 | 08739.4181 | 13:56:24 | 221.302179 | 359.040026 
 4152.1637 | 08739.4181 | 13:56:25 | 221.302179 | 359.040026 
 4152.1637 | 08739.4181 | 13:56:26 | 221.302179 | 359.040026 
 4152.1637 | 08739.4181 | 13:56:27 | 221.302179 | 359.040026 
 4152.1637 | 08739.4181 | 13:56:28 | 221.302179 | 359.040026 
 4152.1637 | 08739.4181 | 13:56:29 | 221.302179 | 359.040026 
 4152.1637 | 08739.4181 | 13:56:30 | 221.302179 | 359.040026 
 4152.1637 | 08739.4181 | 13:56:31 | 221.302179 | 359.040026 
 4152.1635 | 08739.4207 | 13:56:32 | 221.299946 | 359.039779 
 4152.1635 | 08739.4195 | 13:56:33 | 221.300978 | 359.039787 
 4152.1636 | 08739.4171 | 13:56:34 | 221.303040 | 359.039918 
 4152.1634 | 08739.4135 | 13:56:35 | 221.306137 | 359.039713 
 4152.1635 | 08739.4095 | 13:56:36 | 221.309575 | 359.039855 
 4152.1634 | 08739.4047 | 13:56:37 | 221.313703 | 359.039772 
 4152.1638 | 08739.3995 | 13:56:38 | 221.318170 | 359.040267 
 4152.1640 | 08739.3938 | 13:56:39 | 221.323069 | 359.040536 
 4152.1643 | 08739.3877 | 13:56:40 | 221.328311 | 359.040923 
 4152.1648 | 08739.3813 | 13:56:41 | 221.333809 | 359.041541 
 4152.1653 | 08739.3746 | 13:56:42 | 221.339564 | 359.042162 
 4152.1653 | 08739.3677 | 13:56:43 | 221.345497 | 359.042208 
 4152.1654 | 08739.3609 | 13:56:44 | 221.351342 | 359.042370 
 4152.1654 | 08739.3541 | 13:56:45 | 221.357188 | 359.042416 
 4152.1655 | 08739.3468 | 13:56:46 | 221.363464 | 359.042580 
 4152.1657 | 08739.3392 | 13:56:47 | 221.369996 | 359.042862 
 4152.1658 | 08739.3312 | 13:56:48 | 221.376873 | 359.043031 
 4152.1659 | 08739.3235 | 13:56:49 | 221.383492 | 359.043199 
 4152.1660 | 08739.3160 | 13:56:50 | 221.389940 | 359.043365 
 4152.1670 | 08739.3091 | 13:56:51 | 221.395863 | 359.044562 
 4152.1675 | 08739.3017 | 13:56:52 | 221.402221 | 359.045187 
 4152.1679 | 08739.2941 | 13:56:53 | 221.408751 | 359.045699 
 4152.1680 | 08739.2864 | 13:56:54 | 221.415370 | 359.045866 
 4152.1682 | 08739.2787 | 13:56:55 | 221.421989 | 359.046149 
 4152.1683 | 08739.2710 | 13:56:56 | 221.428608 | 359.046316 
 4152.1684 | 08739.2632 | 13:56:57 | 221.435313 | 359.046484 
 4152.1686 | 08739.2555 | 13:56:58 | 221.441931 | 359.046766 
 4152.1676 | 08739.2473 | 13:56:59 | 221.448990 | 359.045672 
 4152.1672 | 08739.2392 | 13:57:00 | 221.455958 | 359.045267 
 4152.1673 | 08739.2311 | 13:57:01 | 221.462921 | 359.045437 
 4152.1676 | 08739.2230 | 13:57:02 | 221.469883 | 359.045837 
 4152.1680 | 08739.2147 | 13:57:03 | 221.477015 | 359.046354 
 4152.1676 | 08739.2053 | 13:57:04 | 221.485100 | 359.045958 
 4152.1677 | 08739.1961 | 13:57:05 | 221.493009 | 359.046135 
 4152.1678 | 08739.1872 | 13:57:06 | 221.500660 | 359.046311 
 4152.1679 | 08739.1788 | 13:57:07 | 221.507881 | 359.046483 
 4152.1680 | 08739.1712 | 13:57:08 | 221.514414 | 359.046650 
 4152.1682 | 08739.1643 | 13:57:09 | 221.520345 | 359.046927 
 4152.1685 | 08739.1581 | 13:57:10 | 221.525673 | 359.047315 
 4152.1685 | 08739.1528 | 13:57:11 | 221.530229 | 359.047351 
 4152.1683 | 08739.1480 | 13:57:12 | 221.534358 | 359.047153 
 4152.1684 | 08739.1433 | 13:57:13 | 221.538398 | 359.047300 
 4152.1697 | 08739.1394 | 13:57:14 | 221.541739 | 359.048822 
 4152.1712 | 08739.1353 | 13:57:15 | 221.545250 | 359.050576 
 4152.1739 | 08739.1322 | 13:57:16 | 221.547891 | 359.053703 
 4152.1772 | 08739.1307 | 13:57:17 | 221.549150 | 359.057509 
 4152.1811 | 08739.1305 | 13:57:18 | 221.549287 | 359.061996 
 4152.1854 | 08739.1308 | 13:57:19 | 221.548990 | 359.066940 
 4152.1896 | 08739.1312 | 13:57:20 | 221.548607 | 359.071768 
 4152.1939 | 08739.1314 | 13:57:21 | 221.548396 | 359.076713 
 4152.1982 | 08739.1315 | 13:57:22 | 221.548271 | 359.081659 
 4152.2025 | 08739.1317 | 13:57:23 | 221.548060 | 359.086603 
 4152.2068 | 08739.1319 | 13:57:24 | 221.547849 | 359.091548 
 4152.2112 | 08739.1319 | 13:57:25 | 221.547808 | 359.096609 
 4152.2156 | 08739.1318 | 13:57:26 | 221.547854 | 359.101671 
 4152.2202 | 08739.1318 | 13:57:27 | 221.547812 | 359.106962 
 4152.2249 | 08739.1307 | 13:57:28 | 221.548715 | 359.112376 
 4152.2300 | 08739.1306 | 13:57:29 | 221.548754 | 359.118243 
 4152.2455 | 08739.1325 | 13:57:30 | 221.546980 | 359.136059 
 4152.2499 | 08739.1326 | 13:57:31 | 221.546853 | 359.141119 
 4152.2526 | 08739.1315 | 13:57:32 | 221.547774 | 359.144232 
 4152.2547 | 08739.1320 | 13:57:33 | 221.547325 | 359.146644 
 4152.2569 | 08739.1330 | 13:57:34 | 221.546446 | 359.149168 
 4152.2545 | 08739.1323 | 13:57:35 | 221.547069 | 359.146412 
 4152.2501 | 08739.1354 | 13:57:36 | 221.544444 | 359.141330 
 4152.2492 | 08739.1363 | 13:57:37 | 221.543679 | 359.140289 
 4152.2492 | 08739.1363 | 13:57:38 | 221.543679 | 359.140289 
 4152.2492 | 08739.1363 | 13:57:39 | 221.543679 | 359.140289 
 4152.2492 | 08739.1363 | 13:57:40 | 221.543679 | 359.140289 
 4152.2492 | 08739.1363 | 13:57:41 | 221.543679 | 359.140289 
 4152.2492 | 08739.1363 | 13:57:42 | 221.543679 | 359.140289 
 4152.2492 | 08739.1363 | 13:57:43 | 221.543679 | 359.140289 
 4152.2492 | 08739.1363 | 13:57:44 | 221.543679 | 359.140289 
 4152.2492 | 08739.1363 | 13:57:45 | 221.543679 | 359.140289 
 4152.2492 | 08739.1363 | 13:57:46 | 221.543679 | 359.140289 
 4152.2492 | 08739.1363 | 13:57:47 | 221.543679 | 359.140289 
 4152.2492 | 08739.1363 | 13:57:48 | 221.543679 | 359.140289 
 4152.2492 | 08739.1363 | 13:57:49 | 221.543679 | 359.140289 
 4152.2492 | 08739.1363 | 13:57:50 | 221.543679 | 359.140289 
 4152.2492 | 08739.1363 | 13:57:51 | 221.543679 | 359.140289 
 4152.2492 | 08739.1363 | 13:57:52 | 221.543679 | 359.140289 
 4152.2492 | 08739.1363 | 13:57:53 | 221.543679 | 359.140289 
 4152.2492 | 08739.1363 | 13:57:54 | 221.543679 | 359.140289 
 4152.2492 | 08739.1363 | 13:57:55 | 221.543679 | 359.140289 
 4152.2492 | 08739.1363 | 13:57:56 | 221.543679 | 359.140289 
 4152.2490 | 08739.1328 | 13:57:57 | 221.546690 | 359.140082 
 4152.2503 | 08739.1331 | 13:57:58 | 221.546420 | 359.141576 
 4152.2518 | 08739.1332 | 13:57:59 | 221.546320 | 359.143300 
 4152.2530 | 08739.1314 | 13:58:00 | 221.547857 | 359.144693 
 4152.2542 | 08739.1318 | 13:58:01 | 221.547502 | 359.146071 
 4152.2555 | 08739.1337 | 13:58:02 | 221.545857 | 359.147553 
 4152.2572 | 08739.1338 | 13:58:03 | 221.545755 | 359.149508 
 4152.2585 | 08739.1338 | 13:58:04 | 221.545743 | 359.151003 
 4152.2598 | 08739.1331 | 13:58:05 | 221.546333 | 359.152503 
 4152.2603 | 08739.1333 | 13:58:06 | 221.546157 | 359.153077 
 4152.2603 | 08739.1333 | 13:58:07 | 221.546157 | 359.153077 
 4152.2603 | 08739.1333 | 13:58:08 | 221.546157 | 359.153077 
 4152.2603 | 08739.1333 | 13:58:09 | 221.546157 | 359.153077 
 4152.2603 | 08739.1333 | 13:58:10 | 221.546157 | 359.153077 
 4152.2603 | 08739.1333 | 13:58:11 | 221.546157 | 359.153077 
 4152.2603 | 08739.1333 | 13:58:12 | 221.546157 | 359.153077 
 4152.2603 | 08739.1333 | 13:58:13 | 221.546157 | 359.153077 
 4152.2603 | 08739.1333 | 13:58:14 | 221.546157 | 359.153077 
 4152.2603 | 08739.1333 | 13:58:15 | 221.546157 | 359.153077 
 4152.2603 | 08739.1333 | 13:58:16 | 221.546157 | 359.153077 
 4152.2603 | 08739.1333 | 13:58:17 | 221.546157 | 359.153077 
 4152.2603 | 08739.1333 | 13:58:18 | 221.546157 | 359.153077 
 4152.2603 | 08739.1333 | 13:58:19 | 221.546157 | 359.153077 
 4152.2603 | 08739.1333 | 13:58:20 | 221.546157 | 359.153077 
 4152.2603 | 08739.1333 | 13:58:21 | 221.546157 | 359.153077 
 4152.2603 | 08739.1333 | 13:58:22 | 221.546157 | 359.153077 
 4152.2603 | 08739.1333 | 13:58:23 | 221.546157 | 359.153077 
 4152.2603 | 08739.1333 | 13:58:24 | 221.546157 | 359.153077 
 4152.2637 | 08739.1347 | 13:58:25 | 221.544922 | 359.156978 
 4152.2644 | 08739.1347 | 13:58:26 | 221.544916 | 359.157783 
 4152.2651 | 08739.1344 | 13:58:27 | 221.545167 | 359.158591 
 4152.2656 | 08739.1343 | 13:58:28 | 221.545249 | 359.159166 
 4152.2660 | 08739.1341 | 13:58:29 | 221.545417 | 359.159628 
 4152.2665 | 08739.1338 | 13:58:30 | 221.545670 | 359.160205 
 4152.2673 | 08739.1337 | 13:58:31 | 221.545749 | 359.161126 
 4152.2684 | 08739.1338 | 13:58:32 | 221.545653 | 359.162391 
 4152.2692 | 08739.1339 | 13:58:33 | 221.545560 | 359.163310 
 4152.2705 | 08739.1343 | 13:58:34 | 221.545204 | 359.164803 
 4152.2705 | 08739.1345 | 13:58:35 | 221.545032 | 359.164801 
 4152.2697 | 08739.1339 | 13:58:36 | 221.545555 | 359.163885 
 4152.2695 | 08739.1340 | 13:58:37 | 221.545471 | 359.163654 
 4152.2696 | 08739.1341 | 13:58:38 | 221.545384 | 359.163769 
 4152.2696 | 08739.1341 | 13:58:39 | 221.545384 | 359.163769 
 4152.2696 | 08739.1341 | 13:58:40 | 221.545384 | 359.163769 
 4152.2696 | 08739.1341 | 13:58:41 | 221.545384 | 359.163769 
 4152.2703 | 08739.1337 | 13:58:42 | 221.545721 | 359.164577 
 4152.2711 | 08739.1337 | 13:58:43 | 221.545714 | 359.165497 
 4152.2718 | 08739.1336 | 13:58:44 | 221.545794 | 359.166303 
 4152.2725 | 08739.1336 | 13:58:45 | 221.545787 | 359.167108 
 4152.2731 | 08739.1336 | 13:58:46 | 221.545782 | 359.167798 
 4152.2738 | 08739.1335 | 13:58:47 | 221.545861 | 359.168604 
 4152.2745 | 08739.1334 | 13:58:48 | 221.545941 | 359.169410 
 4152.2750 | 08739.1338 | 13:58:49 | 221.545593 | 359.169982 
 4152.2754 | 08739.1341 | 13:58:50 | 221.545331 | 359.170440 
 4152.2758 | 08739.1345 | 13:58:51 | 221.544983 | 359.170898 
 4152.2722 | 08739.1304 | 13:58:52 | 221.548541 | 359.166785 
 4152.2706 | 08739.1289 | 13:58:53 | 221.549845 | 359.164955 
 4152.2697 | 08739.1283 | 13:58:54 | 221.550370 | 359.163923 
 4152.2695 | 08739.1283 | 13:58:55 | 221.550371 | 359.163693 
 4152.2685 | 08739.1277 | 13:58:56 | 221.550896 | 359.162547 
 4152.2682 | 08739.1275 | 13:58:57 | 221.551071 | 359.162203 
 4152.2719 | 08739.1282 | 13:58:58 | 221.550435 | 359.166455 
 4152.2728 | 08739.1285 | 13:58:59 | 221.550169 | 359.167488 
 4152.2727 | 08739.1283 | 13:59:00 | 221.550342 | 359.167374 
 4152.2727 | 08739.1283 | 13:59:01 | 221.550342 | 359.167374 
 4152.2727 | 08739.1283 | 13:59:02 | 221.550342 | 359.167374 
 4152.2727 | 08739.1283 | 13:59:03 | 221.550342 | 359.167374 
 4152.2727 | 08739.1283 | 13:59:04 | 221.550342 | 359.167374 
 4152.2727 | 08739.1283 | 13:59:05 | 221.550342 | 359.167374 
 4152.2727 | 08739.1283 | 13:59:06 | 221.550342 | 359.167374 
 4152.2727 | 08739.1283 | 13:59:07 | 221.550342 | 359.167374 
 4152.2727 | 08739.1283 | 13:59:08 | 221.550342 | 359.167374 
 4152.2727 | 08739.1283 | 13:59:09 | 221.550342 | 359.167374 
 4152.2727 | 08739.1283 | 13:59:10 | 221.550342 | 359.167374 
 4152.2727 | 08739.1283 | 13:59:11 | 221.550342 | 359.167374 
 4152.2727 | 08739.1283 | 13:59:12 | 221.550342 | 359.167374 
 4152.2727 | 08739.1283 | 13:59:13 | 221.550342 | 359.167374 
 4152.2727 | 08739.1283 | 13:59:14 | 221.550342 | 359.167374 
 4152.2727 | 08739.1283 | 13:59:15 | 221.550342 | 359.167374 
 4152.2727 | 08739.1283 | 13:59:16 | 221.550342 | 359.167374 
 4152.2727 | 08739.1283 | 13:59:17 | 221.550342 | 359.167374 
 4152.2727 | 08739.1283 | 13:59:18 | 221.550342 | 359.167374 
 4152.2727 | 08739.1283 | 13:59:19 | 221.550342 | 359.167374 
 4152.2727 | 08739.1283 | 13:59:20 | 221.550342 | 359.167374 
 4152.2727 | 08739.1283 | 13:59:21 | 221.550342 | 359.167374 
 4152.2727 | 08739.1283 | 13:59:22 | 221.550342 | 359.167374 
 4152.2727 | 08739.1283 | 13:59:23 | 221.550342 | 359.167374 
 4152.2727 | 08739.1283 | 13:59:24 | 221.550342 | 359.167374 
 4152.2727 | 08739.1283 | 13:59:25 | 221.550342 | 359.167374 
 4152.2727 | 08739.1283 | 13:59:26 | 221.550342 | 359.167374 
 4152.2727 | 08739.1283 | 13:59:27 | 221.550342 | 359.167374 
 4152.2727 | 08739.1283 | 13:59:28 | 221.550342 | 359.167374 
 4152.2727 | 08739.1283 | 13:59:29 | 221.550342 | 359.167374 
 4152.2727 | 08739.1283 | 13:59:30 | 221.550342 | 359.167374 
 4152.2727 | 08739.1283 | 13:59:31 | 221.550342 | 359.167374 
 4152.2727 | 08739.1283 | 13:59:32 | 221.550342 | 359.167374 
 4152.2727 | 08739.1283 | 13:59:33 | 221.550342 | 359.167374 
 4152.2727 | 08739.1283 | 13:59:34 | 221.550342 | 359.167374 
 4152.2727 | 08739.1283 | 13:59:35 | 221.550342 | 359.167374 
 4152.2727 | 08739.1283 | 13:59:36 | 221.550342 | 359.167374 
 4152.2727 | 08739.1283 | 13:59:37 | 221.550342 | 359.167374 
 4152.2727 | 08739.1283 | 13:59:38 | 221.550342 | 359.167374 
 4152.2727 | 08739.1283 | 13:59:39 | 221.550342 | 359.167374 
 4152.2727 | 08739.1283 | 13:59:40 | 221.550342 | 359.167374 
 4152.2727 | 08739.1283 | 13:59:41 | 221.550342 | 359.167374 
 4152.2727 | 08739.1283 | 13:59:42 | 221.550342 | 359.167374 
 4152.2727 | 08739.1283 | 13:59:43 | 221.550342 | 359.167374 
 4152.2727 | 08739.1283 | 13:59:44 | 221.550342 | 359.167374 
 4152.2727 | 08739.1283 | 13:59:45 | 221.550342 | 359.167374 
 4152.2727 | 08739.1283 | 13:59:46 | 221.550342 | 359.167374 
 4152.2727 | 08739.1283 | 13:59:47 | 221.550342 | 359.167374 
 4152.2727 | 08739.1283 | 13:59:48 | 221.550342 | 359.167374 
 4152.2727 | 08739.1283 | 13:59:49 | 221.550342 | 359.167374 
 4152.2727 | 08739.1283 | 13:59:50 | 221.550342 | 359.167374 
 4152.2727 | 08739.1283 | 13:59:51 | 221.550342 | 359.167374 
 4152.2727 | 08739.1283 | 13:59:52 | 221.550342 | 359.167374 
 4152.2727 | 08739.1283 | 13:59:53 | 221.550342 | 359.167374 
 4152.2727 | 08739.1283 | 13:59:54 | 221.550342 | 359.167374 
 4152.2727 | 08739.1283 | 13:59:55 | 221.550342 | 359.167374 
 4152.2727 | 08739.1283 | 13:59:56 | 221.550342 | 359.167374 
 4152.2727 | 08739.1283 | 13:59:57 | 221.550342 | 359.167374 
 4152.2727 | 08739.1283 | 13:59:58 | 221.550342 | 359.167374 
 4152.2727 | 08739.1283 | 13:59:59 | 221.550342 | 359.167374 
 4152.2727 | 08739.1283 | 14:00:00 | 221.550342 | 359.167374 
 4152.2727 | 08739.1283 | 14:00:01 | 221.550342 | 359.167374 
 4152.2727 | 08739.1283 | 14:00:02 | 221.550342 | 359.167374 
 4152.2727 | 08739.1283 | 14:00:03 | 221.550342 | 359.167374 
 4152.2727 | 08739.1283 | 14:00:04 | 221.550342 | 359.167374 
 4152.2727 | 08739.1283 | 14:00:05 | 221.550342 | 359.167374 
 4152.2727 | 08739.1283 | 14:00:06 | 221.550342 | 359.167374 
 4152.2727 | 08739.1283 | 14:00:07 | 221.550342 | 359.167374 
 4152.2727 | 08739.1283 | 14:00:08 | 221.550342 | 359.167374 
 4152.2727 | 08739.1283 | 14:00:09 | 221.550342 | 359.167374 
 4152.2727 | 08739.1283 | 14:00:10 | 221.550342 | 359.167374 
 4152.2727 | 08739.1283 | 14:00:11 | 221.550342 | 359.167374 
 4152.2727 | 08739.1283 | 14:00:12 | 221.550342 | 359.167374 
 4152.2727 | 08739.1283 | 14:00:13 | 221.550342 | 359.167374 
 4152.2727 | 08739.1283 | 14:00:14 | 221.550342 | 359.167374 
 4152.2727 | 08739.1283 | 14:00:15 | 221.550342 | 359.167374 
 4152.2727 | 08739.1283 | 14:00:16 | 221.550342 | 359.167374 
 4152.2727 | 08739.1283 | 14:00:17 | 221.550342 | 359.167374 
 4152.2776 | 08739.1328 | 14:00:18 | 221.546429 | 359.172980 
 4152.2754 | 08739.1315 | 14:00:19 | 221.547566 | 359.170458 
 4152.2758 | 08739.1316 | 14:00:20 | 221.547477 | 359.170917 
 4152.2758 | 08739.1317 | 14:00:21 | 221.547391 | 359.170917 
 4152.2758 | 08739.1317 | 14:00:22 | 221.547391 | 359.170917 
 4152.2758 | 08739.1317 | 14:00:23 | 221.547391 | 359.170917 
 4152.2758 | 08739.1317 | 14:00:24 | 221.547391 | 359.170917 
 4152.2758 | 08739.1317 | 14:00:25 | 221.547391 | 359.170917 
 4152.2758 | 08739.1317 | 14:00:26 | 221.547391 | 359.170917 
 4152.2758 | 08739.1317 | 14:00:27 | 221.547391 | 359.170917 
 4152.2758 | 08739.1317 | 14:00:28 | 221.547391 | 359.170917 
 4152.2758 | 08739.1317 | 14:00:29 | 221.547391 | 359.170917 
 4152.2758 | 08739.1317 | 14:00:30 | 221.547391 | 359.170917 
 4152.2758 | 08739.1317 | 14:00:31 | 221.547391 | 359.170917 
 4152.2758 | 08739.1317 | 14:00:32 | 221.547391 | 359.170917 
 4152.2758 | 08739.1317 | 14:00:33 | 221.547391 | 359.170917 
 4152.2758 | 08739.1317 | 14:00:34 | 221.547391 | 359.170917 
 4152.2758 | 08739.1317 | 14:00:35 | 221.547391 | 359.170917 
 4152.2758 | 08739.1317 | 14:00:36 | 221.547391 | 359.170917 
 4152.2758 | 08739.1317 | 14:00:37 | 221.547391 | 359.170917 
 4152.2758 | 08739.1317 | 14:00:38 | 221.547391 | 359.170917 
 4152.2758 | 08739.1317 | 14:00:39 | 221.547391 | 359.170917 
 4152.2758 | 08739.1317 | 14:00:40 | 221.547391 | 359.170917 
 4152.2758 | 08739.1317 | 14:00:41 | 221.547391 | 359.170917 
 4152.2758 | 08739.1317 | 14:00:42 | 221.547391 | 359.170917 
 4152.2758 | 08739.1317 | 14:00:43 | 221.547391 | 359.170917 
 4152.2758 | 08739.1317 | 14:00:44 | 221.547391 | 359.170917 
 4152.2758 | 08739.1317 | 14:00:45 | 221.547391 | 359.170917 
 4152.2758 | 08739.1317 | 14:00:46 | 221.547391 | 359.170917 
 4152.2758 | 08739.1317 | 14:00:47 | 221.547391 | 359.170917 
 4152.2758 | 08739.1317 | 14:00:48 | 221.547391 | 359.170917 
 4152.2758 | 08739.1317 | 14:00:49 | 221.547391 | 359.170917 
 4152.2758 | 08739.1317 | 14:00:50 | 221.547391 | 359.170917 
 4152.2758 | 08739.1317 | 14:00:51 | 221.547391 | 359.170917 
 4152.2758 | 08739.1317 | 14:00:52 | 221.547391 | 359.170917 
 4152.2758 | 08739.1317 | 14:00:53 | 221.547391 | 359.170917 
 4152.2758 | 08739.1317 | 14:00:54 | 221.547391 | 359.170917 
 4152.2758 | 08739.1317 | 14:00:55 | 221.547391 | 359.170917 
 4152.2758 | 08739.1317 | 14:00:56 | 221.547391 | 359.170917 
 4152.2758 | 08739.1317 | 14:00:57 | 221.547391 | 359.170917 
 4152.2758 | 08739.1317 | 14:00:58 | 221.547391 | 359.170917 
 4152.2758 | 08739.1317 | 14:00:59 | 221.547391 | 359.170917 
 4152.2758 | 08739.1317 | 14:01:00 | 221.547391 | 359.170917 
 4152.2758 | 08739.1317 | 14:01:01 | 221.547391 | 359.170917 
 4152.2758 | 08739.1317 | 14:01:02 | 221.547391 | 359.170917 
 4152.2758 | 08739.1317 | 14:01:03 | 221.547391 | 359.170917 
 4152.2758 | 08739.1317 | 14:01:04 | 221.547391 | 359.170917 
 4152.2758 | 08739.1317 | 14:01:05 | 221.547391 | 359.170917 
 4152.2758 | 08739.1317 | 14:01:06 | 221.547391 | 359.170917 
 4152.2758 | 08739.1317 | 14:01:07 | 221.547391 | 359.170917 
 4152.2758 | 08739.1317 | 14:01:08 | 221.547391 | 359.170917 
 4152.2758 | 08739.1317 | 14:01:09 | 221.547391 | 359.170917 
 4152.2758 | 08739.1317 | 14:01:10 | 221.547391 | 359.170917 
 4152.2758 | 08739.1317 | 14:01:11 | 221.547391 | 359.170917 
 4152.2758 | 08739.1317 | 14:01:12 | 221.547391 | 359.170917 
 4152.2758 | 08739.1317 | 14:01:13 | 221.547391 | 359.170917 
 4152.2758 | 08739.1317 | 14:01:14 | 221.547391 | 359.170917 
 4152.2758 | 08739.1317 | 14:01:15 | 221.547391 | 359.170917 
 4152.2758 | 08739.1317 | 14:01:16 | 221.547391 | 359.170917 
 4152.2758 | 08739.1317 | 14:01:17 | 221.547391 | 359.170917 
 4152.2758 | 08739.1317 | 14:01:18 | 221.547391 | 359.170917 
 4152.2758 | 08739.1317 | 14:01:19 | 221.547391 | 359.170917 
 4152.2758 | 08739.1317 | 14:01:20 | 221.547391 | 359.170917 
 4152.2758 | 08739.1317 | 14:01:21 | 221.547391 | 359.170917 
 4152.2758 | 08739.1317 | 14:01:22 | 221.547391 | 359.170917 
 4152.2758 | 08739.1317 | 14:01:23 | 221.547391 | 359.170917 
 4152.2758 | 08739.1317 | 14:01:24 | 221.547391 | 359.170917 
 4152.2758 | 08739.1317 | 14:01:25 | 221.547391 | 359.170917 
 4152.2758 | 08739.1317 | 14:01:26 | 221.547391 | 359.170917 
 4152.2758 | 08739.1317 | 14:01:27 | 221.547391 | 359.170917 
 4152.2758 | 08739.1317 | 14:01:28 | 221.547391 | 359.170917 
 4152.2758 | 08739.1317 | 14:01:29 | 221.547391 | 359.170917 
 4152.2758 | 08739.1317 | 14:01:30 | 221.547391 | 359.170917 
 4152.2758 | 08739.1317 | 14:01:31 | 221.547391 | 359.170917 
 4152.2758 | 08739.1317 | 14:01:32 | 221.547391 | 359.170917 
 4152.2758 | 08739.1317 | 14:01:33 | 221.547391 | 359.170917 
 4152.2758 | 08739.1317 | 14:01:34 | 221.547391 | 359.170917 
 4152.2758 | 08739.1317 | 14:01:35 | 221.547391 | 359.170917 
 4152.2758 | 08739.1317 | 14:01:36 | 221.547391 | 359.170917 
 4152.2758 | 08739.1317 | 14:01:37 | 221.547391 | 359.170917 
 4152.2758 | 08739.1317 | 14:01:38 | 221.547391 | 359.170917 
 4152.2758 | 08739.1317 | 14:01:39 | 221.547391 | 359.170917 
 4152.2663 | 08739.1321 | 14:01:40 | 221.547134 | 359.159987 
 4152.2653 | 08739.1319 | 14:01:41 | 221.547315 | 359.158838 
 4152.2659 | 08739.1319 | 14:01:42 | 221.547309 | 359.159528 
 4152.2657 | 08739.1317 | 14:01:43 | 221.547483 | 359.159299 
 4152.2660 | 08739.1317 | 14:01:44 | 221.547480 | 359.159644 
 4152.2660 | 08739.1317 | 14:01:45 | 221.547480 | 359.159644 
 4152.2660 | 08739.1317 | 14:01:46 | 221.547480 | 359.159644 
 4152.2660 | 08739.1317 | 14:01:47 | 221.547480 | 359.159644 
 4152.2660 | 08739.1317 | 14:01:48 | 221.547480 | 359.159644 
 4152.2660 | 08739.1317 | 14:01:49 | 221.547480 | 359.159644 
 4152.2660 | 08739.1317 | 14:01:50 | 221.547480 | 359.159644 
 4152.2660 | 08739.1317 | 14:01:51 | 221.547480 | 359.159644 
 4152.2660 | 08739.1317 | 14:01:52 | 221.547480 | 359.159644 
 4152.2660 | 08739.1317 | 14:01:53 | 221.547480 | 359.159644 
 4152.2660 | 08739.1317 | 14:01:54 | 221.547480 | 359.159644 
 4152.2660 | 08739.1317 | 14:01:55 | 221.547480 | 359.159644 
 4152.2660 | 08739.1317 | 14:01:56 | 221.547480 | 359.159644 
 4152.2660 | 08739.1317 | 14:01:57 | 221.547480 | 359.159644 
 4152.2660 | 08739.1317 | 14:01:58 | 221.547480 | 359.159644 
 4152.2660 | 08739.1317 | 14:01:59 | 221.547480 | 359.159644 
 4152.2660 | 08739.1317 | 14:02:00 | 221.547480 | 359.159644 
 4152.2660 | 08739.1317 | 14:02:01 | 221.547480 | 359.159644 
 4152.2660 | 08739.1317 | 14:02:02 | 221.547480 | 359.159644 
 4152.2660 | 08739.1317 | 14:02:03 | 221.547480 | 359.159644 
 4152.2660 | 08739.1317 | 14:02:04 | 221.547480 | 359.159644 
 4152.2660 | 08739.1317 | 14:02:05 | 221.547480 | 359.159644 
 4152.2660 | 08739.1317 | 14:02:06 | 221.547480 | 359.159644 
 4152.2707 | 08739.1308 | 14:02:07 | 221.548211 | 359.165057 
 4152.2706 | 08739.1308 | 14:02:08 | 221.548212 | 359.164942 
 4152.2710 | 08739.1309 | 14:02:09 | 221.548122 | 359.165401 
 4152.2714 | 08739.1309 | 14:02:10 | 221.548119 | 359.165861 
 4152.2714 | 08739.1309 | 14:02:11 | 221.548119 | 359.165861 
 4152.2714 | 08739.1309 | 14:02:12 | 221.548119 | 359.165861 
 4152.2714 | 08739.1309 | 14:02:13 | 221.548119 | 359.165861 
 4152.2714 | 08739.1309 | 14:02:14 | 221.548119 | 359.165861 
 4152.2714 | 08739.1309 | 14:02:15 | 221.548119 | 359.165861 
 4152.2714 | 08739.1309 | 14:02:16 | 221.548119 | 359.165861 
 4152.2714 | 08739.1309 | 14:02:17 | 221.548119 | 359.165861 
 4152.2714 | 08739.1309 | 14:02:18 | 221.548119 | 359.165861 
 4152.2714 | 08739.1309 | 14:02:19 | 221.548119 | 359.165861 
 4152.2714 | 08739.1309 | 14:02:20 | 221.548119 | 359.165861 
 4152.2714 | 08739.1309 | 14:02:21 | 221.548119 | 359.165861 
 4152.2714 | 08739.1309 | 14:02:22 | 221.548119 | 359.165861 
 4152.2714 | 08739.1309 | 14:02:23 | 221.548119 | 359.165861 
 4152.2714 | 08739.1309 | 14:02:24 | 221.548119 | 359.165861 
 4152.2714 | 08739.1309 | 14:02:25 | 221.548119 | 359.165861 
 4152.2714 | 08739.1309 | 14:02:26 | 221.548119 | 359.165861 
 4152.2714 | 08739.1309 | 14:02:27 | 221.548119 | 359.165861 
 4152.2714 | 08739.1309 | 14:02:28 | 221.548119 | 359.165861 
 4152.2714 | 08739.1309 | 14:02:29 | 221.548119 | 359.165861 
 4152.2714 | 08739.1309 | 14:02:30 | 221.548119 | 359.165861 
 4152.2714 | 08739.1309 | 14:02:31 | 221.548119 | 359.165861 
 4152.2714 | 08739.1309 | 14:02:32 | 221.548119 | 359.165861 
 4152.2714 | 08739.1309 | 14:02:33 | 221.548119 | 359.165861 
 4152.2714 | 08739.1309 | 14:02:34 | 221.548119 | 359.165861 
 4152.2714 | 08739.1309 | 14:02:35 | 221.548119 | 359.165861 
 4152.2714 | 08739.1309 | 14:02:36 | 221.548119 | 359.165861 
 4152.2714 | 08739.1309 | 14:02:37 | 221.548119 | 359.165861 
 4152.2714 | 08739.1309 | 14:02:38 | 221.548119 | 359.165861 
 4152.2714 | 08739.1309 | 14:02:39 | 221.548119 | 359.165861 
 4152.2714 | 08739.1309 | 14:02:40 | 221.548119 | 359.165861 
 4152.2714 | 08739.1309 | 14:02:41 | 221.548119 | 359.165861 
 4152.2714 | 08739.1309 | 14:02:42 | 221.548119 | 359.165861 
 4152.2714 | 08739.1309 | 14:02:43 | 221.548119 | 359.165861 
 4152.2693 | 08739.1259 | 14:02:44 | 221.552437 | 359.163480 
 4152.2690 | 08739.1255 | 14:02:45 | 221.552783 | 359.163137 
 4152.2689 | 08739.1253 | 14:02:46 | 221.552956 | 359.163024 
 4152.2688 | 08739.1251 | 14:02:47 | 221.553129 | 359.162910 
 4152.2675 | 08739.1240 | 14:02:48 | 221.554086 | 359.161422 
 4152.2671 | 08739.1237 | 14:02:49 | 221.554348 | 359.160964 
 4152.2683 | 08739.1248 | 14:02:50 | 221.553391 | 359.162337 
 4152.2683 | 08739.1249 | 14:02:51 | 221.553305 | 359.162336 
 4152.2683 | 08739.1250 | 14:02:52 | 221.553219 | 359.162336 
 4152.2683 | 08739.1250 | 14:02:53 | 221.553219 | 359.162336 
 4152.2683 | 08739.1250 | 14:02:54 | 221.553219 | 359.162336 
 4152.2683 | 08739.1250 | 14:02:55 | 221.553219 | 359.162336 
 4152.2683 | 08739.1250 | 14:02:56 | 221.553219 | 359.162336 
 4152.2683 | 08739.1250 | 14:02:57 | 221.553219 | 359.162336 
 4152.2683 | 08739.1250 | 14:02:58 | 221.553219 | 359.162336 
 4152.2683 | 08739.1250 | 14:02:59 | 221.553219 | 359.162336 
 4152.2683 | 08739.1250 | 14:03:00 | 221.553219 | 359.162336 
 4152.2683 | 08739.1250 | 14:03:01 | 221.553219 | 359.162336 
 4152.2683 | 08739.1250 | 14:03:02 | 221.553219 | 359.162336 
 4152.2683 | 08739.1250 | 14:03:03 | 221.553219 | 359.162336 
 4152.2683 | 08739.1250 | 14:03:04 | 221.553219 | 359.162336 
 4152.2683 | 08739.1250 | 14:03:05 | 221.553219 | 359.162336 
 4152.2683 | 08739.1250 | 14:03:06 | 221.553219 | 359.162336 
 4152.2739 | 08739.1354 | 14:03:07 | 221.544227 | 359.168706 
 4152.2742 | 08739.1355 | 14:03:08 | 221.544138 | 359.169050 
 4152.2745 | 08739.1356 | 14:03:09 | 221.544050 | 359.169395 
 4152.2748 | 08739.1358 | 14:03:10 | 221.543875 | 359.169739 
 4152.2748 | 08739.1358 | 14:03:11 | 221.543875 | 359.169739 
 4152.2747 | 08739.1357 | 14:03:12 | 221.543962 | 359.169624 
 4152.2747 | 08739.1357 | 14:03:13 | 221.543962 | 359.169624 
 4152.2747 | 08739.1357 | 14:03:14 | 221.543962 | 359.169624 
 4152.2747 | 08739.1357 | 14:03:15 | 221.543962 | 359.169624 
 4152.2747 | 08739.1357 | 14:03:16 | 221.543962 | 359.169624 
 4152.2747 | 08739.1357 | 14:03:17 | 221.543962 | 359.169624 
 4152.2747 | 08739.1357 | 14:03:18 | 221.543962 | 359.169624 
 4152.2747 | 08739.1357 | 14:03:19 | 221.543962 | 359.169624 
 4152.2747 | 08739.1357 | 14:03:20 | 221.543962 | 359.169624 
 4152.2747 | 08739.1357 | 14:03:21 | 221.543962 | 359.169624 
 4152.2747 | 08739.1357 | 14:03:22 | 221.543962 | 359.169624 
 4152.2747 | 08739.1357 | 14:03:23 | 221.543962 | 359.169624 
 4152.2747 | 08739.1357 | 14:03:24 | 221.543962 | 359.169624 
 4152.2747 | 08739.1357 | 14:03:25 | 221.543962 | 359.169624 
 4152.2747 | 08739.1357 | 14:03:26 | 221.543962 | 359.169624 
 4152.2747 | 08739.1357 | 14:03:27 | 221.543962 | 359.169624 
 4152.2747 | 08739.1357 | 14:03:28 | 221.543962 | 359.169624 
 4152.2747 | 08739.1357 | 14:03:29 | 221.543962 | 359.169624 
 4152.2747 | 08739.1357 | 14:03:30 | 221.543962 | 359.169624 
 4152.2747 | 08739.1357 | 14:03:31 | 221.543962 | 359.169624 
 4152.2747 | 08739.1357 | 14:03:32 | 221.543962 | 359.169624 
 4152.2747 | 08739.1357 | 14:03:33 | 221.543962 | 359.169624 
 4152.2747 | 08739.1357 | 14:03:34 | 221.543962 | 359.169624 
 4152.2747 | 08739.1357 | 14:03:35 | 221.543962 | 359.169624 
 4152.2747 | 08739.1357 | 14:03:36 | 221.543962 | 359.169624 
 4152.2747 | 08739.1357 | 14:03:37 | 221.543962 | 359.169624 
 4152.2747 | 08739.1357 | 14:03:38 | 221.543962 | 359.169624 
 4152.2747 | 08739.1357 | 14:03:39 | 221.543962 | 359.169624 
 4152.2747 | 08739.1357 | 14:03:40 | 221.543962 | 359.169624 
 4152.2747 | 08739.1357 | 14:03:41 | 221.543962 | 359.169624 
 4152.2747 | 08739.1357 | 14:03:42 | 221.543962 | 359.169624 
 4152.2747 | 08739.1357 | 14:03:43 | 221.543962 | 359.169624 
 4152.2747 | 08739.1357 | 14:03:44 | 221.543962 | 359.169624 
 4152.2747 | 08739.1357 | 14:03:45 | 221.543962 | 359.169624 
 4152.2747 | 08739.1357 | 14:03:46 | 221.543962 | 359.169624 
 4152.2747 | 08739.1357 | 14:03:47 | 221.543962 | 359.169624 
 4152.2747 | 08739.1357 | 14:03:48 | 221.543962 | 359.169624 
 4152.2747 | 08739.1357 | 14:03:49 | 221.543962 | 359.169624 
 4152.2747 | 08739.1357 | 14:03:50 | 221.543962 | 359.169624 
 4152.2747 | 08739.1357 | 14:03:51 | 221.543962 | 359.169624 
 4152.2747 | 08739.1357 | 14:03:52 | 221.543962 | 359.169624 
 4152.2747 | 08739.1357 | 14:03:53 | 221.543962 | 359.169624 
 4152.2747 | 08739.1357 | 14:03:54 | 221.543962 | 359.169624 
 4152.2747 | 08739.1357 | 14:03:55 | 221.543962 | 359.169624 
 4152.2747 | 08739.1357 | 14:03:56 | 221.543962 | 359.169624 
 4152.2747 | 08739.1357 | 14:03:57 | 221.543962 | 359.169624 
 4152.2769 | 08739.1315 | 14:03:58 | 221.547553 | 359.172183 
 4152.2749 | 08739.1306 | 14:03:59 | 221.548345 | 359.169889 
 4152.2734 | 08739.1299 | 14:04:00 | 221.548960 | 359.168168 
 4152.2729 | 08739.1297 | 14:04:01 | 221.549137 | 359.167595 
 4152.2719 | 08739.1292 | 14:04:02 | 221.549576 | 359.166448 
 4152.2712 | 08739.1288 | 14:04:03 | 221.549926 | 359.165645 
 4152.2707 | 08739.1284 | 14:04:04 | 221.550274 | 359.165073 
 4152.2702 | 08739.1280 | 14:04:05 | 221.550623 | 359.164501 
 4152.2694 | 08739.1276 | 14:04:06 | 221.550974 | 359.163583 
 4152.2688 | 08739.1272 | 14:04:07 | 221.551323 | 359.162896 
 4152.2682 | 08739.1268 | 14:04:08 | 221.551673 | 359.162208 
 4152.2676 | 08739.1265 | 14:04:09 | 221.551936 | 359.161520 
 4152.2685 | 08739.1267 | 14:04:10 | 221.551756 | 359.162554 
 4152.2683 | 08739.1264 | 14:04:11 | 221.552016 | 359.162326 
 4152.2679 | 08739.1262 | 14:04:12 | 221.552191 | 359.161867 
 4152.2676 | 08739.1261 | 14:04:13 | 221.552280 | 359.161523 
 4152.2676 | 08739.1260 | 14:04:14 | 221.552366 | 359.161524 
 4152.2674 | 08739.1260 | 14:04:15 | 221.552368 | 359.161293 
 4152.2674 | 08739.1260 | 14:04:16 | 221.552368 | 359.161293 
 4152.2674 | 08739.1260 | 14:04:17 | 221.552368 | 359.161293 
 4152.2674 | 08739.1260 | 14:04:18 | 221.552368 | 359.161293 
 4152.2674 | 08739.1260 | 14:04:19 | 221.552368 | 359.161293 
 4152.2674 | 08739.1260 | 14:04:20 | 221.552368 | 359.161293 
 4152.2674 | 08739.1260 | 14:04:21 | 221.552368 | 359.161293 
 4152.2674 | 08739.1260 | 14:04:22 | 221.552368 | 359.161293 
 4152.2674 | 08739.1260 | 14:04:23 | 221.552368 | 359.161293 
 4152.2674 | 08739.1260 | 14:04:24 | 221.552368 | 359.161293 
 4152.2674 | 08739.1260 | 14:04:25 | 221.552368 | 359.161293 
 4152.2674 | 08739.1260 | 14:04:26 | 221.552368 | 359.161293 
 4152.2674 | 08739.1260 | 14:04:27 | 221.552368 | 359.161293 
 4152.2674 | 08739.1260 | 14:04:28 | 221.552368 | 359.161293 
 4152.2674 | 08739.1260 | 14:04:29 | 221.552368 | 359.161293 
 4152.2674 | 08739.1260 | 14:04:30 | 221.552368 | 359.161293 
 4152.2674 | 08739.1260 | 14:04:31 | 221.552368 | 359.161293 
 4152.2674 | 08739.1260 | 14:04:32 | 221.552368 | 359.161293 
 4152.2674 | 08739.1260 | 14:04:33 | 221.552368 | 359.161293 
 4152.2674 | 08739.1260 | 14:04:34 | 221.552368 | 359.161293 
 4152.2674 | 08739.1260 | 14:04:35 | 221.552368 | 359.161293 
 4152.2674 | 08739.1260 | 14:04:36 | 221.552368 | 359.161293 
 4152.2674 | 08739.1260 | 14:04:37 | 221.552368 | 359.161293 
 4152.2674 | 08739.1260 | 14:04:38 | 221.552368 | 359.161293 
 4152.2674 | 08739.1260 | 14:04:39 | 221.552368 | 359.161293 
 4152.2674 | 08739.1260 | 14:04:40 | 221.552368 | 359.161293 
 4152.2674 | 08739.1260 | 14:04:41 | 221.552368 | 359.161293 
 4152.2674 | 08739.1260 | 14:04:42 | 221.552368 | 359.161293 
 4152.2674 | 08739.1260 | 14:04:43 | 221.552368 | 359.161293 
 4152.2674 | 08739.1260 | 14:04:44 | 221.552368 | 359.161293 
 4152.2674 | 08739.1260 | 14:04:45 | 221.552368 | 359.161293 
 4152.2674 | 08739.1260 | 14:04:46 | 221.552368 | 359.161293 
 4152.2674 | 08739.1260 | 14:04:47 | 221.552368 | 359.161293 
 4152.2674 | 08739.1260 | 14:04:48 | 221.552368 | 359.161293 
 4152.2674 | 08739.1260 | 14:04:49 | 221.552368 | 359.161293 
 4152.2674 | 08739.1260 | 14:04:50 | 221.552368 | 359.161293 
 4152.2674 | 08739.1260 | 14:04:51 | 221.552368 | 359.161293 
 4152.2674 | 08739.1260 | 14:04:52 | 221.552368 | 359.161293 
 4152.2674 | 08739.1260 | 14:04:53 | 221.552368 | 359.161293 
 4152.2674 | 08739.1260 | 14:04:54 | 221.552368 | 359.161293 
 4152.2674 | 08739.1260 | 14:04:55 | 221.552368 | 359.161293 
 4152.2674 | 08739.1260 | 14:04:56 | 221.552368 | 359.161293 
 4152.2674 | 08739.1260 | 14:04:57 | 221.552368 | 359.161293 
 4152.2674 | 08739.1260 | 14:04:58 | 221.552368 | 359.161293 
 4152.2674 | 08739.1260 | 14:04:59 | 221.552368 | 359.161293 
 4152.2674 | 08739.1260 | 14:05:00 | 221.552368 | 359.161293 
 4152.2674 | 08739.1260 | 14:05:01 | 221.552368 | 359.161293 
 4152.2674 | 08739.1260 | 14:05:02 | 221.552368 | 359.161293 
 4152.2674 | 08739.1260 | 14:05:03 | 221.552368 | 359.161293 
 4152.2674 | 08739.1260 | 14:05:04 | 221.552368 | 359.161293 
 4152.2674 | 08739.1260 | 14:05:05 | 221.552368 | 359.161293 
 4152.2674 | 08739.1260 | 14:05:06 | 221.552368 | 359.161293 
 4152.2674 | 08739.1260 | 14:05:07 | 221.552368 | 359.161293 
 4152.2674 | 08739.1260 | 14:05:08 | 221.552368 | 359.161293 
 4152.2674 | 08739.1260 | 14:05:09 | 221.552368 | 359.161293 
 4152.2674 | 08739.1260 | 14:05:10 | 221.552368 | 359.161293 
 4152.2674 | 08739.1260 | 14:05:11 | 221.552368 | 359.161293 
 4152.2674 | 08739.1260 | 14:05:12 | 221.552368 | 359.161293 
 4152.2674 | 08739.1260 | 14:05:13 | 221.552368 | 359.161293 
 4152.2674 | 08739.1260 | 14:05:14 | 221.552368 | 359.161293 
 4152.2674 | 08739.1260 | 14:05:15 | 221.552368 | 359.161293 
 4152.2674 | 08739.1260 | 14:05:16 | 221.552368 | 359.161293 
 4152.2674 | 08739.1260 | 14:05:17 | 221.552368 | 359.161293 
 4152.2674 | 08739.1260 | 14:05:18 | 221.552368 | 359.161293 
 4152.2674 | 08739.1260 | 14:05:19 | 221.552368 | 359.161293 
 4152.2674 | 08739.1260 | 14:05:20 | 221.552368 | 359.161293 
 4152.2674 | 08739.1260 | 14:05:21 | 221.552368 | 359.161293 
 4152.2674 | 08739.1260 | 14:05:22 | 221.552368 | 359.161293 
 4152.2674 | 08739.1260 | 14:05:23 | 221.552368 | 359.161293 
 4152.2674 | 08739.1260 | 14:05:24 | 221.552368 | 359.161293 
 4152.2674 | 08739.1260 | 14:05:25 | 221.552368 | 359.161293 
 4152.2674 | 08739.1260 | 14:05:26 | 221.552368 | 359.161293 
 4152.2674 | 08739.1260 | 14:05:27 | 221.552368 | 359.161293 
 4152.2674 | 08739.1260 | 14:05:28 | 221.552368 | 359.161293 
 4152.2674 | 08739.1260 | 14:05:29 | 221.552368 | 359.161293 
 4152.2674 | 08739.1260 | 14:05:30 | 221.552368 | 359.161293 
 4152.2674 | 08739.1260 | 14:05:31 | 221.552368 | 359.161293 
 4152.2674 | 08739.1260 | 14:05:32 | 221.552368 | 359.161293 
 4152.2674 | 08739.1260 | 14:05:33 | 221.552368 | 359.161293 
 4152.2674 | 08739.1260 | 14:05:34 | 221.552368 | 359.161293 
 4152.2674 | 08739.1260 | 14:05:35 | 221.552368 | 359.161293 
 4152.2674 | 08739.1260 | 14:05:36 | 221.552368 | 359.161293 
 4152.2674 | 08739.1260 | 14:05:37 | 221.552368 | 359.161293 
 4152.2674 | 08739.1260 | 14:05:38 | 221.552368 | 359.161293 
 4152.2674 | 08739.1260 | 14:05:39 | 221.552368 | 359.161293 
 4152.2674 | 08739.1260 | 14:05:40 | 221.552368 | 359.161293 
 4152.2674 | 08739.1260 | 14:05:41 | 221.552368 | 359.161293 
 4152.2674 | 08739.1260 | 14:05:42 | 221.552368 | 359.161293 
 4152.2674 | 08739.1260 | 14:05:43 | 221.552368 | 359.161293 
 4152.2674 | 08739.1260 | 14:05:44 | 221.552368 | 359.161293 
 4152.2674 | 08739.1260 | 14:05:45 | 221.552368 | 359.161293 
 4152.2674 | 08739.1260 | 14:05:46 | 221.552368 | 359.161293 
 4152.2674 | 08739.1260 | 14:05:47 | 221.552368 | 359.161293 
 4152.2674 | 08739.1260 | 14:05:48 | 221.552368 | 359.161293 
 4152.2674 | 08739.1260 | 14:05:49 | 221.552368 | 359.161293 
 4152.2674 | 08739.1260 | 14:05:50 | 221.552368 | 359.161293 
 4152.2674 | 08739.1260 | 14:05:51 | 221.552368 | 359.161293 
 4152.2674 | 08739.1260 | 14:05:52 | 221.552368 | 359.161293 
 4152.2674 | 08739.1260 | 14:05:53 | 221.552368 | 359.161293 
 4152.2674 | 08739.1260 | 14:05:54 | 221.552368 | 359.161293 
 4152.2674 | 08739.1260 | 14:05:55 | 221.552368 | 359.161293 
 4152.2674 | 08739.1260 | 14:05:56 | 221.552368 | 359.161293 
 4152.2674 | 08739.1260 | 14:05:57 | 221.552368 | 359.161293 
 4152.2674 | 08739.1260 | 14:05:58 | 221.552368 | 359.161293 
 4152.2674 | 08739.1260 | 14:05:59 | 221.552368 | 359.161293 
 4152.2674 | 08739.1260 | 14:06:00 | 221.552368 | 359.161293 
 4152.2674 | 08739.1260 | 14:06:01 | 221.552368 | 359.161293 
 4152.2722 | 08739.1376 | 14:06:02 | 221.542351 | 359.166736 
 4152.2722 | 08739.1389 | 14:06:03 | 221.541234 | 359.166727 
 4152.2725 | 08739.1397 | 14:06:04 | 221.540543 | 359.167066 
 4152.2729 | 08739.1403 | 14:06:05 | 221.540024 | 359.167522 
 4152.2734 | 08739.1407 | 14:06:06 | 221.539675 | 359.168095 
 4152.2734 | 08739.1416 | 14:06:07 | 221.538901 | 359.168089 
 4152.2736 | 08739.1422 | 14:06:08 | 221.538384 | 359.168315 
 4152.2741 | 08739.1425 | 14:06:09 | 221.538121 | 359.168888 
 4152.2745 | 08739.1428 | 14:06:10 | 221.537860 | 359.169346 
 4152.2749 | 08739.1430 | 14:06:11 | 221.537684 | 359.169804 
 4152.2753 | 08739.1434 | 14:06:12 | 221.537336 | 359.170262 
 4152.2756 | 08739.1438 | 14:06:13 | 221.536990 | 359.170604 
 4152.2779 | 08739.1439 | 14:06:14 | 221.536883 | 359.173249 
 4152.2791 | 08739.1437 | 14:06:15 | 221.537044 | 359.174631 
 4152.2797 | 08739.1433 | 14:06:16 | 221.537382 | 359.175324 
 4152.2796 | 08739.1416 | 14:06:17 | 221.538845 | 359.175220 
 4152.2795 | 08739.1412 | 14:06:18 | 221.539190 | 359.175108 
 4152.2787 | 08739.1401 | 14:06:19 | 221.540143 | 359.174195 
 4152.2786 | 08739.1395 | 14:06:20 | 221.540659 | 359.174084 
 4152.2782 | 08739.1392 | 14:06:21 | 221.540921 | 359.173626 
 4152.2782 | 08739.1392 | 14:06:22 | 221.540921 | 359.173626 
 4152.2782 | 08739.1392 | 14:06:23 | 221.540921 | 359.173626 
 4152.2782 | 08739.1392 | 14:06:24 | 221.540921 | 359.173626 
 4152.2782 | 08739.1392 | 14:06:25 | 221.540921 | 359.173626 
 4152.2782 | 08739.1392 | 14:06:26 | 221.540921 | 359.173626 
 4152.2782 | 08739.1392 | 14:06:27 | 221.540921 | 359.173626 
 4152.2782 | 08739.1392 | 14:06:28 | 221.540921 | 359.173626 
 4152.2782 | 08739.1392 | 14:06:29 | 221.540921 | 359.173626 
 4152.2782 | 08739.1392 | 14:06:30 | 221.540921 | 359.173626 
 4152.2782 | 08739.1392 | 14:06:31 | 221.540921 | 359.173626 
 4152.2782 | 08739.1392 | 14:06:32 | 221.540921 | 359.173626 
 4152.2782 | 08739.1392 | 14:06:33 | 221.540921 | 359.173626 
 4152.2782 | 08739.1392 | 14:06:34 | 221.540921 | 359.173626 
 4152.2782 | 08739.1392 | 14:06:35 | 221.540921 | 359.173626 
 4152.2782 | 08739.1392 | 14:06:36 | 221.540921 | 359.173626 
 4152.2782 | 08739.1392 | 14:06:37 | 221.540921 | 359.173626 
 4152.2782 | 08739.1392 | 14:06:38 | 221.540921 | 359.173626 
 4152.2782 | 08739.1392 | 14:06:39 | 221.540921 | 359.173626 
 4152.2782 | 08739.1392 | 14:06:40 | 221.540921 | 359.173626 
 4152.2782 | 08739.1392 | 14:06:41 | 221.540921 | 359.173626 
 4152.2782 | 08739.1392 | 14:06:42 | 221.540921 | 359.173626 
 4152.2782 | 08739.1392 | 14:06:43 | 221.540921 | 359.173626 
 4152.2782 | 08739.1392 | 14:06:44 | 221.540921 | 359.173626 
 4152.2782 | 08739.1392 | 14:06:45 | 221.540921 | 359.173626 
 4152.2782 | 08739.1392 | 14:06:46 | 221.540921 | 359.173626 
 4152.2782 | 08739.1392 | 14:06:47 | 221.540921 | 359.173626 
 4152.2782 | 08739.1392 | 14:06:48 | 221.540921 | 359.173626 
 4152.2782 | 08739.1392 | 14:06:49 | 221.540921 | 359.173626 
 4152.2782 | 08739.1392 | 14:06:50 | 221.540921 | 359.173626 
 4152.2782 | 08739.1392 | 14:06:51 | 221.540921 | 359.173626 
 4152.2782 | 08739.1392 | 14:06:52 | 221.540921 | 359.173626 
 4152.2782 | 08739.1392 | 14:06:53 | 221.540921 | 359.173626 
 4152.2782 | 08739.1392 | 14:06:54 | 221.540921 | 359.173626 
 4152.2782 | 08739.1392 | 14:06:55 | 221.540921 | 359.173626 
 4152.2811 | 08739.1357 | 14:06:56 | 221.543903 | 359.176986 
 4152.2830 | 08739.1353 | 14:06:57 | 221.544230 | 359.179174 
 4152.2846 | 08739.1352 | 14:06:58 | 221.544301 | 359.181015 
 4152.2862 | 08739.1351 | 14:06:59 | 221.544373 | 359.182856 
 4152.2893 | 08739.1353 | 14:07:00 | 221.544172 | 359.186421 
 4152.2881 | 08739.1332 | 14:07:01 | 221.545989 | 359.185055 
 4152.2908 | 08739.1340 | 14:07:02 | 221.545276 | 359.188155 
 4152.2928 | 08739.1340 | 14:07:03 | 221.545258 | 359.190455 
 4152.2950 | 08739.1340 | 14:07:04 | 221.545238 | 359.192986 
 4152.2972 | 08739.1340 | 14:07:05 | 221.545218 | 359.195516 
 4152.2998 | 08739.1336 | 14:07:06 | 221.545538 | 359.198510 
 4152.3025 | 08739.1341 | 14:07:07 | 221.545084 | 359.201612 
 4152.3050 | 08739.1345 | 14:07:08 | 221.544717 | 359.204485 
 4152.3066 | 08739.1347 | 14:07:09 | 221.544530 | 359.206324 
 4152.3074 | 08739.1341 | 14:07:10 | 221.545039 | 359.207248 
 4152.3076 | 08739.1349 | 14:07:11 | 221.544349 | 359.207473 
 4152.3077 | 08739.1353 | 14:07:12 | 221.544005 | 359.207585 
 4152.3081 | 08739.1355 | 14:07:13 | 221.543829 | 359.208044 
 4152.3085 | 08739.1357 | 14:07:14 | 221.543653 | 359.208503 
 4152.3090 | 08739.1358 | 14:07:15 | 221.543563 | 359.209077 
 4152.3099 | 08739.1352 | 14:07:16 | 221.544070 | 359.210116 
 4152.3104 | 08739.1349 | 14:07:17 | 221.544324 | 359.210694 
 4152.3108 | 08739.1343 | 14:07:18 | 221.544836 | 359.211158 
 4152.3109 | 08739.1344 | 14:07:19 | 221.544749 | 359.211272 
 4152.3110 | 08739.1344 | 14:07:20 | 221.544748 | 359.211387 
 4152.3110 | 08739.1344 | 14:07:21 | 221.544748 | 359.211387 
 4152.3110 | 08739.1344 | 14:07:22 | 221.544748 | 359.211387 
 4152.3132 | 08739.1347 | 14:07:23 | 221.544470 | 359.213916 
 4152.3137 | 08739.1342 | 14:07:24 | 221.544896 | 359.214494 
 4152.3142 | 08739.1338 | 14:07:25 | 221.545235 | 359.215072 
 4152.3149 | 08739.1337 | 14:07:26 | 221.545314 | 359.215878 
 4152.3154 | 08739.1337 | 14:07:27 | 221.545310 | 359.216453 
 4152.3159 | 08739.1339 | 14:07:28 | 221.545133 | 359.217027 
 4152.3164 | 08739.1342 | 14:07:29 | 221.544871 | 359.217600 
 4152.3171 | 08739.1346 | 14:07:30 | 221.544521 | 359.218402 
 4152.3169 | 08739.1347 | 14:07:31 | 221.544436 | 359.218172 
 4152.3164 | 08739.1346 | 14:07:32 | 221.544527 | 359.217597 
 4152.3162 | 08739.1344 | 14:07:33 | 221.544701 | 359.217369 
 4152.3162 | 08739.1344 | 14:07:34 | 221.544701 | 359.217369 
 4152.3162 | 08739.1344 | 14:07:35 | 221.544701 | 359.217369 
 4152.3162 | 08739.1344 | 14:07:36 | 221.544701 | 359.217369 
 4152.3155 | 08739.1342 | 14:07:37 | 221.544879 | 359.216565 
 4152.3150 | 08739.1340 | 14:07:38 | 221.545056 | 359.215991 
 4152.3148 | 08739.1340 | 14:07:39 | 221.545057 | 359.215761 
 4152.3147 | 08739.1340 | 14:07:40 | 221.545058 | 359.215646 
 4152.3149 | 08739.1341 | 14:07:41 | 221.544971 | 359.215875 
 4152.3149 | 08739.1341 | 14:07:42 | 221.544971 | 359.215875 
 4152.3154 | 08739.1347 | 14:07:43 | 221.544450 | 359.216446 
 4152.3156 | 08739.1354 | 14:07:44 | 221.543846 | 359.216672 
 4152.3155 | 08739.1364 | 14:07:45 | 221.542988 | 359.216550 
 4152.3154 | 08739.1377 | 14:07:46 | 221.541871 | 359.216426 
 4152.3153 | 08739.1389 | 14:07:47 | 221.540840 | 359.216303 
 4152.3139 | 08739.1396 | 14:07:48 | 221.540251 | 359.214687 
 4152.3131 | 08739.1400 | 14:07:49 | 221.539915 | 359.213765 
 4152.3128 | 08739.1399 | 14:07:50 | 221.540003 | 359.213420 
 4152.3123 | 08739.1399 | 14:07:51 | 221.540008 | 359.212845 
 4152.3123 | 08739.1410 | 14:07:52 | 221.539062 | 359.212838 
 4152.3118 | 08739.1412 | 14:07:53 | 221.538895 | 359.212261 
 4152.3112 | 08739.1415 | 14:07:54 | 221.538642 | 359.211569 
 4152.3106 | 08739.1415 | 14:07:55 | 221.538648 | 359.210879 
 4152.3121 | 08739.1404 | 14:07:56 | 221.539580 | 359.212612 
 4152.3125 | 08739.1402 | 14:07:57 | 221.539748 | 359.213073 
 4152.3124 | 08739.1405 | 14:07:58 | 221.539491 | 359.212956 
 4152.3121 | 08739.1409 | 14:07:59 | 221.539150 | 359.212608 
 4152.3118 | 08739.1410 | 14:08:00 | 221.539067 | 359.212262 
 4152.3114 | 08739.1413 | 14:08:01 | 221.538812 | 359.211800 
 4152.3093 | 08739.1409 | 14:08:02 | 221.539176 | 359.209387 
 4152.3075 | 08739.1404 | 14:08:03 | 221.539622 | 359.207320 
 4152.3056 | 08739.1400 | 14:08:04 | 221.539983 | 359.205138 
 4152.3017 | 08739.1391 | 14:08:05 | 221.540792 | 359.200658 
 4152.2998 | 08739.1386 | 14:08:06 | 221.541240 | 359.198476 
 4152.2973 | 08739.1387 | 14:08:07 | 221.541176 | 359.195599 
 4152.2949 | 08739.1387 | 14:08:08 | 221.541198 | 359.192839 
 4152.2902 | 08739.1349 | 14:08:09 | 221.544508 | 359.187459 
 4152.2876 | 08739.1339 | 14:08:10 | 221.545392 | 359.184475 
 4152.2848 | 08739.1329 | 14:08:11 | 221.546277 | 359.181261 
 4152.2807 | 08739.1344 | 14:08:12 | 221.545025 | 359.176535 
 4152.2779 | 08739.1335 | 14:08:13 | 221.545824 | 359.173320 
 4152.2689 | 08739.1291 | 14:08:14 | 221.549689 | 359.162998 
 4152.2650 | 08739.1280 | 14:08:15 | 221.550670 | 359.158519 
 4152.2594 | 08739.1262 | 14:08:16 | 221.552269 | 359.152090 
 4152.2513 | 08739.1304 | 14:08:17 | 221.548732 | 359.142744 
 4152.2471 | 08739.1304 | 14:08:18 | 221.548770 | 359.137913 
 4152.2430 | 08739.1300 | 14:08:19 | 221.549152 | 359.133200 
 4152.2387 | 08739.1299 | 14:08:20 | 221.549277 | 359.128255 
 4152.2343 | 08739.1295 | 14:08:21 | 221.549661 | 359.123196 
 4152.2301 | 08739.1293 | 14:08:22 | 221.549871 | 359.118367 
 4152.2259 | 08739.1289 | 14:08:23 | 221.550253 | 359.113538 
 4152.2218 | 08739.1285 | 14:08:24 | 221.550635 | 359.108825 
 4152.2196 | 08739.1267 | 14:08:25 | 221.552202 | 359.106307 
 4152.2155 | 08739.1262 | 14:08:26 | 221.552670 | 359.101594 
 4152.2097 | 08739.1265 | 14:08:27 | 221.552465 | 359.094921 
 4152.2049 | 08739.1272 | 14:08:28 | 221.551907 | 359.089395 
 4152.2006 | 08739.1275 | 14:08:29 | 221.551688 | 359.084446 
 4152.1961 | 08739.1274 | 14:08:30 | 221.551815 | 359.079271 
 4152.1915 | 08739.1273 | 14:08:31 | 221.551943 | 359.073980 
 4152.1870 | 08739.1272 | 14:08:32 | 221.552070 | 359.068805 
 4152.1868 | 08739.1299 | 14:08:33 | 221.549751 | 359.068557 
 4152.1830 | 08739.1302 | 14:08:34 | 221.549527 | 359.064184 
 4152.1795 | 08739.1310 | 14:08:35 | 221.548872 | 359.060152 
 4152.1785 | 08739.1299 | 14:08:36 | 221.549826 | 359.059009 
 4152.1767 | 08739.1307 | 14:08:37 | 221.549155 | 359.056934 
 4152.1753 | 08739.1309 | 14:08:38 | 221.548996 | 359.055322 
 4152.1733 | 08739.1285 | 14:08:39 | 221.551078 | 359.053038 
 4152.1721 | 08739.1281 | 14:08:40 | 221.551432 | 359.051660 
 4152.1716 | 08739.1284 | 14:08:41 | 221.551179 | 359.051083 
 4152.1709 | 08739.1281 | 14:08:42 | 221.551443 | 359.050280 
 4152.1704 | 08739.1279 | 14:08:43 | 221.551620 | 359.049706 
 4152.1701 | 08739.1279 | 14:08:44 | 221.551623 | 359.049361 
 4152.1699 | 08739.1277 | 14:08:45 | 221.551796 | 359.049132 
 4152.1695 | 08739.1274 | 14:08:46 | 221.552058 | 359.048674 
 4152.1692 | 08739.1272 | 14:08:47 | 221.552233 | 359.048331 
 4152.1686 | 08739.1260 | 14:08:48 | 221.553270 | 359.047649 
 4152.1684 | 08739.1258 | 14:08:49 | 221.553444 | 359.047420 
 4152.1682 | 08739.1256 | 14:08:50 | 221.553617 | 359.047191 
 4152.1682 | 08739.1259 | 14:08:51 | 221.553359 | 359.047189 
 4152.1671 | 08739.1247 | 14:08:52 | 221.554401 | 359.045932 
 4152.1664 | 08739.1232 | 14:08:53 | 221.555697 | 359.045137 
 4152.1658 | 08739.1206 | 14:08:54 | 221.557938 | 359.044465 
 4152.1690 | 08739.1173 | 14:08:55 | 221.560746 | 359.048168 
 4152.1693 | 08739.1131 | 14:08:56 | 221.564354 | 359.048542 
 4152.1695 | 08739.1083 | 14:08:57 | 221.568479 | 359.048805 
 4152.1697 | 08739.1029 | 14:08:58 | 221.573120 | 359.049071 
 4152.1698 | 08739.0971 | 14:08:59 | 221.578106 | 359.049226 
 4152.1699 | 08739.0917 | 14:09:00 | 221.582748 | 359.049378 
 4152.1696 | 08739.0867 | 14:09:01 | 221.587049 | 359.049067 
 4152.1693 | 08739.0823 | 14:09:02 | 221.590835 | 359.048752 
 4152.1698 | 08739.0796 | 14:09:03 | 221.593152 | 359.049346 
 4152.1700 | 08739.0772 | 14:09:04 | 221.595213 | 359.049592 
 4152.1698 | 08739.0748 | 14:09:05 | 221.597278 | 359.049378 
 4152.1695 | 08739.0727 | 14:09:06 | 221.599087 | 359.049048 
 4152.1690 | 08739.0705 | 14:09:07 | 221.600983 | 359.048488 
 4152.1685 | 08739.0680 | 14:09:08 | 221.603137 | 359.047930 
 4152.1694 | 08739.0717 | 14:09:09 | 221.599947 | 359.048940 
 4152.1702 | 08739.0741 | 14:09:10 | 221.597877 | 359.049843 
 4152.1703 | 08739.0743 | 14:09:11 | 221.597704 | 359.049957 
 4152.1703 | 08739.0743 | 14:09:12 | 221.597704 | 359.049957 
 4152.1703 | 08739.0743 | 14:09:13 | 221.597704 | 359.049957 
 4152.1703 | 08739.0743 | 14:09:14 | 221.597704 | 359.049957 
 4152.1703 | 08739.0743 | 14:09:15 | 221.597704 | 359.049957 
 4152.1703 | 08739.0743 | 14:09:16 | 221.597704 | 359.049957 
 4152.1703 | 08739.0743 | 14:09:17 | 221.597704 | 359.049957 
 4152.1703 | 08739.0743 | 14:09:18 | 221.597704 | 359.049957 
 4152.1703 | 08739.0743 | 14:09:19 | 221.597704 | 359.049957 
 4152.1703 | 08739.0743 | 14:09:20 | 221.597704 | 359.049957 
 4152.1703 | 08739.0743 | 14:09:21 | 221.597704 | 359.049957 
 4152.1703 | 08739.0743 | 14:09:22 | 221.597704 | 359.049957 
 4152.1703 | 08739.0743 | 14:09:23 | 221.597704 | 359.049957 
 4152.1700 | 08739.0760 | 14:09:24 | 221.596245 | 359.049600 
 4152.1700 | 08739.0763 | 14:09:25 | 221.595987 | 359.049598 
 4152.1701 | 08739.0765 | 14:09:26 | 221.595814 | 359.049712 
 4152.1698 | 08739.0752 | 14:09:27 | 221.596934 | 359.049376 
 4152.1698 | 08739.0752 | 14:09:28 | 221.596934 | 359.049376 
 4152.1698 | 08739.0752 | 14:09:29 | 221.596934 | 359.049376 
 4152.1698 | 08739.0752 | 14:09:30 | 221.596934 | 359.049376 
 4152.1698 | 08739.0752 | 14:09:31 | 221.596934 | 359.049376 
 4152.1698 | 08739.0752 | 14:09:32 | 221.596934 | 359.049376 
 4152.1698 | 08739.0752 | 14:09:33 | 221.596934 | 359.049376 
 4152.1698 | 08739.0752 | 14:09:34 | 221.596934 | 359.049376 
 4152.1698 | 08739.0752 | 14:09:35 | 221.596934 | 359.049376 
 4152.1698 | 08739.0752 | 14:09:36 | 221.596934 | 359.049376 
 4152.1696 | 08739.0715 | 14:09:37 | 221.600117 | 359.049171 
 4152.1698 | 08739.0711 | 14:09:38 | 221.600459 | 359.049404 
 4152.1687 | 08739.0685 | 14:09:39 | 221.602705 | 359.048156 
 4152.1675 | 08739.0668 | 14:09:40 | 221.604177 | 359.046788 
 4152.1663 | 08739.0665 | 14:09:41 | 221.604446 | 359.045409 
 4152.1624 | 08739.0640 | 14:09:42 | 221.606631 | 359.040940 
 4152.1590 | 08739.0643 | 14:09:43 | 221.606405 | 359.037027 
 4152.1551 | 08739.0642 | 14:09:44 | 221.606526 | 359.032542 
 4152.1510 | 08739.0642 | 14:09:45 | 221.606564 | 359.027826 
 4152.1468 | 08739.0646 | 14:09:46 | 221.606258 | 359.022992 
 4152.1423 | 08739.0649 | 14:09:47 | 221.606041 | 359.017814 
 4152.1377 | 08739.0653 | 14:09:48 | 221.605739 | 359.012520 
 4152.1330 | 08739.0643 | 14:09:49 | 221.606642 | 359.007121 
 4152.1282 | 08739.0639 | 14:09:50 | 221.607030 | 359.001602 
 4152.1234 | 08739.0640 | 14:09:51 | 221.606988 | 358.996081 
 4152.1186 | 08739.0641 | 14:09:52 | 221.606946 | 358.990559 
 4152.1132 | 08739.0642 | 14:09:53 | 221.606909 | 358.984347 
 4152.1080 | 08739.0639 | 14:09:54 | 221.607215 | 358.978367 
 4152.0997 | 08739.0649 | 14:09:55 | 221.606431 | 358.968813 
 4152.0932 | 08739.0651 | 14:09:56 | 221.606318 | 358.961335 
 4152.0870 | 08739.0652 | 14:09:57 | 221.606289 | 358.954203 
 4152.0801 | 08739.0656 | 14:09:58 | 221.606008 | 358.946264 
 4152.0739 | 08739.0658 | 14:09:59 | 221.605893 | 358.939131 
 4152.0676 | 08739.0658 | 14:10:00 | 221.605950 | 358.931884 
 4152.0613 | 08739.0655 | 14:10:01 | 221.606266 | 358.924640 
 4152.0554 | 08739.0654 | 14:10:02 | 221.606406 | 358.917854 
 4152.0501 | 08739.0653 | 14:10:03 | 221.606540 | 358.911758 
 4152.0453 | 08739.0649 | 14:10:04 | 221.606928 | 358.906240 
 4152.0408 | 08739.0641 | 14:10:05 | 221.607657 | 358.901069 
 4152.0367 | 08739.0634 | 14:10:06 | 221.608296 | 358.896358 
 4152.0325 | 08739.0627 | 14:10:07 | 221.608937 | 358.891531 
 4152.0286 | 08739.0616 | 14:10:08 | 221.609918 | 358.887053 
 4152.0252 | 08739.0595 | 14:10:09 | 221.611755 | 358.883157 
 4152.0222 | 08739.0559 | 14:10:10 | 221.614877 | 358.879730 
 4152.0193 | 08739.0518 | 14:10:11 | 221.618429 | 358.876423 
 4152.0205 | 08739.0480 | 14:10:12 | 221.621685 | 358.877829 
 4152.0199 | 08739.0409 | 14:10:13 | 221.627795 | 358.877187 
 4152.0204 | 08739.0342 | 14:10:14 | 221.633551 | 358.877808 
 4152.0208 | 08739.0273 | 14:10:15 | 221.639480 | 358.878316 
 4152.0212 | 08739.0196 | 14:10:16 | 221.646097 | 358.878828 
 4152.0216 | 08739.0118 | 14:10:17 | 221.652800 | 358.879342 
 4152.0218 | 08739.0042 | 14:10:18 | 221.659332 | 358.879624 
 4152.0218 | 08738.9957 | 14:10:19 | 221.666640 | 358.879682 
 4152.0226 | 08738.9876 | 14:10:20 | 221.673597 | 358.880658 
 4152.0233 | 08738.9794 | 14:10:21 | 221.680641 | 358.881519 
 4152.0241 | 08738.9713 | 14:10:22 | 221.687598 | 358.882495 
 4152.0233 | 08738.9609 | 14:10:23 | 221.696547 | 358.881646 
 4152.0233 | 08738.9512 | 14:10:24 | 221.704887 | 358.881712 
 4152.0237 | 08738.9419 | 14:10:25 | 221.712880 | 358.882236 
 4152.0242 | 08738.9326 | 14:10:26 | 221.720871 | 358.882875 
 4152.0244 | 08738.9226 | 14:10:27 | 221.729467 | 358.883173 
 4152.0249 | 08738.9122 | 14:10:28 | 221.738404 | 358.883820 
 4152.0245 | 08738.9012 | 14:10:29 | 221.747866 | 358.883435 
 4152.0247 | 08738.8907 | 14:10:30 | 221.756892 | 358.883737 
 4152.0249 | 08738.8804 | 14:10:31 | 221.765746 | 358.884038 
 4152.0250 | 08738.8703 | 14:10:32 | 221.774429 | 358.884222 
 4152.0250 | 08738.8606 | 14:10:33 | 221.782768 | 358.884289 
 4152.0263 | 08738.8530 | 14:10:34 | 221.789291 | 358.885837 
 4152.0262 | 08738.8452 | 14:10:35 | 221.795998 | 358.885775 
 4152.0255 | 08738.8379 | 14:10:36 | 221.802281 | 358.885020 
 4152.0267 | 08738.8341 | 14:10:37 | 221.805537 | 358.886427 
 4152.0268 | 08738.8298 | 14:10:38 | 221.809233 | 358.886571 
 4152.0271 | 08738.8270 | 14:10:39 | 221.811638 | 358.886935 
 4152.0276 | 08738.8256 | 14:10:40 | 221.812837 | 358.887520 
 4152.0278 | 08738.8249 | 14:10:41 | 221.813437 | 358.887755 
 4152.0282 | 08738.8249 | 14:10:42 | 221.813433 | 358.888215 
 4152.0286 | 08738.8249 | 14:10:43 | 221.813430 | 358.888675 
 4152.0289 | 08738.8246 | 14:10:44 | 221.813685 | 358.889022 
 4152.0292 | 08738.8243 | 14:10:45 | 221.813940 | 358.889370 
 4152.0273 | 08738.8227 | 14:10:46 | 221.815333 | 358.887195 
 4152.0275 | 08738.8215 | 14:10:47 | 221.816363 | 358.887433 
 4152.0260 | 08738.8179 | 14:10:48 | 221.819472 | 358.885733 
 4152.0252 | 08738.8154 | 14:10:49 | 221.821629 | 358.884830 
 4152.0222 | 08738.8121 | 14:10:50 | 221.824494 | 358.881402 
 4152.0202 | 08738.8090 | 14:10:51 | 221.827178 | 358.879122 
 4152.0187 | 08738.8060 | 14:10:52 | 221.829771 | 358.877418 
 4152.0169 | 08738.8028 | 14:10:53 | 221.832539 | 358.875369 
 4152.0045 | 08738.8072 | 14:10:54 | 221.828870 | 358.861076 
 4151.9973 | 08738.8081 | 14:10:55 | 221.828162 | 358.852788 
 4151.9910 | 08738.8084 | 14:10:56 | 221.827962 | 358.845539 
 4151.9852 | 08738.8080 | 14:10:57 | 221.828359 | 358.838870 
 4151.9792 | 08738.8076 | 14:10:58 | 221.828759 | 358.831972 
 4151.9720 | 08738.8085 | 14:10:59 | 221.828051 | 358.823684 
 4151.9654 | 08738.8085 | 14:11:00 | 221.828112 | 358.816092 
 4151.9575 | 08738.8099 | 14:11:01 | 221.826981 | 358.806995 
 4151.9505 | 08738.8100 | 14:11:02 | 221.826959 | 358.798943 
 4151.9436 | 08738.8102 | 14:11:03 | 221.826851 | 358.791005 
 4151.9369 | 08738.8097 | 14:11:04 | 221.827342 | 358.783302 
 4151.9300 | 08738.8103 | 14:11:05 | 221.826890 | 358.775361 
 4151.9232 | 08738.8098 | 14:11:06 | 221.827382 | 358.767543 
 4151.9141 | 08738.8086 | 14:11:07 | 221.828498 | 358.757083 
 4151.9069 | 08738.8085 | 14:11:08 | 221.828650 | 358.748802 
 4151.8997 | 08738.8086 | 14:11:09 | 221.828630 | 358.740520 
 4151.8924 | 08738.8086 | 14:11:10 | 221.828697 | 358.732123 
 4151.8835 | 08738.8078 | 14:11:11 | 221.829467 | 358.721891 
 4151.8764 | 08738.8079 | 14:11:12 | 221.829446 | 358.713724 
 4151.8697 | 08738.8081 | 14:11:13 | 221.829336 | 358.706016 
 4151.8628 | 08738.8080 | 14:11:14 | 221.829485 | 358.698080 
 4151.8559 | 08738.8079 | 14:11:15 | 221.829635 | 358.690144 
 4151.8488 | 08738.8078 | 14:11:16 | 221.829786 | 358.681978 
 4151.8420 | 08738.8082 | 14:11:17 | 221.829505 | 358.674153 
 4151.8351 | 08738.8084 | 14:11:18 | 221.829396 | 358.666215 
 4151.8281 | 08738.8082 | 14:11:19 | 221.829633 | 358.658165 
 4151.8204 | 08738.8077 | 14:11:20 | 221.830133 | 358.649311 
 4151.8128 | 08738.8075 | 14:11:21 | 221.830375 | 358.640571 
 4151.8052 | 08738.8057 | 14:11:22 | 221.831993 | 358.631841 
 4151.7970 | 08738.8052 | 14:11:23 | 221.832498 | 358.622412 
 4151.7893 | 08738.8050 | 14:11:24 | 221.832741 | 358.613557 
 4151.7814 | 08738.8046 | 14:11:25 | 221.833158 | 358.604473 
 4151.7736 | 08738.8045 | 14:11:26 | 221.833315 | 358.595501 
 4151.7657 | 08738.8044 | 14:11:27 | 221.833474 | 358.586415 
 4151.7579 | 08738.8043 | 14:11:28 | 221.833632 | 358.577444 
 4151.7499 | 08738.8053 | 14:11:29 | 221.832845 | 358.568235 
 4151.7424 | 08738.8045 | 14:11:30 | 221.833602 | 358.559614 
 4151.7347 | 08738.8040 | 14:11:31 | 221.834103 | 358.550760 
 4151.7278 | 08738.8042 | 14:11:32 | 221.833995 | 358.542822 
 4151.7204 | 08738.8040 | 14:11:33 | 221.834235 | 358.534311 
 4151.7131 | 08738.8038 | 14:11:34 | 221.834474 | 358.525916 
 4151.7058 | 08738.8037 | 14:11:35 | 221.834627 | 358.517520 
 4151.6985 | 08738.8035 | 14:11:36 | 221.834866 | 358.509124 
 4151.6911 | 08738.8033 | 14:11:37 | 221.835106 | 358.500614 
 4151.6836 | 08738.8030 | 14:11:38 | 221.835433 | 358.491989 
 4151.6761 | 08738.8034 | 14:11:39 | 221.835158 | 358.483359 
 4151.6685 | 08738.8032 | 14:11:40 | 221.835400 | 358.474619 
 4151.6610 | 08738.8032 | 14:11:41 | 221.835469 | 358.465992 
 4151.6536 | 08738.8033 | 14:11:42 | 221.835451 | 358.457480 
 4151.6466 | 08738.8029 | 14:11:43 | 221.835859 | 358.449431 
 4151.5708 | 08738.7996 | 14:11:55 | 221.839394 | 358.362264 
 4151.5608 | 08738.7973 | 14:11:56 | 221.841464 | 358.350778 
 4151.5521 | 08738.7962 | 14:11:57 | 221.842490 | 358.340778 
 4151.5463 | 08738.7964 | 14:11:58 | 221.842371 | 358.334105 
 4151.5402 | 08738.7963 | 14:11:59 | 221.842513 | 358.327089 
 4151.5323 | 08738.7968 | 14:12:00 | 221.842156 | 358.317999 
 4151.5250 | 08738.7967 | 14:12:01 | 221.842309 | 358.309603 
 4151.5175 | 08738.7963 | 14:12:02 | 221.842722 | 358.300979 
 4151.5102 | 08738.7933 | 14:12:03 | 221.845369 | 358.292602 
 4151.5062 | 08738.7948 | 14:12:04 | 221.844116 | 358.287991 
 4151.5016 | 08738.7947 | 14:12:05 | 221.844244 | 358.282701 
 4151.4973 | 08738.7949 | 14:12:06 | 221.844112 | 358.277753 
 4151.4929 | 08738.7952 | 14:12:07 | 221.843895 | 358.272690 
 4151.4927 | 08738.7960 | 14:12:08 | 221.843208 | 358.272454 
 4151.4924 | 08738.7964 | 14:12:09 | 221.842867 | 358.272107 
 4151.4915 | 08738.7945 | 14:12:10 | 221.844509 | 358.271084 
 4151.4914 | 08738.7937 | 14:12:11 | 221.845198 | 358.270975 
 4151.4912 | 08738.7931 | 14:12:12 | 221.845716 | 358.270749 
 4151.4912 | 08738.7931 | 14:12:13 | 221.845716 | 358.270749 
 4151.4912 | 08738.7931 | 14:12:14 | 221.845716 | 358.270749 
 4151.4912 | 08738.7931 | 14:12:15 | 221.845716 | 358.270749 
 4151.4912 | 08738.7931 | 14:12:16 | 221.845716 | 358.270749 
 4151.4912 | 08738.7931 | 14:12:17 | 221.845716 | 358.270749 
 4151.4912 | 08738.7931 | 14:12:18 | 221.845716 | 358.270749 
 4151.4912 | 08738.7931 | 14:12:19 | 221.845716 | 358.270749 
 4151.4912 | 08738.7931 | 14:12:20 | 221.845716 | 358.270749 
 4151.4912 | 08738.7931 | 14:12:21 | 221.845716 | 358.270749 
 4151.4912 | 08738.7931 | 14:12:22 | 221.845716 | 358.270749 
 4151.4912 | 08738.7931 | 14:12:23 | 221.845716 | 358.270749 
 4151.4912 | 08738.7931 | 14:12:24 | 221.845716 | 358.270749 
 4151.4912 | 08738.7931 | 14:12:25 | 221.845716 | 358.270749 
 4151.4912 | 08738.7931 | 14:12:26 | 221.845716 | 358.270749 
 4151.4912 | 08738.7931 | 14:12:27 | 221.845716 | 358.270749 
 4151.4912 | 08738.7931 | 14:12:28 | 221.845716 | 358.270749 
 4151.4912 | 08738.7931 | 14:12:29 | 221.845716 | 358.270749 
 4151.4912 | 08738.7931 | 14:12:30 | 221.845716 | 358.270749 
 4151.4912 | 08738.7931 | 14:12:31 | 221.845716 | 358.270749 
 4151.4912 | 08738.7931 | 14:12:32 | 221.845716 | 358.270749 
 4151.4912 | 08738.7931 | 14:12:33 | 221.845716 | 358.270749 
 4151.4912 | 08738.7931 | 14:12:34 | 221.845716 | 358.270749 
 4151.4912 | 08738.7931 | 14:12:35 | 221.845716 | 358.270749 
 4151.4912 | 08738.7931 | 14:12:36 | 221.845716 | 358.270749 
 4151.4912 | 08738.7931 | 14:12:37 | 221.845716 | 358.270749 
 4151.4912 | 08738.7931 | 14:12:38 | 221.845716 | 358.270749 
 4151.4912 | 08738.7931 | 14:12:39 | 221.845716 | 358.270749 
 4151.4912 | 08738.7931 | 14:12:40 | 221.845716 | 358.270749 
 4151.4912 | 08738.7931 | 14:12:41 | 221.845716 | 358.270749 
 4151.4912 | 08738.7931 | 14:12:42 | 221.845716 | 358.270749 
 4151.4912 | 08738.7931 | 14:12:43 | 221.845716 | 358.270749 
 4151.4912 | 08738.7931 | 14:12:44 | 221.845716 | 358.270749 
 4151.4912 | 08738.7931 | 14:12:45 | 221.845716 | 358.270749 
 4151.4912 | 08738.7931 | 14:12:46 | 221.845716 | 358.270749 
 4151.4912 | 08738.7931 | 14:12:47 | 221.845716 | 358.270749 
 4151.4912 | 08738.7931 | 14:12:48 | 221.845716 | 358.270749 
 4151.4912 | 08738.7931 | 14:12:49 | 221.845716 | 358.270749 
 4151.4912 | 08738.7931 | 14:12:50 | 221.845716 | 358.270749 
 4151.4912 | 08738.7931 | 14:12:51 | 221.845716 | 358.270749 
 4151.4912 | 08738.7931 | 14:12:52 | 221.845716 | 358.270749 
 4151.4912 | 08738.7931 | 14:12:53 | 221.845716 | 358.270749 
 4151.4912 | 08738.7931 | 14:12:54 | 221.845716 | 358.270749 
 4151.4912 | 08738.7931 | 14:12:55 | 221.845716 | 358.270749 
 4151.4912 | 08738.7931 | 14:12:56 | 221.845716 | 358.270749 
 4151.4912 | 08738.7931 | 14:12:57 | 221.845716 | 358.270749 
 4151.4912 | 08738.7931 | 14:12:58 | 221.845716 | 358.270749 
 4151.4912 | 08738.7931 | 14:12:59 | 221.845716 | 358.270749 
 4151.4956 | 08738.7985 | 14:13:00 | 221.841032 | 358.275773 
 4151.4940 | 08738.7985 | 14:13:01 | 221.841047 | 358.273933 
 4151.4918 | 08738.7985 | 14:13:02 | 221.841067 | 358.271402 
 4151.4889 | 08738.7986 | 14:13:03 | 221.841008 | 358.268066 
 4151.4855 | 08738.7986 | 14:13:04 | 221.841039 | 358.264155 
 4151.4816 | 08738.7987 | 14:13:05 | 221.840989 | 358.259668 
 4151.4774 | 08738.7988 | 14:13:06 | 221.840941 | 358.254836 
 4151.4728 | 08738.7988 | 14:13:07 | 221.840984 | 358.249545 
 4151.4677 | 08738.7987 | 14:13:08 | 221.841117 | 358.243680 
 4151.4624 | 08738.7987 | 14:13:09 | 221.841165 | 358.237583 
 4151.4565 | 08738.7983 | 14:13:10 | 221.841564 | 358.230800 
 4151.4505 | 08738.7979 | 14:13:11 | 221.841963 | 358.223901 
 4151.4444 | 08738.7975 | 14:13:12 | 221.842363 | 358.216887 
 4151.4384 | 08738.7972 | 14:13:13 | 221.842676 | 358.209988 
 4151.4325 | 08738.7969 | 14:13:14 | 221.842988 | 358.203203 
 4151.4265 | 08738.7966 | 14:13:15 | 221.843302 | 358.196304 
 4151.4205 | 08738.7964 | 14:13:16 | 221.843529 | 358.189404 
 4151.4145 | 08738.7962 | 14:13:17 | 221.843756 | 358.182503 
 4151.4050 | 08738.7946 | 14:13:18 | 221.845219 | 358.171587 
 4151.3980 | 08738.7945 | 14:13:19 | 221.845370 | 358.163536 
 4151.3909 | 08738.7937 | 14:13:20 | 221.846123 | 358.155375 
 4151.3837 | 08738.7950 | 14:13:21 | 221.845071 | 358.147084 
 4151.3767 | 08738.7962 | 14:13:22 | 221.844104 | 358.139024 
 4151.3715 | 08738.7986 | 14:13:23 | 221.842088 | 358.133026 
 4151.3647 | 08738.7983 | 14:13:24 | 221.842408 | 358.125207 
 4151.3512 | 08738.7977 | 14:13:26 | 221.843048 | 358.109682 
 4151.3445 | 08738.7974 | 14:13:27 | 221.843368 | 358.101978 
 4151.3378 | 08738.7970 | 14:13:28 | 221.843774 | 358.094274 
 4151.3312 | 08738.7967 | 14:13:29 | 221.844092 | 358.086684 
 4151.3245 | 08738.7963 | 14:13:30 | 221.844498 | 358.078980 
 4151.3272 | 08738.7977 | 14:13:31 | 221.843269 | 358.082076 
 4151.3173 | 08738.7917 | 14:13:32 | 221.848520 | 358.070730 
 4151.3119 | 08738.7926 | 14:13:33 | 221.847796 | 358.064513 
 4151.3081 | 08738.7923 | 14:13:34 | 221.848089 | 358.060144 
 4151.3055 | 08738.7920 | 14:13:35 | 221.848370 | 358.057155 
 4151.3031 | 08738.7921 | 14:13:36 | 221.848307 | 358.054394 
 4151.3010 | 08738.7923 | 14:13:37 | 221.848154 | 358.051977 
 4151.2991 | 08738.7924 | 14:13:38 | 221.848085 | 358.049791 
 4151.2971 | 08738.7926 | 14:13:39 | 221.847932 | 358.047489 
 4151.2964 | 08738.7932 | 14:13:40 | 221.847422 | 358.046680 
 4151.2946 | 08738.7936 | 14:13:41 | 221.847095 | 358.044606 
 4151.2966 | 08738.7925 | 14:13:42 | 221.848022 | 358.046914 
 4151.2957 | 08738.7924 | 14:13:43 | 221.848117 | 358.045880 
 4151.2945 | 08738.7927 | 14:13:44 | 221.847870 | 358.044498 
 4151.2933 | 08738.7930 | 14:13:45 | 221.847623 | 358.043115 
 4151.2852 | 08738.7924 | 14:13:46 | 221.848213 | 358.033802 
 4151.2822 | 08738.7927 | 14:13:47 | 221.847983 | 358.030350 
 4151.2789 | 08738.7932 | 14:13:48 | 221.847583 | 358.026550 
 4151.2754 | 08738.7938 | 14:13:49 | 221.847099 | 358.022520 
 4151.2642 | 08738.7885 | 14:13:50 | 221.851760 | 358.009674 
 4151.2492 | 08738.7878 | 14:13:52 | 221.852500 | 357.992425 
 4151.2426 | 08738.7876 | 14:13:53 | 221.852733 | 357.984835 
 4151.2353 | 08738.7873 | 14:13:54 | 221.853058 | 357.976440 
 4151.2281 | 08738.7872 | 14:13:55 | 221.853210 | 357.968159 
 4151.2212 | 08738.7871 | 14:13:56 | 221.853360 | 357.960223 
 4151.2143 | 08738.7869 | 14:13:57 | 221.853595 | 357.952287 
 4151.2074 | 08738.7865 | 14:13:58 | 221.854003 | 357.944354 
 4151.2004 | 08738.7862 | 14:13:59 | 221.854325 | 357.936304 
 4151.1935 | 08738.7858 | 14:14:00 | 221.854733 | 357.928370 
 4151.1902 | 08738.7845 | 14:14:01 | 221.855881 | 357.924583 
 4151.1849 | 08738.7883 | 14:14:02 | 221.852662 | 357.918461 
 4151.1797 | 08738.7880 | 14:14:03 | 221.852968 | 357.912481 
 4151.1756 | 08738.7952 | 14:14:04 | 221.846814 | 357.907716 
 4151.1718 | 08738.7971 | 14:14:05 | 221.845215 | 357.903332 
 4151.1684 | 08738.7994 | 14:14:06 | 221.843268 | 357.899405 
 4151.1694 | 08738.7958 | 14:14:07 | 221.846355 | 357.900580 
 4151.1665 | 08738.7969 | 14:14:08 | 221.845435 | 357.897237 
 4151.1642 | 08738.7917 | 14:14:09 | 221.849928 | 357.894627 
 4151.1662 | 08738.7895 | 14:14:10 | 221.851802 | 357.896943 
 4151.1645 | 08738.7892 | 14:14:11 | 221.852076 | 357.894989 
 4151.1718 | 08738.7899 | 14:14:12 | 221.851406 | 357.903381 
 4151.1719 | 08738.7899 | 14:14:13 | 221.851406 | 357.903496 
 4151.1721 | 08738.7900 | 14:14:14 | 221.851318 | 357.903726 
 4151.1721 | 08738.7900 | 14:14:15 | 221.851318 | 357.903726 
 4151.1721 | 08738.7900 | 14:14:16 | 221.851318 | 357.903726 
 4151.1721 | 08738.7900 | 14:14:17 | 221.851318 | 357.903726 
 4151.1721 | 08738.7900 | 14:14:18 | 221.851318 | 357.903726 
 4151.1721 | 08738.7900 | 14:14:19 | 221.851318 | 357.903726 
 4151.1721 | 08738.7900 | 14:14:20 | 221.851318 | 357.903726 
 4151.1721 | 08738.7900 | 14:14:21 | 221.851318 | 357.903726 
 4151.1721 | 08738.7900 | 14:14:22 | 221.851318 | 357.903726 
 4151.1721 | 08738.7900 | 14:14:23 | 221.851318 | 357.903726 
 4151.1721 | 08738.7900 | 14:14:24 | 221.851318 | 357.903726 
 4151.1721 | 08738.7900 | 14:14:25 | 221.851318 | 357.903726 
 4151.1721 | 08738.7888 | 14:14:26 | 221.852350 | 357.903734 
 4151.1720 | 08738.7893 | 14:14:27 | 221.851921 | 357.903615 
 4151.1720 | 08738.7899 | 14:14:28 | 221.851405 | 357.903611 
 4151.1690 | 08738.7915 | 14:14:29 | 221.850056 | 357.900150 
 4151.1684 | 08738.7925 | 14:14:30 | 221.849202 | 357.899453 
 4151.1677 | 08738.7936 | 14:14:31 | 221.848262 | 357.898640 
 4151.1670 | 08738.7947 | 14:14:32 | 221.847323 | 357.897827 
 4151.1664 | 08738.7957 | 14:14:33 | 221.846468 | 357.897130 
 4151.1657 | 08738.7967 | 14:14:34 | 221.845615 | 357.896318 
 4151.1650 | 08738.7978 | 14:14:35 | 221.844675 | 357.895505 
 4151.1642 | 08738.7988 | 14:14:36 | 221.843823 | 357.894578 
 4151.1628 | 08738.8018 | 14:14:37 | 221.841256 | 357.892947 
 4151.1609 | 08738.8073 | 14:14:38 | 221.836543 | 357.890724 
 4151.1597 | 08738.8099 | 14:14:39 | 221.834318 | 357.889326 
 4151.1584 | 08738.8111 | 14:14:40 | 221.833298 | 357.887822 
 4151.1564 | 08738.8123 | 14:14:41 | 221.832285 | 357.885513 
 4151.1549 | 08738.8138 | 14:14:42 | 221.831008 | 357.883778 
 4151.1533 | 08738.8152 | 14:14:43 | 221.829819 | 357.881928 
 4151.1513 | 08738.8160 | 14:14:44 | 221.829150 | 357.879622 
 4151.1476 | 08738.8169 | 14:14:46 | 221.828410 | 357.875360 
 4151.1441 | 08738.8188 | 14:14:47 | 221.826808 | 357.871321 
 4151.1399 | 08738.8198 | 14:14:48 | 221.825986 | 357.866483 
 4151.1062 | 08738.8101 | 14:14:49 | 221.834638 | 357.827786 
 4151.0106 | 08738.7827 | 14:14:50 | 221.859082 | 357.718011 
 4151.0017 | 08738.7830 | 14:14:51 | 221.858906 | 357.707771 
 4150.9933 | 08738.7839 | 14:14:52 | 221.858209 | 357.698103 
 4150.9854 | 08738.7848 | 14:14:53 | 221.857508 | 357.689010 
 4150.9779 | 08738.7856 | 14:14:54 | 221.856888 | 357.680378 
 4150.9708 | 08738.7860 | 14:14:55 | 221.856610 | 357.672208 
 4150.9638 | 08738.7857 | 14:14:56 | 221.856932 | 357.664158 
 4150.9575 | 08738.7851 | 14:14:57 | 221.857506 | 357.656916 
 4150.9512 | 08738.7847 | 14:14:58 | 221.857908 | 357.649672 
 4150.9450 | 08738.7842 | 14:14:59 | 221.858395 | 357.642544 
 4150.9391 | 08738.7840 | 14:15:00 | 221.858622 | 357.635759 
 4150.9331 | 08738.7839 | 14:15:01 | 221.858763 | 357.628858 
 4150.9264 | 08738.7835 | 14:15:02 | 221.859168 | 357.621154 
 4150.9199 | 08738.7834 | 14:15:03 | 221.859314 | 357.613678 
 4150.9131 | 08738.7832 | 14:15:04 | 221.859549 | 357.605858 
 4150.9061 | 08738.7830 | 14:15:05 | 221.859785 | 357.597808 
 4150.8989 | 08738.7828 | 14:15:06 | 221.860023 | 357.589527 
 4150.8915 | 08738.7825 | 14:15:07 | 221.860350 | 357.581017 
 4150.8842 | 08738.7822 | 14:15:08 | 221.860675 | 357.572623 
 4150.8772 | 08738.7819 | 14:15:09 | 221.860997 | 357.564573 
 4150.8567 | 08738.7811 | 14:15:12 | 221.861874 | 357.540998 
 4150.8498 | 08738.7810 | 14:15:13 | 221.862023 | 357.533062 
 4150.8430 | 08738.7807 | 14:15:14 | 221.862344 | 357.525243 
 4150.8324 | 08738.7845 | 14:15:16 | 221.859173 | 357.513024 
 4150.8280 | 08738.7855 | 14:15:17 | 221.858354 | 357.507956 
 4150.8463 | 08738.7840 | 14:15:18 | 221.859475 | 357.529016 
 4150.8464 | 08738.7853 | 14:15:19 | 221.858356 | 357.529122 
 4150.8460 | 08738.7856 | 14:15:20 | 221.858102 | 357.528660 
 4150.8462 | 08738.7855 | 14:15:21 | 221.858186 | 357.528891 
 4150.8462 | 08738.7855 | 14:15:22 | 221.858186 | 357.528891 
 4150.8462 | 08738.7855 | 14:15:23 | 221.858186 | 357.528891 
 4150.8462 | 08738.7855 | 14:15:24 | 221.858186 | 357.528891 
 4150.8462 | 08738.7855 | 14:15:25 | 221.858186 | 357.528891 
 4150.8462 | 08738.7855 | 14:15:26 | 221.858186 | 357.528891 
 4150.8462 | 08738.7855 | 14:15:28 | 221.858186 | 357.528891 
 4150.8462 | 08738.7855 | 14:15:29 | 221.858186 | 357.528891 
 4150.8462 | 08738.7855 | 14:15:30 | 221.858186 | 357.528891 
 4150.8462 | 08738.7855 | 14:15:31 | 221.858186 | 357.528891 
 4150.8462 | 08738.7855 | 14:15:32 | 221.858186 | 357.528891 
 4150.8462 | 08738.7855 | 14:15:33 | 221.858186 | 357.528891 
 4150.8462 | 08738.7855 | 14:15:34 | 221.858186 | 357.528891 
 4150.8462 | 08738.7855 | 14:15:35 | 221.858186 | 357.528891 
 4150.8462 | 08738.7855 | 14:15:36 | 221.858186 | 357.528891 
 4150.8462 | 08738.7855 | 14:15:37 | 221.858186 | 357.528891 
 4150.8462 | 08738.7855 | 14:15:38 | 221.858186 | 357.528891 
 4150.8462 | 08738.7855 | 14:15:39 | 221.858186 | 357.528891 
 4150.8462 | 08738.7855 | 14:15:41 | 221.858186 | 357.528891 
 4150.8462 | 08738.7855 | 14:15:45 | 221.858186 | 357.528891 
 4150.8480 | 08738.7867 | 14:15:49 | 221.857138 | 357.530953 
 4150.8341 | 08738.7862 | 14:15:53 | 221.857696 | 357.514968 
 4150.8297 | 08738.7858 | 14:15:54 | 221.858080 | 357.509909 
 4150.8270 | 08738.7863 | 14:15:55 | 221.857675 | 357.506800 
 4150.8218 | 08738.7868 | 14:15:56 | 221.857293 | 357.500816 
 4150.8164 | 08738.7864 | 14:15:57 | 221.857686 | 357.494607 
 4150.8108 | 08738.7861 | 14:15:58 | 221.857996 | 357.488168 
 4150.8052 | 08738.7859 | 14:15:59 | 221.858219 | 357.481728 
 4150.7997 | 08738.7856 | 14:16:00 | 221.858528 | 357.475403 
 4150.7941 | 08738.7853 | 14:16:01 | 221.858838 | 357.468964 
 4150.7886 | 08738.7850 | 14:16:02 | 221.859146 | 357.462640 
 4150.7834 | 08738.7852 | 14:16:03 | 221.859022 | 357.456657 
 4150.7781 | 08738.7852 | 14:16:04 | 221.859071 | 357.450561 
 4150.7729 | 08738.7853 | 14:16:05 | 221.859033 | 357.444579 
 4150.7677 | 08738.7854 | 14:16:06 | 221.858994 | 357.438597 
 4150.7314 | 08738.7827 | 14:16:12 | 221.861651 | 357.396861 
 4150.7254 | 08738.7822 | 14:16:13 | 221.862136 | 357.389963 
 4150.7192 | 08738.7817 | 14:16:14 | 221.862623 | 357.382835 
 4150.7138 | 08738.7776 | 14:16:15 | 221.866199 | 357.376652 
 4150.7019 | 08738.7806 | 14:16:16 | 221.863728 | 357.362944 
 4150.6946 | 08738.7806 | 14:16:17 | 221.863795 | 357.354547 
 4150.6878 | 08738.7806 | 14:16:18 | 221.863858 | 357.346725 
 4150.6810 | 08738.7811 | 14:16:19 | 221.863491 | 357.338900 
 4150.6767 | 08738.7827 | 14:16:20 | 221.862154 | 357.333943 
 4150.6695 | 08738.7828 | 14:16:21 | 221.862134 | 357.325660 
 4150.6618 | 08738.7824 | 14:16:22 | 221.862549 | 357.316806 
 4150.6541 | 08738.7820 | 14:16:23 | 221.862964 | 357.307952 
 4150.6464 | 08738.7817 | 14:16:24 | 221.863293 | 357.299097 
 4150.6381 | 08738.7818 | 14:16:25 | 221.863283 | 357.289550 
 4150.6299 | 08738.7816 | 14:16:26 | 221.863531 | 357.280119 
 4150.6214 | 08738.7819 | 14:16:27 | 221.863351 | 357.270340 
 4150.6130 | 08738.7820 | 14:16:28 | 221.863342 | 357.260677 
 4150.6043 | 08738.7824 | 14:16:29 | 221.863078 | 357.250667 
 4150.5956 | 08738.7821 | 14:16:30 | 221.863416 | 357.240662 
 4150.5870 | 08738.7816 | 14:16:31 | 221.863925 | 357.230773 
 4150.5786 | 08738.7814 | 14:16:32 | 221.864175 | 357.221113 
 4150.5697 | 08738.7809 | 14:16:33 | 221.864687 | 357.210879 
 4150.5610 | 08738.7808 | 14:16:34 | 221.864853 | 357.200872 
 4150.5523 | 08738.7807 | 14:16:35 | 221.865019 | 357.190866 
 4150.5439 | 08738.7808 | 14:16:36 | 221.865010 | 357.181203 
 4150.5361 | 08738.7810 | 14:16:37 | 221.864910 | 357.172230 
 4150.5279 | 08738.7809 | 14:16:38 | 221.865071 | 357.162798 
 4150.5210 | 08738.7808 | 14:16:39 | 221.865221 | 357.154862 
 4150.5155 | 08738.7807 | 14:16:40 | 221.865357 | 357.148537 
 4150.5112 | 08738.7804 | 14:16:41 | 221.865655 | 357.143593 
 4150.5084 | 08738.7800 | 14:16:42 | 221.866025 | 357.140375 
 4150.5067 | 08738.7798 | 14:16:43 | 221.866212 | 357.138421 
 4150.5055 | 08738.7796 | 14:16:44 | 221.866395 | 357.137042 
 4150.5042 | 08738.7794 | 14:16:45 | 221.866579 | 357.135548 
 4150.5030 | 08738.7792 | 14:16:46 | 221.866762 | 357.134169 
 4150.5018 | 08738.7791 | 14:16:47 | 221.866860 | 357.132789 
 4150.5007 | 08738.7784 | 14:16:48 | 221.867472 | 357.131529 
 4150.4995 | 08738.7757 | 14:16:49 | 221.869805 | 357.130167 
 4150.4984 | 08738.7756 | 14:16:50 | 221.869901 | 357.128903 
 4150.5034 | 08738.7769 | 14:16:51 | 221.868737 | 357.134645 
 4150.5045 | 08738.7766 | 14:16:52 | 221.868985 | 357.135912 
 4150.5048 | 08738.7766 | 14:16:53 | 221.868982 | 357.136257 
 4150.5063 | 08738.7768 | 14:16:54 | 221.868796 | 357.137981 
 4150.5072 | 08738.7767 | 14:16:55 | 221.868874 | 357.139017 
 4150.5094 | 08738.7799 | 14:16:56 | 221.866102 | 357.141526 
 4150.5101 | 08738.7793 | 14:16:57 | 221.866611 | 357.142335 
 4150.5089 | 08738.7806 | 14:16:58 | 221.865504 | 357.140946 
 4150.5089 | 08738.7806 | 14:16:59 | 221.865504 | 357.140946 
 4150.5089 | 08738.7806 | 14:17:00 | 221.865504 | 357.140946 
 4150.5089 | 08738.7806 | 14:17:01 | 221.865504 | 357.140946 
 4150.5089 | 08738.7806 | 14:17:02 | 221.865504 | 357.140946 
 4150.5089 | 08738.7806 | 14:17:03 | 221.865504 | 357.140946 
 4150.5089 | 08738.7806 | 14:17:04 | 221.865504 | 357.140946 
 4150.5089 | 08738.7806 | 14:17:05 | 221.865504 | 357.140946 
 4150.5089 | 08738.7806 | 14:17:06 | 221.865504 | 357.140946 
 4150.5089 | 08738.7806 | 14:17:07 | 221.865504 | 357.140946 
 4150.5089 | 08738.7806 | 14:17:08 | 221.865504 | 357.140946 
 4150.5089 | 08738.7806 | 14:17:09 | 221.865504 | 357.140946 
 4150.5089 | 08738.7806 | 14:17:10 | 221.865504 | 357.140946 
 4150.5089 | 08738.7806 | 14:17:11 | 221.865504 | 357.140946 
 4150.5084 | 08738.7808 | 14:17:12 | 221.865337 | 357.140369 
 4150.5066 | 08738.7806 | 14:17:13 | 221.865525 | 357.138300 
 4150.5038 | 08738.7809 | 14:17:14 | 221.865293 | 357.135078 
 4150.5008 | 08738.7805 | 14:17:15 | 221.865665 | 357.131630 
 4150.4971 | 08738.7802 | 14:17:16 | 221.865957 | 357.127376 
 4150.4928 | 08738.7803 | 14:17:17 | 221.865910 | 357.122429 
 4150.4880 | 08738.7802 | 14:17:18 | 221.866040 | 357.116908 
 4150.4827 | 08738.7802 | 14:17:19 | 221.866089 | 357.110812 
 4150.4770 | 08738.7803 | 14:17:20 | 221.866056 | 357.104255 
 4150.4713 | 08738.7804 | 14:17:21 | 221.866022 | 357.097698 
 4150.4656 | 08738.7805 | 14:17:22 | 221.865988 | 357.091141 
 4150.4586 | 08738.7804 | 14:17:23 | 221.866139 | 357.083090 
 4150.4521 | 08738.7803 | 14:17:24 | 221.866285 | 357.075614 
 4150.4450 | 08738.7803 | 14:17:25 | 221.866350 | 357.067447 
 4150.4384 | 08738.7802 | 14:17:26 | 221.866497 | 357.059856 
 4150.4319 | 08738.7802 | 14:17:27 | 221.866557 | 357.052380 
 4150.4253 | 08738.7803 | 14:17:28 | 221.866531 | 357.044787 
 4150.4187 | 08738.7803 | 14:17:29 | 221.866592 | 357.037196 
 4150.4126 | 08738.7806 | 14:17:30 | 221.866390 | 357.030177 
 4150.4087 | 08738.7791 | 14:17:31 | 221.867716 | 357.025701 
 4150.4035 | 08738.7798 | 14:17:32 | 221.867162 | 357.019715 
 4150.3983 | 08738.7802 | 14:17:33 | 221.866866 | 357.013731 
 4150.3946 | 08738.7790 | 14:17:34 | 221.867932 | 357.009484 
 4150.3909 | 08738.7777 | 14:17:35 | 221.869084 | 357.005237 
 4150.3898 | 08738.7787 | 14:17:36 | 221.868234 | 357.003965 
 4150.3872 | 08738.7781 | 14:17:37 | 221.868774 | 357.000978 
 4150.3867 | 08738.7815 | 14:17:38 | 221.865854 | 357.000379 
 4150.3882 | 08738.7816 | 14:17:39 | 221.865754 | 357.002104 
 4150.3875 | 08738.7821 | 14:17:40 | 221.865331 | 357.001296 
 4150.3869 | 08738.7830 | 14:17:41 | 221.864562 | 357.000599 
 4150.3870 | 08738.7830 | 14:17:42 | 221.864561 | 357.000714 
 4150.3872 | 08738.7833 | 14:17:43 | 221.864301 | 357.000942 
 4150.3875 | 08738.7841 | 14:17:44 | 221.863610 | 357.001282 
 4150.3879 | 08738.7851 | 14:17:45 | 221.862747 | 357.001735 
 4150.3873 | 08738.7857 | 14:17:46 | 221.862236 | 357.001041 
 4150.3870 | 08738.7864 | 14:17:47 | 221.861637 | 357.000691 
 4150.3870 | 08738.7871 | 14:17:48 | 221.861035 | 357.000686 
 4150.3874 | 08738.7877 | 14:17:49 | 221.860515 | 357.001142 
 4150.3874 | 08738.7883 | 14:17:50 | 221.859999 | 357.001138 
 4150.3874 | 08738.7887 | 14:17:51 | 221.859655 | 357.001135 
 4150.3877 | 08738.7890 | 14:17:52 | 221.859394 | 357.001478 
 4150.3877 | 08738.7893 | 14:17:53 | 221.859136 | 357.001476 
 4150.3877 | 08738.7893 | 14:17:54 | 221.859136 | 357.001476 
 4150.3877 | 08738.7893 | 14:17:55 | 221.859136 | 357.001476 
 4150.3877 | 08738.7893 | 14:17:56 | 221.859136 | 357.001476 
 4150.3877 | 08738.7893 | 14:17:57 | 221.859136 | 357.001476 
 4150.3877 | 08738.7893 | 14:17:58 | 221.859136 | 357.001476 
 4150.3877 | 08738.7893 | 14:17:59 | 221.859136 | 357.001476 
 4150.3877 | 08738.7893 | 14:18:00 | 221.859136 | 357.001476 
 4150.3880 | 08738.7933 | 14:18:01 | 221.855692 | 357.001794 
 4150.3879 | 08738.7939 | 14:18:02 | 221.855177 | 357.001674 
 4150.3877 | 08738.7945 | 14:18:03 | 221.854663 | 357.001440 
 4150.3879 | 08738.7954 | 14:18:04 | 221.853887 | 357.001664 
 4150.3880 | 08738.7964 | 14:18:05 | 221.853026 | 357.001772 
 4150.3877 | 08738.7973 | 14:18:06 | 221.852255 | 357.001421 
 4150.3876 | 08738.7985 | 14:18:07 | 221.851223 | 357.001298 
 4150.3871 | 08738.8010 | 14:18:08 | 221.849077 | 357.000705 
 4150.3852 | 08738.8014 | 14:18:09 | 221.848751 | 356.998517 
 4150.3845 | 08738.8024 | 14:18:10 | 221.847897 | 356.997705 
 4150.3832 | 08738.8031 | 14:18:11 | 221.847307 | 356.996205 
 4150.3820 | 08738.8036 | 14:18:12 | 221.846888 | 356.994821 
 4150.3806 | 08738.8040 | 14:18:13 | 221.846557 | 356.993208 
 4150.3794 | 08738.8043 | 14:18:14 | 221.846310 | 356.991826 
 4150.3784 | 08738.8044 | 14:18:15 | 221.846233 | 356.990675 
 4150.3778 | 08738.8044 | 14:18:16 | 221.846238 | 356.989985 
 4150.3775 | 08738.8044 | 14:18:17 | 221.846241 | 356.989640 
 4150.3783 | 08738.8050 | 14:18:18 | 221.845718 | 356.990556 
 4150.3787 | 08738.8052 | 14:18:19 | 221.845542 | 356.991015 
 4150.3787 | 08738.8052 | 14:18:20 | 221.845542 | 356.991015 
 4150.3787 | 08738.8052 | 14:18:21 | 221.845542 | 356.991015 
 4150.3787 | 08738.8052 | 14:18:22 | 221.845542 | 356.991015 
 4150.3787 | 08738.8052 | 14:18:23 | 221.845542 | 356.991015 
 4150.3787 | 08738.8052 | 14:18:24 | 221.845542 | 356.991015 
 4150.3787 | 08738.8052 | 14:18:25 | 221.845542 | 356.991015 
 4150.3787 | 08738.8052 | 14:18:26 | 221.845542 | 356.991015 
 4150.3787 | 08738.8052 | 14:18:28 | 221.845542 | 356.991015 
 4150.3787 | 08738.8052 | 14:18:29 | 221.845542 | 356.991015 
 4150.3787 | 08738.8052 | 14:18:30 | 221.845542 | 356.991015 
 4150.3787 | 08738.8052 | 14:18:31 | 221.845542 | 356.991015 
 4150.3787 | 08738.8052 | 14:18:32 | 221.845542 | 356.991015 
 4150.3787 | 08738.8052 | 14:18:33 | 221.845542 | 356.991015 
 4150.3787 | 08738.8052 | 14:18:34 | 221.845542 | 356.991015 
 4150.3787 | 08738.8052 | 14:18:35 | 221.845542 | 356.991015 
 4150.3787 | 08738.8052 | 14:18:36 | 221.845542 | 356.991015 
 4150.3787 | 08738.8052 | 14:18:37 | 221.845542 | 356.991015 
 4150.3787 | 08738.8052 | 14:18:38 | 221.845542 | 356.991015 
 4150.3787 | 08738.8052 | 14:18:39 | 221.845542 | 356.991015 
 4150.3787 | 08738.8052 | 14:18:40 | 221.845542 | 356.991015 
 4150.3787 | 08738.8052 | 14:18:41 | 221.845542 | 356.991015 
 4150.3787 | 08738.8052 | 14:18:43 | 221.845542 | 356.991015 
 4150.3787 | 08738.8052 | 14:18:44 | 221.845542 | 356.991015 
 4150.3799 | 08738.7993 | 14:18:46 | 221.850606 | 356.992435 
 4150.3799 | 08738.7986 | 14:18:47 | 221.851208 | 356.992440 
 4150.3802 | 08738.8022 | 14:18:48 | 221.848109 | 356.992761 
 4150.3807 | 08738.8044 | 14:18:49 | 221.846212 | 356.993321 
 4150.3806 | 08738.8044 | 14:18:50 | 221.846213 | 356.993205 
 4150.3806 | 08738.8044 | 14:18:51 | 221.846213 | 356.993205 
 4150.3806 | 08738.8044 | 14:18:52 | 221.846213 | 356.993205 
 4150.3806 | 08738.8044 | 14:18:53 | 221.846213 | 356.993205 
 4150.3806 | 08738.8044 | 14:18:54 | 221.846213 | 356.993205 
 4150.3806 | 08738.8044 | 14:18:55 | 221.846213 | 356.993205 
 4150.3806 | 08738.8044 | 14:18:56 | 221.846213 | 356.993205 
 4150.3806 | 08738.8044 | 14:18:57 | 221.846213 | 356.993205 
 4150.3806 | 08738.8044 | 14:18:58 | 221.846213 | 356.993205 
 4150.3806 | 08738.8044 | 14:18:59 | 221.846213 | 356.993205 
 4150.3806 | 08738.8044 | 14:19:00 | 221.846213 | 356.993205 
 4150.3806 | 08738.8044 | 14:19:01 | 221.846213 | 356.993205 
 4150.3798 | 08738.8033 | 14:19:02 | 221.847166 | 356.992293 
 4150.3791 | 08738.8031 | 14:19:03 | 221.847345 | 356.991489 
 4150.3785 | 08738.8034 | 14:19:04 | 221.847092 | 356.990797 
 4150.3777 | 08738.8036 | 14:19:05 | 221.846928 | 356.989875 
 4150.3767 | 08738.8039 | 14:19:06 | 221.846679 | 356.988723 
 4150.3758 | 08738.8039 | 14:19:07 | 221.846687 | 356.987688 
 4150.3748 | 08738.8041 | 14:19:08 | 221.846524 | 356.986536 
 4150.3738 | 08738.8041 | 14:19:09 | 221.846533 | 356.985386 
 4150.3727 | 08738.8041 | 14:19:10 | 221.846543 | 356.984121 
 4150.3716 | 08738.8041 | 14:19:11 | 221.846554 | 356.982855 
 4150.3706 | 08738.8047 | 14:19:12 | 221.846047 | 356.981701 
 4150.3695 | 08738.8050 | 14:19:13 | 221.845799 | 356.980434 
 4150.3684 | 08738.8050 | 14:19:14 | 221.845809 | 356.979168 
 4150.3674 | 08738.8050 | 14:19:15 | 221.845818 | 356.978018 
 4150.3664 | 08738.8050 | 14:19:16 | 221.845827 | 356.976868 
 4150.3655 | 08738.8050 | 14:19:17 | 221.845835 | 356.975833 
 4150.3646 | 08738.8048 | 14:19:18 | 221.846016 | 356.974799 
 4150.3636 | 08738.8046 | 14:19:19