 4151.8878 | 08738.3953 | 15:38:07 | 222.184103 | 358.729688 
 4151.8918 | 08738.3934 | 15:38:17 | 222.185699 | 358.734302 
 4151.8926 | 08738.3934 | 15:38:18 | 222.185692 | 358.735222 
 4151.8933 | 08738.3935 | 15:38:19 | 222.185599 | 358.736027 
 4151.8941 | 08738.3935 | 15:38:20 | 222.185592 | 358.736947 
 4151.8948 | 08738.3935 | 15:38:21 | 222.185585 | 358.737752 
 4151.8956 | 08738.3935 | 15:38:22 | 222.185578 | 358.738672 
 4151.8964 | 08738.3935 | 15:38:23 | 222.185571 | 358.739593 
 4151.8971 | 08738.3936 | 15:38:24 | 222.185478 | 358.740397 
 4151.8979 | 08738.3936 | 15:38:25 | 222.185471 | 358.741317 
 4151.8986 | 08738.3936 | 15:38:26 | 222.185464 | 358.742122 
 4151.8994 | 08738.3936 | 15:38:27 | 222.185457 | 358.743043 
 4151.9002 | 08738.3936 | 15:38:28 | 222.185449 | 358.743963 
 4151.9009 | 08738.3936 | 15:38:29 | 222.185443 | 358.744768 
 4151.9016 | 08738.3932 | 15:38:30 | 222.185780 | 358.745576 
 4151.9016 | 08738.3927 | 15:38:31 | 222.186210 | 358.745579 
 4151.9022 | 08738.3926 | 15:38:32 | 222.186291 | 358.746270 
 4151.9029 | 08738.3925 | 15:38:33 | 222.186370 | 358.747076 
 4151.9036 | 08738.3923 | 15:38:34 | 222.186535 | 358.747883 
 4151.9039 | 08738.3921 | 15:38:35 | 222.186705 | 358.748229 
 4151.9023 | 08738.3942 | 15:38:36 | 222.184914 | 358.746374 
 4151.9030 | 08738.3940 | 15:38:37 | 222.185079 | 358.747181 
 4151.9032 | 08738.3937 | 15:38:38 | 222.185335 | 358.747413 
 4151.9038 | 08738.3935 | 15:38:39 | 222.185502 | 358.748104 
 4151.9044 | 08738.3931 | 15:38:40 | 222.185840 | 358.748797 
 4151.9041 | 08738.3932 | 15:38:41 | 222.185757 | 358.748452 
 4151.9042 | 08738.3934 | 15:38:42 | 222.185584 | 358.748565 
 4151.9046 | 08738.3933 | 15:38:43 | 222.185666 | 358.749026 
 4151.9053 | 08738.3921 | 15:38:44 | 222.186692 | 358.749840 
 4151.9053 | 08738.3924 | 15:38:45 | 222.186434 | 358.749837 
 4151.9055 | 08738.3923 | 15:38:46 | 222.186518 | 358.750068 
 4151.9060 | 08738.3924 | 15:38:47 | 222.186427 | 358.750643 
 4151.9057 | 08738.3922 | 15:38:48 | 222.186602 | 358.750299 
 4151.9059 | 08738.3922 | 15:38:49 | 222.186600 | 358.750529 
 4151.9059 | 08738.3922 | 15:38:50 | 222.186600 | 358.750529 
 4151.9059 | 08738.3922 | 15:38:51 | 222.186600 | 358.750529 
 4151.9059 | 08738.3922 | 15:38:52 | 222.186600 | 358.750529 
 4151.9059 | 08738.3922 | 15:38:53 | 222.186600 | 358.750529 
 4151.9059 | 08738.3922 | 15:38:54 | 222.186600 | 358.750529 
 4151.9059 | 08738.3922 | 15:38:55 | 222.186600 | 358.750529 
 4151.9059 | 08738.3922 | 15:38:56 | 222.186600 | 358.750529 
 4151.9059 | 08738.3922 | 15:38:57 | 222.186600 | 358.750529 
 4151.9059 | 08738.3922 | 15:38:58 | 222.186600 | 358.750529 
 4151.9059 | 08738.3922 | 15:38:59 | 222.186600 | 358.750529 
 4151.9059 | 08738.3922 | 15:39:00 | 222.186600 | 358.750529 
 4151.9059 | 08738.3922 | 15:39:01 | 222.186600 | 358.750529 
 4151.9059 | 08738.3922 | 15:39:02 | 222.186600 | 358.750529 
 4151.9059 | 08738.3922 | 15:39:03 | 222.186600 | 358.750529 
 4151.9059 | 08738.3922 | 15:39:04 | 222.186600 | 358.750529 
 4151.9059 | 08738.3922 | 15:39:05 | 222.186600 | 358.750529 
 4151.9059 | 08738.3922 | 15:39:06 | 222.186600 | 358.750529 
 4151.9059 | 08738.3922 | 15:39:07 | 222.186600 | 358.750529 
 4151.9059 | 08738.3922 | 15:39:08 | 222.186600 | 358.750529 
 4151.9059 | 08738.3922 | 15:39:09 | 222.186600 | 358.750529 
 4151.9059 | 08738.3922 | 15:39:10 | 222.186600 | 358.750529 
 4151.9059 | 08738.3922 | 15:39:11 | 222.186600 | 358.750529 
 4151.9059 | 08738.3922 | 15:39:12 | 222.186600 | 358.750529 
 4151.9059 | 08738.3922 | 15:39:13 | 222.186600 | 358.750529 
 4151.9059 | 08738.3922 | 15:39:14 | 222.186600 | 358.750529 
 4151.9059 | 08738.3922 | 15:39:15 | 222.186600 | 358.750529 
 4151.9059 | 08738.3922 | 15:39:16 | 222.186600 | 358.750529 
 4151.9059 | 08738.3922 | 15:39:17 | 222.186600 | 358.750529 
 4151.9069 | 08738.3899 | 15:39:18 | 222.188568 | 358.751695 
 4151.9067 | 08738.3896 | 15:39:19 | 222.188828 | 358.751467 
 4151.9067 | 08738.3893 | 15:39:20 | 222.189086 | 358.751469 
 4151.9067 | 08738.3890 | 15:39:21 | 222.189344 | 358.751471 
 4151.9067 | 08738.3890 | 15:39:22 | 222.189344 | 358.751471 
 4151.9067 | 08738.3890 | 15:39:23 | 222.189344 | 358.751471 
 4151.9067 | 08738.3890 | 15:39:24 | 222.189344 | 358.751471 
 4151.9067 | 08738.3890 | 15:39:25 | 222.189344 | 358.751471 
 4151.9067 | 08738.3890 | 15:39:26 | 222.189344 | 358.751471 
 4151.9067 | 08738.3890 | 15:39:27 | 222.189344 | 358.751471 
 4151.9067 | 08738.3890 | 15:39:28 | 222.189344 | 358.751471 
 4151.9067 | 08738.3890 | 15:39:29 | 222.189344 | 358.751471 
 4151.9067 | 08738.3890 | 15:39:31 | 222.189344 | 358.751471 
 4151.9067 | 08738.3890 | 15:39:32 | 222.189344 | 358.751471 
 4151.9067 | 08738.3890 | 15:39:33 | 222.189344 | 358.751471 
 4151.9067 | 08738.3890 | 15:39:36 | 222.189344 | 358.751471 
 4151.9067 | 08738.3890 | 15:39:37 | 222.189344 | 358.751471 
 4151.9067 | 08738.3890 | 15:39:38 | 222.189344 | 358.751471 
 4151.9067 | 08738.3890 | 15:39:39 | 222.189344 | 358.751471 
 4151.9067 | 08738.3890 | 15:39:40 | 222.189344 | 358.751471 
 4151.9067 | 08738.3890 | 15:39:41 | 222.189344 | 358.751471 
 4151.9067 | 08738.3890 | 15:39:43 | 222.189344 | 358.751471 
 4151.9067 | 08738.3890 | 15:39:44 | 222.189344 | 358.751471 
 4151.9067 | 08738.3890 | 15:39:45 | 222.189344 | 358.751471 
 4151.9067 | 08738.3890 | 15:39:47 | 222.189344 | 358.751471 
 4151.9067 | 08738.3890 | 15:39:48 | 222.189344 | 358.751471 
 4151.9067 | 08738.3890 | 15:39:50 | 222.189344 | 358.751471 
 4151.9067 | 08738.3890 | 15:39:51 | 222.189344 | 358.751471 
 4151.9067 | 08738.3890 | 15:39:52 | 222.189344 | 358.751471 
 4151.9067 | 08738.3890 | 15:39:53 | 222.189344 | 358.751471 
 4151.9067 | 08738.3890 | 15:39:54 | 222.189344 | 358.751471 
 4151.9067 | 08738.3890 | 15:39:55 | 222.189344 | 358.751471 
 4151.9067 | 08738.3890 | 15:39:57 | 222.189344 | 358.751471 
 4151.9067 | 08738.3890 | 15:39:58 | 222.189344 | 358.751471 
 4151.9067 | 08738.3890 | 15:40:01 | 222.189344 | 358.751471 
 4151.9067 | 08738.3890 | 15:40:02 | 222.189344 | 358.751471 
 4151.9067 | 08738.3890 | 15:40:05 | 222.189344 | 358.751471 
 4151.9067 | 08738.3890 | 15:40:06 | 222.189344 | 358.751471 
 4151.9067 | 08738.3890 | 15:40:07 | 222.189344 | 358.751471 
 4151.9067 | 08738.3890 | 15:40:08 | 222.189344 | 358.751471 
 4151.9067 | 08738.3890 | 15:40:10 | 222.189344 | 358.751471 
 4151.9067 | 08738.3890 | 15:40:11 | 222.189344 | 358.751471 
 4151.9067 | 08738.3890 | 15:40:13 | 222.189344 | 358.751471 
 4151.9067 | 08738.3890 | 15:40:14 | 222.189344 | 358.751471 
 4151.9067 | 08738.3890 | 15:40:15 | 222.189344 | 358.751471 
 4151.9067 | 08738.3890 | 15:40:16 | 222.189344 | 358.751471 
 4151.9067 | 08738.3890 | 15:40:17 | 222.189344 | 358.751471 
 4151.9067 | 08738.3890 | 15:40:18 | 222.189344 | 358.751471 
 4151.9067 | 08738.3890 | 15:40:19 | 222.189344 | 358.751471 
 4151.9067 | 08738.3890 | 15:40:20 | 222.189344 | 358.751471 
 4151.9067 | 08738.3890 | 15:40:21 | 222.189344 | 358.751471 
 4151.9067 | 08738.3890 | 15:40:22 | 222.189344 | 358.751471 
 4151.9067 | 08738.3890 | 15:40:23 | 222.189344 | 358.751471 
 4151.9067 | 08738.3890 | 15:40:24 | 222.189344 | 358.751471 
 4151.9067 | 08738.3890 | 15:40:26 | 222.189344 | 358.751471 
 4151.9067 | 08738.3890 | 15:40:29 | 222.189344 | 358.751471 
 4151.9067 | 08738.3890 | 15:40:30 | 222.189344 | 358.751471 
 4151.9067 | 08738.3890 | 15:40:31 | 222.189344 | 358.751471 
 4151.9067 | 08738.3890 | 15:40:33 | 222.189344 | 358.751471 
 4151.9067 | 08738.3890 | 15:40:34 | 222.189344 | 358.751471 
 4151.9067 | 08738.3890 | 15:40:35 | 222.189344 | 358.751471 
 4151.9067 | 08738.3890 | 15:40:36 | 222.189344 | 358.751471 
 4151.9067 | 08738.3890 | 15:40:37 | 222.189344 | 358.751471 
 4151.9067 | 08738.3890 | 15:40:38 | 222.189344 | 358.751471 
 4151.9067 | 08738.3890 | 15:40:39 | 222.189344 | 358.751471 
 4151.9067 | 08738.3890 | 15:40:40 | 222.189344 | 358.751471 
 4151.9067 | 08738.3890 | 15:40:41 | 222.189344 | 358.751471 
 4151.9067 | 08738.3890 | 15:40:44 | 222.189344 | 358.751471 
 4151.9067 | 08738.3890 | 15:40:45 | 222.189344 | 358.751471 
 4151.9067 | 08738.3890 | 15:40:46 | 222.189344 | 358.751471 
 4151.9067 | 08738.3890 | 15:40:48 | 222.189344 | 358.751471 
 4151.9067 | 08738.3890 | 15:40:49 | 222.189344 | 358.751471 
 4151.9067 | 08738.3890 | 15:40:50 | 222.189344 | 358.751471 
 4151.9067 | 08738.3890 | 15:40:53 | 222.189344 | 358.751471 
 4151.9108 | 08738.3926 | 15:40:54 | 222.186211 | 358.756162 
 4151.9121 | 08738.3963 | 15:40:56 | 222.183017 | 358.757632 
 4151.9138 | 08738.3992 | 15:40:57 | 222.180508 | 358.759567 
 4151.9166 | 08738.4082 | 15:41:00 | 222.172744 | 358.762726 
 4151.9186 | 08738.4155 | 15:41:02 | 222.166448 | 358.764975 
 4151.9210 | 08738.4183 | 15:41:04 | 222.164019 | 358.767717 
 4151.9296 | 08738.4141 | 15:41:12 | 222.167550 | 358.777638 
 4151.9481 | 08738.4153 | 15:41:15 | 222.166346 | 358.798909 
 4151.9572 | 08738.4170 | 15:41:16 | 222.164800 | 358.809365 
 4151.9621 | 08738.4169 | 15:41:17 | 222.164841 | 358.815002 
 4151.9674 | 08738.4168 | 15:41:18 | 222.164878 | 358.821099 
 4151.9741 | 08738.4177 | 15:41:19 | 222.164041 | 358.828799 
 4151.9798 | 08738.4156 | 15:41:21 | 222.165794 | 358.835370 
 4151.9875 | 08738.4171 | 15:41:22 | 222.164433 | 358.844217 
 4151.9951 | 08738.4184 | 15:41:23 | 222.163245 | 358.852950 
 4152.0014 | 08738.4193 | 15:41:24 | 222.162412 | 358.860190 
 4152.0124 | 08738.4237 | 15:41:25 | 222.158527 | 358.872812 
 4152.0164 | 08738.4234 | 15:41:26 | 222.158748 | 358.877415 
 4152.0204 | 08738.4232 | 15:41:27 | 222.158883 | 358.882018 
 4152.0240 | 08738.4230 | 15:41:28 | 222.159021 | 358.886160 
 4152.0218 | 08738.4211 | 15:41:29 | 222.160675 | 358.883643 
 4152.0247 | 08738.4212 | 15:41:30 | 222.160562 | 358.886978 
 4152.0278 | 08738.4215 | 15:41:31 | 222.160276 | 358.890541 
 4152.0306 | 08738.4219 | 15:41:32 | 222.159906 | 358.893759 
 4152.0330 | 08738.4213 | 15:41:33 | 222.160399 | 358.896524 
 4152.0349 | 08738.4231 | 15:41:34 | 222.158834 | 358.898697 
 4152.0370 | 08738.4246 | 15:41:35 | 222.157525 | 358.901102 
 4152.0393 | 08738.4262 | 15:41:36 | 222.156128 | 358.903737 
 4152.0415 | 08738.4279 | 15:41:37 | 222.154646 | 358.906255 
 4152.0407 | 08738.4417 | 15:41:38 | 222.142788 | 358.905239 
 4152.0430 | 08738.4431 | 15:41:39 | 222.141563 | 358.907875 
 4152.0451 | 08738.4445 | 15:41:40 | 222.140340 | 358.910281 
 4152.0472 | 08738.4451 | 15:41:41 | 222.139805 | 358.912692 
 4152.0489 | 08738.4463 | 15:41:42 | 222.138757 | 358.914640 
 4152.0529 | 08738.4505 | 15:41:45 | 222.135109 | 358.919211 
 4152.0448 | 08738.4530 | 15:41:46 | 222.133035 | 358.909877 
 4152.0438 | 08738.4537 | 15:41:47 | 222.132442 | 358.908722 
 4152.0400 | 08738.4513 | 15:41:48 | 222.134541 | 358.904368 
 4152.0374 | 08738.4484 | 15:41:49 | 222.137058 | 358.901397 
 4152.0383 | 08738.4489 | 15:41:50 | 222.136620 | 358.902429 
 4152.0391 | 08738.4492 | 15:41:51 | 222.136355 | 358.903347 
 4152.0399 | 08738.4495 | 15:41:52 | 222.136089 | 358.904265 
 4152.0390 | 08738.4474 | 15:41:53 | 222.137903 | 358.903244 
 4152.0393 | 08738.4496 | 15:41:54 | 222.136009 | 358.903574 
 4152.0399 | 08738.4498 | 15:41:55 | 222.135831 | 358.904263 
 4152.0403 | 08738.4500 | 15:41:56 | 222.135656 | 358.904722 
 4152.0409 | 08738.4495 | 15:41:57 | 222.136080 | 358.905415 
 4152.0415 | 08738.4490 | 15:41:58 | 222.136504 | 358.906109 
 4152.0419 | 08738.4487 | 15:41:59 | 222.136759 | 358.906571 
 4152.0420 | 08738.4486 | 15:42:00 | 222.136844 | 358.906687 
 4152.0423 | 08738.4486 | 15:42:02 | 222.136841 | 358.907032 
 4152.0418 | 08738.4483 | 15:42:03 | 222.137103 | 358.906459 
 4152.0413 | 08738.4482 | 15:42:04 | 222.137194 | 358.905884 
 4152.0408 | 08738.4478 | 15:42:05 | 222.137543 | 358.905312 
 4152.0396 | 08738.4473 | 15:42:06 | 222.137984 | 358.903935 
 4152.0386 | 08738.4468 | 15:42:07 | 222.138423 | 358.902788 
 4152.0378 | 08738.4464 | 15:42:08 | 222.138774 | 358.901871 
 4152.0365 | 08738.4466 | 15:42:09 | 222.138614 | 358.900374 
 4152.0365 | 08738.4466 | 15:42:10 | 222.138614 | 358.900374 
 4152.0365 | 08738.4466 | 15:42:11 | 222.138614 | 358.900374 
 4152.0365 | 08738.4466 | 15:42:12 | 222.138614 | 358.900374 
 4152.0365 | 08738.4466 | 15:42:13 | 222.138614 | 358.900374 
 4152.0365 | 08738.4466 | 15:42:14 | 222.138614 | 358.900374 
 4152.0365 | 08738.4466 | 15:42:15 | 222.138614 | 358.900374 
 4152.0365 | 08738.4466 | 15:42:16 | 222.138614 | 358.900374 
 4152.0365 | 08738.4466 | 15:42:17 | 222.138614 | 358.900374 
 4152.0365 | 08738.4466 | 15:42:18 | 222.138614 | 358.900374 
 4152.0365 | 08738.4466 | 15:42:19 | 222.138614 | 358.900374 
 4152.0274 | 08738.4446 | 15:42:20 | 222.140418 | 358.889921 
 4152.0271 | 08738.4443 | 15:42:21 | 222.140679 | 358.889578 
 4152.0271 | 08738.4434 | 15:42:22 | 222.141453 | 358.889584 
 4152.0270 | 08738.4432 | 15:42:23 | 222.141626 | 358.889471 
 4152.0269 | 08738.4432 | 15:42:24 | 222.141627 | 358.889356 
 4152.0269 | 08738.4438 | 15:42:25 | 222.141111 | 358.889351 
 4152.0267 | 08738.4437 | 15:42:26 | 222.141199 | 358.889122 
 4152.0261 | 08738.4435 | 15:42:27 | 222.141376 | 358.888433 
 4152.0261 | 08738.4435 | 15:42:28 | 222.141376 | 358.888433 
 4152.0261 | 08738.4435 | 15:42:29 | 222.141376 | 358.888433 
 4152.0253 | 08738.4420 | 15:42:31 | 222.142673 | 358.887523 
 4152.0251 | 08738.4414 | 15:42:32 | 222.143191 | 358.887298 
 4152.0254 | 08738.4416 | 15:42:33 | 222.143016 | 358.887641 
 4152.0259 | 08738.4419 | 15:42:34 | 222.142754 | 358.888214 
 4152.0255 | 08738.4417 | 15:42:35 | 222.142929 | 358.887756 
 4152.0255 | 08738.4417 | 15:42:36 | 222.142929 | 358.887756 
 4152.0255 | 08738.4417 | 15:42:37 | 222.142929 | 358.887756 
 4152.0255 | 08738.4417 | 15:42:38 | 222.142929 | 358.887756 
 4152.0255 | 08738.4417 | 15:42:39 | 222.142929 | 358.887756 
 4152.0255 | 08738.4417 | 15:42:40 | 222.142929 | 358.887756 
 4152.0255 | 08738.4417 | 15:42:41 | 222.142929 | 358.887756 
 4152.0255 | 08738.4417 | 15:42:42 | 222.142929 | 358.887756 
 4152.0236 | 08738.4389 | 15:42:43 | 222.145354 | 358.885590 
 4152.0248 | 08738.4401 | 15:42:44 | 222.144311 | 358.886961 
 4152.0243 | 08738.4397 | 15:42:45 | 222.144660 | 358.886389 
 4152.0243 | 08738.4398 | 15:42:46 | 222.144574 | 358.886388 
 4152.0243 | 08738.4398 | 15:42:47 | 222.144574 | 358.886388 
 4152.0243 | 08738.4398 | 15:42:48 | 222.144574 | 358.886388 
 4152.0243 | 08738.4398 | 15:42:49 | 222.144574 | 358.886388 
 4152.0243 | 08738.4398 | 15:42:50 | 222.144574 | 358.886388 
 4152.0243 | 08738.4398 | 15:42:51 | 222.144574 | 358.886388 
 4152.0243 | 08738.4398 | 15:42:52 | 222.144574 | 358.886388 
 4152.0243 | 08738.4398 | 15:42:53 | 222.144574 | 358.886388 
 4152.0351 | 08738.4407 | 15:42:54 | 222.143700 | 358.898805 
 4152.0355 | 08738.4403 | 15:42:55 | 222.144040 | 358.899268 
 4152.0347 | 08738.4492 | 15:42:56 | 222.136395 | 358.898286 
 4152.0353 | 08738.4513 | 15:42:57 | 222.134584 | 358.898961 
 4152.0455 | 08738.4638 | 15:42:58 | 222.123742 | 358.910607 
 4152.0467 | 08738.4671 | 15:42:59 | 222.120894 | 358.911965 
 4152.0418 | 08738.4838 | 15:43:00 | 222.106581 | 358.906213 
 4152.0418 | 08738.4895 | 15:43:01 | 222.101680 | 358.906173 
 4152.0418 | 08738.4949 | 15:43:02 | 222.097037 | 358.906136 
 4152.0417 | 08738.5003 | 15:43:03 | 222.092395 | 358.905983 
 4152.0335 | 08738.5048 | 15:43:04 | 222.088602 | 358.896520 
 4152.0323 | 08738.5093 | 15:43:05 | 222.084745 | 358.895109 
 4152.0304 | 08738.5141 | 15:43:06 | 222.080635 | 358.892890 
 4152.0293 | 08738.5187 | 15:43:07 | 222.076690 | 358.891593 
 4152.0282 | 08738.5231 | 15:43:08 | 222.072917 | 358.890297 
 4152.0316 | 08738.5271 | 15:43:09 | 222.069447 | 358.894180 
 4152.0310 | 08738.5311 | 15:43:10 | 222.066013 | 358.893462 
 4152.0304 | 08738.5346 | 15:43:11 | 222.063010 | 358.892748 
 4152.0296 | 08738.5380 | 15:43:12 | 222.060094 | 358.891804 
 4152.0291 | 08738.5407 | 15:43:13 | 222.057777 | 358.891210 
 4152.0273 | 08738.5236 | 15:43:14 | 222.072496 | 358.889258 
 4152.0271 | 08738.5251 | 15:43:15 | 222.071208 | 358.889018 
 4152.0268 | 08738.5260 | 15:43:16 | 222.070437 | 358.888667 
 4152.0264 | 08738.5268 | 15:43:17 | 222.069753 | 358.888201 
 4152.0260 | 08738.5276 | 15:43:18 | 222.069069 | 358.887735 
 4152.0248 | 08738.5258 | 15:43:19 | 222.070628 | 358.886368 
 4152.0246 | 08738.5259 | 15:43:20 | 222.070543 | 358.886137 
 4152.0247 | 08738.5259 | 15:43:21 | 222.070542 | 358.886252 
 4152.0249 | 08738.5258 | 15:43:22 | 222.070627 | 358.886483 
 4152.0251 | 08738.5257 | 15:43:23 | 222.070711 | 358.886713 
 4152.0254 | 08738.5254 | 15:43:24 | 222.070966 | 358.887060 
 4152.0256 | 08738.5252 | 15:43:25 | 222.071136 | 358.887292 
 4152.0259 | 08738.5250 | 15:43:26 | 222.071305 | 358.887638 
 4152.0265 | 08738.5246 | 15:43:27 | 222.071644 | 358.888331 
 4152.0265 | 08738.5272 | 15:43:28 | 222.069408 | 358.888313 
 4152.0357 | 08738.5253 | 15:43:29 | 222.070956 | 358.898909 
 4152.0355 | 08738.5281 | 15:43:30 | 222.068551 | 358.898659 
 4152.0342 | 08738.5347 | 15:43:31 | 222.062888 | 358.897118 
 4152.0334 | 08738.5402 | 15:43:32 | 222.058167 | 358.896160 
 4152.0328 | 08738.5457 | 15:43:33 | 222.053444 | 358.895432 
 4152.0324 | 08738.5509 | 15:43:34 | 222.048976 | 358.894936 
 4152.0329 | 08738.5552 | 15:43:35 | 222.045275 | 358.895481 
 4152.0335 | 08738.5592 | 15:43:36 | 222.041830 | 358.896144 
 4152.0340 | 08738.5632 | 15:43:37 | 222.038386 | 358.896691 
 4152.0345 | 08738.5673 | 15:43:38 | 222.034857 | 358.897238 
 4152.0363 | 08738.5638 | 15:43:39 | 222.037849 | 358.899332 
 4152.0355 | 08738.5633 | 15:43:40 | 222.038286 | 358.898416 
 4152.0363 | 08738.5639 | 15:43:41 | 222.037763 | 358.899332 
 4152.0370 | 08738.5644 | 15:43:42 | 222.037327 | 358.900134 
 4152.0377 | 08738.5648 | 15:43:43 | 222.036976 | 358.900936 
 4152.0384 | 08738.5650 | 15:43:44 | 222.036798 | 358.901740 
 4152.0358 | 08738.5635 | 15:43:45 | 222.038112 | 358.898759 
 4152.0354 | 08738.5631 | 15:43:46 | 222.038459 | 358.898302 
 4152.0360 | 08738.5644 | 15:43:47 | 222.037336 | 358.898983 
 4152.0361 | 08738.5656 | 15:43:48 | 222.036303 | 358.899090 
 4152.0348 | 08738.5660 | 15:43:49 | 222.035971 | 358.897592 
 4152.0362 | 08738.5696 | 15:43:50 | 222.032863 | 358.899177 
 4152.0371 | 08738.5724 | 15:43:51 | 222.030448 | 358.900193 
 4152.0381 | 08738.5753 | 15:43:52 | 222.027945 | 358.901323 
 4152.0388 | 08738.5786 | 15:43:53 | 222.025101 | 358.902106 
 4152.0404 | 08738.5816 | 15:43:54 | 222.022507 | 358.903925 
 4152.0409 | 08738.5857 | 15:43:55 | 222.018977 | 358.904472 
 4152.0411 | 08738.5905 | 15:43:56 | 222.014848 | 358.904669 
 4152.0317 | 08738.6160 | 15:43:57 | 221.993011 | 358.893680 
 4152.0316 | 08738.6265 | 15:43:58 | 221.983984 | 358.893493 
 4152.0316 | 08738.6345 | 15:43:59 | 221.977106 | 358.893438 
 4152.0349 | 08738.6447 | 15:44:00 | 221.968305 | 358.897163 
 4152.0349 | 08738.6515 | 15:44:01 | 221.962459 | 358.897116 
 4152.0343 | 08738.6580 | 15:44:02 | 221.956876 | 358.896381 
 4152.0347 | 08738.6648 | 15:44:03 | 221.951026 | 358.896794 
 4152.0349 | 08738.6714 | 15:44:04 | 221.945349 | 358.896979 
 4152.0351 | 08738.6779 | 15:44:05 | 221.939759 | 358.897164 
 4152.0339 | 08738.6828 | 15:44:06 | 221.935557 | 358.895750 
 4152.0330 | 08738.6875 | 15:44:07 | 221.931524 | 358.894682 
 4152.0325 | 08738.6944 | 15:44:08 | 221.925596 | 358.894060 
 4152.0311 | 08738.6991 | 15:44:09 | 221.921568 | 358.892417 
 4152.0310 | 08738.7096 | 15:44:10 | 221.912541 | 358.892229 
 4152.0311 | 08738.7170 | 15:44:11 | 221.906178 | 358.892293 
 4152.0310 | 08738.7250 | 15:44:12 | 221.899300 | 358.892123 
 4152.0308 | 08738.7332 | 15:44:13 | 221.892252 | 358.891837 
 4152.0308 | 08738.7410 | 15:44:14 | 221.885546 | 358.891783 
 4152.0311 | 08738.7477 | 15:44:15 | 221.879782 | 358.892082 
 4152.0314 | 08738.7532 | 15:44:16 | 221.875051 | 358.892389 
 4152.0314 | 08738.7573 | 15:44:17 | 221.871526 | 358.892361 
 4152.0310 | 08738.7614 | 15:44:18 | 221.868004 | 358.891873 
 4152.0308 | 08738.7656 | 15:44:19 | 221.864395 | 358.891614 
 4152.0306 | 08738.7698 | 15:44:20 | 221.860786 | 358.891355 
 4152.0303 | 08738.7741 | 15:44:21 | 221.857091 | 358.890980 
 4152.0300 | 08738.7760 | 15:44:22 | 221.855461 | 358.890622 
 4152.0298 | 08738.7792 | 15:44:23 | 221.852711 | 358.890370 
 4152.0297 | 08738.7822 | 15:44:24 | 221.850133 | 358.890234 
 4152.0296 | 08738.7849 | 15:44:25 | 221.847812 | 358.890101 
 4152.0295 | 08738.7870 | 15:44:26 | 221.846007 | 358.889971 
 4152.0294 | 08738.7885 | 15:44:27 | 221.844719 | 358.889846 
 4152.0284 | 08738.7768 | 15:44:28 | 221.854787 | 358.888776 
 4152.0290 | 08738.7756 | 15:44:29 | 221.855814 | 358.889474 
 4152.0295 | 08738.7751 | 15:44:30 | 221.856239 | 358.890053 
 4152.0295 | 08738.7751 | 15:44:31 | 221.856239 | 358.890053 
 4152.0295 | 08738.7751 | 15:44:32 | 221.856239 | 358.890053 
 4152.0295 | 08738.7751 | 15:44:33 | 221.856239 | 358.890053 
 4152.0295 | 08738.7751 | 15:44:34 | 221.856239 | 358.890053 
 4152.0295 | 08738.7751 | 15:44:35 | 221.856239 | 358.890053 
 4152.0295 | 08738.7751 | 15:44:36 | 221.856239 | 358.890053 
 4152.0295 | 08738.7751 | 15:44:37 | 221.856239 | 358.890053 
 4152.0295 | 08738.7751 | 15:44:38 | 221.856239 | 358.890053 
 4152.0295 | 08738.7751 | 15:44:39 | 221.856239 | 358.890053 
 4152.0295 | 08738.7751 | 15:44:40 | 221.856239 | 358.890053 
 4152.0295 | 08738.7751 | 15:44:41 | 221.856239 | 358.890053 
 4152.0295 | 08738.7751 | 15:44:42 | 221.856239 | 358.890053 
 4152.0295 | 08738.7751 | 15:44:43 | 221.856239 | 358.890053 
 4152.0295 | 08738.7751 | 15:44:44 | 221.856239 | 358.890053 
 4152.0295 | 08738.7751 | 15:44:45 | 221.856239 | 358.890053 
 4152.0295 | 08738.7751 | 15:44:46 | 221.856239 | 358.890053 
 4152.0295 | 08738.7751 | 15:44:47 | 221.856239 | 358.890053 
 4152.0356 | 08738.7675 | 15:44:48 | 221.862717 | 358.897122 
 4152.0357 | 08738.7679 | 15:44:49 | 221.862372 | 358.897234 
 4152.0358 | 08738.7683 | 15:44:50 | 221.862027 | 358.897346 
 4152.0359 | 08738.7685 | 15:44:51 | 221.861855 | 358.897460 
 4152.0358 | 08738.7693 | 15:44:52 | 221.861168 | 358.897339 
 4152.0353 | 08738.7703 | 15:44:53 | 221.860313 | 358.896757 
 4152.0347 | 08738.7716 | 15:44:54 | 221.859200 | 358.896058 
 4152.0341 | 08738.7732 | 15:44:55 | 221.857830 | 358.895357 
 4152.0328 | 08738.7762 | 15:44:56 | 221.855263 | 358.893841 
 4152.0356 | 08738.7901 | 15:44:57 | 221.843286 | 358.896966 
 4152.0354 | 08738.7974 | 15:44:58 | 221.837011 | 358.896686 
 4152.0350 | 08738.8024 | 15:44:59 | 221.832716 | 358.896192 
 4152.0347 | 08738.8074 | 15:45:00 | 221.828420 | 358.895812 
 4152.0366 | 08738.8195 | 15:45:01 | 221.817999 | 358.897914 
 4152.0374 | 08738.8266 | 15:45:02 | 221.811887 | 358.898786 
 4152.0326 | 08738.8505 | 15:45:03 | 221.791382 | 358.893100 
 4152.0327 | 08738.8586 | 15:45:04 | 221.784417 | 358.893160 
 4152.0323 | 08738.8680 | 15:45:05 | 221.776339 | 358.892635 
 4152.0320 | 08738.8771 | 15:45:06 | 221.768518 | 358.892228 
 4152.0281 | 08738.8872 | 15:45:07 | 221.759870 | 358.887672 
 4152.0265 | 08738.8967 | 15:45:08 | 221.751716 | 358.885767 
 4152.0260 | 08738.9058 | 15:45:09 | 221.743897 | 358.885129 
 4152.0277 | 08738.9148 | 15:45:10 | 221.736143 | 358.887023 
 4152.0273 | 08738.9238 | 15:45:11 | 221.728409 | 358.886501 
 4152.0271 | 08738.9332 | 15:45:12 | 221.720329 | 358.886206 
 4152.0253 | 08738.9476 | 15:45:13 | 221.707964 | 358.884037 
 4152.0245 | 08738.9574 | 15:45:14 | 221.699546 | 358.883050 
 4152.0240 | 08738.9677 | 15:45:15 | 221.690694 | 358.882404 
 4152.0241 | 08738.9767 | 15:45:16 | 221.682955 | 358.882458 
 4152.0238 | 08738.9866 | 15:45:17 | 221.674446 | 358.882045 
 4152.0235 | 08738.9962 | 15:45:18 | 221.666195 | 358.881634 
 4152.0231 | 08739.0051 | 15:45:19 | 221.658546 | 358.881113 
 4152.0229 | 08739.0146 | 15:45:20 | 221.650380 | 358.880818 
 4152.0213 | 08739.0137 | 15:45:21 | 221.651169 | 358.878984 
 4152.0256 | 08739.0171 | 15:45:22 | 221.648206 | 358.883907 
 4152.0265 | 08739.0209 | 15:45:23 | 221.644931 | 358.884916 
 4152.0265 | 08739.0247 | 15:45:24 | 221.641663 | 358.884890 
 4152.0266 | 08739.0282 | 15:45:25 | 221.638653 | 358.884981 
 4152.0268 | 08739.0318 | 15:45:26 | 221.635556 | 358.885186 
 4152.0273 | 08739.0365 | 15:45:27 | 221.631511 | 358.885729 
 4152.0270 | 08739.0412 | 15:45:28 | 221.627472 | 358.885352 
 4152.0271 | 08739.0453 | 15:45:29 | 221.623946 | 358.885439 
 4152.0271 | 08739.0496 | 15:45:30 | 221.620249 | 358.885410 
 4152.0272 | 08739.0538 | 15:45:31 | 221.616637 | 358.885496 
 4152.0293 | 08739.0584 | 15:45:32 | 221.612663 | 358.887880 
 4152.0299 | 08739.0625 | 15:45:33 | 221.609132 | 358.888542 
 4152.0349 | 08739.0595 | 15:45:34 | 221.611666 | 358.894314 
 4152.0463 | 08739.0608 | 15:45:35 | 221.610444 | 358.907418 
 4152.0519 | 08739.0626 | 15:45:36 | 221.608845 | 358.913847 
 4152.0573 | 08739.0629 | 15:45:37 | 221.608538 | 358.920056 
 4152.0627 | 08739.0630 | 15:45:38 | 221.608403 | 358.926267 
 4152.0685 | 08739.0635 | 15:45:39 | 221.607920 | 358.932935 
 4152.0745 | 08739.0639 | 15:45:40 | 221.607521 | 358.939834 
 4152.0796 | 08739.0634 | 15:45:41 | 221.607904 | 358.945704 
 4152.0858 | 08739.0636 | 15:45:42 | 221.607676 | 358.952834 
 4152.0920 | 08739.0638 | 15:45:43 | 221.607447 | 358.959964 
 4152.0987 | 08739.0641 | 15:45:44 | 221.607128 | 358.967669 
 4152.1051 | 08739.0643 | 15:45:45 | 221.606897 | 358.975029 
 4152.1116 | 08739.0646 | 15:45:46 | 221.606580 | 358.982503 
 4152.1180 | 08739.0647 | 15:45:47 | 221.606435 | 358.989864 
 4152.1242 | 08739.0649 | 15:45:48 | 221.606207 | 358.996995 
 4152.1297 | 08739.0649 | 15:45:49 | 221.606157 | 359.003321 
 4152.1354 | 08739.0652 | 15:45:50 | 221.605847 | 359.009875 
 4152.1409 | 08739.0657 | 15:45:51 | 221.605366 | 359.016198 
 4152.1463 | 08739.0662 | 15:45:52 | 221.604887 | 359.022406 
 4152.1517 | 08739.0668 | 15:45:53 | 221.604322 | 359.028614 
 4152.1571 | 08739.0672 | 15:45:54 | 221.603929 | 359.034822 
 4152.1599 | 08739.0649 | 15:45:55 | 221.605880 | 359.038059 
 4152.1635 | 08739.0637 | 15:45:56 | 221.606879 | 359.042208 
 4152.1666 | 08739.0622 | 15:45:57 | 221.608141 | 359.045784 
 4152.1641 | 08739.0681 | 15:45:58 | 221.603091 | 359.042868 
 4152.1642 | 08739.0692 | 15:45:59 | 221.602144 | 359.042975 
 4152.1640 | 08739.0700 | 15:46:00 | 221.601458 | 359.042740 
 4152.1641 | 08739.0692 | 15:46:01 | 221.602145 | 359.042860 
 4152.1640 | 08739.0693 | 15:46:02 | 221.602060 | 359.042745 
 4152.1640 | 08739.0693 | 15:46:03 | 221.602060 | 359.042745 
 4152.1640 | 08739.0693 | 15:46:04 | 221.602060 | 359.042745 
 4152.1640 | 08739.0693 | 15:46:05 | 221.602060 | 359.042745 
 4152.1640 | 08739.0693 | 15:46:06 | 221.602060 | 359.042745 
 4152.1640 | 08739.0693 | 15:46:07 | 221.602060 | 359.042745 
 4152.1640 | 08739.0693 | 15:46:08 | 221.602060 | 359.042745 
 4152.1640 | 08739.0693 | 15:46:09 | 221.602060 | 359.042745 
 4152.1640 | 08739.0693 | 15:46:10 | 221.602060 | 359.042745 
 4152.1640 | 08739.0693 | 15:46:11 | 221.602060 | 359.042745 
 4152.1640 | 08739.0693 | 15:46:12 | 221.602060 | 359.042745 
 4152.1640 | 08739.0693 | 15:46:13 | 221.602060 | 359.042745 
 4152.1640 | 08739.0693 | 15:46:14 | 221.602060 | 359.042745 
 4152.1640 | 08739.0693 | 15:46:15 | 221.602060 | 359.042745 
 4152.1640 | 08739.0693 | 15:46:16 | 221.602060 | 359.042745 
 4152.1640 | 08739.0693 | 15:46:17 | 221.602060 | 359.042745 
 4152.1640 | 08739.0693 | 15:46:18 | 221.602060 | 359.042745 
 4152.1640 | 08739.0693 | 15:46:19 | 221.602060 | 359.042745 
 4152.1640 | 08739.0693 | 15:46:20 | 221.602060 | 359.042745 
 4152.1640 | 08739.0693 | 15:46:21 | 221.602060 | 359.042745 
 4152.1640 | 08739.0693 | 15:46:22 | 221.602060 | 359.042745 
 4152.1640 | 08739.0693 | 15:46:23 | 221.602060 | 359.042745 
 4152.1640 | 08739.0693 | 15:46:24 | 221.602060 | 359.042745 
 4152.1638 | 08739.0687 | 15:46:25 | 221.602578 | 359.042519 
 4152.1647 | 08739.0688 | 15:46:26 | 221.602484 | 359.043553 
 4152.1664 | 08739.0688 | 15:46:27 | 221.602468 | 359.045509 
 4152.1681 | 08739.0690 | 15:46:28 | 221.602280 | 359.047463 
 4152.1699 | 08739.0691 | 15:46:29 | 221.602178 | 359.049532 
 4152.1716 | 08739.0693 | 15:46:30 | 221.601991 | 359.051486 
 4152.1733 | 08739.0694 | 15:46:31 | 221.601889 | 359.053441 
 4152.1732 | 08739.0704 | 15:46:32 | 221.601030 | 359.053319 
 4152.1713 | 08739.0869 | 15:46:33 | 221.586862 | 359.051021 
 4152.1712 | 08739.0925 | 15:46:34 | 221.582048 | 359.050868 
 4152.1720 | 08739.0993 | 15:46:35 | 221.576194 | 359.051742 
 4152.1718 | 08739.1052 | 15:46:36 | 221.571124 | 359.051471 
 4152.1718 | 08739.1107 | 15:46:37 | 221.566395 | 359.051434 
 4152.1714 | 08739.1160 | 15:46:38 | 221.561842 | 359.050938 
 4152.1712 | 08739.1204 | 15:46:39 | 221.558061 | 359.050677 
 4152.1710 | 08739.1245 | 15:46:40 | 221.554538 | 359.050419 
 4152.1710 | 08739.1278 | 15:46:41 | 221.551700 | 359.050397 
 4152.1715 | 08739.1308 | 15:46:42 | 221.549117 | 359.050952 
 4152.1722 | 08739.1340 | 15:46:43 | 221.546359 | 359.051735 
 4152.1749 | 08739.1337 | 15:46:44 | 221.546592 | 359.054843 
 4152.1770 | 08739.1346 | 15:46:45 | 221.545799 | 359.057252 
 4152.1797 | 08739.1359 | 15:46:46 | 221.544657 | 359.060349 
 4152.1849 | 08739.1369 | 15:46:47 | 221.543750 | 359.066323 
 4152.1880 | 08739.1379 | 15:46:48 | 221.542862 | 359.069882 
 4152.1912 | 08739.1389 | 15:46:49 | 221.541973 | 359.073556 
 4152.1945 | 08739.1397 | 15:46:50 | 221.541255 | 359.077347 
 4152.2013 | 08739.1391 | 15:46:51 | 221.541709 | 359.085172 
 4152.2167 | 08739.1429 | 15:46:54 | 221.538301 | 359.102860 
 4152.2207 | 08739.1411 | 15:46:55 | 221.539812 | 359.107474 
 4152.2249 | 08739.1415 | 15:46:56 | 221.539430 | 359.112302 
 4152.2291 | 08739.1418 | 15:46:57 | 221.539134 | 359.117131 
 4152.2334 | 08739.1418 | 15:46:58 | 221.539094 | 359.122077 
 4152.2418 | 08739.1419 | 15:47:00 | 221.538932 | 359.131739 
 4152.2461 | 08739.1417 | 15:47:01 | 221.539064 | 359.136686 
 4152.2516 | 08739.1391 | 15:47:02 | 221.541250 | 359.143030 
 4152.2557 | 08739.1396 | 15:47:03 | 221.540782 | 359.147743 
 4152.2591 | 08739.1401 | 15:47:04 | 221.540321 | 359.151650 
 4152.2629 | 08739.1405 | 15:47:05 | 221.539943 | 359.156018 
 4152.2695 | 08739.1417 | 15:47:07 | 221.538851 | 359.163602 
 4152.2730 | 08739.1433 | 15:47:08 | 221.537443 | 359.167617 
 4152.2741 | 08739.1462 | 15:47:09 | 221.534940 | 359.168862 
 4152.2761 | 08739.1475 | 15:47:10 | 221.533804 | 359.171154 
 4152.2775 | 08739.1486 | 15:47:11 | 221.532846 | 359.172757 
 4152.2653 | 08739.1413 | 15:47:12 | 221.539233 | 359.158774 
 4152.2641 | 08739.1408 | 15:47:13 | 221.539674 | 359.157397 
 4152.2634 | 08739.1402 | 15:47:14 | 221.540196 | 359.156596 
 4152.2629 | 08739.1397 | 15:47:15 | 221.540631 | 359.156024 
 4152.2629 | 08739.1397 | 15:47:16 | 221.540631 | 359.156024 
 4152.2632 | 08739.1397 | 15:47:17 | 221.540628 | 359.156369 
 4152.2634 | 08739.1397 | 15:47:18 | 221.540626 | 359.156599 
 4152.2636 | 08739.1398 | 15:47:19 | 221.540538 | 359.156828 
 4152.2641 | 08739.1405 | 15:47:20 | 221.539932 | 359.157399 
 4152.2645 | 08739.1406 | 15:47:21 | 221.539842 | 359.157858 
 4152.2650 | 08739.1406 | 15:47:22 | 221.539838 | 359.158433 
 4152.2652 | 08739.1407 | 15:47:23 | 221.539750 | 359.158663 
 4152.2652 | 08739.1406 | 15:47:24 | 221.539836 | 359.158663 
 4152.2653 | 08739.1406 | 15:47:25 | 221.539835 | 359.158778 
 4152.2665 | 08739.1398 | 15:47:26 | 221.540512 | 359.160164 
 4152.2668 | 08739.1392 | 15:47:27 | 221.541025 | 359.160513 
 4152.2669 | 08739.1397 | 15:47:28 | 221.540594 | 359.160625 
 4152.2672 | 08739.1397 | 15:47:29 | 221.540591 | 359.160970 
 4152.2673 | 08739.1397 | 15:47:30 | 221.540590 | 359.161085 
 4152.2611 | 08739.1364 | 15:47:31 | 221.543484 | 359.153976 
 4152.2616 | 08739.1367 | 15:47:32 | 221.543222 | 359.154549 
 4152.2652 | 08739.1375 | 15:47:33 | 221.542501 | 359.158684 
 4152.2664 | 08739.1374 | 15:47:34 | 221.542576 | 359.160065 
 4152.2668 | 08739.1378 | 15:47:35 | 221.542229 | 359.160523 
 4152.2647 | 08739.1367 | 15:47:36 | 221.543193 | 359.158115 
 4152.2651 | 08739.1370 | 15:47:37 | 221.542932 | 359.158573 
 4152.2641 | 08739.1366 | 15:47:38 | 221.543285 | 359.157425 
 4152.2647 | 08739.1369 | 15:47:39 | 221.543021 | 359.158113 
 4152.2654 | 08739.1369 | 15:47:40 | 221.543015 | 359.158919 
 4152.2660 | 08739.1371 | 15:47:41 | 221.542838 | 359.159607 
 4152.2665 | 08739.1373 | 15:47:42 | 221.542661 | 359.160181 
 4152.2659 | 08739.1369 | 15:47:43 | 221.543010 | 359.159494 
 4152.2664 | 08739.1371 | 15:47:44 | 221.542834 | 359.160068 
 4152.2669 | 08739.1373 | 15:47:45 | 221.542657 | 359.160641 
 4152.2660 | 08739.1368 | 15:47:46 | 221.543096 | 359.159609 
 4152.2653 | 08739.1364 | 15:47:47 | 221.543446 | 359.158807 
 4152.2658 | 08739.1366 | 15:47:48 | 221.543269 | 359.159381 
 4152.2655 | 08739.1364 | 15:47:49 | 221.543444 | 359.159037 
 4152.2660 | 08739.1366 | 15:47:50 | 221.543267 | 359.159611 
 4152.2665 | 08739.1367 | 15:47:51 | 221.543177 | 359.160185 
 4152.2671 | 08739.1369 | 15:47:52 | 221.543000 | 359.160874 
 4152.2675 | 08739.1372 | 15:47:53 | 221.542738 | 359.161332 
 4152.2680 | 08739.1374 | 15:47:54 | 221.542561 | 359.161906 
 4152.2662 | 08739.1364 | 15:47:55 | 221.543438 | 359.159842 
 4152.2654 | 08739.1359 | 15:47:56 | 221.543875 | 359.158925 
 4152.2657 | 08739.1361 | 15:47:57 | 221.543700 | 359.159269 
 4152.2663 | 08739.1362 | 15:47:58 | 221.543609 | 359.159959 
 4152.2667 | 08739.1363 | 15:47:59 | 221.543519 | 359.160418 
 4152.2654 | 08739.1356 | 15:48:00 | 221.544133 | 359.158928 
 4152.2659 | 08739.1357 | 15:48:01 | 221.544042 | 359.159502 
 4152.2663 | 08739.1359 | 15:48:02 | 221.543867 | 359.159961 
 4152.2670 | 08739.1360 | 15:48:03 | 221.543774 | 359.160765 
 4152.2675 | 08739.1362 | 15:48:04 | 221.543598 | 359.161339 
 4152.2676 | 08739.1361 | 15:48:05 | 221.543683 | 359.161455 
 4152.2678 | 08739.1361 | 15:48:06 | 221.543681 | 359.161685 
 4152.2683 | 08739.1363 | 15:48:07 | 221.543504 | 359.162258 
 4152.2687 | 08739.1365 | 15:48:08 | 221.543329 | 359.162717 
 4152.2686 | 08739.1363 | 15:48:09 | 221.543502 | 359.162604 
 4152.2691 | 08739.1365 | 15:48:10 | 221.543325 | 359.163177 
 4152.2696 | 08739.1367 | 15:48:11 | 221.543149 | 359.163751 
 4152.2694 | 08739.1365 | 15:48:12 | 221.543322 | 359.163522 
 4152.2690 | 08739.1363 | 15:48:13 | 221.543498 | 359.163064 
 4152.2696 | 08739.1365 | 15:48:14 | 221.543321 | 359.163752 
 4152.2690 | 08739.1361 | 15:48:15 | 221.543670 | 359.163065 
 4152.2694 | 08739.1363 | 15:48:16 | 221.543494 | 359.163524 
 4152.2681 | 08739.1356 | 15:48:17 | 221.544108 | 359.162033 
 4152.2683 | 08739.1356 | 15:48:18 | 221.544106 | 359.162263 
 4152.2686 | 08739.1357 | 15:48:19 | 221.544018 | 359.162608 
 4152.2690 | 08739.1359 | 15:48:20 | 221.543842 | 359.163066 
 4152.2695 | 08739.1362 | 15:48:21 | 221.543579 | 359.163639 
 4152.2688 | 08739.1360 | 15:48:22 | 221.543758 | 359.162836 
 4152.2692 | 08739.1362 | 15:48:23 | 221.543582 | 359.163294 
 4152.2688 | 08739.1360 | 15:48:24 | 221.543758 | 359.162836 
 4152.2693 | 08739.1363 | 15:48:25 | 221.543495 | 359.163409 
 4152.2685 | 08739.1360 | 15:48:26 | 221.543761 | 359.162491 
 4152.2682 | 08739.1359 | 15:48:27 | 221.543849 | 359.162146 
 4152.2684 | 08739.1361 | 15:48:28 | 221.543675 | 359.162375 
 4152.2684 | 08739.1361 | 15:48:29 | 221.543675 | 359.162375 
 4152.2684 | 08739.1361 | 15:48:30 | 221.543675 | 359.162375 
 4152.2684 | 08739.1361 | 15:48:31 | 221.543675 | 359.162375 
 4152.2684 | 08739.1361 | 15:48:32 | 221.543675 | 359.162375 
 4152.2684 | 08739.1361 | 15:48:33 | 221.543675 | 359.162375 
 4152.2678 | 08739.1360 | 15:48:34 | 221.543767 | 359.161685 
 4152.2669 | 08739.1355 | 15:48:35 | 221.544205 | 359.160654 
 4152.2662 | 08739.1351 | 15:48:36 | 221.544555 | 359.159851 
 4152.2659 | 08739.1349 | 15:48:37 | 221.544730 | 359.159507 
 4152.2659 | 08739.1349 | 15:48:38 | 221.544730 | 359.159507 
 4152.2659 | 08739.1349 | 15:48:39 | 221.544730 | 359.159507 
 4152.2662 | 08739.1354 | 15:48:40 | 221.544297 | 359.159849 
 4152.2664 | 08739.1357 | 15:48:41 | 221.544038 | 359.160077 
 4152.2667 | 08739.1361 | 15:48:42 | 221.543691 | 359.160419 
 4152.2671 | 08739.1364 | 15:48:43 | 221.543429 | 359.160877 
 4152.2662 | 08739.1360 | 15:48:44 | 221.543782 | 359.159845 
 4152.2666 | 08739.1363 | 15:48:45 | 221.543520 | 359.160303 
 4152.2670 | 08739.1366 | 15:48:46 | 221.543258 | 359.160761 
 4152.2674 | 08739.1369 | 15:48:47 | 221.542997 | 359.161219 
 4152.2678 | 08739.1372 | 15:48:48 | 221.542735 | 359.161677 
 4152.2683 | 08739.1376 | 15:48:49 | 221.542387 | 359.162250 
 4152.2688 | 08739.1379 | 15:48:50 | 221.542124 | 359.162823 
 4152.2691 | 08739.1382 | 15:48:51 | 221.541864 | 359.163166 
 4152.2694 | 08739.1385 | 15:48:52 | 221.541603 | 359.163509 
 4152.2699 | 08739.1388 | 15:48:53 | 221.541340 | 359.164082 
 4152.2705 | 08739.1392 | 15:48:54 | 221.540991 | 359.164769 
 4152.2709 | 08739.1394 | 15:48:55 | 221.540816 | 359.165228 
 4152.2642 | 08739.1359 | 15:48:56 | 221.543886 | 359.157545 
 4152.2643 | 08739.1361 | 15:48:57 | 221.543713 | 359.157659 
 4152.2645 | 08739.1363 | 15:48:58 | 221.543539 | 359.157887 
 4152.2645 | 08739.1363 | 15:48:59 | 221.543539 | 359.157887 
 4152.2653 | 08739.1368 | 15:49:00 | 221.543102 | 359.158804 
 4152.2633 | 08739.1358 | 15:49:01 | 221.543980 | 359.156511 
 4152.2636 | 08739.1361 | 15:49:02 | 221.543719 | 359.156854 
 4152.2640 | 08739.1364 | 15:49:03 | 221.543458 | 359.157312 
 4152.2645 | 08739.1367 | 15:49:04 | 221.543195 | 359.157885 
 4152.2625 | 08739.1357 | 15:49:05 | 221.544073 | 359.155591 
 4152.2615 | 08739.1352 | 15:49:06 | 221.544512 | 359.154444 
 4152.2613 | 08739.1350 | 15:49:07 | 221.544686 | 359.154216 
 4152.2613 | 08739.1350 | 15:49:08 | 221.544686 | 359.154216 
 4152.2613 | 08739.1350 | 15:49:09 | 221.544686 | 359.154216 
 4152.2613 | 08739.1350 | 15:49:10 | 221.544686 | 359.154216 
 4152.2613 | 08739.1350 | 15:49:11 | 221.544686 | 359.154216 
 4152.2613 | 08739.1350 | 15:49:12 | 221.544686 | 359.154216 
 4152.2613 | 08739.1350 | 15:49:13 | 221.544686 | 359.154216 
 4152.2613 | 08739.1350 | 15:49:14 | 221.544686 | 359.154216 
 4152.2613 | 08739.1350 | 15:49:15 | 221.544686 | 359.154216 
 4152.2613 | 08739.1350 | 15:49:16 | 221.544686 | 359.154216 
 4152.2613 | 08739.1350 | 15:49:17 | 221.544686 | 359.154216 
 4152.2613 | 08739.1350 | 15:49:18 | 221.544686 | 359.154216 
 4152.2613 | 08739.1350 | 15:49:19 | 221.544686 | 359.154216 
 4152.2613 | 08739.1350 | 15:49:20 | 221.544686 | 359.154216 
 4152.2613 | 08739.1350 | 15:49:21 | 221.544686 | 359.154216 
 4152.2625 | 08739.1356 | 15:49:22 | 221.544159 | 359.155592 
 4152.2637 | 08739.1355 | 15:49:23 | 221.544234 | 359.156973 
 4152.2662 | 08739.1358 | 15:49:24 | 221.543953 | 359.159846 
 4152.2688 | 08739.1360 | 15:49:25 | 221.543758 | 359.162836 
 4152.2717 | 08739.1360 | 15:49:26 | 221.543731 | 359.166171 
 4152.2749 | 08739.1362 | 15:49:27 | 221.543530 | 359.169851 
 4152.2784 | 08739.1365 | 15:49:28 | 221.543240 | 359.173875 
 4152.2820 | 08739.1368 | 15:49:29 | 221.542950 | 359.178014 
 4152.2857 | 08739.1371 | 15:49:30 | 221.542658 | 359.182267 
 4152.2884 | 08739.1370 | 15:49:31 | 221.542719 | 359.185374 
 4152.2917 | 08739.1373 | 15:49:32 | 221.542431 | 359.189168 
 4152.2951 | 08739.1375 | 15:49:33 | 221.542228 | 359.193077 
 4152.2982 | 08739.1375 | 15:49:34 | 221.542200 | 359.196643 
 4152.3013 | 08739.1376 | 15:49:35 | 221.542086 | 359.200208 
 4152.3038 | 08739.1376 | 15:49:36 | 221.542063 | 359.203084 
 4152.3059 | 08739.1377 | 15:49:37 | 221.541958 | 359.205498 
 4152.3074 | 08739.1377 | 15:49:38 | 221.541944 | 359.207224 
 4152.3085 | 08739.1378 | 15:49:39 | 221.541848 | 359.208488 
 4152.3095 | 08739.1380 | 15:49:40 | 221.541667 | 359.209637 
 4152.3107 | 08739.1387 | 15:49:41 | 221.541054 | 359.211013 
 4152.3120 | 08739.1401 | 15:49:42 | 221.539839 | 359.212499 
 4152.3132 | 08739.1426 | 15:49:43 | 221.537678 | 359.213862 
 4152.3140 | 08739.1459 | 15:49:44 | 221.534834 | 359.214760 
 4152.3143 | 08739.1499 | 15:49:45 | 221.531392 | 359.215077 
 4152.3146 | 08739.1544 | 15:49:46 | 221.527521 | 359.215392 
 4152.3147 | 08739.1641 | 15:49:48 | 221.519181 | 359.215441 
 4152.3130 | 08739.1679 | 15:49:49 | 221.515929 | 359.213459 
 4152.3130 | 08739.1725 | 15:49:50 | 221.511974 | 359.213428 
 4152.3131 | 08739.1772 | 15:49:51 | 221.507933 | 359.213511 
 4152.3133 | 08739.1818 | 15:49:52 | 221.503976 | 359.213710 
 4152.3134 | 08739.1859 | 15:49:53 | 221.500451 | 359.213797 
 4152.3136 | 08739.1893 | 15:49:54 | 221.497526 | 359.214004 
 4152.3140 | 08739.1923 | 15:49:55 | 221.494943 | 359.214443 
 4152.3146 | 08739.1960 | 15:49:56 | 221.491756 | 359.215108 
 4152.3149 | 08739.2004 | 15:49:57 | 221.487971 | 359.215423 
 4152.3151 | 08739.2056 | 15:49:58 | 221.483498 | 359.215618 
 4152.3154 | 08739.2115 | 15:49:59 | 221.478423 | 359.215923 
 4152.3157 | 08739.2180 | 15:50:00 | 221.472832 | 359.216224 
 4152.3160 | 08739.2250 | 15:50:01 | 221.466812 | 359.216521 
 4152.3165 | 08739.2320 | 15:50:02 | 221.460789 | 359.217049 
 4152.3171 | 08739.2386 | 15:50:03 | 221.455109 | 359.217694 
 4152.3135 | 08739.2416 | 15:50:04 | 221.452563 | 359.213533 
 4152.3139 | 08739.2457 | 15:50:05 | 221.449034 | 359.213965 
 4152.3144 | 08739.2486 | 15:50:06 | 221.446537 | 359.214520 
 4152.3149 | 08739.2512 | 15:50:07 | 221.444297 | 359.215078 
 4152.3158 | 08739.2547 | 15:50:08 | 221.441280 | 359.216089 
 4152.3130 | 08739.2572 | 15:50:09 | 221.439156 | 359.212851 
 4152.3128 | 08739.2620 | 15:50:10 | 221.435031 | 359.212589 
 4152.3127 | 08739.2674 | 15:50:11 | 221.430389 | 359.212437 
 4152.3122 | 08739.2733 | 15:50:12 | 221.425322 | 359.211822 
 4152.3120 | 08739.2801 | 15:50:13 | 221.419477 | 359.211545 
 4152.3117 | 08739.2872 | 15:50:14 | 221.413376 | 359.211152 
 4152.3111 | 08739.2944 | 15:50:15 | 221.407191 | 359.210413 
 4152.3110 | 08739.3021 | 15:50:16 | 221.400572 | 359.210246 
 4152.3110 | 08739.3101 | 15:50:17 | 221.393695 | 359.210191 
 4152.3111 | 08739.3182 | 15:50:18 | 221.386730 | 359.210251 
 4152.3111 | 08739.3260 | 15:50:19 | 221.380024 | 359.210198 
 4152.3110 | 08739.3336 | 15:50:20 | 221.373491 | 359.210032 
 4152.3111 | 08739.3411 | 15:50:21 | 221.367042 | 359.210096 
 4152.3113 | 08739.3485 | 15:50:22 | 221.360678 | 359.210276 
 4152.3115 | 08739.3561 | 15:50:23 | 221.354143 | 359.210454 
 4152.3116 | 08739.3634 | 15:50:24 | 221.347866 | 359.210520 
 4152.3118 | 08739.3705 | 15:50:25 | 221.341760 | 359.210701 
 4152.3121 | 08739.3774 | 15:50:26 | 221.335825 | 359.211000 
 4152.3125 | 08739.3838 | 15:50:27 | 221.330319 | 359.211416 
 4152.3108 | 08739.3883 | 15:50:28 | 221.326466 | 359.209431 
 4152.3105 | 08739.3932 | 15:50:29 | 221.322256 | 359.209052 
 4152.3108 | 08739.3980 | 15:50:30 | 221.318127 | 359.209365 
 4152.3110 | 08739.4019 | 15:50:31 | 221.314772 | 359.209568 
 4152.3114 | 08739.4048 | 15:50:32 | 221.312275 | 359.210009 
 4152.3118 | 08739.4068 | 15:50:33 | 221.310552 | 359.210455 
 4152.3122 | 08739.4083 | 15:50:34 | 221.309259 | 359.210905 
 4152.3134 | 08739.4095 | 15:50:35 | 221.308216 | 359.212277 
 4152.3154 | 08739.4100 | 15:50:36 | 221.307768 | 359.214575 
 4152.3185 | 08739.4101 | 15:50:37 | 221.307654 | 359.218140 
 4152.3218 | 08739.4102 | 15:50:38 | 221.307538 | 359.221935 
 4152.3251 | 08739.4105 | 15:50:39 | 221.307250 | 359.225729 
 4152.3280 | 08739.4108 | 15:50:40 | 221.306966 | 359.229062 
 4152.3300 | 08739.4107 | 15:50:41 | 221.307034 | 359.231364 
 4152.3321 | 08739.4105 | 15:50:42 | 221.307187 | 359.233780 
 4152.3349 | 08739.4105 | 15:50:43 | 221.307162 | 359.237001 
 4152.3385 | 08739.4104 | 15:50:44 | 221.307215 | 359.241143 
 4152.3428 | 08739.4102 | 15:50:45 | 221.307348 | 359.246090 
 4152.3479 | 08739.4099 | 15:50:46 | 221.307560 | 359.251958 
 4152.3534 | 08739.4095 | 15:50:47 | 221.307854 | 359.258288 
 4152.3592 | 08739.4091 | 15:50:48 | 221.308145 | 359.264962 
 4152.3655 | 08739.4089 | 15:50:49 | 221.308260 | 359.272210 
 4152.3717 | 08739.4086 | 15:50:50 | 221.308461 | 359.279343 
 4152.3782 | 08739.4083 | 15:50:51 | 221.308660 | 359.286822 
 4152.3849 | 08739.4081 | 15:50:52 | 221.308772 | 359.294530 
 4152.3920 | 08739.4081 | 15:50:53 | 221.308707 | 359.302697 
 4152.3991 | 08739.4084 | 15:50:54 | 221.308385 | 359.310862 
 4152.4061 | 08739.4088 | 15:50:55 | 221.307978 | 359.318911 
 4152.4129 | 08739.4093 | 15:50:56 | 221.307486 | 359.326729 
 4152.4179 | 08739.4091 | 15:50:57 | 221.307613 | 359.332482 
 4152.4238 | 08739.4098 | 15:50:58 | 221.306957 | 359.339263 
 4152.4289 | 08739.4104 | 15:50:59 | 221.306395 | 359.345126 
 4152.4340 | 08739.4111 | 15:51:00 | 221.305747 | 359.350987 
 4152.4386 | 08739.4116 | 15:51:01 | 221.305276 | 359.356275 
 4152.4426 | 08739.4118 | 15:51:02 | 221.305068 | 359.360875 
 4152.4456 | 08739.4119 | 15:51:03 | 221.304954 | 359.364325 
 4152.4474 | 08739.4119 | 15:51:04 | 221.304938 | 359.366395 
 4152.4484 | 08739.4118 | 15:51:05 | 221.305015 | 359.367546 
 4152.4488 | 08739.4118 | 15:51:06 | 221.305011 | 359.368006 
 4152.4488 | 08739.4118 | 15:51:07 | 221.305011 | 359.368006 
 4152.4488 | 08739.4118 | 15:51:08 | 221.305011 | 359.368006 
 4152.4487 | 08739.4118 | 15:51:09 | 221.305012 | 359.367891 
 4152.4487 | 08739.4118 | 15:51:10 | 221.305012 | 359.367891 
 4152.4487 | 08739.4118 | 15:51:11 | 221.305012 | 359.367891 
 4152.4487 | 08739.4118 | 15:51:12 | 221.305012 | 359.367891 
 4152.4487 | 08739.4118 | 15:51:13 | 221.305012 | 359.367891 
 4152.4487 | 08739.4118 | 15:51:14 | 221.305012 | 359.367891 
 4152.4487 | 08739.4116 | 15:51:15 | 221.305184 | 359.367892 
 4152.4489 | 08739.4115 | 15:51:16 | 221.305268 | 359.368123 
 4152.4493 | 08739.4114 | 15:51:17 | 221.305351 | 359.368584 
 4152.4501 | 08739.4115 | 15:51:18 | 221.305258 | 359.369503 
 4152.4515 | 08739.4119 | 15:51:19 | 221.304901 | 359.371111 
 4152.4534 | 08739.4131 | 15:51:20 | 221.303852 | 359.373288 
 4152.4558 | 08739.4154 | 15:51:21 | 221.301853 | 359.376034 
 4152.4579 | 08739.4192 | 15:51:22 | 221.298567 | 359.378423 
 4152.4594 | 08739.4241 | 15:51:23 | 221.294341 | 359.380115 
 4152.4600 | 08739.4300 | 15:51:24 | 221.289264 | 359.380766 
 4152.4600 | 08739.4366 | 15:51:25 | 221.283590 | 359.380721 
 4152.4598 | 08739.4438 | 15:51:26 | 221.277402 | 359.380442 
 4152.4597 | 08739.4514 | 15:51:27 | 221.270869 | 359.380276 
 4152.4596 | 08739.4593 | 15:51:28 | 221.264078 | 359.380107 
 4152.4595 | 08739.4677 | 15:51:29 | 221.256858 | 359.379935 
 4152.4594 | 08739.4763 | 15:51:30 | 221.249465 | 359.379762 
 4152.4593 | 08739.4853 | 15:51:31 | 221.241729 | 359.379586 
 4152.4592 | 08739.4946 | 15:51:32 | 221.233735 | 359.379408 
 4152.4590 | 08739.5042 | 15:51:33 | 221.225484 | 359.379113 
 4152.4588 | 08739.5138 | 15:51:34 | 221.217232 | 359.378818 
 4152.4587 | 08739.5233 | 15:51:35 | 221.209066 | 359.378639 
 4152.4585 | 08739.5329 | 15:51:36 | 221.200815 | 359.378344 
 4152.4584 | 08739.5425 | 15:51:37 | 221.192563 | 359.378164 
 4152.4583 | 08739.5521 | 15:51:38 | 221.184311 | 359.377985 
 4152.4581 | 08739.5616 | 15:51:39 | 221.176145 | 359.377690 
 4152.4580 | 08739.5708 | 15:51:40 | 221.168237 | 359.377513 
 4152.4579 | 08739.5799 | 15:51:41 | 221.160415 | 359.377337 
 4152.4578 | 08739.5888 | 15:51:42 | 221.152764 | 359.377162 
 4152.4578 | 08739.5976 | 15:51:43 | 221.145199 | 359.377102 
 4152.4578 | 08739.6063 | 15:51:44 | 221.137720 | 359.377044 
 4152.4576 | 08739.6149 | 15:51:45 | 221.130328 | 359.376756 
 4152.4573 | 08739.6233 | 15:51:46 | 221.123110 | 359.376354 
 4152.4571 | 08739.6315 | 15:51:47 | 221.116062 | 359.376069 
 4152.4568 | 08739.6395 | 15:51:48 | 221.109187 | 359.375670 
 4152.4568 | 08739.6475 | 15:51:49 | 221.102310 | 359.375616 
 4152.4566 | 08739.6555 | 15:51:50 | 221.095434 | 359.375332 
 4152.4564 | 08739.6633 | 15:51:51 | 221.088730 | 359.375049 
 4152.4563 | 08739.6706 | 15:51:52 | 221.082455 | 359.374885 
 4152.4562 | 08739.6775 | 15:51:53 | 221.076524 | 359.374724 
 4152.4561 | 08739.6836 | 15:51:54 | 221.071281 | 359.374568 
 4152.4560 | 08739.6889 | 15:51:55 | 221.066726 | 359.374417 
 4152.4559 | 08739.6933 | 15:51:56 | 221.062944 | 359.374272 
 4152.4559 | 08739.6966 | 15:51:57 | 221.060107 | 359.374250 
 4152.4559 | 08739.6987 | 15:51:58 | 221.058301 | 359.374236 
 4152.4558 | 08739.7000 | 15:51:59 | 221.057185 | 359.374112 
 4152.4558 | 08739.7005 | 15:52:00 | 221.056755 | 359.374109 
 4152.4558 | 08739.7008 | 15:52:01 | 221.056497 | 359.374107 
 4152.4558 | 08739.7007 | 15:52:02 | 221.056583 | 359.374107 
 4152.4558 | 08739.7006 | 15:52:03 | 221.056669 | 359.374108 
 4152.4558 | 08739.7006 | 15:52:04 | 221.056669 | 359.374108 
 4152.4558 | 08739.7006 | 15:52:05 | 221.056669 | 359.374108 
 4152.4558 | 08739.7006 | 15:52:06 | 221.056669 | 359.374108 
 4152.4558 | 08739.7006 | 15:52:07 | 221.056669 | 359.374108 
 4152.4558 | 08739.7006 | 15:52:08 | 221.056669 | 359.374108 
 4152.4558 | 08739.7006 | 15:52:09 | 221.056669 | 359.374108 
 4152.4558 | 08739.7006 | 15:52:10 | 221.056669 | 359.374108 
 4152.4558 | 08739.7006 | 15:52:11 | 221.056669 | 359.374108 
 4152.4558 | 08739.7006 | 15:52:12 | 221.056669 | 359.374108 
 4152.4558 | 08739.7006 | 15:52:13 | 221.056669 | 359.374108 
 4152.4558 | 08739.7006 | 15:52:14 | 221.056669 | 359.374108 
 4152.4558 | 08739.7006 | 15:52:15 | 221.056669 | 359.374108 
 4152.4558 | 08739.7006 | 15:52:16 | 221.056669 | 359.374108 
 4152.4558 | 08739.7006 | 15:52:17 | 221.056669 | 359.374108 
 4152.4558 | 08739.7006 | 15:52:18 | 221.056669 | 359.374108 
 4152.4558 | 08739.7006 | 15:52:19 | 221.056669 | 359.374108 
 4152.4558 | 08739.7006 | 15:52:20 | 221.056669 | 359.374108 
 4152.4558 | 08739.7006 | 15:52:21 | 221.056669 | 359.374108 
 4152.4558 | 08739.7006 | 15:52:22 | 221.056669 | 359.374108 
 4152.4558 | 08739.7006 | 15:52:23 | 221.056669 | 359.374108 
 4152.4558 | 08739.7006 | 15:52:24 | 221.056669 | 359.374108 
 4152.4558 | 08739.7006 | 15:52:25 | 221.056669 | 359.374108 
 4152.4565 | 08739.6997 | 15:52:26 | 221.057436 | 359.374919 
 4152.4565 | 08739.7006 | 15:52:27 | 221.056663 | 359.374913 
 4152.4564 | 08739.7028 | 15:52:28 | 221.054772 | 359.374783 
 4152.4564 | 08739.7061 | 15:52:29 | 221.051935 | 359.374761 
 4152.4563 | 08739.7105 | 15:52:30 | 221.048153 | 359.374617 
 4152.4561 | 08739.7157 | 15:52:31 | 221.043685 | 359.374352 
 4152.4559 | 08739.7217 | 15:52:32 | 221.038529 | 359.374081 
 4152.4558 | 08739.7286 | 15:52:33 | 221.032598 | 359.373920 
 4152.4556 | 08739.7361 | 15:52:34 | 221.026152 | 359.373639 
 4152.4556 | 08739.7441 | 15:52:35 | 221.019274 | 359.373586 
 4152.4555 | 08739.7524 | 15:52:36 | 221.012140 | 359.373415 
 4152.4554 | 08739.7613 | 15:52:37 | 221.004489 | 359.373240 
 4152.4552 | 08739.7705 | 15:52:38 | 220.996582 | 359.372948 
 4152.4550 | 08739.7800 | 15:52:39 | 220.988417 | 359.372654 
 4152.4550 | 08739.7899 | 15:52:40 | 220.979906 | 359.372588 
 4152.4551 | 08739.7999 | 15:52:41 | 220.971308 | 359.372636 
 4152.4553 | 08739.8098 | 15:52:42 | 220.962795 | 359.372799 
 4152.4555 | 08739.8198 | 15:52:43 | 220.954196 | 359.372962 
 4152.4557 | 08739.8298 | 15:52:44 | 220.945598 | 359.373125 
 4152.4558 | 08739.8399 | 15:52:45 | 220.936914 | 359.373173 
 4152.4560 | 08739.8503 | 15:52:46 | 220.927971 | 359.373333 
 4152.4562 | 08739.8607 | 15:52:47 | 220.919029 | 359.373493 
 4152.4564 | 08739.8710 | 15:52:48 | 220.910172 | 359.373654 
 4152.4565 | 08739.8812 | 15:52:49 | 220.901402 | 359.373701 
 4152.4567 | 08739.8912 | 15:52:50 | 220.892804 | 359.373864 
 4152.4569 | 08739.9009 | 15:52:51 | 220.884463 | 359.374029 
 4152.4570 | 08739.9105 | 15:52:52 | 220.876209 | 359.374080 
 4152.4571 | 08739.9198 | 15:52:53 | 220.868213 | 359.374133 
 4152.4570 | 08739.9287 | 15:52:54 | 220.860562 | 359.373958 
 4152.4568 | 08739.9372 | 15:52:55 | 220.853257 | 359.373671 
 4152.4566 | 08739.9451 | 15:52:56 | 220.846467 | 359.373388 
 4152.4564 | 08739.9523 | 15:52:57 | 220.840279 | 359.373110 
 4152.4564 | 08739.9585 | 15:52:58 | 220.834949 | 359.373069 
 4152.4563 | 08739.9638 | 15:52:59 | 220.830394 | 359.372918 
 4152.4562 | 08739.9685 | 15:53:00 | 220.826354 | 359.372772 
 4152.4561 | 08739.9725 | 15:53:01 | 220.822916 | 359.372630 
 4152.4560 | 08739.9756 | 15:53:02 | 220.820252 | 359.372494 
 4152.4559 | 08739.9775 | 15:53:03 | 220.818619 | 359.372367 
 4152.4558 | 08739.9788 | 15:53:04 | 220.817503 | 359.372243 
 4152.4558 | 08739.9795 | 15:53:05 | 220.816901 | 359.372238 
 4152.4557 | 08739.9798 | 15:53:06 | 220.816644 | 359.372121 
 4152.4557 | 08739.9798 | 15:53:07 | 220.816644 | 359.372121 
 4152.4557 | 08739.9797 | 15:53:08 | 220.816730 | 359.372122 
 4152.4557 | 08739.9797 | 15:53:09 | 220.816730 | 359.372122 
 4152.4557 | 08739.9797 | 15:53:10 | 220.816730 | 359.372122 
 4152.4557 | 08739.9797 | 15:53:11 | 220.816730 | 359.372122 
 4152.4557 | 08739.9797 | 15:53:12 | 220.816730 | 359.372122 
 4152.4557 | 08739.9797 | 15:53:13 | 220.816730 | 359.372122 
 4152.4557 | 08739.9797 | 15:53:14 | 220.816730 | 359.372122 
 4152.4557 | 08739.9797 | 15:53:15 | 220.816730 | 359.372122 
 4152.4557 | 08739.9797 | 15:53:16 | 220.816730 | 359.372122 
 4152.4557 | 08739.9797 | 15:53:17 | 220.816730 | 359.372122 
 4152.4557 | 08739.9797 | 15:53:18 | 220.816730 | 359.372122 
 4152.4557 | 08739.9797 | 15:53:19 | 220.816730 | 359.372122 
 4152.4557 | 08739.9797 | 15:53:20 | 220.816730 | 359.372122 
 4152.4557 | 08739.9797 | 15:53:21 | 220.816730 | 359.372122 
 4152.4557 | 08739.9797 | 15:53:22 | 220.816730 | 359.372122 
 4152.4553 | 08739.9786 | 15:53:23 | 220.817679 | 359.371669 
 4152.4553 | 08739.9800 | 15:53:24 | 220.816475 | 359.371660 
 4152.4553 | 08739.9828 | 15:53:25 | 220.814068 | 359.371641 
 4152.4553 | 08739.9866 | 15:53:26 | 220.810802 | 359.371616 
 4152.4553 | 08739.9912 | 15:53:27 | 220.806847 | 359.371585 
 4152.4552 | 08739.9966 | 15:53:28 | 220.802205 | 359.371434 
 4152.4551 | 08740.0027 | 15:53:29 | 220.796962 | 359.371278 
 4152.4551 | 08740.0096 | 15:53:30 | 220.791030 | 359.371232 
 4152.4551 | 08740.0172 | 15:53:31 | 220.784497 | 359.371181 
 4152.4550 | 08740.0255 | 15:53:32 | 220.777362 | 359.371011 
 4152.4547 | 08740.0342 | 15:53:33 | 220.769886 | 359.370608 
 4152.4542 | 08740.0432 | 15:53:34 | 220.762153 | 359.369973 
 4152.4538 | 08740.0527 | 15:53:35 | 220.753989 | 359.369449 
 4152.4534 | 08740.0625 | 15:53:36 | 220.745568 | 359.368924 
 4152.4530 | 08740.0726 | 15:53:37 | 220.736889 | 359.368396 
 4152.4527 | 08740.0827 | 15:53:38 | 220.728208 | 359.367984 
 4152.4524 | 08740.0924 | 15:53:39 | 220.719872 | 359.367574 
 4152.4521 | 08740.1099 | 15:53:41 | 220.704830 | 359.367113 
 4152.4524 | 08740.1174 | 15:53:42 | 220.698380 | 359.367408 
 4152.4545 | 08740.1246 | 15:53:43 | 220.692171 | 359.369775 
 4152.4562 | 08740.1306 | 15:53:44 | 220.686998 | 359.371691 
 4152.4536 | 08740.1319 | 15:53:45 | 220.685903 | 359.368692 
 4152.4537 | 08740.1334 | 15:53:46 | 220.684613 | 359.368797 
 4152.4536 | 08740.1341 | 15:53:47 | 220.684012 | 359.368677 
 4152.4541 | 08740.1350 | 15:53:48 | 220.683234 | 359.369246 
 4152.4545 | 08740.1357 | 15:53:49 | 220.682629 | 359.369702 
 4152.4550 | 08740.1363 | 15:53:50 | 220.682108 | 359.370273 
 4152.4554 | 08740.1366 | 15:53:51 | 220.681847 | 359.370731 
 4152.4566 | 08740.1373 | 15:53:52 | 220.681234 | 359.372106 
 4152.4580 | 08740.1380 | 15:53:53 | 220.680620 | 359.373712 
 4152.4593 | 08740.1386 | 15:53:54 | 220.680093 | 359.375203 
 4152.4567 | 08740.1369 | 15:53:55 | 220.681577 | 359.372224 
 4152.4563 | 08740.1366 | 15:53:56 | 220.681839 | 359.371766 
 4152.4561 | 08740.1363 | 15:53:57 | 220.682099 | 359.371538 
 4152.4561 | 08740.1363 | 15:53:58 | 220.682099 | 359.371538 
 4152.4570 | 08740.1366 | 15:53:59 | 220.681833 | 359.372571 
 4152.4575 | 08740.1368 | 15:54:00 | 220.681656 | 359.373145 
 4152.4580 | 08740.1370 | 15:54:01 | 220.681480 | 359.373719 
 4152.4586 | 08740.1372 | 15:54:02 | 220.681303 | 359.374408 
 4152.4592 | 08740.1374 | 15:54:03 | 220.681125 | 359.375096 
 4152.4575 | 08740.1364 | 15:54:04 | 220.682000 | 359.373148 
 4152.4578 | 08740.1371 | 15:54:05 | 220.681396 | 359.373488 
 4152.4589 | 08740.1391 | 15:54:06 | 220.679666 | 359.374740 
 4152.4587 | 08740.1420 | 15:54:07 | 220.677175 | 359.374491 
 4152.4594 | 08740.1465 | 15:54:08 | 220.673300 | 359.375266 
 4152.4601 | 08740.1519 | 15:54:09 | 220.668652 | 359.376035 
 4152.4600 | 08740.1575 | 15:54:10 | 220.663838 | 359.375883 
 4152.4601 | 08740.1641 | 15:54:11 | 220.658163 | 359.375954 
 4152.4599 | 08740.1713 | 15:54:12 | 220.651975 | 359.375676 
 4152.4595 | 08740.1786 | 15:54:13 | 220.645703 | 359.375167 
 4152.4586 | 08740.1942 | 15:54:15 | 220.632300 | 359.374029 
 4152.4603 | 08740.2026 | 15:54:16 | 220.625064 | 359.375928 
 4152.4615 | 08740.2109 | 15:54:17 | 220.617918 | 359.377253 
 4152.4625 | 08740.2192 | 15:54:18 | 220.610773 | 359.378348 
 4152.4639 | 08740.2268 | 15:54:19 | 220.604227 | 359.379908 
 4152.4649 | 08740.2339 | 15:54:20 | 220.598114 | 359.381012 
 4152.4637 | 08740.2447 | 15:54:21 | 220.588840 | 359.379560 
 4152.4649 | 08740.2613 | 15:54:23 | 220.574559 | 359.380830 
 4152.4655 | 08740.2695 | 15:54:24 | 220.567504 | 359.381465 
 4152.4674 | 08740.2773 | 15:54:25 | 220.560782 | 359.383599 
 4152.4690 | 08740.2834 | 15:54:26 | 220.555523 | 359.385399 
 4152.4764 | 08740.2967 | 15:54:27 | 220.544024 | 359.393823 
 4152.4800 | 08740.3020 | 15:54:28 | 220.539436 | 359.397929 
 4152.4824 | 08740.3060 | 15:54:29 | 220.535976 | 359.400663 
 4152.4845 | 08740.3089 | 15:54:30 | 220.533464 | 359.403059 
 4152.4856 | 08740.3103 | 15:54:31 | 220.532251 | 359.404315 
 4152.4443 | 08740.2826 | 15:54:32 | 220.556430 | 359.356993 
 4152.4444 | 08740.2828 | 15:54:33 | 220.556257 | 359.357107 
 4152.4462 | 08740.2871 | 15:54:34 | 220.552545 | 359.359149 
 4152.4462 | 08740.2874 | 15:54:35 | 220.552287 | 359.359147 
 4152.4466 | 08740.2880 | 15:54:36 | 220.551768 | 359.359603 
 4152.4469 | 08740.2886 | 15:54:37 | 220.551249 | 359.359944 
 4152.4473 | 08740.2897 | 15:54:38 | 220.550300 | 359.360397 
 4152.4480 | 08740.2907 | 15:54:39 | 220.549434 | 359.361195 
 4152.4483 | 08740.2922 | 15:54:40 | 220.548142 | 359.361531 
 4152.4488 | 08740.2952 | 15:54:41 | 220.545558 | 359.362086 
 4152.4474 | 08740.2967 | 15:54:42 | 220.544281 | 359.360466 
 4152.4464 | 08740.2997 | 15:54:43 | 220.541711 | 359.359295 
 4152.4468 | 08740.3050 | 15:54:44 | 220.537151 | 359.359720 
 4152.4469 | 08740.3094 | 15:54:45 | 220.533367 | 359.359806 
 4152.4471 | 08740.3158 | 15:54:46 | 220.527864 | 359.359994 
 4152.4471 | 08740.3216 | 15:54:47 | 220.522877 | 359.359955 
 4152.4472 | 08740.3286 | 15:54:48 | 220.516859 | 359.360024 
 4152.4472 | 08740.3362 | 15:54:49 | 220.510325 | 359.359974 
 4152.4473 | 08740.3445 | 15:54:50 | 220.503189 | 359.360034 
 4152.4473 | 08740.3533 | 15:54:51 | 220.495623 | 359.359976 
 4152.4474 | 08740.3628 | 15:54:52 | 220.487455 | 359.360028 
 4152.4474 | 08740.3725 | 15:54:53 | 220.479116 | 359.359964 
 4152.4473 | 08740.3820 | 15:54:54 | 220.470950 | 359.359786 
 4152.4469 | 08740.3913 | 15:54:55 | 220.462959 | 359.359264 
 4152.4465 | 08740.4001 | 15:54:56 | 220.455397 | 359.358746 
 4152.4463 | 08740.4088 | 15:54:57 | 220.447919 | 359.358458 
 4152.4464 | 08740.4168 | 15:54:58 | 220.441041 | 359.358520 
 4152.4466 | 08740.4237 | 15:54:59 | 220.435107 | 359.358705 
 4152.4467 | 08740.4289 | 15:55:00 | 220.430636 | 359.358786 
 4152.4472 | 08740.4346 | 15:55:01 | 220.425731 | 359.359323 
 4152.4471 | 08740.4402 | 15:55:02 | 220.420918 | 359.359171 
 4152.4473 | 08740.4460 | 15:55:03 | 220.415930 | 359.359363 
 4152.4470 | 08740.4519 | 15:55:04 | 220.410860 | 359.358979 
 4152.4471 | 08740.4577 | 15:55:05 | 220.405873 | 359.359056 
 4152.4472 | 08740.4634 | 15:55:06 | 220.400972 | 359.359133 
 4152.4472 | 08740.4685 | 15:55:07 | 220.396588 | 359.359099 
 4152.4471 | 08740.4727 | 15:55:08 | 220.392978 | 359.358957 
 4152.4470 | 08740.4752 | 15:55:09 | 220.390829 | 359.358825 
 4152.4470 | 08740.4765 | 15:55:10 | 220.389712 | 359.358816 
 4152.4469 | 08740.4769 | 15:55:11 | 220.389369 | 359.358699 
 4152.4468 | 08740.4771 | 15:55:12 | 220.389198 | 359.358582 
 4152.4466 | 08740.4772 | 15:55:13 | 220.389113 | 359.358352 
 4152.4466 | 08740.4771 | 15:55:14 | 220.389199 | 359.358352 
 4152.4466 | 08740.4771 | 15:55:15 | 220.389199 | 359.358352 
 4152.4466 | 08740.4771 | 15:55:16 | 220.389199 | 359.358352 
 4152.4460 | 08740.4772 | 15:55:17 | 220.389119 | 359.357662 
 4152.4457 | 08740.4782 | 15:55:18 | 220.388262 | 359.357310 
 4152.4456 | 08740.4805 | 15:55:19 | 220.386285 | 359.357180 
 4152.4455 | 08740.4841 | 15:55:20 | 220.383191 | 359.357041 
 4152.4452 | 08740.4889 | 15:55:21 | 220.379067 | 359.356664 
 4152.4452 | 08740.4948 | 15:55:22 | 220.373995 | 359.356625 
 4152.4452 | 08740.5017 | 15:55:23 | 220.368063 | 359.356580 
 4152.4453 | 08740.5093 | 15:55:24 | 220.361529 | 359.356645 
 4152.4452 | 08740.5177 | 15:55:25 | 220.354308 | 359.356474 
 4152.4451 | 08740.5264 | 15:55:26 | 220.346830 | 359.356302 
 4152.4451 | 08740.5360 | 15:55:27 | 220.338577 | 359.356239 
 4152.4452 | 08740.5463 | 15:55:28 | 220.329721 | 359.356286 
 4152.4452 | 08740.5572 | 15:55:29 | 220.320350 | 359.356214 
 4152.4451 | 08740.5685 | 15:55:30 | 220.310637 | 359.356025 
 4152.4449 | 08740.5802 | 15:55:31 | 220.300580 | 359.355718 
 4152.4447 | 08740.5923 | 15:55:32 | 220.290179 | 359.355408 
 4152.4443 | 08740.6043 | 15:55:33 | 220.279867 | 359.354869 
 4152.4439 | 08740.6164 | 15:55:34 | 220.269468 | 359.354329 
 4152.4437 | 08740.6284 | 15:55:35 | 220.259153 | 359.354020 
 4152.4436 | 08740.6403 | 15:55:36 | 220.248924 | 359.353827 
 4152.4435 | 08740.6522 | 15:55:37 | 220.238694 | 359.353634 
 4152.4434 | 08740.6641 | 15:55:38 | 220.228465 | 359.353441 
 4152.4432 | 08740.6763 | 15:55:39 | 220.217978 | 359.353131 
 4152.4430 | 08740.6886 | 15:55:40 | 220.207406 | 359.352820 
 4152.4428 | 08740.7011 | 15:55:41 | 220.196661 | 359.352508 
 4152.4427 | 08740.7138 | 15:55:42 | 220.185744 | 359.352309 
 4152.4426 | 08740.7268 | 15:55:43 | 220.174569 | 359.352109 
 4152.4424 | 08740.7398 | 15:55:44 | 220.163395 | 359.351794 
 4152.4423 | 08740.7528 | 15:55:45 | 220.152220 | 359.351594 
 4152.4422 | 08740.7658 | 15:55:46 | 220.141044 | 359.351394 
 4152.4421 | 08740.7787 | 15:55:47 | 220.129955 | 359.351194 
 4152.4420 | 08740.7915 | 15:55:48 | 220.118952 | 359.350995 
 4152.4419 | 08740.8038 | 15:55:49 | 220.108379 | 359.350800 
 4152.4418 | 08740.8155 | 15:55:50 | 220.098321 | 359.350608 
 4152.4416 | 08740.8268 | 15:55:51 | 220.088608 | 359.350304 
 4152.4414 | 08740.8374 | 15:55:52 | 220.079497 | 359.350005 
 4152.4411 | 08740.8473 | 15:55:53 | 220.070989 | 359.349595 
 4152.4409 | 08740.8561 | 15:55:54 | 220.063425 | 359.349307 
 4152.4407 | 08740.8636 | 15:55:55 | 220.056979 | 359.349028 
 4152.4406 | 08740.8696 | 15:55:56 | 220.051822 | 359.348874 
 4152.4405 | 08740.8740 | 15:55:57 | 220.048040 | 359.348730 
 4152.4405 | 08740.8771 | 15:55:58 | 220.045375 | 359.348710 
 4152.4405 | 08740.8796 | 15:55:59 | 220.043226 | 359.348694 
 4152.4405 | 08740.8824 | 15:56:00 | 220.040819 | 359.348676 
 4152.4406 | 08740.8861 | 15:56:01 | 220.037637 | 359.348766 
 4152.4406 | 08740.8907 | 15:56:02 | 220.033683 | 359.348736 
 4152.4407 | 08740.8960 | 15:56:03 | 220.029125 | 359.348817 
 4152.4405 | 08740.9021 | 15:56:04 | 220.023883 | 359.348547 
 4152.4402 | 08740.9091 | 15:56:05 | 220.017868 | 359.348156 
 4152.4400 | 08740.9168 | 15:56:06 | 220.011250 | 359.347876 
 4152.4399 | 08740.9251 | 15:56:07 | 220.004115 | 359.347707 
 4152.4399 | 08740.9337 | 15:56:08 | 219.996722 | 359.347651 
 4152.4398 | 08740.9428 | 15:56:09 | 219.988899 | 359.347476 
 4152.4397 | 08740.9519 | 15:56:10 | 219.981077 | 359.347302 
 4152.4395 | 08740.9610 | 15:56:11 | 219.973256 | 359.347013 
 4152.4394 | 08740.9696 | 15:56:12 | 219.965863 | 359.346842 
 4152.4392 | 08740.9781 | 15:56:13 | 219.958557 | 359.346556 
 4152.4391 | 08740.9866 | 15:56:14 | 219.951251 | 359.346386 
 4152.4389 | 08740.9953 | 15:56:15 | 219.943773 | 359.346099 
 4152.4388 | 08741.0037 | 15:56:16 | 219.936553 | 359.345929 
 4152.4388 | 08741.0115 | 15:56:17 | 219.929847 | 359.345879 
 4152.4386 | 08741.0180 | 15:56:18 | 219.924261 | 359.345606 
 4152.4384 | 08741.0230 | 15:56:19 | 219.919964 | 359.345344 
 4152.4376 | 08741.0269 | 15:56:20 | 219.916618 | 359.344398 
 4152.4359 | 08741.0302 | 15:56:21 | 219.913796 | 359.342421 
 4152.4334 | 08741.0323 | 15:56:22 | 219.912012 | 359.339532 
 4152.4302 | 08741.0331 | 15:56:23 | 219.911352 | 359.335846 
 4152.4264 | 08741.0332 | 15:56:24 | 219.911300 | 359.331474 
 4152.4220 | 08741.0330 | 15:56:25 | 219.911510 | 359.326414 
 4152.4169 | 08741.0326 | 15:56:26 | 219.911898 | 359.320551 
 4152.4114 | 08741.0324 | 15:56:27 | 219.912118 | 359.314226 
 4152.4055 | 08741.0322 | 15:56:28 | 219.912341 | 359.307440 
 4152.3993 | 08741.0320 | 15:56:29 | 219.912567 | 359.300310 
 4152.3928 | 08741.0318 | 15:56:30 | 219.912796 | 359.292835 
 4152.3861 | 08741.0314 | 15:56:31 | 219.913198 | 359.285131 
 4152.3794 | 08741.0310 | 15:56:32 | 219.913600 | 359.277427 
 4152.3724 | 08741.0306 | 15:56:33 | 219.914005 | 359.269377 
 4152.3652 | 08741.0304 | 15:56:34 | 219.914239 | 359.261097 
 4152.3577 | 08741.0301 | 15:56:35 | 219.914563 | 359.252472 
 4152.3501 | 08741.0298 | 15:56:36 | 219.914887 | 359.243732 
 4152.3425 | 08741.0294 | 15:56:37 | 219.915297 | 359.234993 
 4152.3351 | 08741.0291 | 15:56:38 | 219.915619 | 359.226483 
 4152.3278 | 08741.0287 | 15:56:39 | 219.916026 | 359.218089 
 4152.3208 | 08741.0285 | 15:56:40 | 219.916259 | 359.210038 
 4152.3140 | 08741.0281 | 15:56:41 | 219.916662 | 359.202219 
 4152.3076 | 08741.0277 | 15:56:42 | 219.917062 | 359.194860 
 4152.3016 | 08741.0274 | 15:56:43 | 219.917372 | 359.187960 
 4152.2959 | 08741.0271 | 15:56:44 | 219.917680 | 359.181406 
 4152.2922 | 08741.0273 | 15:56:45 | 219.917540 | 359.177149 
 4152.2890 | 08741.0272 | 15:56:46 | 219.917654 | 359.173469 
 4152.2867 | 08741.0271 | 15:56:47 | 219.917760 | 359.170824 
 4152.2845 | 08741.0264 | 15:56:48 | 219.918381 | 359.168298 
 4152.2826 | 08741.0248 | 15:56:49 | 219.919773 | 359.166123 
 4152.2809 | 08741.0215 | 15:56:50 | 219.922625 | 359.164189 
 4152.2802 | 08741.0171 | 15:56:51 | 219.926414 | 359.163412 
 4152.2801 | 08741.0122 | 15:56:52 | 219.930627 | 359.163329 
 4152.2802 | 08741.0069 | 15:56:53 | 219.935183 | 359.163478 
 4152.2803 | 08741.0009 | 15:56:54 | 219.940340 | 359.163633 
 4152.2805 | 08740.9947 | 15:56:55 | 219.945669 | 359.163903 
 4152.2806 | 08740.9883 | 15:56:56 | 219.951170 | 359.164060 
 4152.2806 | 08740.9822 | 15:56:57 | 219.956415 | 359.164099 
 4152.2807 | 08740.9766 | 15:56:58 | 219.961228 | 359.164251 
 4152.2809 | 08740.9715 | 15:56:59 | 219.965611 | 359.164514 
 4152.2811 | 08740.9670 | 15:57:00 | 219.969478 | 359.164774 
 4152.2814 | 08740.9631 | 15:57:01 | 219.972829 | 359.165144 
 4152.2815 | 08740.9596 | 15:57:02 | 219.975837 | 359.165282 
 4152.2816 | 08740.9569 | 15:57:03 | 219.978157 | 359.165414 
 4152.2813 | 08740.9547 | 15:57:04 | 219.980051 | 359.165084 
 4152.2804 | 08740.9530 | 15:57:05 | 219.981521 | 359.164060 
 4152.2788 | 08740.9517 | 15:57:06 | 219.982652 | 359.162228 
 4152.2764 | 08740.9508 | 15:57:07 | 219.983447 | 359.159473 
 4152.2734 | 08740.9502 | 15:57:08 | 219.983989 | 359.156026 
 4152.2698 | 08740.9499 | 15:57:09 | 219.984278 | 359.151887 
 4152.2658 | 08740.9499 | 15:57:10 | 219.984313 | 359.147286 
 4152.2615 | 08740.9499 | 15:57:11 | 219.984351 | 359.142340 
 4152.2568 | 08740.9498 | 15:57:12 | 219.984478 | 359.136935 
 4152.2519 | 08740.9497 | 15:57:13 | 219.984606 | 359.131299 
 4152.2468 | 08740.9496 | 15:57:14 | 219.984737 | 359.125433 
 4152.2416 | 08740.9495 | 15:57:15 | 219.984868 | 359.119453 
 4152.2363 | 08740.9493 | 15:57:16 | 219.985086 | 359.113358 
 4152.2311 | 08740.9490 | 15:57:17 | 219.985390 | 359.107378 
 4152.2259 | 08740.9488 | 15:57:18 | 219.985607 | 359.101398 
 4152.2209 | 08740.9486 | 15:57:19 | 219.985822 | 359.095648 
 4152.2163 | 08740.9486 | 15:57:20 | 219.985862 | 359.090357 
 4152.2121 | 08740.9486 | 15:57:21 | 219.985899 | 359.085526 
 4152.2082 | 08740.9486 | 15:57:22 | 219.985933 | 359.081040 
 4152.2047 | 08740.9485 | 15:57:23 | 219.986050 | 359.077015 
 4152.2017 | 08740.9484 | 15:57:24 | 219.986162 | 359.073565 
 4152.1993 | 08740.9484 | 15:57:25 | 219.986183 | 359.070804 
 4152.1975 | 08740.9484 | 15:57:26 | 219.986198 | 359.068734 
 4152.1960 | 08740.9484 | 15:57:27 | 219.986211 | 359.067008 
 4152.1948 | 08740.9485 | 15:57:28 | 219.986136 | 359.065627 
 4152.1939 | 08740.9486 | 15:57:29 | 219.986058 | 359.064592 
 4152.1930 | 08740.9487 | 15:57:30 | 219.985980 | 359.063556 
 4152.1922 | 08740.9488 | 15:57:31 | 219.985901 | 359.062635 
 4152.1914 | 08740.9489 | 15:57:32 | 219.985822 | 359.061714 
 4152.1907 | 08740.9490 | 15:57:33 | 219.985742 | 359.060908 
 4152.1898 | 08740.9489 | 15:57:34 | 219.985836 | 359.059874 
 4152.1886 | 08740.9487 | 15:57:35 | 219.986018 | 359.058495 
 4152.1870 | 08740.9484 | 15:57:36 | 219.986290 | 359.056656 
 4152.1851 | 08740.9481 | 15:57:37 | 219.986564 | 359.054473 
 4152.1830 | 08740.9479 | 15:57:38 | 219.986755 | 359.052058 
 4152.1812 | 08740.9481 | 15:57:39 | 219.986598 | 359.049987 
 4152.1798 | 08740.9486 | 15:57:40 | 219.986181 | 359.048373 
 4152.1790 | 08740.9492 | 15:57:41 | 219.985672 | 359.047449 
 4152.1786 | 08740.9495 | 15:57:42 | 219.985418 | 359.046987 
 4152.1782 | 08740.9497 | 15:57:43 | 219.985249 | 359.046525 
 4152.1779 | 08740.9498 | 15:57:44 | 219.985166 | 359.046180 
 4152.1777 | 08740.9498 | 15:57:45 | 219.985167 | 359.045950 
 4152.1774 | 08740.9498 | 15:57:46 | 219.985170 | 359.045605 
 4152.1771 | 08740.9499 | 15:57:47 | 219.985087 | 359.045259 
 4152.1768 | 08740.9499 | 15:57:48 | 219.985089 | 359.044914 
 4152.1765 | 08740.9498 | 15:57:49 | 219.985178 | 359.044569 
 4152.1763 | 08740.9498 | 15:57:50 | 219.985180 | 359.044339 
 4152.1761 | 08740.9498 | 15:57:51 | 219.985181 | 359.044109 
 4152.1759 | 08740.9497 | 15:57:52 | 219.985269 | 359.043880 
 4152.1759 | 08740.9497 | 15:57:53 | 219.985269 | 359.043880 
 4152.1759 | 08740.9497 | 15:57:54 | 219.985269 | 359.043880 
 4152.1759 | 08740.9497 | 15:57:55 | 219.985269 | 359.043880 
 4152.1759 | 08740.9497 | 15:57:56 | 219.985269 | 359.043880 
 4152.1759 | 08740.9497 | 15:57:57 | 219.985269 | 359.043880 
 4152.1759 | 08740.9497 | 15:57:58 | 219.985269 | 359.043880 
 4152.1759 | 08740.9497 | 15:57:59 | 219.985269 | 359.043880 
 4152.1759 | 08740.9497 | 15:58:00 | 219.985269 | 359.043880 
 4152.1759 | 08740.9497 | 15:58:01 | 219.985269 | 359.043880 
 4152.1759 | 08740.9497 | 15:58:02 | 219.985269 | 359.043880 
 4152.1770 | 08740.9502 | 15:58:03 | 219.984830 | 359.045142 
 4152.1771 | 08740.9503 | 15:58:04 | 219.984743 | 359.045256 
 4152.1770 | 08740.9507 | 15:58:05 | 219.984400 | 359.045139 
 4152.1770 | 08740.9511 | 15:58:06 | 219.984056 | 359.045136 
 4152.1770 | 08740.9513 | 15:58:07 | 219.983884 | 359.045135 
 4152.1770 | 08740.9512 | 15:58:08 | 219.983970 | 359.045135 
 4152.1769 | 08740.9513 | 15:58:09 | 219.983885 | 359.045020 
 4152.1769 | 08740.9513 | 15:58:10 | 219.983885 | 359.045020 
 4152.1769 | 08740.9513 | 15:58:11 | 219.983885 | 359.045020 
 4152.1769 | 08740.9513 | 15:58:12 | 219.983885 | 359.045020 
 4152.1769 | 08740.9513 | 15:58:13 | 219.983885 | 359.045020 
 4152.1761 | 08740.9501 | 15:58:14 | 219.984923 | 359.044107 
 4152.1767 | 08740.9508 | 15:58:15 | 219.984316 | 359.044793 
 4152.1762 | 08740.9505 | 15:58:16 | 219.984579 | 359.044220 
 4152.1761 | 08740.9506 | 15:58:17 | 219.984494 | 359.044104 
 4152.1761 | 08740.9506 | 15:58:18 | 219.984494 | 359.044104 
 4152.1766 | 08740.9506 | 15:58:19 | 219.984489 | 359.044679 
 4152.1766 | 08740.9503 | 15:58:20 | 219.984747 | 359.044681 
 4152.1775 | 08740.9503 | 15:58:21 | 219.984739 | 359.045716 
 4152.1776 | 08740.9499 | 15:58:22 | 219.985082 | 359.045834 
 4152.1779 | 08740.9495 | 15:58:23 | 219.985424 | 359.046182 
 4152.1771 | 08740.9491 | 15:58:24 | 219.985775 | 359.045264 
 4152.1770 | 08740.9489 | 15:58:25 | 219.985947 | 359.045150 
 4152.1766 | 08740.9487 | 15:58:26 | 219.986123 | 359.044692 
 4152.1762 | 08740.9485 | 15:58:27 | 219.986298 | 359.044233 
 4152.1758 | 08740.9483 | 15:58:28 | 219.986474 | 359.043774 
 4152.1755 | 08740.9480 | 15:58:29 | 219.986734 | 359.043431 
 4152.1752 | 08740.9475 | 15:58:30 | 219.987167 | 359.043089 
 4152.1750 | 08740.9473 | 15:58:31 | 219.987340 | 359.042860 
 4152.1750 | 08740.9473 | 15:58:32 | 219.987340 | 359.042860 
 4152.1751 | 08740.9472 | 15:58:33 | 219.987425 | 359.042976 
 4152.1755 | 08740.9474 | 15:58:34 | 219.987250 | 359.043435 
 4152.1753 | 08740.9474 | 15:58:35 | 219.987252 | 359.043205 
 4152.1885 | 08740.9546 | 15:58:36 | 219.980946 | 359.058341 
 4152.1863 | 08740.9531 | 15:58:37 | 219.982255 | 359.055820 
 4152.1855 | 08740.9530 | 15:58:38 | 219.982348 | 359.054901 
 4152.1853 | 08740.9529 | 15:58:39 | 219.982436 | 359.054671 
 4152.1853 | 08740.9529 | 15:58:40 | 219.982436 | 359.054671 
 4152.1850 | 08740.9535 | 15:58:41 | 219.981923 | 359.054322 
 4152.1848 | 08740.9536 | 15:58:42 | 219.981838 | 359.054092 
 4152.1843 | 08740.9532 | 15:58:43 | 219.982187 | 359.053519 
 4152.1837 | 08740.9529 | 15:58:44 | 219.982450 | 359.052831 
 4152.1829 | 08740.9527 | 15:58:45 | 219.982629 | 359.051912 
 4152.1823 | 08740.9528 | 15:58:46 | 219.982548 | 359.051221 
 4152.1817 | 08740.9529 | 15:58:47 | 219.982467 | 359.050530 
 4152.1808 | 08740.9523 | 15:58:48 | 219.982991 | 359.049499 
 4152.1785 | 08740.9512 | 15:58:49 | 219.983957 | 359.046861 
 4152.1781 | 08740.9512 | 15:58:50 | 219.983960 | 359.046401 
 4152.1776 | 08740.9511 | 15:58:51 | 219.984051 | 359.045826 
 4152.1770 | 08740.9507 | 15:58:52 | 219.984400 | 359.045139 
 4152.1765 | 08740.9504 | 15:58:53 | 219.984662 | 359.044565 
 4152.1760