 4152.1419 | 08740.9633 | 10:03:26 | 219.973873 | 359.004683 
 4152.1433 | 08740.9572 | 10:03:27 | 219.979105 | 359.006333 
 4152.1431 | 08740.9580 | 10:03:28 | 219.978419 | 359.006097 
 4152.1437 | 08740.9595 | 10:03:29 | 219.977124 | 359.006778 
 4152.1445 | 08740.9612 | 10:03:30 | 219.975656 | 359.007687 
 4152.1453 | 08740.9630 | 10:03:31 | 219.974101 | 359.008595 
 4152.1459 | 08740.9645 | 10:03:32 | 219.972806 | 359.009276 
 4152.1459 | 08740.9648 | 10:03:33 | 219.972548 | 359.009274 
 4152.1464 | 08740.9659 | 10:03:34 | 219.971598 | 359.009842 
 4152.1465 | 08740.9661 | 10:03:35 | 219.971425 | 359.009956 
 4152.1466 | 08740.9662 | 10:03:36 | 219.971339 | 359.010070 
 4152.1467 | 08740.9663 | 10:03:37 | 219.971252 | 359.010184 
 4152.1462 | 08740.9663 | 10:03:38 | 219.971256 | 359.009609 
 4152.1461 | 08740.9664 | 10:03:39 | 219.971171 | 359.009493 
 4152.1461 | 08740.9664 | 10:03:40 | 219.971171 | 359.009493 
 4152.1461 | 08740.9669 | 10:03:41 | 219.970741 | 359.009490 
 4152.1462 | 08740.9672 | 10:03:42 | 219.970482 | 359.009603 
 4152.1461 | 08740.9673 | 10:03:43 | 219.970397 | 359.009488 
 4152.1461 | 08740.9675 | 10:03:44 | 219.970225 | 359.009486 
 4152.1461 | 08740.9677 | 10:03:45 | 219.970053 | 359.009485 
 4152.1461 | 08740.9679 | 10:03:46 | 219.969881 | 359.009484 
 4152.1463 | 08740.9687 | 10:03:47 | 219.969192 | 359.009709 
 4152.1464 | 08740.9690 | 10:03:48 | 219.968933 | 359.009822 
 4152.1465 | 08740.9692 | 10:03:49 | 219.968760 | 359.009935 
 4152.1466 | 08740.9692 | 10:03:50 | 219.968759 | 359.010050 
 4152.1448 | 08740.9681 | 10:03:51 | 219.969721 | 359.007987 
 4152.1447 | 08740.9680 | 10:03:52 | 219.969808 | 359.007873 
 4152.1445 | 08740.9679 | 10:03:53 | 219.969895 | 359.007643 
 4152.1444 | 08740.9678 | 10:03:54 | 219.969982 | 359.007529 
 4152.1442 | 08740.9677 | 10:03:56 | 219.970070 | 359.007300 
 4152.1441 | 08740.9676 | 10:03:57 | 219.970157 | 359.007185 
 4152.1440 | 08740.9675 | 10:03:58 | 219.970244 | 359.007071 
 4152.1438 | 08740.9673 | 10:04:00 | 219.970417 | 359.006842 
 4152.1437 | 08740.9673 | 10:04:01 | 219.970418 | 359.006727 
 4152.1438 | 08740.9673 | 10:04:02 | 219.970417 | 359.006842 
 4152.1438 | 08740.9673 | 10:04:03 | 219.970417 | 359.006842 
 4152.1436 | 08740.9672 | 10:04:04 | 219.970505 | 359.006613 
 4152.1436 | 08740.9672 | 10:04:05 | 219.970505 | 359.006613 
 4152.1437 | 08740.9672 | 10:04:06 | 219.970504 | 359.006728 
 4152.1435 | 08740.9671 | 10:04:07 | 219.970592 | 359.006498 
 4152.1437 | 08740.9673 | 10:04:08 | 219.970418 | 359.006727 
 4152.1414 | 08740.9686 | 10:04:09 | 219.969320 | 359.004073 
 4152.1403 | 08740.9690 | 10:04:10 | 219.968986 | 359.002805 
 4152.1397 | 08740.9693 | 10:04:11 | 219.968733 | 359.002113 
 4152.1394 | 08740.9695 | 10:04:12 | 219.968564 | 359.001767 
 4152.1392 | 08740.9698 | 10:04:13 | 219.968308 | 359.001535 
 4152.1390 | 08740.9700 | 10:04:14 | 219.968138 | 359.001303 
 4152.1390 | 08740.9708 | 10:04:15 | 219.967450 | 359.001298 
 4152.1387 | 08740.9710 | 10:04:16 | 219.967281 | 359.000952 
 4152.1383 | 08740.9716 | 10:04:18 | 219.966768 | 359.000488 
 4152.1382 | 08740.9719 | 10:04:19 | 219.966511 | 359.000371 
 4152.1388 | 08740.9744 | 10:04:20 | 219.964357 | 359.001045 
 4152.1385 | 08740.9742 | 10:04:21 | 219.964531 | 359.000701 
 4152.1384 | 08740.9748 | 10:04:22 | 219.964016 | 359.000582 
 4152.1383 | 08740.9751 | 10:04:23 | 219.963759 | 359.000465 
 4152.1381 | 08740.9754 | 10:04:24 | 219.963503 | 359.000233 
 4152.1380 | 08740.9758 | 10:04:25 | 219.963160 | 359.000115 
 4152.1380 | 08740.9762 | 10:04:26 | 219.962816 | 359.000113 
 4152.1377 | 08740.9764 | 10:04:27 | 219.962647 | 358.999766 
 4152.1376 | 08740.9767 | 10:04:28 | 219.962390 | 358.999649 
 4152.1374 | 08740.9771 | 10:04:29 | 219.962047 | 358.999417 
 4152.1373 | 08740.9773 | 10:04:30 | 219.961876 | 358.999300 
 4152.1373 | 08740.9777 | 10:04:31 | 219.961532 | 358.999298 
 4152.1370 | 08740.9779 | 10:04:32 | 219.961363 | 358.998951 
 4152.1371 | 08740.9783 | 10:04:33 | 219.961018 | 358.999064 
 4152.1370 | 08740.9785 | 10:04:34 | 219.960847 | 358.998947 
 4152.1370 | 08740.9789 | 10:04:35 | 219.960503 | 358.998945 
 4152.1370 | 08740.9792 | 10:04:36 | 219.960245 | 358.998943 
 4152.1369 | 08740.9795 | 10:04:37 | 219.959988 | 358.998826 
 4152.1368 | 08740.9811 | 10:04:38 | 219.958614 | 358.998700 
 4152.1365 | 08740.9817 | 10:04:39 | 219.958100 | 358.998351 
 4152.1365 | 08740.9822 | 10:04:40 | 219.957670 | 358.998348 
 4152.1364 | 08740.9826 | 10:04:41 | 219.957327 | 358.998231 
 4152.1366 | 08740.9831 | 10:04:42 | 219.956896 | 358.998457 
 4152.1368 | 08740.9845 | 10:04:43 | 219.955690 | 358.998678 
 4152.1371 | 08740.9849 | 10:04:44 | 219.955344 | 358.999021 
 4152.1375 | 08740.9853 | 10:04:45 | 219.954996 | 358.999478 
 4152.1378 | 08740.9859 | 10:04:46 | 219.954478 | 358.999819 
 4152.1381 | 08740.9862 | 10:04:47 | 219.954217 | 359.000162 
 4152.1385 | 08740.9868 | 10:04:48 | 219.953698 | 359.000619 
 4152.1391 | 08740.9876 | 10:04:49 | 219.953005 | 359.001304 
 4152.1391 | 08740.9881 | 10:04:50 | 219.952575 | 359.001300 
 4152.1396 | 08740.9888 | 10:04:51 | 219.951969 | 359.001871 
 4152.1398 | 08740.9893 | 10:04:52 | 219.951537 | 359.002098 
 4152.1401 | 08740.9899 | 10:04:53 | 219.951019 | 359.002439 
 4152.1410 | 08740.9908 | 10:04:54 | 219.950237 | 359.003468 
 4152.1419 | 08740.9916 | 10:04:55 | 219.949542 | 359.004498 
 4152.1463 | 08740.9943 | 10:04:56 | 219.947182 | 359.009542 
 4152.1466 | 08740.9950 | 10:04:57 | 219.946577 | 359.009882 
 4152.1469 | 08740.9956 | 10:04:58 | 219.946059 | 359.010223 
 4152.1474 | 08740.9962 | 10:04:59 | 219.945539 | 359.010795 
 4152.1476 | 08740.9967 | 10:05:00 | 219.945107 | 359.011022 
 4152.1484 | 08740.9971 | 10:05:01 | 219.944756 | 359.011939 
 4152.1487 | 08740.9975 | 10:05:02 | 219.944410 | 359.012282 
 4152.1483 | 08740.9993 | 10:05:05 | 219.942866 | 359.011810 
 4152.1484 | 08741.0004 | 10:05:07 | 219.941919 | 359.011918 
 4152.1486 | 08741.0014 | 10:05:09 | 219.941058 | 359.012141 
 4152.1486 | 08741.0019 | 10:05:10 | 219.940628 | 359.012138 
 4152.1488 | 08741.0028 | 10:05:12 | 219.939852 | 359.012362 
 4152.1488 | 08741.0033 | 10:05:13 | 219.939422 | 359.012359 
 4152.1489 | 08741.0036 | 10:05:14 | 219.939164 | 359.012472 
 4152.1490 | 08741.0037 | 10:05:15 | 219.939077 | 359.012586 
 4152.1497 | 08741.0079 | 10:05:25 | 219.935460 | 359.013364 
 4152.1496 | 08741.0073 | 10:05:26 | 219.935976 | 359.013253 
 4152.1495 | 08741.0078 | 10:05:27 | 219.935547 | 359.013135 
 4152.1498 | 08741.0090 | 10:05:30 | 219.934513 | 359.013472 
 4152.1497 | 08741.0094 | 10:05:31 | 219.934170 | 359.013354 
 4152.1497 | 08741.0104 | 10:05:32 | 219.933310 | 359.013348 
 4152.1502 | 08741.0115 | 10:05:33 | 219.932360 | 359.013916 
 4152.1502 | 08741.0119 | 10:05:34 | 219.932016 | 359.013913 
 4152.1505 | 08741.0133 | 10:05:36 | 219.930810 | 359.014249 
 4152.1506 | 08741.0144 | 10:05:37 | 219.929863 | 359.014357 
 4152.1506 | 08741.0147 | 10:05:38 | 219.929605 | 359.014355 
 4152.1504 | 08741.0153 | 10:05:39 | 219.929091 | 359.014121 
 4152.1509 | 08741.0155 | 10:05:40 | 219.928915 | 359.014695 
 4152.1512 | 08741.0157 | 10:05:41 | 219.928740 | 359.015039 
 4152.1516 | 08741.0163 | 10:05:42 | 219.928221 | 359.015495 
 4152.1520 | 08741.0171 | 10:05:43 | 219.927530 | 359.015950 
 4152.1524 | 08741.0178 | 10:05:44 | 219.926924 | 359.016405 
 4152.1525 | 08741.0179 | 10:05:45 | 219.926838 | 359.016520 
 4152.1523 | 08741.0180 | 10:05:46 | 219.926753 | 359.016289 
 4152.1522 | 08741.0183 | 10:05:47 | 219.926496 | 359.016172 
 4152.1521 | 08741.0192 | 10:05:49 | 219.925723 | 359.016051 
 4152.1517 | 08741.0190 | 10:05:50 | 219.925899 | 359.015592 
 4152.1511 | 08741.0149 | 10:05:51 | 219.929429 | 359.014929 
 4152.1507 | 08741.0142 | 10:05:52 | 219.930034 | 359.014473 
 4152.1510 | 08741.0146 | 10:05:53 | 219.929688 | 359.014816 
 4152.1515 | 08741.0151 | 10:05:54 | 219.929254 | 359.015388 
 4152.1498 | 08741.0144 | 10:05:55 | 219.929870 | 359.013437 
 4152.1499 | 08741.0146 | 10:05:56 | 219.929697 | 359.013551 
 4152.1361 | 08741.0052 | 10:05:57 | 219.937899 | 358.997738 
 4152.1369 | 08741.0054 | 10:05:58 | 219.937720 | 358.998657 
 4152.1443 | 08741.0028 | 10:05:59 | 219.939891 | 359.007186 
 4152.1442 | 08741.0023 | 10:06:00 | 219.940322 | 359.007074 
 4152.1442 | 08741.0019 | 10:06:01 | 219.940666 | 359.007077 
 4152.1441 | 08741.0014 | 10:06:02 | 219.941097 | 359.006965 
 4152.1449 | 08741.0015 | 10:06:03 | 219.941004 | 359.007885 
 4152.1449 | 08741.0010 | 10:06:04 | 219.941434 | 359.007888 
 4152.1449 | 08741.0007 | 10:06:05 | 219.941692 | 359.007890 
 4152.1448 | 08741.0002 | 10:06:06 | 219.942122 | 359.007778 
 4152.1442 | 08740.9956 | 10:06:07 | 219.946083 | 359.007118 
 4152.1437 | 08740.9923 | 10:06:08 | 219.948924 | 359.006564 
 4152.1437 | 08740.9915 | 10:06:09 | 219.949612 | 359.006569 
 4152.1438 | 08740.9906 | 10:06:10 | 219.950385 | 359.006690 
 4152.1440 | 08740.9919 | 10:06:11 | 219.949265 | 359.006912 
 4152.1438 | 08740.9912 | 10:06:12 | 219.949869 | 359.006686 
 4152.1437 | 08740.9901 | 10:06:13 | 219.950816 | 359.006579 
 4152.1435 | 08740.9898 | 10:06:14 | 219.951075 | 359.006350 
 4152.1435 | 08740.9895 | 10:06:15 | 219.951333 | 359.006352 
 4152.1435 | 08740.9892 | 10:06:16 | 219.951591 | 359.006354 
 4152.1433 | 08740.9883 | 10:06:17 | 219.952367 | 359.006130 
 4152.1433 | 08740.9879 | 10:06:18 | 219.952711 | 359.006133 
 4152.1433 | 08740.9872 | 10:06:19 | 219.953312 | 359.006137 
 4152.1435 | 08740.9884 | 10:06:20 | 219.952279 | 359.006360 
 4152.1434 | 08740.9882 | 10:06:21 | 219.952452 | 359.006246 
 4152.1434 | 08740.9881 | 10:06:22 | 219.952538 | 359.006246 
 4152.1434 | 08740.9896 | 10:06:23 | 219.951248 | 359.006237 
 4152.1433 | 08740.9896 | 10:06:24 | 219.951249 | 359.006122 
 4152.1442 | 08740.9984 | 10:06:25 | 219.943675 | 359.007100 
 4152.1443 | 08740.9990 | 10:06:26 | 219.943158 | 359.007211 
 4152.1442 | 08740.9989 | 10:06:27 | 219.943245 | 359.007096 
 4152.1442 | 08740.9989 | 10:06:28 | 219.943245 | 359.007096 
 4152.1442 | 08740.9998 | 10:06:29 | 219.942472 | 359.007090 
 4152.1442 | 08741.0001 | 10:06:30 | 219.942214 | 359.007089 
 4152.1443 | 08741.0002 | 10:06:31 | 219.942127 | 359.007203 
 4152.1443 | 08741.0002 | 10:06:32 | 219.942127 | 359.007203 
 4152.1442 | 08741.0002 | 10:06:33 | 219.942128 | 359.007088 
 4152.1442 | 08741.0003 | 10:06:34 | 219.942042 | 359.007087 
 4152.1440 | 08741.0003 | 10:06:35 | 219.942043 | 359.006857 
 4152.1440 | 08741.0003 | 10:06:36 | 219.942043 | 359.006857 
 4152.1446 | 08740.9993 | 10:06:37 | 219.942898 | 359.007554 
 4152.1446 | 08740.9993 | 10:06:40 | 219.942898 | 359.007554 
 4152.1446 | 08740.9993 | 10:06:41 | 219.942898 | 359.007554 
 4152.1446 | 08740.9993 | 10:06:42 | 219.942898 | 359.007554 
 4152.1446 | 08740.9993 | 10:06:43 | 219.942898 | 359.007554 
 4152.1446 | 08740.9993 | 10:06:44 | 219.942898 | 359.007554 
 4152.1446 | 08740.9993 | 10:06:45 | 219.942898 | 359.007554 
 4152.1446 | 08740.9993 | 10:06:46 | 219.942898 | 359.007554 
 4152.1446 | 08740.9993 | 10:06:47 | 219.942898 | 359.007554 
 4152.1446 | 08740.9993 | 10:06:48 | 219.942898 | 359.007554 
 4152.1446 | 08740.9993 | 10:06:49 | 219.942898 | 359.007554 
 4152.1446 | 08740.9993 | 10:06:50 | 219.942898 | 359.007554 
 4152.1446 | 08740.9993 | 10:06:51 | 219.942898 | 359.007554 
 4152.1446 | 08740.9993 | 10:06:54 | 219.942898 | 359.007554 
 4152.1446 | 08740.9993 | 10:06:55 | 219.942898 | 359.007554 
 4152.1446 | 08740.9993 | 10:06:56 | 219.942898 | 359.007554 
 4152.1446 | 08740.9993 | 10:06:58 | 219.942898 | 359.007554 
 4152.1446 | 08740.9993 | 10:06:59 | 219.942898 | 359.007554 
 4152.1446 | 08740.9993 | 10:07:01 | 219.942898 | 359.007554 
 4152.1446 | 08740.9993 | 10:07:02 | 219.942898 | 359.007554 
 4152.1439 | 08741.0026 | 10:07:03 | 219.940067 | 359.006727 
 4152.1437 | 08741.0029 | 10:07:04 | 219.939811 | 359.006495 
 4152.1435 | 08741.0032 | 10:07:05 | 219.939554 | 359.006263 
 4152.1431 | 08741.0038 | 10:07:07 | 219.939042 | 359.005799 
 4152.1430 | 08741.0041 | 10:07:08 | 219.938785 | 359.005682 
 4152.1428 | 08741.0044 | 10:07:09 | 219.938529 | 359.005450 
 4152.1423 | 08741.0050 | 10:07:11 | 219.938017 | 359.004871 
 4152.1421 | 08741.0053 | 10:07:12 | 219.937761 | 359.004639 
 4152.1419 | 08741.0056 | 10:07:13 | 219.937505 | 359.004407 
 4152.1418 | 08741.0059 | 10:07:14 | 219.937248 | 359.004290 
 4152.1416 | 08741.0062 | 10:07:15 | 219.936992 | 359.004058 
 4152.1414 | 08741.0064 | 10:07:16 | 219.936821 | 359.003827 
 4152.1410 | 08741.0069 | 10:07:18 | 219.936395 | 359.003363 
 4152.1406 | 08741.0062 | 10:07:19 | 219.937000 | 359.002908 
 4152.1404 | 08741.0064 | 10:07:20 | 219.936830 | 359.002677 
 4152.1411 | 08741.0056 | 10:07:21 | 219.937512 | 359.003487 
 4152.1407 | 08741.0057 | 10:07:22 | 219.937429 | 359.003026 
 4152.1404 | 08741.0058 | 10:07:23 | 219.937346 | 359.002680 
 4152.1401 | 08741.0059 | 10:07:24 | 219.937263 | 359.002335 
 4152.1418 | 08741.0050 | 10:07:25 | 219.938022 | 359.004296 
 4152.1420 | 08741.0054 | 10:07:26 | 219.937676 | 359.004523 
 4152.1472 | 08741.0080 | 10:07:27 | 219.935395 | 359.010488 
 4152.1472 | 08741.0080 | 10:07:29 | 219.935395 | 359.010488 
 4152.1472 | 08741.0080 | 10:07:30 | 219.935395 | 359.010488 
 4152.1472 | 08741.0080 | 10:07:31 | 219.935395 | 359.010488 
 4152.1473 | 08741.0111 | 10:07:34 | 219.932729 | 359.010583 
 4152.1480 | 08741.0118 | 10:07:35 | 219.932121 | 359.011383 
 4152.1477 | 08741.0122 | 10:07:36 | 219.931780 | 359.011036 
 4152.1475 | 08741.0123 | 10:07:38 | 219.931696 | 359.010805 
 4152.1471 | 08741.0129 | 10:07:39 | 219.931183 | 359.010341 
 4152.1470 | 08741.0131 | 10:07:40 | 219.931012 | 359.010225 
 4152.1470 | 08741.0131 | 10:07:41 | 219.931012 | 359.010225 
 4152.1470 | 08741.0131 | 10:07:42 | 219.931012 | 359.010225 
 4152.1470 | 08741.0131 | 10:07:43 | 219.931012 | 359.010225 
 4152.1470 | 08741.0131 | 10:07:44 | 219.931012 | 359.010225 
 4152.1470 | 08741.0131 | 10:07:45 | 219.931012 | 359.010225 
 4152.1470 | 08741.0131 | 10:07:46 | 219.931012 | 359.010225 
 4152.1470 | 08741.0131 | 10:07:47 | 219.931012 | 359.010225 
 4152.1470 | 08741.0131 | 10:07:48 | 219.931012 | 359.010225 
 4152.1470 | 08741.0131 | 10:07:49 | 219.931012 | 359.010225 
 4152.1470 | 08741.0131 | 10:07:50 | 219.931012 | 359.010225 
 4152.1470 | 08741.0131 | 10:07:51 | 219.931012 | 359.010225 
 4152.1470 | 08741.0131 | 10:07:52 | 219.931012 | 359.010225 
 4152.1470 | 08741.0131 | 10:07:53 | 219.931012 | 359.010225 
 4152.1470 | 08741.0131 | 10:07:54 | 219.931012 | 359.010225 
 4152.1470 | 08741.0131 | 10:07:55 | 219.931012 | 359.010225 
 4152.1470 | 08741.0131 | 10:07:56 | 219.931012 | 359.010225 
 4152.1470 | 08741.0131 | 10:07:57 | 219.931012 | 359.010225 
 4152.1470 | 08741.0131 | 10:07:58 | 219.931012 | 359.010225 
 4152.1470 | 08741.0131 | 10:07:59 | 219.931012 | 359.010225 
 4152.1470 | 08741.0131 | 10:08:00 | 219.931012 | 359.010225 
 4152.1470 | 08741.0131 | 10:08:01 | 219.931012 | 359.010225 
 4152.1470 | 08741.0131 | 10:08:02 | 219.931012 | 359.010225 
 4152.1470 | 08741.0131 | 10:08:03 | 219.931012 | 359.010225 
 4152.1470 | 08741.0131 | 10:08:05 | 219.931012 | 359.010225 
 4152.1470 | 08741.0131 | 10:08:06 | 219.931012 | 359.010225 
 4152.1470 | 08741.0131 | 10:08:07 | 219.931012 | 359.010225 
 4152.1470 | 08741.0131 | 10:08:09 | 219.931012 | 359.010225 
 4152.1470 | 08741.0131 | 10:08:10 | 219.931012 | 359.010225 
 4152.1470 | 08741.0131 | 10:08:11 | 219.931012 | 359.010225 
 4152.1470 | 08741.0131 | 10:08:12 | 219.931012 | 359.010225 
 4152.1470 | 08741.0131 | 10:08:15 | 219.931012 | 359.010225 
 4152.1470 | 08741.0131 | 10:08:16 | 219.931012 | 359.010225 
 4152.1470 | 08741.0131 | 10:08:17 | 219.931012 | 359.010225 
 4152.1470 | 08741.0131 | 10:08:18 | 219.931012 | 359.010225 
 4152.1470 | 08741.0131 | 10:08:19 | 219.931012 | 359.010225 
 4152.1470 | 08741.0131 | 10:08:20 | 219.931012 | 359.010225 
 4152.1470 | 08741.0131 | 10:08:21 | 219.931012 | 359.010225 
 4152.1470 | 08741.0131 | 10:08:22 | 219.931012 | 359.010225 
 4152.1470 | 08741.0131 | 10:08:23 | 219.931012 | 359.010225 
 4152.1470 | 08741.0131 | 10:08:24 | 219.931012 | 359.010225 
 4152.1470 | 08741.0131 | 10:08:25 | 219.931012 | 359.010225 
 4152.1470 | 08741.0131 | 10:08:26 | 219.931012 | 359.010225 
 4152.1470 | 08741.0131 | 10:08:27 | 219.931012 | 359.010225 
 4152.1470 | 08741.0131 | 10:08:28 | 219.931012 | 359.010225 
 4152.1470 | 08741.0131 | 10:08:29 | 219.931012 | 359.010225 
 4152.1470 | 08741.0131 | 10:08:30 | 219.931012 | 359.010225 
 4152.1470 | 08741.0131 | 10:08:31 | 219.931012 | 359.010225 
 4152.1470 | 08741.0131 | 10:08:32 | 219.931012 | 359.010225 
 4152.1470 | 08741.0131 | 10:08:33 | 219.931012 | 359.010225 
 4152.1470 | 08741.0131 | 10:08:35 | 219.931012 | 359.010225 
 4152.1470 | 08741.0131 | 10:08:36 | 219.931012 | 359.010225 
 4152.1470 | 08741.0131 | 10:08:37 | 219.931012 | 359.010225 
 4152.1470 | 08741.0131 | 10:08:38 | 219.931012 | 359.010225 
 4152.1470 | 08741.0131 | 10:08:39 | 219.931012 | 359.010225 
 4152.1470 | 08741.0131 | 10:08:40 | 219.931012 | 359.010225 
 4152.1470 | 08741.0131 | 10:08:41 | 219.931012 | 359.010225 
 4152.1470 | 08741.0131 | 10:08:42 | 219.931012 | 359.010225 
 4152.1470 | 08741.0131 | 10:08:43 | 219.931012 | 359.010225 
 4152.1470 | 08741.0131 | 10:08:44 | 219.931012 | 359.010225 
 4152.1470 | 08741.0131 | 10:08:45 | 219.931012 | 359.010225 
 4152.1470 | 08741.0131 | 10:08:46 | 219.931012 | 359.010225 
 4152.1470 | 08741.0131 | 10:08:47 | 219.931012 | 359.010225 
 4152.1470 | 08741.0131 | 10:08:48 | 219.931012 | 359.010225 
 4152.1470 | 08741.0131 | 10:08:49 | 219.931012 | 359.010225 
 4152.1470 | 08741.0131 | 10:08:50 | 219.931012 | 359.010225 
 4152.1470 | 08741.0131 | 10:08:51 | 219.931012 | 359.010225 
 4152.1470 | 08741.0131 | 10:08:52 | 219.931012 | 359.010225 
 4152.1470 | 08741.0131 | 10:08:53 | 219.931012 | 359.010225 
 4152.1470 | 08741.0131 | 10:08:54 | 219.931012 | 359.010225 
 4152.1470 | 08741.0131 | 10:08:55 | 219.931012 | 359.010225 
 4152.1470 | 08741.0131 | 10:08:56 | 219.931012 | 359.010225 
 4152.1470 | 08741.0131 | 10:08:57 | 219.931012 | 359.010225 
 4152.1470 | 08741.0131 | 10:08:58 | 219.931012 | 359.010225 
 4152.1470 | 08741.0131 | 10:08:59 | 219.931012 | 359.010225 
 4152.1470 | 08741.0131 | 10:09:00 | 219.931012 | 359.010225 
 4152.1470 | 08741.0131 | 10:09:01 | 219.931012 | 359.010225 
 4152.1470 | 08741.0131 | 10:09:02 | 219.931012 | 359.010225 
 4152.1470 | 08741.0131 | 10:09:03 | 219.931012 | 359.010225 
 4152.1470 | 08741.0131 | 10:09:04 | 219.931012 | 359.010225 
 4152.1470 | 08741.0131 | 10:09:05 | 219.931012 | 359.010225 
 4152.1470 | 08741.0131 | 10:09:06 | 219.931012 | 359.010225 
 4152.1470 | 08741.0131 | 10:09:07 | 219.931012 | 359.010225 
 4152.1470 | 08741.0131 | 10:09:09 | 219.931012 | 359.010225 
 4152.1470 | 08741.0131 | 10:09:10 | 219.931012 | 359.010225 
 4152.1470 | 08741.0131 | 10:09:12 | 219.931012 | 359.010225 
 4152.1470 | 08741.0131 | 10:09:13 | 219.931012 | 359.010225 
 4152.1470 | 08741.0131 | 10:09:14 | 219.931012 | 359.010225 
 4152.1470 | 08741.0131 | 10:09:15 | 219.931012 | 359.010225 
 4152.1470 | 08741.0131 | 10:09:16 | 219.931012 | 359.010225 
 4152.1470 | 08741.0131 | 10:09:17 | 219.931012 | 359.010225 
 4152.1470 | 08741.0131 | 10:09:19 | 219.931012 | 359.010225 
 4152.1470 | 08741.0131 | 10:09:20 | 219.931012 | 359.010225 
 4152.1470 | 08741.0131 | 10:09:21 | 219.931012 | 359.010225 
 4152.1470 | 08741.0131 | 10:09:22 | 219.931012 | 359.010225 
 4152.1470 | 08741.0131 | 10:09:24 | 219.931012 | 359.010225 
 4152.1470 | 08741.0131 | 10:09:25 | 219.931012 | 359.010225 
 4152.1470 | 08741.0131 | 10:09:26 | 219.931012 | 359.010225 
 4152.1470 | 08741.0131 | 10:09:27 | 219.931012 | 359.010225 
 4152.1470 | 08741.0131 | 10:09:28 | 219.931012 | 359.010225 
 4152.1470 | 08741.0131 | 10:09:29 | 219.931012 | 359.010225 
 4152.1470 | 08741.0131 | 10:09:30 | 219.931012 | 359.010225 
 4152.1470 | 08741.0131 | 10:09:31 | 219.931012 | 359.010225 
 4152.1470 | 08741.0131 | 10:09:32 | 219.931012 | 359.010225 
 4152.1470 | 08741.0131 | 10:09:33 | 219.931012 | 359.010225 
 4152.1470 | 08741.0131 | 10:09:34 | 219.931012 | 359.010225 
 4152.1470 | 08741.0131 | 10:09:35 | 219.931012 | 359.010225 
 4152.1470 | 08741.0131 | 10:09:36 | 219.931012 | 359.010225 
 4152.1470 | 08741.0131 | 10:09:37 | 219.931012 | 359.010225 
 4152.1470 | 08741.0131 | 10:09:38 | 219.931012 | 359.010225 
 4152.1470 | 08741.0131 | 10:09:39 | 219.931012 | 359.010225 
 4152.1470 | 08741.0131 | 10:09:40 | 219.931012 | 359.010225 
 4152.1470 | 08741.0131 | 10:09:41 | 219.931012 | 359.010225 
 4152.1470 | 08741.0131 | 10:09:42 | 219.931012 | 359.010225 
 4152.1470 | 08741.0131 | 10:09:43 | 219.931012 | 359.010225 
 4152.1470 | 08741.0131 | 10:09:44 | 219.931012 | 359.010225 
 4152.1470 | 08741.0131 | 10:09:45 | 219.931012 | 359.010225 
 4152.1470 | 08741.0131 | 10:09:46 | 219.931012 | 359.010225 
 4152.1470 | 08741.0131 | 10:09:47 | 219.931012 | 359.010225 
 4152.1470 | 08741.0131 | 10:09:48 | 219.931012 | 359.010225 
 4152.1470 | 08741.0131 | 10:09:49 | 219.931012 | 359.010225 
 4152.1470 | 08741.0131 | 10:09:50 | 219.931012 | 359.010225 
 4152.1486 | 08741.0129 | 10:09:51 | 219.931170 | 359.012066 
 4152.1490 | 08741.0128 | 10:09:52 | 219.931253 | 359.012527 
 4152.1494 | 08741.0126 | 10:09:53 | 219.931421 | 359.012988 
 4152.1499 | 08741.0125 | 10:09:54 | 219.931503 | 359.013564 
 4152.1503 | 08741.0125 | 10:09:55 | 219.931499 | 359.014024 
 4152.1507 | 08741.0124 | 10:09:56 | 219.931582 | 359.014485 
 4152.1512 | 08741.0130 | 10:09:57 | 219.931062 | 359.015056 
 4152.1517 | 08741.0130 | 10:09:58 | 219.931057 | 359.015631 
 4152.1502 | 08741.0110 | 10:09:59 | 219.932790 | 359.013919 
 4152.1497 | 08741.0097 | 10:10:00 | 219.933912 | 359.013352 
 4152.1499 | 08741.0094 | 10:10:01 | 219.934168 | 359.013584 
 4152.1497 | 08741.0063 | 10:10:02 | 219.936835 | 359.013375 
 4152.1498 | 08741.0058 | 10:10:03 | 219.937264 | 359.013493 
 4152.1510 | 08741.0055 | 10:10:04 | 219.937512 | 359.014875 
 4152.1475 | 08741.0074 | 10:10:05 | 219.935909 | 359.010837 
 4152.1474 | 08741.0071 | 10:10:06 | 219.936167 | 359.010724 
 4152.1473 | 08741.0074 | 10:10:07 | 219.935910 | 359.010607 
 4152.1473 | 08741.0074 | 10:10:08 | 219.935910 | 359.010607 
 4152.1473 | 08741.0074 | 10:10:09 | 219.935910 | 359.010607 
 4152.1473 | 08741.0074 | 10:10:10 | 219.935910 | 359.010607 
 4152.1473 | 08741.0074 | 10:10:11 | 219.935910 | 359.010607 
 4152.1473 | 08741.0074 | 10:10:12 | 219.935910 | 359.010607 
 4152.1473 | 08741.0074 | 10:10:13 | 219.935910 | 359.010607 
 4152.1473 | 08741.0074 | 10:10:14 | 219.935910 | 359.010607 
 4152.1473 | 08741.0074 | 10:10:15 | 219.935910 | 359.010607 
 4152.1473 | 08741.0074 | 10:10:16 | 219.935910 | 359.010607 
 4152.1473 | 08741.0074 | 10:10:17 | 219.935910 | 359.010607 
 4152.1473 | 08741.0074 | 10:10:18 | 219.935910 | 359.010607 
 4152.1473 | 08741.0074 | 10:10:19 | 219.935910 | 359.010607 
 4152.1473 | 08741.0074 | 10:10:20 | 219.935910 | 359.010607 
 4152.1473 | 08741.0074 | 10:10:21 | 219.935910 | 359.010607 
 4152.1473 | 08741.0074 | 10:10:22 | 219.935910 | 359.010607 
 4152.1473 | 08741.0074 | 10:10:23 | 219.935910 | 359.010607 
 4152.1473 | 08741.0074 | 10:10:24 | 219.935910 | 359.010607 
 4152.1473 | 08741.0074 | 10:10:25 | 219.935910 | 359.010607 
 4152.1473 | 08741.0074 | 10:10:26 | 219.935910 | 359.010607 
 4152.1473 | 08741.0074 | 10:10:27 | 219.935910 | 359.010607 
 4152.1473 | 08741.0074 | 10:10:28 | 219.935910 | 359.010607 
 4152.1473 | 08741.0074 | 10:10:29 | 219.935910 | 359.010607 
 4152.1473 | 08741.0074 | 10:10:30 | 219.935910 | 359.010607 
 4152.1473 | 08741.0074 | 10:10:31 | 219.935910 | 359.010607 
 4152.1473 | 08741.0074 | 10:10:32 | 219.935910 | 359.010607 
 4152.1473 | 08741.0074 | 10:10:33 | 219.935910 | 359.010607 
 4152.1473 | 08741.0074 | 10:10:34 | 219.935910 | 359.010607 
 4152.1473 | 08741.0074 | 10:10:35 | 219.935910 | 359.010607 
 4152.1473 | 08741.0074 | 10:10:36 | 219.935910 | 359.010607 
 4152.1473 | 08741.0074 | 10:10:37 | 219.935910 | 359.010607 
 4152.1473 | 08741.0074 | 10:10:38 | 219.935910 | 359.010607 
 4152.1473 | 08741.0074 | 10:10:39 | 219.935910 | 359.010607 
 4152.1473 | 08741.0074 | 10:10:40 | 219.935910 | 359.010607 
 4152.1473 | 08741.0074 | 10:10:41 | 219.935910 | 359.010607 
 4152.1473 | 08741.0074 | 10:10:42 | 219.935910 | 359.010607 
 4152.1473 | 08741.0074 | 10:10:43 | 219.935910 | 359.010607 
 4152.1473 | 08741.0074 | 10:10:44 | 219.935910 | 359.010607 
 4152.1473 | 08741.0074 | 10:10:45 | 219.935910 | 359.010607 
 4152.1473 | 08741.0074 | 10:10:46 | 219.935910 | 359.010607 
 4152.1473 | 08741.0074 | 10:10:47 | 219.935910 | 359.010607 
 4152.1473 | 08741.0074 | 10:10:48 | 219.935910 | 359.010607 
 4152.1473 | 08741.0074 | 10:10:49 | 219.935910 | 359.010607 
 4152.1473 | 08741.0074 | 10:10:50 | 219.935910 | 359.010607 
 4152.1473 | 08741.0074 | 10:10:51 | 219.935910 | 359.010607 
 4152.1473 | 08741.0074 | 10:10:52 | 219.935910 | 359.010607 
 4152.1473 | 08741.0074 | 10:10:53 | 219.935910 | 359.010607 
 4152.1473 | 08741.0074 | 10:10:54 | 219.935910 | 359.010607 
 4152.1473 | 08741.0074 | 10:10:55 | 219.935910 | 359.010607 
 4152.1473 | 08741.0074 | 10:10:56 | 219.935910 | 359.010607 
 4152.1473 | 08741.0074 | 10:10:57 | 219.935910 | 359.010607 
 4152.1473 | 08741.0074 | 10:10:58 | 219.935910 | 359.010607 
 4152.1473 | 08741.0074 | 10:10:59 | 219.935910 | 359.010607 
 4152.1473 | 08741.0074 | 10:11:00 | 219.935910 | 359.010607 
 4152.1473 | 08741.0074 | 10:11:01 | 219.935910 | 359.010607 
 4152.1473 | 08741.0074 | 10:11:02 | 219.935910 | 359.010607 
 4152.1473 | 08741.0074 | 10:11:03 | 219.935910 | 359.010607 
 4152.1473 | 08741.0074 | 10:11:04 | 219.935910 | 359.010607 
 4152.1473 | 08741.0074 | 10:11:05 | 219.935910 | 359.010607 
 4152.1473 | 08741.0074 | 10:11:06 | 219.935910 | 359.010607 
 4152.1473 | 08741.0074 | 10:11:07 | 219.935910 | 359.010607 
 4152.1473 | 08741.0074 | 10:11:08 | 219.935910 | 359.010607 
 4152.1473 | 08741.0074 | 10:11:09 | 219.935910 | 359.010607 
 4152.1473 | 08741.0074 | 10:11:10 | 219.935910 | 359.010607 
 4152.1473 | 08741.0074 | 10:11:11 | 219.935910 | 359.010607 
 4152.1473 | 08741.0074 | 10:11:12 | 219.935910 | 359.010607 
 4152.1473 | 08741.0074 | 10:11:13 | 219.935910 | 359.010607 
 4152.1473 | 08741.0074 | 10:11:14 | 219.935910 | 359.010607 
 4152.1473 | 08741.0074 | 10:11:15 | 219.935910 | 359.010607 
 4152.1473 | 08741.0074 | 10:11:19 | 219.935910 | 359.010607 
 4152.1442 | 08741.0106 | 10:11:20 | 219.933186 | 359.007020 
 4152.1440 | 08741.0108 | 10:11:21 | 219.933016 | 359.006789 
 4152.1435 | 08741.0112 | 10:11:22 | 219.932676 | 359.006211 
 4152.1431 | 08741.0111 | 10:11:23 | 219.932766 | 359.005752 
 4152.1449 | 08741.0080 | 10:11:24 | 219.935415 | 359.007842 
 4152.1453 | 08741.0071 | 10:11:25 | 219.936186 | 359.008308 
 4152.1451 | 08741.0070 | 10:11:26 | 219.936273 | 359.008079 
 4152.1451 | 08741.0070 | 10:11:27 | 219.936273 | 359.008079 
 4152.1451 | 08741.0070 | 10:11:28 | 219.936273 | 359.008079 
 4152.1455 | 08741.0057 | 10:11:29 | 219.937388 | 359.008547 
 4152.1457 | 08741.0053 | 10:11:30 | 219.937730 | 359.008780 
 4152.1457 | 08741.0050 | 10:11:31 | 219.937988 | 359.008782 
 4152.1459 | 08741.0042 | 10:11:32 | 219.938674 | 359.009017 
 4152.1460 | 08741.0037 | 10:11:33 | 219.939103 | 359.009136 
 4152.1463 | 08741.0037 | 10:11:34 | 219.939100 | 359.009481 
 4152.1460 | 08741.0041 | 10:11:35 | 219.938759 | 359.009133 
 4152.1460 | 08741.0041 | 10:11:36 | 219.938759 | 359.009133 
 4152.1460 | 08741.0041 | 10:11:37 | 219.938759 | 359.009133 
 4152.1460 | 08741.0041 | 10:11:38 | 219.938759 | 359.009133 
 4152.1460 | 08741.0041 | 10:11:39 | 219.938759 | 359.009133 
 4152.1460 | 08741.0041 | 10:11:40 | 219.938759 | 359.009133 
 4152.1460 | 08741.0041 | 10:11:41 | 219.938759 | 359.009133 
 4152.1460 | 08741.0041 | 10:11:42 | 219.938759 | 359.009133 
 4152.1460 | 08741.0041 | 10:11:43 | 219.938759 | 359.009133 
 4152.1460 | 08741.0041 | 10:11:44 | 219.938759 | 359.009133 
 4152.1460 | 08741.0041 | 10:11:45 | 219.938759 | 359.009133 
 4152.1460 | 08741.0041 | 10:11:46 | 219.938759 | 359.009133 
 4152.1460 | 08741.0041 | 10:11:47 | 219.938759 | 359.009133 
 4152.1460 | 08741.0041 | 10:11:48 | 219.938759 | 359.009133 
 4152.1460 | 08741.0041 | 10:11:49 | 219.938759 | 359.009133 
 4152.1460 | 08741.0041 | 10:11:50 | 219.938759 | 359.009133 
 4152.1460 | 08741.0041 | 10:11:51 | 219.938759 | 359.009133 
 4152.1460 | 08741.0041 | 10:11:52 | 219.938759 | 359.009133 
 4152.1460 | 08741.0041 | 10:11:53 | 219.938759 | 359.009133 
 4152.1460 | 08741.0041 | 10:11:54 | 219.938759 | 359.009133 
 4152.1460 | 08741.0041 | 10:11:55 | 219.938759 | 359.009133 
 4152.1460 | 08741.0041 | 10:11:56 | 219.938759 | 359.009133 
 4152.1460 | 08741.0041 | 10:11:57 | 219.938759 | 359.009133 
 4152.1460 | 08741.0041 | 10:11:58 | 219.938759 | 359.009133 
 4152.1421 | 08741.0103 | 10:11:59 | 219.933462 | 359.004607 
 4152.1427 | 08741.0108 | 10:12:00 | 219.933027 | 359.005293 
 4152.1429 | 08741.0114 | 10:12:01 | 219.932510 | 359.005520 
 4152.1432 | 08741.0116 | 10:12:02 | 219.932335 | 359.005863 
 4152.1440 | 08741.0108 | 10:12:03 | 219.933016 | 359.006789 
 4152.1440 | 08741.0108 | 10:12:04 | 219.933016 | 359.006789 
 4152.1440 | 08741.0108 | 10:12:05 | 219.933016 | 359.006789 
 4152.1440 | 08741.0108 | 10:12:06 | 219.933016 | 359.006789 
 4152.1440 | 08741.0108 | 10:12:07 | 219.933016 | 359.006789 
 4152.1440 | 08741.0108 | 10:12:08 | 219.933016 | 359.006789 
 4152.1440 | 08741.0108 | 10:12:09 | 219.933016 | 359.006789 
 4152.1440 | 08741.0108 | 10:12:10 | 219.933016 | 359.006789 
 4152.1440 | 08741.0108 | 10:12:11 | 219.933016 | 359.006789 
 4152.1440 | 08741.0108 | 10:12:12 | 219.933016 | 359.006789 
 4152.1440 | 08741.0108 | 10:12:13 | 219.933016 | 359.006789 
 4152.1440 | 08741.0108 | 10:12:14 | 219.933016 | 359.006789 
 4152.1440 | 08741.0108 | 10:12:15 | 219.933016 | 359.006789 
 4152.1440 | 08741.0108 | 10:12:16 | 219.933016 | 359.006789 
 4152.1440 | 08741.0108 | 10:12:17 | 219.933016 | 359.006789 
 4152.1440 | 08741.0108 | 10:12:18 | 219.933016 | 359.006789 
 4152.1440 | 08741.0108 | 10:12:19 | 219.933016 | 359.006789 
 4152.1440 | 08741.0108 | 10:12:20 | 219.933016 | 359.006789 
 4152.1440 | 08741.0108 | 10:12:21 | 219.933016 | 359.006789 
 4152.1440 | 08741.0108 | 10:12:22 | 219.933016 | 359.006789 
 4152.1440 | 08741.0108 | 10:12:23 | 219.933016 | 359.006789 
 4152.1440 | 08741.0108 | 10:12:24 | 219.933016 | 359.006789 
 4152.1440 | 08741.0108 | 10:12:25 | 219.933016 | 359.006789 
 4152.1440 | 08741.0108 | 10:12:26 | 219.933016 | 359.006789 
 4152.1440 | 08741.0108 | 10:12:27 | 219.933016 | 359.006789 
 4152.1440 | 08741.0108 | 10:12:28 | 219.933016 | 359.006789 
 4152.1440 | 08741.0108 | 10:12:29 | 219.933016 | 359.006789 
 4152.1440 | 08741.0108 | 10:12:30 | 219.933016 | 359.006789 
 4152.1440 | 08741.0108 | 10:12:31 | 219.933016 | 359.006789 
 4152.1440 | 08741.0108 | 10:12:32 | 219.933016 | 359.006789 
 4152.1440 | 08741.0108 | 10:12:33 | 219.933016 | 359.006789 
 4152.1440 | 08741.0108 | 10:12:34 | 219.933016 | 359.006789 
 4152.1440 | 08741.0108 | 10:12:35 | 219.933016 | 359.006789 
 4152.1440 | 08741.0108 | 10:12:36 | 219.933016 | 359.006789 
 4152.1440 | 08741.0108 | 10:12:37 | 219.933016 | 359.006789 
 4152.1440 | 08741.0108 | 10:12:38 | 219.933016 | 359.006789 
 4152.1440 | 08741.0108 | 10:12:39 | 219.933016 | 359.006789 
 4152.1440 | 08741.0108 | 10:12:40 | 219.933016 | 359.006789 
 4152.1440 | 08741.0108 | 10:12:41 | 219.933016 | 359.006789 
 4152.1440 | 08741.0108 | 10:12:42 | 219.933016 | 359.006789 
 4152.1440 | 08741.0108 | 10:12:43 | 219.933016 | 359.006789 
 4152.1440 | 08741.0108 | 10:12:44 | 219.933016 | 359.006789 
 4152.1440 | 08741.0108 | 10:12:45 | 219.933016 | 359.006789 
 4152.1440 | 08741.0108 | 10:12:46 | 219.933016 | 359.006789 
 4152.1440 | 08741.0108 | 10:12:47 | 219.933016 | 359.006789 
 4152.1440 | 08741.0108 | 10:12:48 | 219.933016 | 359.006789 
 4152.1440 | 08741.0108 | 10:12:49 | 219.933016 | 359.006789 
 4152.1440 | 08741.0108 | 10:12:50 | 219.933016 | 359.006789 
 4152.1440 | 08741.0108 | 10:12:51 | 219.933016 | 359.006789 
 4152.1440 | 08741.0108 | 10:12:52 | 219.933016 | 359.006789 
 4152.1440 | 08741.0108 | 10:12:53 | 219.933016 | 359.006789 
 4152.1474 | 08741.0066 | 10:12:54 | 219.936597 | 359.010727 
 4152.1478 | 08741.0067 | 10:12:55 | 219.936508 | 359.011186 
 4152.1479 | 08741.0066 | 10:12:56 | 219.936593 | 359.011302 
 4152.1481 | 08741.0067 | 10:12:57 | 219.936505 | 359.011532 
 4152.1478 | 08741.0058 | 10:12:58 | 219.937282 | 359.011192 
 4152.1470 | 08741.0060 | 10:12:59 | 219.937117 | 359.010271 
 4152.1468 | 08741.0060 | 10:13:00 | 219.937118 | 359.010041 
 4152.1467 | 08741.0057 | 10:13:01 | 219.937377 | 359.009928 
 4152.1467 | 08741.0057 | 10:13:02 | 219.937377 | 359.009928 
 4152.1467 | 08741.0057 | 10:13:03 | 219.937377 | 359.009928 
 4152.1467 | 08741.0057 | 10:13:04 | 219.937377 | 359.009928 
 4152.1467 | 08741.0057 | 10:13:05 | 219.937377 | 359.009928 
 4152.1467 | 08741.0057 | 10:13:06 | 219.937377 | 359.009928 
 4152.1467 | 08741.0057 | 10:13:07 | 219.937377 | 359.009928 
 4152.1467 | 08741.0057 | 10:13:08 | 219.937377 | 359.009928 
 4152.1467 | 08741.0057 | 10:13:09 | 219.937377 | 359.009928 
 4152.1467 | 08741.0057 | 10:13:10 | 219.937377 | 359.009928 
 4152.1467 | 08741.0057 | 10:13:11 | 219.937377 | 359.009928 
 4152.1467 | 08741.0057 | 10:13:12 | 219.937377 | 359.009928 
 4152.1467 | 08741.0057 | 10:13:13 | 219.937377 | 359.009928 
 4152.1467 | 08741.0057 | 10:13:14 | 219.937377 | 359.009928 
 4152.1467 | 08741.0057 | 10:13:15 | 219.937377 | 359.009928 
 4152.1467 | 08741.0057 | 10:13:16 | 219.937377 | 359.009928 
 4152.1467 | 08741.0057 | 10:13:17 | 219.937377 | 359.009928 
 4152.1467 | 08741.0057 | 10:13:18 | 219.937377 | 359.009928 
 4152.1467 | 08741.0057 | 10:13:19 | 219.937377 | 359.009928 
 4152.1467 | 08741.0057 | 10:13:20 | 219.937377 | 359.009928 
 4152.1467 | 08741.0057 | 10:13:21 | 219.937377 | 359.009928 
 4152.1467 | 08741.0057 | 10:13:22 | 219.937377 | 359.009928 
 4152.1467 | 08741.0057 | 10:13:23 | 219.937377 | 359.009928 
 4152.1467 | 08741.0057 | 10:13:24 | 219.937377 | 359.009928 
 4152.1467 | 08741.0057 | 10:13:25 | 219.937377 | 359.009928 
 4152.1467 | 08741.0057 | 10:13:26 | 219.937377 | 359.009928 
 4152.1467 | 08741.0057 | 10:13:27 | 219.937377 | 359.009928 
 4152.1467 | 08741.0057 | 10:13:28 | 219.937377 | 359.009928 
 4152.1467 | 08741.0057 | 10:13:29 | 219.937377 | 359.009928 
 4152.1467 | 08741.0057 | 10:13:30 | 219.937377 | 359.009928 
 4152.1467 | 08741.0057 | 10:13:31 | 219.937377 | 359.009928 
 4152.1467 | 08741.0057 | 10:13:32 | 219.937377 | 359.009928 
 4152.1467 | 08741.0057 | 10:13:33 | 219.937377 | 359.009928 
 4152.1467 | 08741.0057 | 10:13:34 | 219.937377 | 359.009928 
 4152.1467 | 08741.0057 | 10:13:35 | 219.937377 | 359.009928 
 4152.1467 | 08741.0057 | 10:13:36 | 219.937377 | 359.009928 
 4152.1467 | 08741.0057 | 10:13:37 | 219.937377 | 359.009928 
 4152.1467 | 08741.0057 | 10:13:38 | 219.937377 | 359.009928 
 4152.1467 | 08741.0057 | 10:13:39 | 219.937377 | 359.009928 
 4152.1467 | 08741.0057 | 10:13:40 | 219.937377 | 359.009928 
 4152.1467 | 08741.0057 | 10:13:41 | 219.937377 | 359.009928 
 4152.1467 | 08741.0057 | 10:13:42 | 219.937377 | 359.009928 
 4152.1467 | 08741.0057 | 10:13:43 | 219.937377 | 359.009928 
 4152.1467 | 08741.0057 | 10:13:46 | 219.937377 | 359.009928 
 4152.1467 | 08741.0057 | 10:13:47 | 219.937377 | 359.009928 
 4152.1467 | 08741.0057 | 10:13:48 | 219.937377 | 359.009928 
 4152.1467 | 08741.0057 | 10:13:49 | 219.937377 | 359.009928 
 4152.1467 | 08741.0057 | 10:13:50 | 219.937377 | 359.009928 
 4152.1467 | 08741.0057 | 10:13:51 | 219.937377 | 359.009928 
 4152.1467 | 08741.0057 | 10:13:52 | 219.937377 | 359.009928 
 4152.1467 | 08741.0057 | 10:13:53 | 219.937377 | 359.009928 
 4152.1467 | 08741.0057 | 10:13:54 | 219.937377 | 359.009928 
 4152.1467 | 08741.0057 | 10:13:56 | 219.937377 | 359.009928 
 4152.1467 | 08741.0057 | 10:13:57 | 219.937377 | 359.009928 
 4152.1467 | 08741.0057 | 10:13:58 | 219.937377 | 359.009928 
 4152.1467 | 08741.0057 | 10:13:59 | 219.937377 | 359.009928 
 4152.1467 | 08741.0057 | 10:14:00 | 219.937377 | 359.009928 
 4152.1467 | 08741.0057 | 10:14:01 | 219.937377 | 359.009928 
 4152.1467 | 08741.0057 | 10:14:03 | 219.937377 | 359.009928 
 4152.1467 | 08741.0057 | 10:14:04 | 219.937377 | 359.009928 
 4152.1467 | 08741.0057 | 10:14:05 | 219.937377 | 359.009928 
 4152.1467 | 08741.0057 | 10:14:06 | 219.937377 | 359.009928 
 4152.1467 | 08741.0057 | 10:14:07 | 219.937377 | 359.009928 
 4152.1467 | 08741.0057 | 10:14:08 | 219.937377 | 359.009928 
 4152.1467 | 08741.0057 | 10:14:09 | 219.937377 | 359.009928 
 4152.1467 | 08741.0057 | 10:14:10 | 219.937377 | 359.009928 
 4152.1467 | 08741.0057 | 10:14:13 | 219.937377 | 359.009928 
 4152.1467 | 08741.0057 | 10:14:14 | 219.937377 | 359.009928 
 4152.1467 | 08741.0057 | 10:14:16 | 219.937377 | 359.009928 
 4152.1467 | 08741.0057 | 10:14:17 | 219.937377 | 359.009928 
 4152.1467 | 08741.0057 | 10:14:18 | 219.937377 | 359.009928 
 4152.1467 | 08741.0057 | 10:14:19 | 219.937377 | 359.009928 
 4152.1467 | 08741.0057 | 10:14:20 | 219.937377 | 359.009928 
 4152.1467 | 08741.0057 | 10:14:21 | 219.937377 | 359.009928 
 4152.1467 | 08741.0057 | 10:14:22 | 219.937377 | 359.009928 
 4152.1467 | 08741.0057 | 10:14:23 | 219.937377 | 359.009928 
 4152.1467 | 08741.0057 | 10:14:24 | 219.937377 | 359.009928 
 4152.1467 | 08741.0057 | 10:14:25 | 219.937377 | 359.009928 
 4152.1467 | 08741.0057 | 10:14:26 | 219.937377 | 359.009928 
 4152.1467 | 08741.0057 | 10:14:27 | 219.937377 | 359.009928 
 4152.1467 | 08741.0057 | 10:14:28 | 219.937377 | 359.009928 
 4152.1467 | 08741.0057 | 10:14:29 | 219.937377 | 359.009928 
 4152.1467 | 08741.0057 | 10:14:30 | 219.937377 | 359.009928 
 4152.1467 | 08741.0057 | 10:14:31 | 219.937377 | 359.009928 
 4152.1467 | 08741.0057 | 10:14:32 | 219.937377 | 359.009928 
 4152.1467 | 08741.0057 | 10:14:33 | 219.937377 | 359.009928 
 4152.1467 | 08741.0057 | 10:14:34 | 219.937377 | 359.009928 
 4152.1467 | 08741.0057 | 10:14:35 | 219.937377 | 359.009928 
 4152.1467 | 08741.0057 | 10:14:36 | 219.937377 | 359.009928 
 4152.1467 | 08741.0057 | 10:14:37 | 219.937377 | 359.009928 
 4152.1467 | 08741.0057 | 10:14:38 | 219.937377 | 359.009928 
 4152.1467 | 08741.0057 | 10:14:39 | 219.937377 | 359.009928 
 4152.1467 | 08741.0057 | 10:14:40 | 219.937377 | 359.009928 
 4152.1467 | 08741.0057 | 10:14:41 | 219.937377 | 359.009928 
 4152.1467 | 08741.0057 | 10:14:42 | 219.937377 | 359.009928 
 4152.1467 | 08741.0057 | 10:14:45 | 219.937377 | 359.009928 
 4152.1467 | 08741.0057 | 10:14:46 | 219.937377 | 359.009928 
 4152.1467 | 08741.0057 | 10:14:47 | 219.937377 | 359.009928 
 4152.1467 | 08741.0057 | 10:14:48 | 219.937377 | 359.009928 
 4152.1467 | 08741.0057 | 10:14:50 | 219.937377 | 359.009928 
 4152.1467 | 08741.0057 | 10:14:51 | 219.937377 | 359.009928 
 4152.1467 | 08741.0057 | 10:14:52 | 219.937377 | 359.009928 
 4152.1467 | 08741.0057 | 10:14:53 | 219.937377 | 359.009928 
 4152.1467 | 08741.0057 | 10:14:54 | 219.937377 | 359.009928 
 4152.1467 | 08741.0057 | 10:14:55 | 219.937377 | 359.009928 
 4152.1467 | 08741.0057 | 10:14:56 | 219.937377 | 359.009928 
 4152.1467 | 08741.0057 | 10:14:57 | 219.937377 | 359.009928 
 4152.1467 | 08741.0057 | 10:14:58 | 219.937377 | 359.009928 
 4152.1467 | 08741.0057 | 10:14:59 | 219.937377 | 359.009928 
 4152.1467 | 08741.0057 | 10:15:02 | 219.937377 | 359.009928 
 4152.1467 | 08741.0057 | 10:15:03 | 219.937377 | 359.009928 
 4152.1467 | 08741.0057 | 10:15:04 | 219.937377 | 359.009928 
 4152.1467 | 08741.0057 | 10:15:05 | 219.937377 | 359.009928 
 4152.1467 | 08741.0057 | 10:15:06 | 219.937377 | 359.009928 
 4152.1467 | 08741.0057 | 10:15:07 | 219.937377 | 359.009928 
 4152.1467 | 08741.0057 | 10:15:08 | 219.937377 | 359.009928 
 4152.1467 | 08741.0057 | 10:15:09 | 219.937377 | 359.009928 
 4152.1467 | 08741.0057 | 10:15:10 | 219.937377 | 359.009928 
 4152.1467 | 08741.0057 | 10:15:11 | 219.937377 | 359.009928 
 4152.1388 | 08741.0114 | 10:15:12 | 219.932545 | 359.000804 
 4152.1404 | 08741.0137 | 10:15:13 | 219.930554 | 359.002629 
 4152.1406 | 08741.0142 | 10:15:14 | 219.930122 | 359.002856 
 4152.1405 | 08741.0145 | 10:15:15 | 219.929865 | 359.002739 
 4152.1404 | 08741.0148 | 10:15:16 | 219.929608 | 359.002622 
 4152.1403 | 08741.0151 | 10:15:17 | 219.929351 | 359.002505 
 4152.1403 | 08741.0151 | 10:15:18 | 219.929351 | 359.002505 
 4152.1415 | 08741.0134 | 10:15:19 | 219.930802 | 359.003896 
 4152.1402 | 08741.0143 | 10:15:20 | 219.930040 | 359.002395 
 4152.1404 | 08741.0149 | 10:15:21 | 219.929522 | 359.002621 
 4152.1404 | 08741.0158 | 10:15:22 | 219.928748 | 359.002615 
 4152.1401 | 08741.0165 | 10:15:23 | 219.928149 | 359.002266 
 4152.1404 | 08741.0174 | 10:15:24 | 219.927373 | 359.002605 
 4152.1404 | 08741.0183 | 10:15:25 | 219.926599 | 359.002599 
 4152.1426 | 08741.0164 | 10:15:26 | 219.928213 | 359.005142 
 4152.1434 | 08741.0163 | 10:15:27 | 219.928292 | 359.006063 
 4152.1440 | 08741.0165 | 10:15:28 | 219.928115 | 359.006752 
 4152.1430 | 08741.0168 | 10:15:29 | 219.927866 | 359.005600 
 4152.1429 | 08741.0173 | 10:15:30 | 219.927437 | 359.005481 
 4152.1428 | 08741.0177 | 10:15:31 | 219.927094 | 359.005364 
 4152.1419 | 08741.0178 | 10:15:32 | 219.927016 | 359.004328 
 4152.1441 | 08741.0165 | 10:15:33 | 219.928114 | 359.006867 
 4152.1442 | 08741.0167 | 10:15:34 | 219.927942 | 359.006980 
 4152.1443 | 08741.0169 | 10:15:35 | 219.927769 | 359.007094 
 4152.1443 | 08741.0169 | 10:15:36 | 219.927769 | 359.007094 
 4152.1443 | 08741.0169 | 10:15:37 | 219.927769 | 359.007094 
 4152.1443 | 08741.0169 | 10:15:38 | 219.927769 | 359.007094 
 4152.1443 | 08741.0169 | 10:15:39 | 219.927769 | 359.007094 
 4152.1443 | 08741.0169 | 10:15:40 | 219.927769 | 359.007094 
 4152.1413 | 08741.0194 | 10:15:41 | 219.925645 | 359.003627 
 4152.1412 | 08741.0194 | 10:15:42 | 219.925646 | 359.003512 
 4152.1409 | 08741.0197 | 10:15:43 | 219.925391 | 359.003165 
 4152.1405 | 08741.0201 | 10:15:44 | 219.925051 | 359.002702 
 4152.1402 | 08741.0203 | 10:15:45 | 219.924881 | 359.002356 
 4152.1401 | 08741.0205 | 10:15:46 | 219.924710 | 359.002240 
 4152.1396 | 08741.0213 | 10:15:47 | 219.924027 | 359.001659 
 4152.1394 | 08741.0217 | 10:15:48 | 219.923685 | 359.001427 
 4152.1392 | 08741.0220 | 10:15:49 | 219.923428 | 359.001195 
 4152.1391 | 08741.0222 | 10:15:50 | 219.923257 | 359.001078 
 4152.1391 | 08741.0221 | 10:15:51 | 219.923343 | 359.001079 
 4152.1394 | 08741.0219 | 10:15:52 | 219.923513 | 359.001425 
 4152.1395 | 08741.0213 | 10:15:53 | 219.924028 | 359.001544 
 4152.1394 | 08741.0211 | 10:15:54 | 219.924200 | 359.001431 
 4152.1393 | 08741.0211 | 10:15:55 | 219.924201 | 359.001316 
 4152.1391 | 08741.0210 | 10:15:56 | 219.924289 | 359.001086 
 4152.1390 | 08741.0209 | 10:15:57 | 219.924376 | 359.000972 
 4152.1386 | 08741.0210 | 10:15:59 | 219.924293 | 359.000511 
 4152.1400 | 08741.0183 | 10:16:00 | 219.926603 | 359.002139 
 4152.1410 | 08741.0166 | 10:16:01 | 219.928055 | 359.003300 
 4152.1428 | 08741.0135 | 10:16:02 | 219.930705 | 359.005391 
 4152.1419 | 08741.0142 | 10:16:03 | 219.930111 | 359.004351 
 4152.1419 | 08741.0142 | 10:16:04 | 219.930111 | 359.004351 
 4152.1419 | 08741.0142 | 10:16:05 | 219.930111 | 359.004351 
 4152.1419 | 08741.0142 | 10:16:06 | 219.930111 | 359.004351 
 4152.1419 | 08741.0142 | 10:16:07 | 219.930111 | 359.004351 
 4152.1419 | 08741.0142 | 10:16:08 | 219.930111 | 359.004351 
 4152.1419 | 08741.0142 | 10:16:09 | 219.930111 | 359.004351 
 4152.1419 | 08741.0142 | 10:16:10 | 219.930111 | 359.004351 
 4152.1419 | 08741.0142 | 10:16:11 | 219.930111 | 359.004351 
 4152.1419 | 08741.0142 | 10:16:12 | 219.930111 | 359.004351 
 4152.1419 | 08741.0142 | 10:16:13 | 219.930111 | 359.004351 
 4152.1419 | 08741.0142 | 10:16:14 | 219.930111 | 359.004351 
 4152.1419 | 08741.0142 | 10:16:15 | 219.930111 | 359.004351 
 4152.1419 | 08741.0142 | 10:16:16 | 219.930111 | 359.004351 
 4152.1419 | 08741.0142 | 10:16:17 | 219.930111 | 359.004351 
 4152.1419 | 08741.0142 | 10:16:18 | 219.930111 | 359.004351 
 4152.1419 | 08741.0142 | 10:16:19 | 219.930111 | 359.004351 
 4152.1419 | 08741.0142 | 10:16:21 | 219.930111 | 359.004351 
 4152.1419 | 08741.0142 | 10:16:22 | 219.930111 | 359.004351 
 4152.1419 | 08741.0142 | 10:16:23 | 219.930111 | 359.004351 
 4152.1419 | 08741.0142 | 10:16:24 | 219.930111 | 359.004351 
 4152.1419 | 08741.0142 | 10:16:25 | 219.930111 | 359.004351 
 4152.1419 | 08741.0142 | 10:16:26 | 219.930111 | 359.004351 
 4152.1490 | 08741.0100 | 10:16:27 | 219.933660 | 359.012545 
 4152.1496 | 08741.0101 | 10:16:28 | 219.933569 | 359.013235 
 4152.1499 | 08741.0100 | 10:16:29 | 219.933652 | 359.013581 
 4152.1496 | 08741.0103 | 10:16:31 | 219.933397 | 359.013233 
 4152.1502 | 08741.0100 | 10:16:32 | 219.933650 | 359.013926 
 4152.1479 | 08741.0116 | 10:16:33 | 219.932294 | 359.011270 
 4152.1469 | 08741.0120 | 10:16:35 | 219.931959 | 359.010117 
 4152.1469 | 08741.0120 | 10:16:36 | 219.931959 | 359.010117 
 4152.1469 | 08741.0120 | 10:16:37 | 219.931959 | 359.010117 
 4152.1469 | 08741.0120 | 10:16:38 | 219.931959 | 359.010117 
 4152.1469 | 08741.0120 | 10:16:39 | 219.931959 | 359.010117 
 4152.1469 | 08741.0120 | 10:16:40 | 219.931959 | 359.010117 
 4152.1469 | 08741.0120 | 10:16:41 | 219.931959 | 359.010117 
 4152.1469 | 08741.0120 | 10:16:42 | 219.931959 | 359.010117 
 4152.1469 | 08741.0120 | 10:16:43 | 219.931959 | 359.010117 
 4152.1469 | 08741.0120 | 10:16:44 | 219.931959 | 359.010117 
 4152.1469 | 08741.0120 | 10:16:45 | 219.931959 | 359.010117 
 4152.1469 | 08741.0120 | 10:16:46 | 219.931959 | 359.010117 
 4152.1469 | 08741.0120 | 10:16:47 | 219.931959 | 359.010117 
 4152.1469 | 08741.0120 | 10:16:48 | 219.931959 | 359.010117 
 4152.1424 | 08741.0172 | 10:16:49 | 219.927527 | 359.004907 
 4152.1422 | 08741.0176 | 10:16:50 | 219.927185 | 359.004674 
 4152.1421 | 08741.0180 | 10:16:51 | 219.926842 | 359.004556 
 4152.1419 | 08741.0184 | 10:16:52 | 219.926500 | 359.004324 
 4152.1418 | 08741.0187 | 10:16:53 | 219.926243 | 359.004207 
 4152.1432 | 08741.0150 | 10:16:54 | 219.929412 | 359.005841 
 4152.1433 | 08741.0140 | 10:16:55 | 219.930271 | 359.005963 
 4152.1428 | 08741.0138 | 10:16:56 | 219.930447 | 359.005389 
 4152.1428 | 08741.0138 | 10:16:57 | 219.930447 | 359.005389 
 4152.1428 | 08741.0138 | 10:16:59 | 219.930447 | 359.005389 
 4152.1428 | 08741.0138 | 10:17:00 | 219.930447 | 359.005389 
 4152.1428 | 08741.0138 | 10:17:01 | 219.930447 | 359.005389 
 4152.1428 | 08741.0138 | 10:17:02 | 219.930447 | 359.005389 
 4152.1428 | 08741.0138 | 10:17:03 | 219.930447 | 359.005389 
 4152.1428 | 08741.0138 | 10:17:05 | 219.930447 | 359.005389 
 4152.1428 | 08741.0138 | 10:17:06 | 219.930447 | 359.005389 
 4152.1428 | 08741.0138 | 10:17:07 | 219.930447 | 359.005389 
 4152.1428 | 08741.0138 | 10:17:08 | 219.930447 | 359.005389 
 4152.1428 | 08741.0138 | 10:17:09 | 219.930447 | 359.005389 
 4152.1428 | 08741.0138 | 10:17:10 | 219.930447 | 359.005389 
 4152.1428 | 08741.0138 | 10:17:11 | 219.930447 | 359.005389 
 4152.1428 | 08741.0138 | 10:17:12 | 219.930447 | 359.005389 
 4152.1428 | 08741.0138 | 10:17:13 | 219.930447 | 359.005389 
 4152.1428 | 08741.0138 | 10:17:14 | 219.930447 | 359.005389 
 4152.1428 | 08741.0138 | 10:17:15 | 219.930447 | 359.005389 
 4152.1428 | 08741.0138 | 10:17:16 | 219.930447 | 359.005389 
 4152.1428 | 08741.0138 | 10:17:17 | 219.930447 | 359.005389 
 4152.1428 | 08741.0138 | 10:17:18 | 219.930447 | 359.005389 
 4152.1428 | 08741.0138 | 10:17:19 | 219.930447 | 359.005389 
 4152.1440 | 08741.0136 | 10:17:20 | 219.930609 | 359.006771 
 4152.1438 | 08741.0140 | 10:17:21 | 219.930266 | 359.006538 
 4152.1435 | 08741.0143 | 10:17:22 | 219.930011 | 359.006191 
 4152.1430 | 08741.0144 | 10:17:23 | 219.929929 | 359.005615 
 4152.1427 | 08741.0147 | 10:17:24 | 219.929674 | 359.005268 
 4152.1419 | 08741.0155 | 10:17:25 | 219.928993 | 359.004343 
 4152.1432 | 08741.0142 | 10:17:26 | 219.930100 | 359.005846 
 4152.1425 | 08741.0148 | 10:17:27 | 219.929590 | 359.005037 
 4152.1419 | 08741.0154 | 10:17:28 | 219.929079 | 359.004343 
 4152.1431 | 08741.0138 | 10:17:29 | 219.930444 | 359.005734 
 4152.1427 | 08741.0139 | 10:17:30 | 219.930362 | 359.005273 
 4152.1422 | 08741.0143 | 10:17:31 | 219.930022 | 359.004696 
 4152.1421 | 08741.0143 | 10:17:32 | 219.930023 | 359.004581 
 4152.1422 | 08741.0141 | 10:17:33 | 219.930194 | 359.004697 
 4152.1420 | 08741.0142 | 10:17:34 | 219.930110 | 359.004466 
 4152.1420 | 08741.0142 | 10:17:35 | 219.930110 | 359.004466 
 4152.1420 | 08741.0142 | 10:17:36 | 219.930110 | 359.004466 
 4152.1420 | 08741.0142 | 10:17:37 | 219.930110 | 359.004466 
 4152.1420 | 08741.0142 | 10:17:38 | 219.930110 | 359.004466 
 4152.1420 | 08741.0142 | 10:17:39 | 219.930110 | 359.004466 
 4152.1420 | 08741.0142 | 10:17:40 | 219.930110 | 359.004466 
 4152.1420 | 08741.0142 | 10:17:41 | 219.930110 | 359.004466 
 4152.1420 | 08741.0142 | 10:17:42 | 219.930110 | 359.004466 
 4152.1420 | 08741.0142 | 10:17:43 | 219.930110 | 359.004466 
 4152.1420 | 08741.0142 | 10:17:44 | 219.930110 | 359.004466 
 4152.1420 | 08741.0142 | 10:17:45 | 219.930110 | 359.004466 
 4152.1365 | 08741.0142 | 10:17:46 | 219.930158 | 358.998140 
 4152.1355 | 08741.0145 | 10:17:47 | 219.929909 | 358.996988 
 4152.1347 | 08741.0147 | 10:17:48 | 219.929744 | 358.996066 
 4152.1368 | 08741.0151 | 10:17:49 | 219.929382 | 358.998479 
 4152.1365 | 08741.0154 | 10:17:50 | 219.929126 | 358.998132 
 4152.1367 | 08741.0155 | 10:17:51 | 219.929039 | 358.998361 
 4152.1364 | 08741.0159 | 10:17:52 | 219.928697 | 358.998014 
 4152.1360 | 08741.0161 | 10:17:53 | 219.928529 | 358.997552 
 4152.1357 | 08741.0164 | 10:17:54 | 219.928274 | 358.997205 
 4152.1354 | 08741.0167 | 10:17:55 | 219.928018 | 358.996858 
 4152.1351 | 08741.0170 | 10:17:56 | 219.927763 | 358.996511 
 4152.1348 | 08741.0173 | 10:17:57 | 219.927508 | 358.996164 
 4152.1356 | 08741.0168 | 10:17:58 | 219.927930 | 358.997088 
 4152.1353 | 08741.0170 | 10:17:59 | 219.927761 | 358.996741 
 4152.1362 | 08741.0145 | 10:18:00 | 219.929903 | 358.997793 
 4152.1362 | 08741.0137 | 10:18:00 | 219.930591 | 358.997798 
 4152.1360 | 08741.0138 | 10:18:01 | 219.930506 | 358.997567 
 4152.1360 | 08741.0138 | 10:18:02 | 219.930506 | 358.997567 
 4152.1360 | 08741.0138 | 10:18:03 | 219.930506 | 358.997567 
 4152.1360 | 08741.0138 | 10:18:04 | 219.930506 | 358.997567 
 4152.1360 | 08741.0138 | 10:18:05 | 219.930506 | 358.997567 
 4152.1360 | 08741.0138 | 10:18:06 | 219.930506 | 358.997567 
 4152.1467 | 08741.0131 | 10:18:07 | 219.931015 | 359.009880 
 4152.1472 | 08741.0130 | 10:18:08 | 219.931097 | 359.010455 
 4152.1477 | 08741.0130 | 10:18:09 | 219.931092 | 359.011030 
 4152.1484 | 08741.0125 | 10:18:10 | 219.931516 | 359.011839 
 4152.1488 | 08741.0127 | 10:18:11 | 219.931341 | 359.012298 
 4152.1498 | 08741.0123 | 10:18:12 | 219.931676 | 359.013451 
 4152.1433 | 08741.0141 | 10:18:13 | 219.930185 | 359.005962 
 4152.1449 | 08741.0137 | 10:18:14 | 219.930515 | 359.007805 
 4152.1443 | 08741.0139 | 10:18:15 | 219.930348 | 359.007114 
 4152.1443 | 08741.0139 | 10:18:16 | 219.930348 | 359.007114 
 4152.1443 | 08741.0139 | 10:18:17 | 219.930348 | 359.007114 
 4152.1443 | 08741.0139 | 10:18:18 | 219.930348 | 359.007114 
 4152.1443 | 08741.0139 | 10:18:19 | 219.930348 | 359.007114 
 4152.1443 | 08741.0139 | 10:18:20 | 219.930348 | 359.007114 
 4152.1443 | 08741.0139 | 10:18:21 | 219.930348 | 359.007114 
 4152.1443 | 08741.0139 | 10:18:22 | 219.930348 | 359.007114 
 4152.1443 | 08741.0139 | 10:18:23 | 219.930348 | 359.007114 
 4152.1443 | 08741.0139 | 10:18:24 | 219.930348 | 359.007114 
 4152.1443 | 08741.0139 | 10:18:25 | 219.930348 | 359.007114 
 4152.1443 | 08741.0139 | 10:18:26 | 219.930348 | 359.007114 
 4152.1443 | 08741.0139 | 10:18:27 | 219.930348 | 359.007114 
 4152.1443 | 08741.0139 | 10:18:28 | 219.930348 | 359.007114 
 4152.1443 | 08741.0139 | 10:18:29 | 219.930348 | 359.007114 
 4152.1443 | 08741.0139 | 10:18:30 | 219.930348 | 359.007114 
 4152.1443 | 08741.0139 | 10:18:31 | 219.930348 | 359.007114 
 4152.1443 | 08741.0139 | 10:18:32 | 219.930348 | 359.007114 
 4152.1443 | 08741.0139 | 10:18:33 | 219.930348 | 359.007114 
 4152.1443 | 08741.0139 | 10:18:34 | 219.930348 | 359.007114 
 4152.1443 | 08741.0139 | 10:18:35 | 219.930348 | 359.007114 
 4152.1443 | 08741.0139 | 10:18:36 | 219.930348 | 359.007114 
 4152.1443 | 08741.0139 | 10:18:37 | 219.930348 | 359.007114 
 4152.1443 | 08741.0139 | 10:18:38 | 219.930348 | 359.007114 
 4152.1443 | 08741.0139 | 10:18:39 | 219.930348 | 359.007114 
 4152.1443 | 08741.0139 | 10:18:40 | 219.930348 | 359.007114 
 4152.1443 | 08741.0139 | 10:18:41 | 219.930348 | 359.007114 
 4152.1443 | 08741.0139 | 10:18:42 | 219.930348 | 359.007114 
 4152.1443 | 08741.0139 | 10:18:43 | 219.930348 | 359.007114 
 4152.1443 | 08741.0139 | 10:18:44 | 219.930348 | 359.007114 
 4152.1443 | 08741.0139 | 10:18:45 | 219.930348 | 359.007114 
 4152.1443 | 08741.0139 | 10:18:46 | 219.930348 | 359.007114 
 4152.1443 | 08741.0139 | 10:18:47 | 219.930348 | 359.007114 
 4152.1443 | 08741.0139 | 10:18:48 | 219.930348 | 359.007114 
 4152.1443 | 08741.0139 | 10:18:49 | 219.930348 | 359.007114 
 4152.1443 | 08741.0139 | 10:18:50 | 219.930348 | 359.007114 
 4152.1443 | 08741.0139 | 10:18:51 | 219.930348 | 359.007114 
 4152.1443 | 08741.0139 | 10:18:52 | 219.930348 | 359.007114 
 4152.1443 | 08741.0139 | 10:18:53 | 219.930348 | 359.007114 
 4152.1443 | 08741.0139 | 10:18:54 | 219.930348 | 359.007114 
 4152.1443 | 08741.0139 | 10:18:55 | 219.930348 | 359.007114 
 4152.1443 | 08741.0139 | 10:18:56 | 219.930348 | 359.007114 
 4152.1443 | 08741.0139 | 10:18:57 | 219.930348 | 359.007114 
 4152.1443 | 08741.0139 | 10:18:58 | 219.930348 | 359.007114 
 4152.1443 | 08741.0139 | 10:18:59 | 219.930348 | 359.007114 
 4152.1443 | 08741.0139 | 10:19:00 | 219.930348 | 359.007114 
 4152.1443 | 08741.0139 | 10:19:01 | 219.930348 | 359.007114 
 4152.1443 | 08741.0139 | 10:19:02 | 219.930348 | 359.007114 
 4152.1443 | 08741.0139 | 10:19:03 | 219.930348 | 359.007114 
 4152.1443 | 08741.0139 | 10:19:04 | 219.930348 | 359.007114 
 4152.1443 | 08741.0139 | 10:19:05 | 219.930348 | 359.007114 
 4152.1443 | 08741.0139 | 10:19:06 | 219.930348 | 359.007114 
 4152.1443 | 08741.0139 | 10:19:07 | 219.930348 | 359.007114 
 4152.1443 | 08741.0139 | 10:19:08 | 219.930348 | 359.007114 
 4152.1443 | 08741.0139 | 10:19:09 | 219.930348 | 359.007114 
 4152.1443 | 08741.0139 | 10:19:10 | 219.930348 | 359.007114 
 4152.1443 | 08741.0139 | 10:19:11 | 219.930348 | 359.007114 
 4152.1443 | 08741.0139 | 10:19:12 | 219.930348 | 359.007114 
 4152.1443 | 08741.0139 | 10:19:13 | 219.930348 | 359.007114 
 4152.1443 | 08741.0139 | 10:19:14 | 219.930348 | 359.007114 
 4152.1443 | 08741.0139 | 10:19:15 | 219.930348 | 359.007114 
 4152.1443 | 08741.0139 | 10:19:16 | 219.930348 | 359.007114 
 4152.1443 | 08741.0139 | 10:19:17 | 219.930348 | 359.007114 
 4152.1443 | 08741.0139 | 10:19:18 | 219.930348 | 359.007114 
 4152.1443 | 08741.0139 | 10:19:19 | 219.930348 | 359.007114 
 4152.1443 | 08741.0139 | 10:19:20 | 219.930348 | 359.007114 
 4152.1443 | 08741.0139 | 10:19:21 | 219.930348 | 359.007114 
 4152.1443 | 08741.0139 | 10:19:22 | 219.930348 | 359.007114 
 4152.1443 | 08741.0139 | 10:19:23 | 219.930348 | 359.007114 
 4152.1443 | 08741.0139 | 10:19:24 | 219.930348 | 359.007114 
 4152.1443 | 08741.0139 | 10:19:25 | 219.930348 | 359.007114 
 4152.1443 | 08741.0139 | 10:19:26 | 219.930348 | 359.007114 
 4152.1443 | 08741.0139 | 10:19:27 | 219.930348 | 359.007114 
 4152.1443 | 08741.0139 | 10:19:28 | 219.930348 | 359.007114 
 4152.1443 | 08741.0139 | 10:19:29 | 219.930348 | 359.007114 
 4152.1443 | 08741.0139 | 10:19:32 | 219.930348 | 359.007114 
 4152.1443 | 08741.0139 | 10:19:34 | 219.930348 | 359.007114 
 4152.1443 | 08741.0139 | 10:19:35 | 219.930348 | 359.007114 
 4152.1443 | 08741.0139 | 10:19:36 | 219.930348 | 359.007114 
 4152.1443 | 08741.0139 | 10:19:38 | 219.930348 | 359.007114 
 4152.1443 | 08741.0139 | 10:19:39 | 219.930348 | 359.007114 
 4152.1443 | 08741.0139 | 10:19:40 | 219.930348 | 359.007114 
 4152.1443 | 08741.0139 | 10:19:41 | 219.930348 | 359.007114 
 4152.1443 | 08741.0139 | 10:19:42 | 219.930348 | 359.007114 
 4152.1443 | 08741.0139 | 10:19:43 | 219.930348 | 359.007114 
 4152.1443 | 08741.0139 | 10:19:44 | 219.930348 | 359.007114 
 4152.1443 | 08741.0139 | 10:19:46 | 219.930348 | 359.007114 
 4152.1443 | 08741.0139 | 10:19:47 | 219.930348 | 359.007114 
 4152.1443 | 08741.0139 | 10:19:48 | 219.930348 | 359.007114 
 4152.1443 | 08741.0139 | 10:19:49 | 219.930348 | 359.007114 
 4152.1443 | 08741.0139 | 10:19:50 | 219.930348 | 359.007114 
 4152.1443 | 08741.0139 | 10:19:51 | 219.930348 | 359.007114 
 4152.1443 | 08741.0139 | 10:19:52 | 219.930348 | 359.007114 
 4152.1443 | 08741.0139 | 10:19:53 | 219.930348 | 359.007114 
 4152.1443 | 08741.0139 | 10:19:54 | 219.930348 | 359.007114 
 4152.1443 | 08741.0139 | 10:19:55 | 219.930348 | 359.007114 
 4152.1443 | 08741.0139 | 10:19:56 | 219.930348 | 359.007114 
 4152.1443 | 08741.0139 | 10:19:57 | 219.930348 | 359.007114 
 4152.1443 | 08741.0139 | 10:19:58 | 219.930348 | 359.007114 
 4152.1443 | 08741.0139 | 10:19:59 | 219.930348 | 359.007114 
 4152.1443 | 08741.0139 | 10:20:00 | 219.930348 | 359.007114 
 4152.1443 | 08741.0139 | 10:20:01 | 219.930348 | 359.007114 
 4152.1443 | 08741.0139 | 10:20:02 | 219.930348 | 359.007114 
 4152.1443 | 08741.0139 | 10:20:03 | 219.930348 | 359.007114 
 4152.1443 | 08741.0139 | 10:20:04 | 219.930348 | 359.007114 
 4152.1443 | 08741.0139 | 10:20:05 | 219.930348 | 359.007114 
 4152.1443 | 08741.0139 | 10:20:06 | 219.930348 | 359.007114 
 4152.1443 | 08741.0139 | 10:20:07 | 219.930348 | 359.007114 
 4152.1443 | 08741.0139 | 10:20:08 | 219.930348 | 359.007114 
 4152.1443 | 08741.0139 | 10:20:09 | 219.930348 | 359.007114 
 4152.1443 | 08741.0139 | 10:20:10 | 219.930348 | 359.007114 
 4152.1443 | 08741.0139 | 10:20:11 | 219.930348 | 359.007114 
 4152.1443 | 08741.0139 | 10:20:12 | 219.930348 | 359.007114 
 4152.1443 | 08741.0139 | 10:20:13 | 219.930348 | 359.007114 
 4152.1443 | 08741.0139 | 10:20:14 | 219.930348 | 359.007114 
 4152.1443 | 08741.0139 | 10:20:15 | 219.930348 | 359.007114 
 4152.1443 | 08741.0139 | 10:20:16 | 219.930348 | 359.007114 
 4152.1443 | 08741.0139 | 10:20:17 | 219.930348 | 359.007114 
 4152.1443 | 08741.0139 | 10:20:18 | 219.930348 | 359.007114 
 4152.1443 | 08741.0139 | 10:20:19 | 219.930348 | 359.007114 
 4152.1444 | 08741.0202 | 10:20:20 | 219.924931 | 359.007188 
 4152.1441 | 08741.0210 | 10:20:21 | 219.924245 | 359.006837 
 4152.1440 | 08741.0217 | 10:20:22 | 219.923645 | 359.006718 
 4152.1438 | 08741.0221 | 10:20:23 | 219.923302 | 359.006485 
 4152.1434 | 08741.0223 | 10:20:24 | 219.923134 | 359.006024 
 4152.1444 | 08741.0198 | 10:20:25 | 219.925275 | 359.007190 
 4152.1454 | 08741.0164 | 10:20:26 | 219.928189 | 359.008363 
 4152.1464 | 08741.0129 | 10:20:27 | 219.931190 | 359.009536 
 4152.1466 | 08741.0123 | 10:20:28 | 219.931704 | 359.009770 
 4152.1466 | 08741.0121 | 10:20:29 | 219.931876 | 359.009771 
 4152.1468 | 08741.0115 | 10:20:30 | 219.932390 | 359.010005 
 4152.1465 | 08741.0105 | 10:20:31 | 219.933252 | 359.009666 
 4152.1465 | 08741.0101 | 10:20:32 | 219.933596 | 359.009669 
 4152.1465 | 08741.0097 | 10:20:33 | 219.933940 | 359.009672 
 4152.1466 | 08741.0093 | 10:20:34 | 219.934283 | 359.009789 
 4152.1473 | 08741.0078 | 10:20:35 | 219.935566 | 359.010604 
 4152.1473 | 08741.0073 | 10:20:36 | 219.935996 | 359.010607 
 4152.1474 | 08741.0067 | 10:20:37 | 219.936511 | 359.010726 
 4152.1473 | 08741.0061 | 10:20:38 | 219.937028 | 359.010615 
 4152.1472 | 08741.0056 | 10:20:39 | 219.937459 | 359.010503 
 4152.1473 | 08741.0051 | 10:20:40 | 219.937888 | 359.010622 
 4152.1473 | 08741.0046 | 10:20:41 | 219.938318 | 359.010625 
 4152.1475 | 08741.0042 | 10:20:42 | 219.938660 | 359.010858 
 4152.1475 | 08741.0037 | 10:20:43 | 219.939090 | 359.010861 
 4152.1475 | 08741.0032 | 10:20:44 | 219.939520 | 359.010864 
 4152.1475 | 08741.0027 | 10:20:45 | 219.939949 | 359.010867 
 4152.1475 | 08741.0022 | 10:20:46 | 219.940379 | 359.010871 
 4152.1476 | 08741.0003 | 10:20:47 | 219.942012 | 359.010998 
 4152.1476 | 08740.9996 | 10:20:48 | 219.942614 | 359.011003 
 4152.1475 | 08740.9988 | 10:20:49 | 219.943303 | 359.010893 
 4152.1479 | 08740.9981 | 10:20:50 | 219.943901 | 359.011357 
 4152.1476 | 08740.9973 | 10:20:51 | 219.944591 | 359.011018 
 4152.1475 | 08740.9965 | 10:20:52 | 219.945280 | 359.010908 
 4152.1491 | 08740.9965 | 10:20:53 | 219.945266 | 359.012748 
 4152.1492 | 08740.9958 | 10:20:54 | 219.945867 | 359.012868 
 4152.1495 | 08740.9947 | 10:20:55 | 219.946810 | 359.013220 
 4152.1497 | 08740.9938 | 10:20:56 | 219.947582 | 359.013456 
 4152.1497 | 08740.9929 | 10:20:57 | 219.948356 | 359.013462 
 4152.1496 | 08740.9919 | 10:20:58 | 219.949217 | 359.013353 
 4152.1496 | 08740.9912 | 10:20:59 | 219.949818 | 359.013358 
 4152.1496 | 08740.9911 | 10:21:00 | 219.949904 | 359.013358 
 4152.1500 | 08740.9905 | 10:21:01 | 219.950417 | 359.013822 
 4152.1502 | 08740.9898 | 10:21:03 | 219.951017 | 359.014057 
 4152.1501 | 08740.9898 | 10:21:04 | 219.951018 | 359.013942 
 4152.1503 | 08740.9899 | 10:21:05 | 219.950930 | 359.014171 
 4152.1460 | 08740.9951 | 10:21:06 | 219.946497 | 359.009192 
 4152.1457 | 08740.9954 | 10:21:07 | 219.946241 | 359.008844 
 4152.1448 | 08740.9964 | 10:21:08 | 219.945389 | 359.007803 
 4152.1448 | 08740.9964 | 10:21:09 | 219.945389 | 359.007803 
 4152.1448 | 08740.9964 | 10:21:10 | 219.945389 | 359.007803 
 4152.1448 | 08740.9964 | 10:21:11 | 219.945389 | 359.007803 
 4152.1448 | 08740.9964 | 10:21:12 | 219.945389 | 359.007803 
 4152.1448 | 08740.9964 | 10:21:13 | 219.945389 | 359.007803 
 4152.1448 | 08740.9964 | 10:21:14 | 219.945389 | 359.007803 
 4152.1448 | 08740.9964 | 10:21:15 | 219.945389 | 359.007803 
 4152.1448 | 08740.9964 | 10:21:16 | 219.945389 | 359.007803 
 4152.1448 | 08740.9964 | 10:21:17 | 219.945389 | 359.007803 
 4152.1448 | 08740.9964 | 10:21:18 | 219.945389 | 359.007803 
 4152.1448 | 08740.9964 | 10:21:19 | 219.945389 | 359.007803 
 4152.1448 | 08740.9964 | 10:21:20 | 219.945389 | 359.007803 
 4152.1448 | 08740.9964 | 10:21:21 | 219.945389 | 359.007803 
 4152.1448 | 08740.9964 | 10:21:22 | 219.945389 | 359.007803 
 4152.1448 | 08740.9964 | 10:21:23 | 219.945389 | 359.007803 
 4152.1448 | 08740.9964 | 10:21:24 | 219.945389 | 359.007803 
 4152.1448 | 08740.9964 | 10:21:25 | 219.945389 | 359.007803 
 4152.1448 | 08740.9964 | 10:21:26 | 219.945389 | 359.007803 
 4152.1448 | 08740.9964 | 10:21:27 | 219.945389 | 359.007803 
 4152.1448 | 08740.9964 | 10:21:28 | 219.945389 | 359.007803 
 4152.1448 | 08740.9964 | 10:21:29 | 219.945389 | 359.007803 
 4152.1448 | 08740.9964 | 10:21:30 | 219.945389 | 359.007803 
 4152.1448 | 08740.9964 | 10:21:31 | 219.945389 | 359.007803 
 4152.1448 | 08740.9964 | 10:21:32 | 219.945389 | 359.007803 
 4152.1448 | 08740.9964 | 10:21:33 | 219.945389 | 359.007803 
 4152.1448 | 08740.9964 | 10:21:34 | 219.945389 | 359.007803 
 4152.1448 | 08740.9964 | 10:21:35 | 219.945389 | 359.007803 
 4152.1448 | 08740.9964 | 10:21:36 | 219.945389 | 359.007803 
 4152.1448 | 08740.9964 | 10:21:37 | 219.945389 | 359.007803 
 4152.1448 | 08740.9964 | 10:21:38 | 219.945389 | 359.007803 
 4152.1448 | 08740.9964 | 10:21:39 | 219.945389 | 359.007803 
 4152.1448 | 08740.9964 | 10:21:40 | 219.945389 | 359.007803 
 4152.1448 | 08740.9964 | 10:21:41 | 219.945389 | 359.007803 
 4152.1448 | 08740.9964 | 10:21:42 | 219.945389 | 359.007803 
 4152.1448 | 08740.9964 | 10:21:43 | 219.945389 | 359.007803 
 4152.1448 | 08740.9964 | 10:21:45 | 219.945389 | 359.007803 
 4152.1448 | 08740.9964 | 10:21:46 | 219.945389 | 359.007803 
 4152.1448 | 08740.9964 | 10:21:56 | 219.945389 | 359.007803 
 4152.1448 | 08740.9964 | 10:21:57 | 219.945389 | 359.007803 
 4152.1448 | 08740.9964 | 10:22:00 | 219.945389 | 359.007803 
 4152.1448 | 08740.9964 | 10:22:01 | 219.945389 | 359.007803 
 4152.1448 | 08740.9964 | 10:22:02 | 219.945389 | 359.007803 
 4152.1448 | 08740.9964 | 10:22:03 | 219.945389 | 359.007803 
 4152.1448 | 08740.9964 | 10:22:04 | 219.945389 | 359.007803 
 4152.1448 | 08740.9964 | 10:22:05 | 219.945389 | 359.007803 
 4152.1448 | 08740.9964 | 10:22:06 | 219.945389 | 359.007803 
 4152.1448 | 08740.9964 | 10:22:07 | 219.945389 | 359.007803 
 4152.1448 | 08740.9964 | 10:22:08 | 219.945389 | 359.007803 
 4152.1448 | 08740.9964 | 10:22:09 | 219.945389 | 359.007803 
 4152.1448 | 08740.9964 | 10:22:10 | 219.945389 | 359.007803 
 4152.1448 | 08740.9964 | 10:22:11 | 219.945389 | 359.007803 
 4152.1448 | 08740.9964 | 10:22:12 | 219.945389 | 359.007803 
 4152.1448 | 08740.9964 | 10:22:13 | 219.945389 | 359.007803 
 4152.1448 | 08740.9964 | 10:22:14 | 219.945389 | 359.007803 
 4152.1448 | 08740.9964 | 10:22:15 | 219.945389 | 359.007803 
 4152.1448 | 08740.9964 | 10:22:16 | 219.945389 | 359.007803 
 4152.1448 | 08740.9964 | 10:22:17 | 219.945389 | 359.007803 
 4152.1448 | 08740.9964 | 10:22:18 | 219.945389 | 359.007803 
 4152.1448 | 08740.9964 | 10:22:19 | 219.945389 | 359.007803 
 4152.1448 | 08740.9964 | 10:22:20 | 219.945389 | 359.007803 
 4152.1448 | 08740.9964 | 10:22:21 | 219.945389 | 359.007803 
 4152.1448 | 08740.9964 | 10:22:22 | 219.945389 | 359.007803 
 4152.1448 | 08740.9964 | 10:22:23 | 219.945389 | 359.007803 
 4152.1448 | 08740.9964 | 10:22:24 | 219.945389 | 359.007803 
 4152.1448 | 08740.9964 | 10:22:25 | 219.945389 | 359.007803 
 4152.1448 | 08740.9964 | 10:22:26 | 219.945389 | 359.007803 
 4152.1448 | 08740.9964 | 10:22:27 | 219.945389 | 359.007803 
 4152.1448 | 08740.9964 | 10:22:28 | 219.945389 | 359.007803 
 4152.1448 | 08740.9964 | 10:22:29 | 219.945389 | 359.007803 
 4152.1448 | 08740.9964 | 10:22:30 | 219.945389 | 359.007803 
 4152.1448 | 08740.9964 | 10:22:31 | 219.945389 | 359.007803 
 4152.1448 | 08740.9964 | 10:22:32 | 219.945389 | 359.007803 
 4152.1448 | 08740.9964 | 10:22:33 | 219.945389 | 359.007803 
 4152.1448 | 08740.9964 | 10:22:34 | 219.945389 | 359.007803 
 4152.1448 | 08740.9964 | 10:22:35 | 219.945389 | 359.007803 
 4152.1448 | 08740.9964 | 10:22:36 | 219.945389 | 359.007803 
 4152.1448 | 08740.9964 | 10:22:37 | 219.945389 | 359.007803 
 4152.1448 | 08740.9964 | 10:22:38 | 219.945389 | 359.007803 
 4152.1448 | 08740.9985 | 10:22:39 | 219.943584 | 359.007789 
 4152.1455 | 08740.9996 | 10:22:40 | 219.942632 | 359.008587 
 4152.1454 | 08740.9996 | 10:22:41 | 219.942633 | 359.008472 
 4152.1455 | 08740.9995 | 10:22:42 | 219.942718 | 359.008588 
 4152.1453 | 08740.9992 | 10:22:43 | 219.942978 | 359.008360 
 4152.1453 | 08740.9992 | 10:22:44 | 219.942978 | 359.008360 
 4152.1453 | 08740.9992 | 10:22:45 | 219.942978 | 359.008360 
 4152.1453 | 08740.9992 | 10:22:46 | 219.942978 | 359.008360 
 4152.1453 | 08740.9992 | 10:22:47 | 219.942978 | 359.008360 
 4152.1453 | 08740.9992 | 10:22:48 | 219.942978 | 359.008360 
 4152.1453 | 08740.9992 | 10:22:49 | 219.942978 | 359.008360 
 4152.1453 | 08740.9992 | 10:22:50 | 219.942978 | 359.008360 
 4152.1453 | 08740.9992 | 10:22:51 | 219.942978 | 359.008360 
 4152.1453 | 08740.9992 | 10:22:52 | 219.942978 | 359.008360 
 4152.1453 | 08740.9992 | 10:22:53 | 219.942978 | 359.008360 
 4152.1453 | 08740.9992 | 10:22:54 | 219.942978 | 359.008360 
 4152.1453 | 08740.9992 | 10:22:55 | 219.942978 | 359.008360 
 4152.1453 | 08740.9992 | 10:22:56 | 219.942978 | 359.008360 
 4152.1453 | 08740.9992 | 10:22:57 | 219.942978 | 359.008360 
 4152.1453 | 08740.9992 | 10:22:58 | 219.942978 | 359.008360 
 4152.1453 | 08740.9992 | 10:22:59 | 219.942978 | 359.008360 
 4152.1453 | 08740.9992 | 10:23:00 | 219.942978 | 359.008360 
 4152.1453 | 08740.9992 | 10:23:01 | 219.942978 | 359.008360 
 4152.1453 | 08740.9992 | 10:23:02 | 219.942978 | 359.008360 
 4152.1453 | 08740.9992 | 10:23:03 | 219.942978 | 359.008360 
 4152.1453 | 08740.9992 | 10:23:04 | 219.942978 | 359.008360 
 4152.1453 | 08740.9992 | 10:23:05 | 219.942978 | 359.008360 
 4152.1453 | 08740.9992 | 10:23:06 | 219.942978 | 359.008360 
 4152.1453 | 08740.9992 | 10:23:07 | 219.942978 | 359.008360 
 4152.1453 | 08740.9992 | 10:23:08 | 219.942978 | 359.008360 
 4152.1453 | 08740.9992 | 10:23:09 | 219.942978 | 359.008360 
 4152.1453 | 08740.9992 | 10:23:10 | 219.942978 | 359.008360 
 4152.1453 | 08740.9992 | 10:23:11 | 219.942978 | 359.008360 
 4152.1453 | 08740.9992 | 10:23:12 | 219.942978 | 359.008360 
 4152.1453 | 08740.9992 | 10:23:15 | 219.942978 | 359.008360 
 4152.1453 | 08740.9992 | 10:23:16 | 219.942978 | 359.008360 
 4152.1453 | 08740.9992 | 10:23:17 | 219.942978 | 359.008360 
 4152.1453 | 08740.9992 | 10:23:20 | 219.942978 | 359.008360 
 4152.1453 | 08740.9992 | 10:23:21 | 219.942978 | 359.008360 
 4152.1453 | 08740.9992 | 10:23:22 | 219.942978 | 359.008360 
 4152.1453 | 08740.9992 | 10:23:23 | 219.942978 | 359.008360 
 4152.1453 | 08740.9992 | 10:23:24 | 219.942978 | 359.008360 
 4152.1453 | 08740.9992 | 10:23:25 | 219.942978 | 359.008360 
 4152.1453 | 08740.9992 | 10:23:26 | 219.942978 | 359.008360 
 4152.1453 | 08740.9992 | 10:23:27 | 219.942978 | 359.008360 
 4152.1453 | 08740.9992 | 10:23:30 | 219.942978 | 359.008360 
 4152.1453 | 08740.9992 | 10:23:31 | 219.942978 | 359.008360 
 4152.1453 | 08740.9992 | 10:23:32 | 219.942978 | 359.008360 
 4152.1453 | 08740.9992 | 10:23:33 | 219.942978 | 359.008360 
 4152.1453 | 08740.9992 | 10:23:34 | 219.942978 | 359.008360 
 4152.1449 | 08741.0013 | 10:23:35 | 219.941176 | 359.007886 
 4152.1453 | 08741.0022 | 10:23:36 | 219.940399 | 359.008340 
 4152.1450 | 08741.0013 | 10:23:47 | 219.941175 | 359.008001 
 4152.1450 | 08741.0013 | 10:23:48 | 219.941175 | 359.008001 
 4152.1450 | 08741.0013 | 10:23:53 | 219.941175 | 359.008001 
 4152.1450 | 08741.0013 | 10:23:54 | 219.941175 | 359.008001 
 4152.1450 | 08741.0013 | 10:24:14 | 219.941175 | 359.008001 
 4152.1444 | 08741.0031 | 10:24:29 | 219.939633 | 359.007299 
 4152.1458 | 08741.0086 | 10:24:41 | 219.934892 | 359.008874 
 4152.1441 | 08741.0097 | 10:24:47 | 219.933961 | 359.006911 
 4152.1441 | 08741.0095 | 10:24:51 | 219.934133 | 359.006912 
 4152.1441 | 08741.0095 | 10:24:54 | 219.934133 | 359.006912 
 4152.1441 | 08741.0095 | 10:24:55 | 219.934133 | 359.006912 
 4152.1441 | 08741.0095 | 10:24:56 | 219.934133 | 359.006912 
 4152.1441 | 08741.0095 | 10:24:58 | 219.934133 | 359.006912 
 4152.1441 | 08741.0095 | 10:24:59 | 219.934133 | 359.006912 
 4152.1441 | 08741.0095 | 10:25:00 | 219.934133 | 359.006912 
 4152.1441 | 08741.0095 | 10:25:01 | 219.934133 | 359.006912 
 4152.1441 | 08741.0095 | 10:25:04 | 219.934133 | 359.006912 
 4152.1441 | 08741.0095 | 10:25:05 | 219.934133 | 359.006912 
 4152.1441 | 08741.0095 | 10:25:06 | 219.934133 | 359.006912 
 4152.1441 | 08741.0095 | 10:25:07 | 219.934133 | 359.006912 
 4152.1441 | 08741.0095 | 10:25:08 | 219.934133 | 359.006912 
 4152.1460 | 08741.0039 | 10:25:09 | 219.938931 | 359.009134 
 4152.1447 | 08741.0014 | 10:25:10 | 219.941092 | 359.007655 
 4152.1443 | 08741.0007 | 10:25:12 | 219.941697 | 359.007200 
 4152.1443 | 08741.0007 | 10:25:13 | 219.941697 | 359.007200 
 4152.1443 | 08741.0007 | 10:25:14 | 219.941697 | 359.007200 
 4152.1443 | 08741.0007 | 10:25:17 | 219.941697 | 359.007200 
 4152.1443 | 08741.0007 | 10:25:18 | 219.941697 | 359.007200 
 4152.1443 | 08741.0007 | 10:25:19 | 219.941697 | 359.007200 
 4152.1386 | 08740.9955 | 10:25:20 | 219.946217 | 359.000677 
 4152.1381 | 08740.9959 | 10:25:21 | 219.945878 | 359.000099 
 4152.1434 | 08741.0012 | 10:25:22 | 219.941275 | 359.006161 
 4152.1466 | 08741.0050 | 10:25:23 | 219.937980 | 359.009817 
 4152.1456 | 08741.0057 | 10:25:24 | 219.937387 | 359.008662 
 4152.1457 | 08741.0077 | 10:25:25 | 219.935666 | 359.008764 
 4152.1462 | 08741.0098 | 10:25:26 | 219.933857 | 359.009326 
 4152.1472 | 08741.0058 | 10:25:27 | 219.937287 | 359.010502 
 4152.1474 | 08741.0048 | 10:25:28 | 219.938145 | 359.010739 
 4152.1479 | 08741.0039 | 10:25:29 | 219.938914 | 359.011320 
 4152.1480 | 08741.0042 | 10:25:30 | 219.938655 | 359.011433 
 4152.1480 | 08741.0044 | 10:25:31 | 219.938484 | 359.011431 
 4152.1480 | 08741.0044 | 10:25:32 | 219.938484 | 359.011431 
 4152.1480 | 08741.0044 | 10:25:33 | 219.938484 | 359.011431 
 4152.1480 | 08741.0044 | 10:25:34 | 219.938484 | 359.011431 
 4152.1480 | 08741.0044 | 10:25:35 | 219.938484 | 359.011431 
 4152.1480 | 08741.0044 | 10:25:36 | 219.938484 | 359.011431 
 4152.1480 | 08741.0044 | 10:25:37 | 219.938484 | 359.011431 
 4152.1480 | 08741.0044 | 10:25:38 | 219.938484 | 359.011431 
 4152.1480 | 08741.0044 | 10:25:39 | 219.938484 | 359.011431 
 4152.1480 | 08741.0044 | 10:25:40 | 219.938484 | 359.011431 
 4152.1480 | 08741.0044 | 10:25:41 | 219.938484 | 359.011431 
 4152.1480 | 08741.0044 | 10:25:42 | 219.938484 | 359.011431 
 4152.1480 | 08741.0044 | 10:25:43 | 219.938484 | 359.011431 
 4152.1480 | 08741.0044 | 10:25:44 | 219.938484 | 359.011431 
 4152.1480 | 08741.0044 | 10:25:45 | 219.938484 | 359.011431 
 4152.1480 | 08741.0044 | 10:25:46 | 219.938484 | 359.011431 
 4152.1480 | 08741.0044 | 10:25:47 | 219.938484 | 359.011431 
 4152.1480 | 08741.0044 | 10:25:48 | 219.938484 | 359.011431 
 4152.1480 | 08741.0044 | 10:25:49 | 219.938484 | 359.011431 
 4152.1480 | 08741.0044 | 10:25:50 | 219.938484 | 359.011431 
 4152.1480 | 08741.0044 | 10:25:51 | 219.938484 | 359.011431 
 4152.1480 | 08741.0044 | 10:25:52 | 219.938484 | 359.011431 
 4152.1480 | 08741.0044 | 10:25:53 | 219.938484 | 359.011431 
 4152.1480 | 08741.0044 | 10:25:54 | 219.938484 | 359.011431 
 4152.1480 | 08741.0044 | 10:25:55 | 219.938484 | 359.011431 
 4152.1480 | 08741.0044 | 10:25:56 | 219.938484 | 359.011431 
 4152.1480 | 08741.0044 | 10:26:00 | 219.938484 | 359.011431 
 4152.1480 | 08741.0044 | 10:26:01 | 219.938484 | 359.011431 
 4152.1480 | 08741.0044 | 10:26:02 | 219.938484 | 359.011431 
 4152.1480 | 08741.0044 | 10:26:04 | 219.938484 | 359.011431 
 4152.1480 | 08741.0044 | 10:26:06 | 219.938484 | 359.011431 
 4152.1480 | 08741.0044 | 10:26:08 | 219.938484 | 359.011431 
 4152.1480 | 08741.0044 | 10:26:09 | 219.938484 | 359.011431 
 4152.1480 | 08741.0044 | 10:26:10 | 219.938484 | 359.011431 
 4152.1480 | 08741.0044 | 10:26:11 | 219.938484 | 359.011431 
 4152.1480 | 08741.0044 | 10:26:13 | 219.938484 | 359.011431 
 4152.1480 | 08741.0044 | 10:26:14 | 219.938484 | 359.011431 
 4152.1480 | 08741.0044 | 10:26:15 | 219.938484 | 359.011431 
 4152.1480 | 08741.0044 | 10:26:17 | 219.938484 | 359.011431 
 4152.1480 | 08741.0044 | 10:26:18 | 219.938484 | 359.011431 
 4152.1480 | 08741.0044 | 10:26:19 | 219.938484 | 359.011431 
 4152.1480 | 08741.0044 | 10:26:20 | 219.938484 | 359.011431 
 4152.1480 | 08741.0044 | 10:26:21 | 219.938484 | 359.011431 
 4152.1480 | 08741.0044 | 10:26:22 | 219.938484 | 359.011431 
 4152.1480 | 08741.0044 | 10:26:23 | 219.938484 | 359.011431 
 4152.1480 | 08741.0044 | 10:26:24 | 219.938484 | 359.011431 
 4152.1480 | 08741.0044 | 10:26:25 | 219.938484 | 359.011431 
 4152.1480 | 08741.0044 | 10:26:26 | 219.938484 | 359.011431 
 4152.1480 | 08741.0044 | 10:26:27 | 219.938484 | 359.011431 
 4152.1480 | 08741.0044 | 10:26:28 | 219.938484 | 359.011431 
 4152.1480 | 08741.0044 | 10:26:29 | 219.938484 | 359.011431 
 4152.1480 | 08741.0044 | 10:26:30 | 219.938484 | 359.011431 
 4152.1480 | 08741.0044 | 10:26:32 | 219.938484 | 359.011431 
 4152.1480 | 08741.0044 | 10:26:33 | 219.938484 | 359.011431 
 4152.1480 | 08741.0044 | 10:26:34 | 219.938484 | 359.011431 
 4152.1480 | 08741.0044 | 10:26:35 | 219.938484 | 359.011431 
 4152.1480 | 08741.0044 | 10:26:36 | 219.938484 | 359.011431 
 4152.1480 | 08741.0044 | 10:26:37 | 219.938484 | 359.011431 
 4152.1480 | 08741.0044 | 10:26:38 | 219.938484 | 359.011431 
 4152.1480 | 08741.0044 | 10:26:39 | 219.938484 | 359.011431 
 4152.1480 | 08741.0044 | 10:26:40 | 219.938484 | 359.011431 
 4152.1480 | 08741.0044 | 10:26:41 | 219.938484 | 359.011431 
 4152.1480 | 08741.0044 | 10:26:42 | 219.938484 | 359.011431 
 4152.1480 | 08741.0044 | 10:26:44 | 219.938484 | 359.011431 
 4152.1480 | 08741.0044 | 10:26:49 | 219.938484 | 359.011431 
 4152.1480 | 08741.0044 | 10:26:51 | 219.938484 | 359.011431 
 4152.1480 | 08741.0044 | 10:26:52 | 219.938484 | 359.011431 
 4152.1480 | 08741.0044 | 10:26:53 | 219.938484 | 359.011431 
 4152.1480 | 08741.0044 | 10:26:54 | 219.938484 | 359.011431 
 4152.1480 | 08741.0044 | 10:26:55 | 219.938484 | 359.011431 
 4152.1480 | 08741.0044 | 10:26:56 | 219.938484 | 359.011431 
 4152.1480 | 08741.0044 | 10:26:59 | 219.938484 | 359.011431 
 4152.1480 | 08741.0044 | 10:27:00 | 219.938484 | 359.011431 
 4152.1480 | 08741.0044 | 10:27:01 | 219.938484 | 359.011431 
 4152.1480 | 08741.0044 | 10:27:03 | 219.938484 | 359.011431 
 4152.1480 | 08741.0044 | 10:27:04 | 219.938484 | 359.011431 
 4152.1480 | 08741.0044 | 10:27:05 | 219.938484 | 359.011431 
 4152.1480 | 08741.0044 | 10:27:06 | 219.938484 | 359.011431 
 4152.1480 | 08741.0044 | 10:27:07 | 219.938484 | 359.011431 
 4152.1446 | 08741.0040 | 10:27:08 | 219.938857 | 359.007523 
 4152.1452 | 08741.0035 | 10:27:09 | 219.939282 | 359.008217 
 4152.1456 | 08741.0033 | 10:27:10 | 219.939450 | 359.008678 
 4152.1461 | 08741.0030 | 10:27:11 | 219.939704 | 359.009255 
 4152.1467 | 08741.0023 | 10:27:12 | 219.940300 | 359.009950 
 4152.1472 | 08741.0020 | 10:27:13 | 219.940554 | 359.010527 
 4152.1476 | 08741.0018 | 10:27:14 | 219.940722 | 359.010988 
 4152.1415 | 08741.0006 | 10:27:15 | 219.941807 | 359.003980 
 4152.1415 | 08741.0003 | 10:27:16 | 219.942065 | 359.003982 
 4152.1415 | 08741.0000 | 10:27:17 | 219.942323 | 359.003983 
 4152.1415 | 08741.0000 | 10:27:18 | 219.942323 | 359.003983 
 4152.1415 | 08741.0000 | 10:27:19 | 219.942323 | 359.003983 
 4152.1415 | 08741.0000 | 10:27:20 | 219.942323 | 359.003983 
 4152.1415 | 08741.0000 | 10:27:21 | 219.942323 | 359.003983 
 4152.1415 | 08741.0000 | 10:27:22 | 219.942323 | 359.003983 
 4152.1415 | 08741.0000 | 10:27:23 | 219.942323 | 359.003983 
 4152.1415 | 08741.0000 | 10:27:24 | 219.942323 | 359.003983 
 4152.1415 | 08741.0000 | 10:27:25 | 219.942323 | 359.003983 
 4152.1415 | 08741.0000 | 10:27:26 | 219.942323 | 359.003983 
 4152.1415 | 08741.0000 | 10:27:27 | 219.942323 | 359.003983 
 4152.1415 | 08741.0000 | 10:27:28 | 219.942323 | 359.003983 
 4152.1395 | 08741.0054 | 10:27:29 | 219.937698 | 359.001648 
 4152.1394 | 08741.0059 | 10:27:30 | 219.937269 | 359.001530 
 4152.1394 | 08741.0062 | 10:27:31 | 219.937011 | 359.001528 
 4152.1387 | 08741.0068 | 10:27:32 | 219.936501 | 359.000719 
 4152.1387 | 08741.0075 | 10:27:33 | 219.935899 | 359.000714 
 4152.1386 | 08741.0081 | 10:27:34 | 219.935384 | 359.000595 
 4152.1384 | 08741.0086 | 10:27:35 | 219.934956 | 359.000362 
 4152.1387 | 08741.0082 | 10:27:36 | 219.935297 | 359.000709 
 4152.1390 | 08741.0083 | 10:27:37 | 219.935209 | 359.001054 
 4152.1390 | 08741.0087 | 10:27:38 | 219.934865 | 359.001051 
 4152.1391 | 08741.0089 | 10:27:39 | 219.934692 | 359.001165 
 4152.1394 | 08741.0088 | 10:27:40 | 219.934775 | 359.001511 
 4152.1393 | 08741.0088 | 10:27:41 | 219.934776 | 359.001396 
 4152.1393 | 08741.0090 | 10:27:42 | 219.934604 | 359.001394 
 4152.1393 | 08741.0090 | 10:27:43 | 219.934604 | 359.001394 
 4152.1393 | 08741.0090 | 10:27:44 | 219.934604 | 359.001394 
 4152.1393 | 08741.0090 | 10:27:45 | 219.934604 | 359.001394 
 4152.1393 | 08741.0090 | 10:27:46 | 219.934604 | 359.001394 
 4152.1393 | 08741.0090 | 10:27:47 | 219.934604 | 359.001394 
 4152.1393 | 08741.0090 | 10:27:48 | 219.934604 | 359.001394 
 4152.1393 | 08741.0090 | 10:27:49 | 219.934604 | 359.001394 
 4152.1393 | 08741.0090 | 10:27:50 | 219.934604 | 359.001394 
 4152.1393 | 08741.0090 | 10:27:51 | 219.934604 | 359.001394 
 4152.1393 | 08741.0090 | 10:27:52 | 219.934604 | 359.001394 
 4152.1379 | 08741.0059 | 10:27:53 | 219.937282 | 358.999804 
 4152.1378 | 08741.0055 | 10:27:54 | 219.937627 | 358.999692 
 4152.1376 | 08741.0050 | 10:27:55 | 219.938058 | 358.999465 
 4152.1375 | 08741.0050 | 10:27:56 | 219.938059 | 358.999350 
 4152.1389 | 08741.0047 | 10:27:57 | 219.938305 | 359.000962 
 4152.1387 | 08741.0046 | 10:27:58 | 219.938393 | 359.000733 
 4152.1386 | 08741.0054 | 10:27:59 | 219.937706 | 359.000613 
 4152.1386 | 08741.0054 | 10:28:00 | 219.937706 | 359.000613 
 4152.1386 | 08741.0054 | 10:28:01 | 219.937706 | 359.000613 
 4152.1386 | 08741.0054 | 10:28:02 | 219.937706 | 359.000613 
 4152.1386 | 08741.0054 | 10:28:03 | 219.937706 | 359.000613 
 4152.1386 | 08741.0054 | 10:28:04 | 219.937706 | 359.000613 
 4152.1386 | 08741.0054 | 10:28:05 | 219.937706 | 359.000613 
 4152.1386 | 08741.0054 | 10:28:06 | 219.937706 | 359.000613 
 4152.1386 | 08741.0054 | 10:28:07 | 219.937706 | 359.000613 
 4152.1386 | 08741.0054 | 10:28:08 | 219.937706 | 359.000613 
 4152.1386 | 08741.0054 | 10:28:09 | 219.937706 | 359.000613 
 4152.1386 | 08741.0054 | 10:28:10 | 219.937706 | 359.000613 
 4152.1386 | 08741.0054 | 10:28:11 | 219.937706 | 359.000613 
 4152.1386 | 08741.0054 | 10:28:12 | 219.937706 | 359.000613 
 4152.1386 | 08741.0054 | 10:28:13 | 219.937706 | 359.000613 
 4152.1386 | 08741.0054 | 10:28:14 | 219.937706 | 359.000613 
 4152.1386 | 08741.0054 | 10:28:15 | 219.937706 | 359.000613 
 4152.1386 | 08741.0054 | 10:28:16 | 219.937706 | 359.000613 
 4152.1386 | 08741.0054 | 10:28:17 | 219.937706 | 359.000613 
 4152.1386 | 08741.0054 | 10:28:18 | 219.937706 | 359.000613 
 4152.1386 | 08741.0054 | 10:28:19 | 219.937706 | 359.000613 
 4152.1386 | 08741.0054 | 10:28:20 | 219.937706 | 359.000613 
 4152.1386 | 08741.0054 | 10:28:21 | 219.937706 | 359.000613 
 4152.1386 | 08741.0054 | 10:28:22 | 219.937706 | 359.000613 
 4152.1386 | 08741.0054 | 10:28:23 | 219.937706 | 359.000613 
 4152.1386 | 08741.0054 | 10:28:24 | 219.937706 | 359.000613 
 4152.1386 | 08741.0054 | 10:28:25 | 219.937706 | 359.000613 
 4152.1386 | 08741.0054 | 10:28:26 | 219.937706 | 359.000613 
 4152.1386 | 08741.0054 | 10:28:27 | 219.937706 | 359.000613 
 4152.1386 | 08741.0054 | 10:28:28 | 219.937706 | 359.000613 
 4152.1386 | 08741.0054 | 10:28:29 | 219.937706 | 359.000613 
 4152.1386 | 08741.0054 | 10:28:30 | 219.937706 | 359.000613 
 4152.1386 | 08741.0054 | 10:28:31 | 219.937706 | 359.000613 
 4152.1386 | 08741.0054 | 10:28:32 | 219.937706 | 359.000613 
 4152.1386 | 08741.0054 | 10:28:33 | 219.937706 | 359.000613 
 4152.1386 | 08741.0054 | 10:28:34 | 219.937706 | 359.000613 
 4152.1386 | 08741.0054 | 10:28:35 | 219.937706 | 359.000613 
 4152.1386 | 08741.0054 | 10:28:36 | 219.937706 | 359.000613 
 4152.1386 | 08741.0054 | 10:28:37 | 219.937706 | 359.000613 
 4152.1386 | 08741.0054 | 10:28:38 | 219.937706 | 359.000613 
 4152.1386 | 08741.0054 | 10:28:39 | 219.937706 | 359.000613 
 4152.1386 | 08741.0054 | 10:28:40 | 219.937706 | 359.000613 
 4152.1386 | 08741.0054 | 10:28:41 | 219.937706 | 359.000613 
 4152.1386 | 08741.0054 | 10:28:42 | 219.937706 | 359.000613 
 4152.1386 | 08741.0054 | 10:28:43 | 219.937706 | 359.000613 
 4152.1386 | 08741.0054 | 10:28:44 | 219.937706 | 359.000613 
 4152.1386 | 08741.0054 | 10:28:45 | 219.937706 | 359.000613 
 4152.1386 | 08741.0054 | 10:28:46 | 219.937706 | 359.000613 
 4152.1386 | 08741.0054 | 10:28:47 | 219.937706 | 359.000613 
 4152.1386 | 08741.0054 | 10:28:48 | 219.937706 | 359.000613 
 4152.1386 | 08741.0054 | 10:28:49 | 219.937706 | 359.000613 
 4152.1386 | 08741.0054 | 10:28:50 | 219.937706 | 359.000613 
 4152.1386 | 08741.0054 | 10:28:51 | 219.937706 | 359.000613 
 4152.1386 | 08741.0054 | 10:28:52 | 219.937706 | 359.000613 
 4152.1386 | 08741.0054 | 10:28:53 | 219.937706 | 359.000613 
 4152.1386 | 08741.0054 | 10:28:54 | 219.937706 | 359.000613 
 4152.1386 | 08741.0054 | 10:28:55 | 219.937706 | 359.000613 
 4152.1386 | 08741.0054 | 10:28:56 | 219.937706 | 359.000613 
 4152.1386 | 08741.0054 | 10:28:57 | 219.937706 | 359.000613 
 4152.1386 | 08741.0054 | 10:28:58 | 219.937706 | 359.000613 
 4152.1386 | 08741.0054 | 10:28:59 | 219.937706 | 359.000613 
 4152.1386 | 08741.0054 | 10:29:00 | 219.937706 | 359.000613 
 4152.1386 | 08741.0054 | 10:29:01 | 219.937706 | 359.000613 
 4152.1386 | 08741.0054 | 10:29:02 | 219.937706 | 359.000613 
 4152.1386 | 08741.0054 | 10:29:03 | 219.937706 | 359.000613 
 4152.1386 | 08741.0054 | 10:29:04 | 219.937706 | 359.000613 
 4152.1386 | 08741.0054 | 10:29:05 | 219.937706 | 359.000613 
 4152.1386 | 08741.0054 | 10:29:06 | 219.937706 | 359.000613 
 4152.1386 | 08741.0054 | 10:29:07 | 219.937706 | 359.000613 
 4152.1386 | 08741.0054 | 10:29:08 | 219.937706 | 359.000613 
 4152.1386 | 08741.0054 | 10:29:09 | 219.937706 | 359.000613 
 4152.1386 | 08741.0054 | 10:29:10 | 219.937706 | 359.000613 
 4152.1386 | 08741.0054 | 10:29:11 | 219.937706 | 359.000613 
 4152.1386 | 08741.0054 | 10:29:12 | 219.937706 | 359.000613 
 4152.1386 | 08741.0054 | 10:29:13 | 219.937706 | 359.000613 
 4152.1386 | 08741.0054 | 10:29:14 | 219.937706 | 359.000613 
 4152.1386 | 08741.0054 | 10:29:15 | 219.937706 | 359.000613 
 4152.1386 | 08741.0054 | 10:29:16 | 219.937706 | 359.000613 
 4152.1386 | 08741.0054 | 10:29:17 | 219.937706 | 359.000613 
 4152.1386 | 08741.0054 | 10:29:18 | 219.937706 | 359.000613 
 4152.1386 | 08741.0054 | 10:29:19 | 219.937706 | 359.000613 
 4152.1386 | 08741.0054 | 10:29:20 | 219.937706 | 359.000613 
 4152.1386 | 08741.0054 | 10:29:21 | 219.937706 | 359.000613 
 4152.1386 | 08741.0054 | 10:29:22 | 219.937706 | 359.000613 
 4152.1386 | 08741.0054 | 10:29:23 | 219.937706 | 359.000613 
 4152.1386 | 08741.0054 | 10:29:24 | 219.937706 | 359.000613 
 4152.1386 | 08741.0054 | 10:29:25 | 219.937706 | 359.000613 
 4152.1386 | 08741.0054 | 10:29:26 | 219.937706 | 359.000613 
 4152.1386 | 08741.0054 | 10:29:27 | 219.937706 | 359.000613 
 4152.1386 | 08741.0054 | 10:29:28 | 219.937706 | 359.000613 
 4152.1386 | 08741.0054 | 10:29:29 | 219.937706 | 359.000613 
 4152.1386 | 08741.0054 | 10:29:30 | 219.937706 | 359.000613 
 4152.1386 | 08741.0054 | 10:29:31 | 219.937706 | 359.000613 
 4152.1381 | 08741.0040 | 10:29:32 | 219.938914 | 359.000047 
 4152.1392 | 08741.0046 | 10:29:33 | 219.938388 | 359.001308 
 4152.1394 | 08741.0047 | 10:29:34 | 219.938301 | 359.001537 
 4152.1395 | 08741.0046 | 10:29:35 | 219.938386 | 359.001653 
 4152.1420 | 08741.0059 | 10:29:36 | 219.937246 | 359.004520 
 4152.1420 | 08741.0059 | 10:29:37 | 219.937246 | 359.004520 
 4152.1438 | 08741.0080 | 10:29:38 | 219.935425 | 359.006577 
 4152.1443 | 08741.0091 | 10:29:39 | 219.934475 | 359.007145 
 4152.1449 | 08741.0099 | 10:29:40 | 219.933782 | 359.007830 
 4152.1451 | 08741.0104 | 10:29:41 | 219.933350 | 359.008057 
 4152.1460 | 08741.0046 | 10:29:42 | 219.938329 | 359.009130 
 4152.1465 | 08741.0044 | 10:29:43 | 219.938497 | 359.009706 
 4152.1468 | 08741.0036 | 10:29:44 | 219.939182 | 359.010056 
 4152.1468 | 08741.0030 | 10:29:45 | 219.939698 | 359.010060 
 4152.1468 | 08741.0027 | 10:29:46 | 219.939956 | 359.010062 
 4152.1469 | 08741.0023 | 10:29:47 | 219.940299 | 359.010180 
 4152.1470 | 08741.0022 | 10:29:48 | 219.940384 | 359.010296 
 4152.1471 | 08741.0020 | 10:29:49 | 219.940555 | 359.010412 
 4152.1471 | 08741.0020 | 10:29:51 | 219.940555 | 359.010412 
 4152.1471 | 08741.0020 | 10:29:52 | 219.940555 | 359.010412 
 4152.1481 | 08741.0000 | 10:29:53 | 219.942266 | 359.011575 
 4152.1482 | 08740.9991 | 10:29:54 | 219.943039 | 359.011696 
 4152.1483 | 08740.9985 | 10:29:55 | 219.943554 | 359.011815 
 4152.1485 | 08740.9981 | 10:29:56 | 219.943896 | 359.012048 
 4152.1486 | 08740.9976 | 10:29:57 | 219.944325 | 359.012166 
 4152.1493 | 08740.9964 | 10:29:59 | 219.945350 | 359.012979 
 4152.1498 | 08740.9959 | 10:30:00 | 219.945776 | 359.013557 
 4152.1500 | 08740.9953 | 10:30:01 | 219.946290 | 359.013791 
 4152.1503 | 08740.9946 | 10:30:02 | 219.946889 | 359.014141 
 4152.1505 | 08740.9939 | 10:30:03 | 219.947489 | 359.014375 
 4152.1507 | 08740.9932 | 10:30:04 | 219.948089 | 359.014610 
 4152.1509 | 08740.9925 | 10:30:05 | 219.948689 | 359.014845 
 4152.1511 | 08740.9919 | 10:30:06 | 219.949204 | 359.015079 
 4152.1481 | 08740.9917 | 10:30:07 | 219.949402 | 359.011629 
 4152.1483 | 08740.9907 | 10:30:08 | 219.950260 | 359.011866 
 4152.1475 | 08740.9902 | 10:30:09 | 219.950696 | 359.010949 
 4152.1468 | 08740.9897 | 10:30:10 | 219.951132 | 359.010147 
 4152.1460 | 08740.9891 | 10:30:11 | 219.951655 | 359.009231 
 4152.1453 | 08740.9886 | 10:30:12 | 219.952091 | 359.008429 
 4152.1445 | 08740.9878 | 10:30:13 | 219.952786 | 359.007514 
 4152.1438 | 08740.9873 | 10:30:14 | 219.953222 | 359.006712 
 4152.1431 | 08740.9874 | 10:30:15 | 219.953142 | 359.005906 
 4152.1424 | 08740.9871 | 10:30:16 | 219.953406 | 359.005103 
 4152.1417 | 08740.9869 | 10:30:17 | 219.953584 | 359.004299 
 4152.1410 | 08740.9866 | 10:30:18 | 219.953848 | 359.003496 
 4152.1396 | 08740.9855 | 10:30:20 | 219.954806 | 359.001892 
 4152.1389 | 08740.9849 | 10:30:21 | 219.955328 | 359.001091 
 4152.1470 | 08740.9825 | 10:30:22 | 219.957321 | 359.010424 
 4152.1480 | 08740.9815 | 10:30:23 | 219.958172 | 359.011581 
 4152.1483 | 08740.9807 | 10:30:24 | 219.958857 | 359.011931 
 4152.1483 | 08740.9799 | 10:30:25 | 219.959545 | 359.011936 
 4152.1487 | 08740.9789 | 10:30:26 | 219.960401 | 359.012403 
 4152.1485 | 08740.9787 | 10:30:27 | 219.960575 | 359.012174 
 4152.1485 | 08740.9780 | 10:30:28 | 219.961177 | 359.012179 
 4152.1490 | 08740.9774 | 10:30:29 | 219.961688 | 359.012758 
 4152.1492 | 08740.9768 | 10:30:30 | 219.962202 | 359.012992 
 4152.1492 | 08740.9762 | 10:30:31 | 219.962718 | 359.012995 
 4152.1492 | 08740.9756 | 10:30:32 | 219.963234 | 359.012999 
 4152.1495 | 08740.9752 | 10:30:33 | 219.963575 | 359.013347 
 4152.1498 | 08740.9737 | 10:30:34 | 219.964862 | 359.013702 
 4152.1498 | 08740.9730 | 10:30:35 | 219.965464 | 359.013706 
 4152.1499 | 08740.9723 | 10:30:36 | 219.966065 | 359.013826 
 4152.1499 | 08740.9715 | 10:30:37 | 219.966753 | 359.013831 
 4152.1500 | 08740.9708 | 10:30:38 | 219.967354 | 359.013951 
 4152.1501 | 08740.9700 | 10:30:39 | 219.968041 | 359.014071 
 4152.1503 | 08740.9694 | 10:30:40 | 219.968555 | 359.014305 
 4152.1504 | 08740.9686 | 10:30:41 | 219.969242 | 359.014425 
 4152.1503 | 08740.9688 | 10:30:42 | 219.969071 | 359.014309 
 4152.1503 | 08740.9683 | 10:30:43 | 219.969501 | 359.014312 
 4152.1504 | 08740.9676 | 10:30:44 | 219.970102 | 359.014432 
 4152.1497 | 08740.9676 | 10:30:45 | 219.970108 | 359.013627 
 4152.1497 | 08740.9671 | 10:30:46 | 219.970538 | 359.013630 
 4152.1499 | 08740.9668 | 10:30:47 | 219.970794 | 359.013862 
 4152.1500 | 08740.9663 | 10:30:48 | 219.971223 | 359.013980 
 4152.1502 | 08740.9658 | 10:30:49 | 219.971651 | 359.014213 
 4152.1503 | 08740.9653 | 10:30:50 | 219.972080 | 359.014332 
 4152.1503 | 08740.9637 | 10:30:52 | 219.973456 | 359.014342 
 4152.1504 | 08740.9629 | 10:30:53 | 219.974143 | 359.014462 
 4152.1504 | 08740.9615 | 10:30:55 | 219.975346 | 359.014471 
 4152.1505 | 08740.9609 | 10:30:56 | 219.975861 | 359.014590 
 4152.1506 | 08740.9594 | 10:30:58 | 219.977150 | 359.014715 
 4152.1507 | 08740.9592 | 10:30:59 | 219.977321 | 359.014832 
 4152.1507 | 08740.9584 | 10:31:00 | 219.978009 | 359.014837 
 4152.1507 | 08740.9578 | 10:31:01 | 219.978525 | 359.014841 
 4152.1507 | 08740.9572 | 10:31:02 | 219.979041 | 359.014845 
 4152.1507 | 08740.9565 | 10:31:03 | 219.979643 | 359.014849 
 4152.1507 | 08740.9562 | 10:31:04 | 219.979900 | 359.014851 
 4152.1507 | 08740.9562 | 10:31:05 | 219.979900 | 359.014851 
 4152.1507 | 08740.9562 | 10:31:06 | 219.979900 | 359.014851 
 4152.1507 | 08740.9562 | 10:31:07 | 219.979900 | 359.014851 
 4152.1507 | 08740.9562 | 10:31:08 | 219.979900 | 359.014851 
 4152.1507 | 08740.9562 | 10:31:09 | 219.979900 | 359.014851 
 4152.1507 | 08740.9562 | 10:31:10 | 219.979900 | 359.014851 
 4152.1507 | 08740.9562 | 10:31:11 | 219.979900 | 359.014851 
 4152.1507 | 08740.9562 | 10:31:12 | 219.979900 | 359.014851 
 4152.1507 | 08740.9562 | 10:31:13 | 219.979900 | 359.014851 
 4152.1507 | 08740.9562 | 10:31:14 | 219.979900 | 359.014851 
 4152.1507 | 08740.9562 | 10:31:15 | 219.979900 | 359.014851 
 4152.1507 | 08740.9562 | 10:31:16 | 219.979900 | 359.014851 
 4152.1507 | 08740.9562 | 10:31:17 | 219.979900 | 359.014851 
 4152.1507 | 08740.9562 | 10:31:18 | 219.979900 | 359.014851 
 4152.1507 | 08740.9562 | 10:31:19 | 219.979900 | 359.014851 
 4152.1507 | 08740.9562 | 10:31:20 | 219.979900 | 359.014851 
 4152.1507 | 08740.9562 | 10:31:21 | 219.979900 | 359.014851 
 4152.1507 | 08740.9562 | 10:31:22 | 219.979900 | 359.014851 
 4152.1507 | 08740.9562 | 10:31:23 | 219.979900 | 359.014851 
 4152.1507 | 08740.9562 | 10:31:24 | 219.979900 | 359.014851 
 4152.1507 | 08740.9562 | 10:31:25 | 219.979900 | 359.014851 
 4152.1507 | 08740.9562 | 10:31:26 | 219.979900 | 359.014851 
 4152.1507 | 08740.9562 | 10:31:27 | 219.979900 | 359.014851 
 4152.1507 | 08740.9562 | 10:31:28 | 219.979900 | 359.014851 
 4152.1507 | 08740.9562 | 10:31:29 | 219.979900 | 359.014851 
 4152.1507 | 08740.9562 | 10:31:30 | 219.979900 | 359.014851 
 4152.1507 | 08740.9562 | 10:31:31 | 219.979900 | 359.014851 
 4152.1507 | 08740.9562 | 10:31:32 | 219.979900 | 359.014851 
 4152.1507 | 08740.9562 | 10:31:33 | 219.979900 | 359.014851 
 4152.1507 | 08740.9562 | 10:31:34 | 219.979900 | 359.014851 
 4152.1507 | 08740.9562 | 10:31:37 | 219.979900 | 359.014851 
 4152.1507 | 08740.9562 | 10:31:38 | 219.979900 | 359.014851 
 4152.1507 | 08740.9562 | 10:31:39 | 219.979900 | 359.014851 
 4152.1507 | 08740.9562 | 10:31:40 | 219.979900 | 359.014851 
 4152.1507 | 08740.9562 | 10:31:41 | 219.979900 | 359.014851 
 4152.1507 | 08740.9562 | 10:31:42 | 219.979900 | 359.014851 
 4152.1507 | 08740.9562 | 10:31:43 | 219.979900 | 359.014851 
 4152.1507 | 08740.9562 | 10:31:44 | 219.979900 | 359.014851 
 4152.1507 | 08740.9562 | 10:31:45 | 219.979900 | 359.014851 
 4152.1507 | 08740.9562 | 10:31:46 | 219.979900 | 359.014851 
 4152.1507 | 08740.9562 | 10:31:47 | 219.979900 | 359.014851 
 4152.1507 | 08740.9562 | 10:31:48 | 219.979900 | 359.014851 
 4152.1507 | 08740.9562 | 10:31:49 | 219.979900 | 359.014851 
 4152.1507 | 08740.9562 | 10:31:50 | 219.979900 | 359.014851 
 4152.1507 | 08740.9562 | 10:31:51 | 219.979900 | 359.014851 
 4152.1507 | 08740.9562 | 10:31:52 | 219.979900 | 359.014851 
 4152.1507 | 08740.9562 | 10:31:53 | 219.979900 | 359.014851 
 4152.1507 | 08740.9562 | 10:31:54 | 219.979900 | 359.014851 
 4152.1507 | 08740.9562 | 10:31:55 | 219.979900 | 359.014851 
 4152.1507 | 08740.9562 | 10:31:56 | 219.979900 | 359.014851 
 4152.1507 | 08740.9562 | 10:31:57 | 219.979900 | 359.014851 
 4152.1507 | 08740.9562 | 10:31:58 | 219.979900 | 359.014851 
 4152.1519 | 08740.9532 | 10:31:59 | 219.982469 | 359.016251 
 4152.1523 | 08740.9532 | 10:32:00 | 219.982466 | 359.016711 
 4152.1527 | 08740.9532 | 10:32:01 | 219.982462 | 359.017171 
 4152.1531 | 08740.9531 | 10:32:02 | 219.982545 | 359.017632 
 4152.1525 | 08740.9545 | 10:32:03 | 219.981346 | 359.016933 
 4152.1529 | 08740.9545 | 10:32:04 | 219.981343 | 359.017393 
 4152.1531 | 08740.9546 | 10:32:05 | 219.981255 | 359.017622 
 4152.1534 | 08740.9539 | 10:32:06 | 219.981854 | 359.017972 
 4152.1537 | 08740.9542 | 10:32:07 | 219.981594 | 359.018315 
 4152.1541 | 08740.9535 | 10:32:08 | 219.982192 | 359.018780 
 4152.1543 | 08740.9531 | 10:32:09 | 219.982534 | 359.019012 
 4152.1546 | 08740.9530 | 10:32:10 | 219.982618 | 359.019358 
 4152.1546 | 08740.9547 | 10:32:11 | 219.981156 | 359.019347 
 4152.1549 | 08740.9543 | 10:32:12 | 219.981497 | 359.019695 
 4152.1552 | 08740.9540 | 10:32:13 | 219.981753 | 359.020042 
 4152.1545 | 08740.9510 | 10:32:14 | 219.984338 | 359.019256 
 4152.1546 | 08740.9513 | 10:32:26 | 219.984079 | 359.019369 
 4152.1535 | 08740.9700 | 10:32:47 | 219.968011 | 359.017982 
 4152.1596 | 08740.9540 | 10:32:50 | 219.981714 | 359.025103 
 4152.1580 | 08740.9570 | 10:32:52 | 219.979149 | 359.023243 
 4152.1589 | 08740.9587 | 10:32:54 | 219.977680 | 359.024267 
 4152.1576 | 08740.9598 | 10:32:55 | 219.976745 | 359.022764 
 4152.1499 | 08740.9625 | 10:32:58 | 219.974491 | 359.013890 
 4152.1323 | 08740.9548 | 10:33:00 | 219.981265 | 358.993696 
 4152.1555 | 08740.9531 | 10:33:02 | 219.982524 | 359.020393 
 4152.1556 | 08740.9535 | 10:33:03 | 219.982179 | 359.020505 
 4152.1556 | 08740.9541 | 10:33:04 | 219.981663 | 359.020501 
 4152.1529 | 08740.9600 | 10:33:05 | 219.976614 | 359.017357 
 4152.1529 | 08740.9600 | 10:33:07 | 219.976614 | 359.017357 
 4152.1529 | 08740.9600 | 10:33:08 | 219.976614 | 359.017357 
 4152.1529 | 08740.9600 | 10:33:09 | 219.976614 | 359.017357 
 4152.1529 | 08740.9600 | 10:33:10 | 219.976614 | 359.017357 
 4152.1529 | 08740.9600 | 10:33:11 | 219.976614 | 359.017357 
 4152.1529 | 08740.9600 | 10:33:12 | 219.976614 | 359.017357 
 4152.1529 | 08740.9600 | 10:33:13 | 219.976614 | 359.017357 
 4152.1529 | 08740.9600 | 10:33:14 | 219.976614 | 359.017357 
 4152.1529 | 08740.9600 | 10:33:15 | 219.976614 | 359.017357 
 4152.1529 | 08740.9600 | 10:33:16 | 219.976614 | 359.017357 
 4152.1529 | 08740.9600 | 10:33:17 | 219.976614 | 359.017357 
 4152.1529 | 08740.9600 | 10:33:19 | 219.976614 | 359.017357 
 4152.1529 | 08740.9600 | 10:33:20 | 219.976614 | 359.017357 
