 4152.1697 | 08740.9380 | 16:23:24 | 219.995382 | 359.036825 
 4152.1660 | 08740.9368 | 16:23:33 | 219.996446 | 359.032576 
 4152.1584 | 08740.9327 | 16:23:35 | 220.000038 | 359.023861 
 4152.1584 | 08740.9328 | 16:23:36 | 219.999952 | 359.023861 
 4152.1618 | 08740.9323 | 16:23:37 | 220.000352 | 359.027775 
 4152.1623 | 08740.9318 | 16:23:38 | 220.000777 | 359.028353 
 4152.1638 | 08740.9319 | 16:23:39 | 220.000678 | 359.030078 
 4152.1595 | 08740.9329 | 16:23:40 | 219.999856 | 359.025125 
 4152.1633 | 08740.9357 | 16:23:41 | 219.997416 | 359.029478 
 4152.1629 | 08740.9352 | 16:23:42 | 219.997849 | 359.029021 
 4152.1641 | 08740.9360 | 16:23:43 | 219.997151 | 359.030396 
 4152.1647 | 08740.9356 | 16:23:44 | 219.997489 | 359.031089 
 4152.1643 | 08740.9343 | 16:23:45 | 219.998611 | 359.030637 
 4152.1689 | 08740.9356 | 16:23:46 | 219.997453 | 359.035920 
 4152.1700 | 08740.9344 | 16:23:47 | 219.998475 | 359.037193 
 4152.1814 | 08740.9375 | 16:23:48 | 219.995710 | 359.050286 
 4152.1904 | 08740.9420 | 16:23:49 | 219.991763 | 359.060609 
 4152.1977 | 08740.9451 | 16:23:51 | 219.989034 | 359.068985 
 4152.1868 | 08740.9418 | 16:23:52 | 219.991966 | 359.056469 
 4152.1802 | 08740.9407 | 16:23:53 | 219.992969 | 359.048885 
 4152.1753 | 08740.9408 | 16:23:55 | 219.992926 | 359.043248 
 4152.1771 | 08740.9435 | 16:23:56 | 219.990589 | 359.045301 
 4152.1709 | 08740.9403 | 16:23:57 | 219.993394 | 359.038190 
 4152.1717 | 08740.9393 | 16:23:58 | 219.994247 | 359.039117 
 4152.1644 | 08740.9359 | 16:23:59 | 219.997234 | 359.030742 
 4152.1653 | 08740.9362 | 16:24:00 | 219.996968 | 359.031775 
 4152.1549 | 08740.9312 | 16:24:01 | 220.001358 | 359.019845 
 4152.1571 | 08740.9323 | 16:24:02 | 220.000393 | 359.022369 
 4152.1661 | 08740.9371 | 16:24:03 | 219.996188 | 359.032689 
 4152.1774 | 08740.9437 | 16:24:04 | 219.990415 | 359.045644 
 4152.1770 | 08740.9427 | 16:24:05 | 219.991278 | 359.045191 
 4152.1768 | 08740.9417 | 16:24:07 | 219.992139 | 359.044967 
 4152.1811 | 08740.9431 | 16:24:08 | 219.990898 | 359.049904 
 4152.1710 | 08740.9377 | 16:24:09 | 219.995629 | 359.038322 
 4152.1707 | 08740.9344 | 16:24:10 | 219.998469 | 359.037998 
 4152.1660 | 08740.9309 | 16:24:11 | 220.001519 | 359.032615 
 4152.1659 | 08740.9287 | 16:24:12 | 220.003411 | 359.032514 
 4152.1678 | 08740.9309 | 16:24:13 | 220.001503 | 359.034685 
 4152.1649 | 08740.9293 | 16:24:14 | 220.002904 | 359.031360 
 4152.1606 | 08740.9272 | 16:24:15 | 220.004747 | 359.026428 
 4152.1569 | 08740.9255 | 16:24:16 | 220.006241 | 359.022183 
 4152.1591 | 08740.9269 | 16:24:17 | 220.005018 | 359.024704 
 4152.1609 | 08740.9276 | 16:24:18 | 220.004401 | 359.026770 
 4152.1706 | 08740.9363 | 16:24:19 | 219.996836 | 359.037871 
 4152.1675 | 08740.9362 | 16:24:20 | 219.996949 | 359.034306 
 4152.1741 | 08740.9393 | 16:24:21 | 219.994226 | 359.041877 
 4152.1739 | 08740.9388 | 16:24:22 | 219.994658 | 359.041650 
 4152.1730 | 08740.9375 | 16:24:23 | 219.995783 | 359.040624 
 4152.1691 | 08740.9363 | 16:24:25 | 219.996849 | 359.036145 
 4152.1685 | 08740.9359 | 16:24:26 | 219.997198 | 359.035458 
 4152.1616 | 08740.9323 | 16:24:28 | 220.000354 | 359.027545 
 4152.1687 | 08740.9327 | 16:24:29 | 219.999948 | 359.035709 
 4152.1707 | 08740.9339 | 16:24:30 | 219.998899 | 359.038002 
 4152.1695 | 08740.9320 | 16:24:32 | 220.000543 | 359.036634 
 4152.1671 | 08740.9333 | 16:24:33 | 219.999446 | 359.033865 
 4152.1648 | 08740.9324 | 16:24:35 | 220.000240 | 359.031225 
 4152.1671 | 08740.9369 | 16:24:36 | 219.996351 | 359.033841 
 4152.1642 | 08740.9329 | 16:24:37 | 219.999815 | 359.030531 
 4152.1677 | 08740.9381 | 16:24:38 | 219.995314 | 359.034523 
 4152.1713 | 08740.9415 | 16:24:39 | 219.992359 | 359.038642 
 4152.1693 | 08740.9402 | 16:24:40 | 219.993494 | 359.036350 
 4152.1759 | 08740.9421 | 16:24:41 | 219.991803 | 359.043929 
 4152.1792 | 08740.9425 | 16:24:42 | 219.991431 | 359.047723 
 4152.1773 | 08740.9409 | 16:24:43 | 219.992823 | 359.045548 
 4152.1819 | 08740.9417 | 16:24:44 | 219.992095 | 359.050833 
 4152.1841 | 08740.9430 | 16:24:45 | 219.990958 | 359.053356 
 4152.1816 | 08740.9408 | 16:24:46 | 219.992871 | 359.050494 
 4152.1818 | 08740.9409 | 16:24:47 | 219.992783 | 359.050724 
 4152.1812 | 08740.9394 | 16:24:48 | 219.994078 | 359.050043 
 4152.1732 | 08740.9402 | 16:24:50 | 219.993460 | 359.040836 
 4152.1755 | 08740.9440 | 16:24:51 | 219.990173 | 359.043457 
 4152.1780 | 08740.9456 | 16:24:54 | 219.988776 | 359.046322 
 4152.1841 | 08740.9479 | 16:24:55 | 219.986745 | 359.053324 
 4152.1786 | 08740.9427 | 16:24:56 | 219.991264 | 359.047031 
 4152.1796 | 08740.9403 | 16:24:57 | 219.993319 | 359.048197 
 4152.1798 | 08740.9400 | 16:24:58 | 219.993575 | 359.048429 
 4152.1777 | 08740.9401 | 16:24:59 | 219.993507 | 359.046013 
 4152.4348 | 08741.0494 | 16:25:00 | 219.897299 | 359.341031 
 4152.4366 | 08741.0503 | 16:25:01 | 219.896510 | 359.343096 
 4152.4503 | 08740.9971 | 16:25:02 | 219.942126 | 359.359200 
 4152.3413 | 08741.0112 | 16:25:03 | 219.930954 | 359.233731 
 4152.3312 | 08741.0045 | 16:25:04 | 219.936802 | 359.222157 
 4152.3277 | 08741.0039 | 16:25:05 | 219.937348 | 359.218135 
 4152.3265 | 08741.0037 | 16:25:06 | 219.937531 | 359.216756 
 4152.3252 | 08741.0035 | 16:25:07 | 219.937714 | 359.215262 
 4152.3248 | 08741.0034 | 16:25:08 | 219.937803 | 359.214802 
 4152.3233 | 08741.0020 | 16:25:09 | 219.939020 | 359.213086 
 4152.3218 | 08741.0007 | 16:25:10 | 219.940151 | 359.211369 
 4152.3214 | 08741.0002 | 16:25:11 | 219.940584 | 359.210912 
 4152.3203 | 08740.9994 | 16:25:12 | 219.941282 | 359.209652 
 4152.3194 | 08740.9987 | 16:25:13 | 219.941891 | 359.208622 
 4152.3187 | 08740.9982 | 16:25:14 | 219.942327 | 359.207820 
 4152.3182 | 08740.9977 | 16:25:15 | 219.942761 | 359.207248 
 4152.3181 | 08740.9976 | 16:25:16 | 219.942848 | 359.207134 
 4152.3165 | 08740.9977 | 16:25:17 | 219.942776 | 359.205293 
 4152.3157 | 08740.9980 | 16:25:18 | 219.942525 | 359.204370 
 4152.3158 | 08740.9987 | 16:25:19 | 219.941923 | 359.204481 
 4152.3157 | 08740.9991 | 16:25:20 | 219.941580 | 359.204363 
 4152.3158 | 08740.9994 | 16:25:21 | 219.941321 | 359.204476 
 4152.3161 | 08740.9997 | 16:25:22 | 219.941060 | 359.204819 
 4152.3163 | 08741.0000 | 16:25:23 | 219.940801 | 359.205047 
 4152.3168 | 08740.9998 | 16:25:24 | 219.940968 | 359.205624 
 4152.3178 | 08740.9999 | 16:25:25 | 219.940873 | 359.206774 
 4152.3191 | 08740.9998 | 16:25:26 | 219.940948 | 359.208269 
 4152.3206 | 08740.9998 | 16:25:27 | 219.940935 | 359.209995 
 4152.3220 | 08740.9998 | 16:25:28 | 219.940923 | 359.211605 
 4152.3244 | 08740.9998 | 16:25:29 | 219.940902 | 359.214366 
 4152.3265 | 08740.9998 | 16:25:30 | 219.940884 | 359.216781 
 4152.3289 | 08741.0000 | 16:25:31 | 219.940691 | 359.219541 
 4152.3314 | 08741.0007 | 16:25:32 | 219.940067 | 359.222412 
 4152.3340 | 08741.0013 | 16:25:33 | 219.939529 | 359.225398 
 4152.3372 | 08741.0010 | 16:25:34 | 219.939759 | 359.229081 
 4152.3412 | 08741.0002 | 16:25:35 | 219.940412 | 359.233687 
 4152.3446 | 08741.0000 | 16:25:36 | 219.940554 | 359.237600 
 4152.3480 | 08740.9999 | 16:25:37 | 219.940610 | 359.241511 
 4152.3516 | 08740.9998 | 16:25:38 | 219.940665 | 359.245653 
 4152.3552 | 08740.9998 | 16:25:39 | 219.940634 | 359.249794 
 4152.3591 | 08740.9998 | 16:25:40 | 219.940600 | 359.254280 
 4152.3633 | 08740.9999 | 16:25:41 | 219.940477 | 359.259110 
 4152.3670 | 08740.9998 | 16:25:42 | 219.940531 | 359.263367 
 4152.3720 | 08740.9997 | 16:25:43 | 219.940573 | 359.269118 
 4152.3776 | 08740.9995 | 16:25:44 | 219.940696 | 359.275561 
 4152.3840 | 08740.9992 | 16:25:45 | 219.940899 | 359.282925 
 4152.3911 | 08740.9988 | 16:25:46 | 219.941181 | 359.291094 
 4152.3997 | 08740.9982 | 16:25:47 | 219.941622 | 359.300990 
 4152.3965 | 08740.9991 | 16:25:48 | 219.940876 | 359.297304 
 4152.4018 | 08740.9989 | 16:25:49 | 219.941002 | 359.303401 
 4152.4063 | 08740.9988 | 16:25:50 | 219.941048 | 359.308578 
 4152.4080 | 08740.9993 | 16:25:51 | 219.940604 | 359.310530 
 4152.4126 | 08740.9992 | 16:25:52 | 219.940650 | 359.315822 
 4152.4164 | 08740.9991 | 16:25:53 | 219.940702 | 359.320194 
 4152.4213 | 08740.9989 | 16:25:54 | 219.940832 | 359.325831 
 4152.4266 | 08740.9985 | 16:25:55 | 219.941129 | 359.331930 
 4152.4205 | 08740.9998 | 16:25:56 | 219.940065 | 359.324905 
 4152.4210 | 08740.9999 | 16:25:57 | 219.939975 | 359.325480 
 4152.4223 | 08740.9998 | 16:25:58 | 219.940049 | 359.326976 
 4152.4221 | 08740.9994 | 16:25:59 | 219.940395 | 359.326748 
 4152.4227 | 08740.9992 | 16:26:00 | 219.940562 | 359.327440 
 4152.4241 | 08740.9994 | 16:26:01 | 219.940377 | 359.329049 
 4152.4257 | 08741.0012 | 16:26:02 | 219.938816 | 359.330877 
 4152.4234 | 08741.0054 | 16:26:03 | 219.935225 | 359.328204 
 4152.4216 | 08741.0104 | 16:26:04 | 219.930943 | 359.326101 
 4152.4200 | 08741.0159 | 16:26:05 | 219.926228 | 359.324225 
 4152.4189 | 08741.0222 | 16:26:06 | 219.920822 | 359.322919 
 4152.4178 | 08741.0289 | 16:26:07 | 219.915071 | 359.321610 
 4152.4170 | 08741.0358 | 16:26:08 | 219.909146 | 359.320645 
 4152.4163 | 08741.0424 | 16:26:09 | 219.903478 | 359.319797 
 4152.4156 | 08741.0484 | 16:26:10 | 219.898326 | 359.318953 
 4152.4150 | 08741.0542 | 16:26:11 | 219.893345 | 359.318225 
 4152.4145 | 08741.0593 | 16:26:12 | 219.888965 | 359.317616 
 4152.4142 | 08741.0632 | 16:26:13 | 219.885615 | 359.317246 
 4152.4139 | 08741.0660 | 16:26:14 | 219.883210 | 359.316883 
 4152.4136 | 08741.0681 | 16:26:15 | 219.881407 | 359.316524 
 4152.4132 | 08741.0706 | 16:26:16 | 219.879262 | 359.316048 
 4152.4117 | 08741.0735 | 16:26:17 | 219.876782 | 359.314303 
 4152.4090 | 08741.0757 | 16:26:18 | 219.874914 | 359.311183 
 4152.4054 | 08741.0764 | 16:26:19 | 219.874343 | 359.307038 
 4152.4013 | 08741.0763 | 16:26:20 | 219.874465 | 359.302323 
 4152.3968 | 08741.0762 | 16:26:21 | 219.874590 | 359.297147 
 4152.3918 | 08741.0761 | 16:26:22 | 219.874719 | 359.291397 
 4152.3864 | 08741.0759 | 16:26:23 | 219.874938 | 359.285186 
 4152.3805 | 08741.0756 | 16:26:24 | 219.875247 | 359.278402 
 4152.3745 | 08741.0752 | 16:26:25 | 219.875643 | 359.271503 
 4152.3684 | 08741.0750 | 16:26:26 | 219.875868 | 359.264488 
 4152.3619 | 08741.0746 | 16:26:27 | 219.876269 | 359.257014 
 4152.3552 | 08741.0744 | 16:26:28 | 219.876499 | 359.249308 
 4152.3485 | 08741.0741 | 16:26:29 | 219.876815 | 359.241604 
 4152.3416 | 08741.0737 | 16:26:30 | 219.877219 | 359.233670 
 4152.3347 | 08741.0734 | 16:26:31 | 219.877537 | 359.225735 
 4152.3281 | 08741.0732 | 16:26:32 | 219.877766 | 359.218144 
 4152.3213 | 08741.0730 | 16:26:33 | 219.877997 | 359.210324 
 4152.3147 | 08741.0728 | 16:26:34 | 219.878227 | 359.202734 
 4152.3083 | 08741.0726 | 16:26:35 | 219.878454 | 359.195373 
 4152.3023 | 08741.0724 | 16:26:36 | 219.878678 | 359.188473 
 4152.2964 | 08741.0722 | 16:26:37 | 219.878902 | 359.181688 
 4152.2906 | 08741.0722 | 16:26:38 | 219.878952 | 359.175016 
 4152.2869 | 08741.0717 | 16:26:39 | 219.879414 | 359.170764 
 4152.2834 | 08741.0714 | 16:26:40 | 219.879702 | 359.166740 
 4152.2807 | 08741.0712 | 16:26:41 | 219.879898 | 359.163635 
 4152.2785 | 08741.0710 | 16:26:42 | 219.880089 | 359.161106 
 4152.2774 | 08741.0709 | 16:26:43 | 219.880184 | 359.159842 
 4152.2768 | 08741.0708 | 16:26:44 | 219.880276 | 359.159152 
 4152.2766 | 08741.0708 | 16:26:45 | 219.880277 | 359.158922 
 4152.2766 | 08741.0708 | 16:26:46 | 219.880277 | 359.158922 
 4152.2767 | 08741.0708 | 16:26:47 | 219.880277 | 359.159037 
 4152.2767 | 08741.0707 | 16:26:48 | 219.880362 | 359.159038 
 4152.2767 | 08741.0707 | 16:26:49 | 219.880362 | 359.159038 
 4152.2762 | 08741.0706 | 16:26:50 | 219.880453 | 359.158463 
 4152.2754 | 08741.0705 | 16:26:51 | 219.880546 | 359.157544 
 4152.2737 | 08741.0701 | 16:26:52 | 219.880904 | 359.155591 
 4152.2716 | 08741.0685 | 16:26:53 | 219.882298 | 359.153186 
 4152.2695 | 08741.0651 | 16:26:54 | 219.885240 | 359.150792 
 4152.2683 | 08741.0603 | 16:26:55 | 219.889377 | 359.149443 
 4152.2677 | 08741.0550 | 16:26:56 | 219.893939 | 359.148787 
 4152.2672 | 08741.0496 | 16:26:57 | 219.898585 | 359.148247 
 4152.2670 | 08741.0443 | 16:26:58 | 219.903144 | 359.148052 
 4152.2669 | 08741.0390 | 16:26:59 | 219.907701 | 359.147971 
 4152.2669 | 08741.0335 | 16:27:00 | 219.912430 | 359.148007 
 4152.2672 | 08741.0276 | 16:27:01 | 219.917500 | 359.148390 
 4152.2674 | 08741.0214 | 16:27:02 | 219.922828 | 359.148661 
 4152.2673 | 08741.0147 | 16:27:03 | 219.928589 | 359.148589 
 4152.2671 | 08741.0076 | 16:27:04 | 219.934695 | 359.148406 
 4152.2669 | 08740.9999 | 16:27:05 | 219.941317 | 359.148226 
 4152.2668 | 08740.9922 | 16:27:06 | 219.947938 | 359.148161 
 4152.2668 | 08740.9844 | 16:27:07 | 219.954644 | 359.148212 
 4152.2667 | 08740.9766 | 16:27:08 | 219.961350 | 359.148147 
 4152.2667 | 08740.9689 | 16:27:09 | 219.967970 | 359.148198 
 4152.2668 | 08740.9615 | 16:27:10 | 219.974331 | 359.148361 
 4152.2669 | 08740.9543 | 16:27:11 | 219.980521 | 359.148523 
 4152.2668 | 08740.9473 | 16:27:12 | 219.986540 | 359.148453 
 4152.2667 | 08740.9407 | 16:27:13 | 219.992215 | 359.148381 
 4152.2663 | 08740.9344 | 16:27:14 | 219.997635 | 359.147962 
 4152.2660 | 08740.9286 | 16:27:15 | 220.002624 | 359.147655 
 4152.2658 | 08740.9236 | 16:27:16 | 220.006924 | 359.147458 
 4152.2657 | 08740.9199 | 16:27:17 | 220.010106 | 359.147367 
 4152.2657 | 08740.9174 | 16:27:18 | 220.012255 | 359.147383 
 4152.2655 | 08740.9165 | 16:27:19 | 220.013031 | 359.147159 
 4152.2653 | 08740.9164 | 16:27:20 | 220.013119 | 359.146929 
 4152.2651 | 08740.9163 | 16:27:21 | 220.013206 | 359.146700 
 4152.2650 | 08740.9163 | 16:27:22 | 220.013207 | 359.146585 
 4152.2649 | 08740.9163 | 16:27:23 | 220.013208 | 359.146470 
 4152.2648 | 08740.9163 | 16:27:24 | 220.013209 | 359.146355 
 4152.2647 | 08740.9162 | 16:27:25 | 220.013296 | 359.146241 
 4152.2646 | 08740.9162 | 16:27:26 | 220.013297 | 359.146126 
 4152.2645 | 08740.9162 | 16:27:27 | 220.013298 | 359.146011 
 4152.2644 | 08740.9161 | 16:27:28 | 220.013384 | 359.145896 
 4152.2643 | 08740.9161 | 16:27:29 | 220.013385 | 359.145781 
 4152.2642 | 08740.9160 | 16:27:30 | 220.013472 | 359.145667 
 4152.2641 | 08740.9160 | 16:27:31 | 220.013473 | 359.145552 
 4152.2640 | 08740.9160 | 16:27:32 | 220.013474 | 359.145437 
 4152.2638 | 08740.9159 | 16:27:33 | 220.013562 | 359.145207 
 4152.2636 | 08740.9158 | 16:27:34 | 220.013649 | 359.144978 
 4152.2635 | 08740.9156 | 16:27:35 | 220.013822 | 359.144864 
 4152.2635 | 08740.9148 | 16:27:36 | 220.014510 | 359.144869 
 4152.2633 | 08740.9129 | 16:27:37 | 220.016145 | 359.144652 
 4152.2632 | 08740.9095 | 16:27:38 | 220.019069 | 359.144559 
 4152.2630 | 08740.9050 | 16:27:39 | 220.022940 | 359.144358 
 4152.2628 | 08740.8995 | 16:27:40 | 220.027670 | 359.144164 
 4152.2628 | 08740.8933 | 16:27:41 | 220.033000 | 359.144205 
 4152.2629 | 08740.8863 | 16:27:42 | 220.039018 | 359.144365 
 4152.2631 | 08740.8789 | 16:27:43 | 220.045378 | 359.144644 
 4152.2631 | 08740.8711 | 16:27:44 | 220.052084 | 359.144695 
 4152.2632 | 08740.8628 | 16:27:45 | 220.059219 | 359.144864 
 4152.2634 | 08740.8543 | 16:27:46 | 220.066525 | 359.145149 
 4152.2635 | 08740.8455 | 16:27:47 | 220.074089 | 359.145322 
 4152.2636 | 08740.8363 | 16:27:48 | 220.081998 | 359.145497 
 4152.2637 | 08740.8269 | 16:27:49 | 220.090079 | 359.145674 
 4152.2639 | 08740.8172 | 16:27:50 | 220.098416 | 359.145967 
 4152.2641 | 08740.8073 | 16:27:51 | 220.106926 | 359.146262 
 4152.2642 | 08740.7972 | 16:27:52 | 220.115609 | 359.146443 
 4152.2642 | 08740.7870 | 16:27:53 | 220.124378 | 359.146510 
 4152.2644 | 08740.7769 | 16:27:54 | 220.133059 | 359.146806 
 4152.2644 | 08740.7667 | 16:27:55 | 220.141829 | 359.146873 
 4152.2645 | 08740.7565 | 16:27:56 | 220.150597 | 359.147055 
 4152.2645 | 08740.7460 | 16:27:57 | 220.159624 | 359.147123 
 4152.2646 | 08740.7354 | 16:27:58 | 220.168737 | 359.147308 
 4152.2648 | 08740.7249 | 16:27:59 | 220.177762 | 359.147607 
 4152.2650 | 08740.7144 | 16:28:00 | 220.186788 | 359.147906 
 4152.2651 | 08740.7039 | 16:28:01 | 220.195814 | 359.148090 
 4152.2652 | 08740.6935 | 16:28:02 | 220.204754 | 359.148273 
 4152.2652 | 08740.6831 | 16:28:03 | 220.213695 | 359.148341 
 4152.2652 | 08740.6731 | 16:28:04 | 220.222293 | 359.148407 
 4152.2652 | 08740.6636 | 16:28:05 | 220.230460 | 359.148469 
 4152.2650 | 08740.6549 | 16:28:06 | 220.237942 | 359.148296 
 4152.2647 | 08740.6473 | 16:28:07 | 220.244478 | 359.148001 
 4152.2644 | 08740.6410 | 16:28:08 | 220.249897 | 359.147697 
 4152.2640 | 08740.6358 | 16:28:09 | 220.254371 | 359.147271 
 4152.2628 | 08740.6315 | 16:28:10 | 220.258079 | 359.145919 
 4152.2606 | 08740.6286 | 16:28:11 | 220.260591 | 359.143408 
 4152.2573 | 08740.6273 | 16:28:12 | 220.261738 | 359.139621 
 4152.2530 | 08740.6264 | 16:28:13 | 220.262550 | 359.134680 
 4152.2478 | 08740.6257 | 16:28:14 | 220.263197 | 359.128704 
 4152.2419 | 08740.6251 | 16:28:15 | 220.263765 | 359.121921 
 4152.2354 | 08740.6246 | 16:28:16 | 220.264252 | 359.114448 
 4152.2284 | 08740.6243 | 16:28:17 | 220.264571 | 359.106398 
 4152.2212 | 08740.6240 | 16:28:18 | 220.264893 | 359.098118 
 4152.2140 | 08740.6239 | 16:28:19 | 220.265042 | 359.089837 
 4152.2070 | 08740.6239 | 16:28:20 | 220.265104 | 359.081785 
 4152.2001 | 08740.6241 | 16:28:21 | 220.264992 | 359.073847 
 4152.1935 | 08740.6243 | 16:28:22 | 220.264878 | 359.066254 
 4152.1871 | 08740.6246 | 16:28:23 | 220.264677 | 359.058891 
 4152.1810 | 08740.6247 | 16:28:24 | 220.264644 | 359.051873 
 4152.1750 | 08740.6244 | 16:28:25 | 220.264955 | 359.044974 
 4152.1691 | 08740.6238 | 16:28:26 | 220.265523 | 359.038191 
 4152.1631 | 08740.6231 | 16:28:27 | 220.266177 | 359.031294 
 4152.1569 | 08740.6227 | 16:28:28 | 220.266576 | 359.024166 
 4152.1509 | 08740.6224 | 16:28:29 | 220.266886 | 359.017266 
 4152.1454 | 08740.6222 | 16:28:30 | 220.267107 | 359.010941 
 4152.1410 | 08740.6221 | 16:28:31 | 220.267231 | 359.005880 
 4152.1379 | 08740.6220 | 16:28:32 | 220.267345 | 359.002315 
 4152.1333 | 08740.6217 | 16:28:36 | 220.267643 | 358.997026 
 4152.1331 | 08740.6216 | 16:28:37 | 220.267731 | 358.996797 
 4152.1328 | 08740.6216 | 16:28:38 | 220.267733 | 358.996452 
 4152.1322 | 08740.6215 | 16:28:40 | 220.267825 | 358.995762 
 4152.1318 | 08740.6214 | 16:28:41 | 220.267914 | 358.995303 
 4152.1314 | 08740.6214 | 16:28:42 | 220.267918 | 358.994843 
 4152.1309 | 08740.6213 | 16:28:43 | 220.268008 | 358.994268 
 4152.1302 | 08740.6212 | 16:28:44 | 220.268100 | 358.993464 
 4152.1295 | 08740.6212 | 16:28:45 | 220.268106 | 358.992659 
 4152.1230 | 08740.6158 | 16:28:49 | 220.272806 | 358.985217 
 4152.1211 | 08740.6114 | 16:28:50 | 220.276606 | 358.983061 
 4152.1199 | 08740.6059 | 16:28:51 | 220.281345 | 358.981717 
 4152.1202 | 08740.5758 | 16:28:55 | 220.307222 | 358.982260 
 4152.1204 | 08740.5668 | 16:28:56 | 220.314958 | 358.982549 
 4152.1206 | 08740.5574 | 16:28:57 | 220.323038 | 358.982841 
 4152.1207 | 08740.5476 | 16:28:58 | 220.331463 | 358.983021 
 4152.1213 | 08740.4945 | 16:29:03 | 220.377111 | 358.984061 
 4152.1215 | 08740.4833 | 16:29:04 | 220.386739 | 358.984365 
 4152.1216 | 08740.4719 | 16:29:05 | 220.396539 | 358.984555 
 4152.1217 | 08740.4603 | 16:29:06 | 220.406511 | 358.984746 
 4152.1221 | 08740.4127 | 16:29:10 | 220.447433 | 358.985521 
 4152.1222 | 08740.4004 | 16:29:11 | 220.458007 | 358.985717 
 4152.1224 | 08740.3881 | 16:29:12 | 220.468580 | 358.986029 
 4152.1226 | 08740.3755 | 16:29:13 | 220.479412 | 358.986342 
 4152.1227 | 08740.3629 | 16:29:14 | 220.490244 | 358.986540 
 4152.1229 | 08740.3374 | 16:29:16 | 220.512166 | 358.986939 
 4152.1230 | 08740.3248 | 16:29:17 | 220.522998 | 358.987138 
 4152.1231 | 08740.3123 | 16:29:18 | 220.533744 | 358.987335 
 4152.1237 | 08740.2622 | 16:29:22 | 220.576813 | 358.988358 
 4152.1238 | 08740.2496 | 16:29:23 | 220.587646 | 358.988556 
 4152.1239 | 08740.2370 | 16:29:24 | 220.598478 | 358.988755 
 4152.1240 | 08740.2246 | 16:29:25 | 220.609138 | 358.988952 
 4152.1241 | 08740.2008 | 16:29:27 | 220.629599 | 358.989225 
 4152.1240 | 08740.1892 | 16:29:28 | 220.639574 | 358.989187 
 4152.1234 | 08740.0842 | 16:29:38 | 220.729854 | 358.989196 
 4152.1232 | 08740.0512 | 16:29:49 | 220.758228 | 358.989186 
 4152.1232 | 08740.0511 | 16:29:50 | 220.758314 | 358.989187 
 4152.1232 | 08740.0507 | 16:29:51 | 220.758658 | 358.989189 
 4152.1232 | 08740.0506 | 16:29:52 | 220.758744 | 358.989190 
 4152.1232 | 08740.0506 | 16:29:53 | 220.758744 | 358.989190 
 4152.1231 | 08740.0506 | 16:29:54 | 220.758745 | 358.989075 
 4152.1231 | 08740.0506 | 16:29:57 | 220.758745 | 358.989075 
 4152.1230 | 08740.0504 | 16:29:58 | 220.758918 | 358.988961 
 4152.1231 | 08740.0497 | 16:29:59 | 220.759519 | 358.989081 
 4152.1231 | 08740.0453 | 16:30:01 | 220.763302 | 358.989110 
 4152.1232 | 08740.0412 | 16:30:02 | 220.766826 | 358.989253 
 4152.1235 | 08740.0107 | 16:30:07 | 220.793046 | 358.989801 
 4152.1238 | 08739.9953 | 16:30:09 | 220.806284 | 358.990249 
 4152.1240 | 08739.9874 | 16:30:10 | 220.813074 | 358.990532 
 4152.1242 | 08739.9793 | 16:30:11 | 220.820037 | 358.990816 
 4152.1244 | 08739.9711 | 16:30:12 | 220.827085 | 358.991101 
 4152.1247 | 08739.9626 | 16:30:13 | 220.834390 | 358.991503 
 4152.1250 | 08739.9540 | 16:30:14 | 220.841782 | 358.991905 
 4152.1253 | 08739.9451 | 16:30:15 | 220.849431 | 358.992310 
 4152.1253 | 08739.9360 | 16:30:16 | 220.857255 | 358.992371 
 4152.1254 | 08739.9269 | 16:30:17 | 220.865078 | 358.992547 
 4152.1256 | 08739.9178 | 16:30:18 | 220.872900 | 358.992838 
 4152.1258 | 08739.9083 | 16:30:19 | 220.881066 | 358.993131 
 4152.1260 | 08739.8987 | 16:30:20 | 220.889318 | 358.993425 
 4152.1263 | 08739.8892 | 16:30:21 | 220.897483 | 358.993834 
 4152.1266 | 08739.8800 | 16:30:22 | 220.905390 | 358.994241 
 4152.1268 | 08739.8708 | 16:30:23 | 220.913298 | 358.994533 
 4152.1271 | 08739.8618 | 16:30:24 | 220.921033 | 358.994938 
 4152.1272 | 08739.8529 | 16:30:25 | 220.928684 | 358.995113 
 4152.1273 | 08739.8439 | 16:30:26 | 220.936421 | 358.995288 
 4152.1275 | 08739.8349 | 16:30:27 | 220.944157 | 358.995578 
 4152.1278 | 08739.8259 | 16:30:28 | 220.951893 | 358.995984 
 4152.1280 | 08739.8169 | 16:30:29 | 220.959629 | 358.996274 
 4152.1283 | 08739.8082 | 16:30:30 | 220.967106 | 358.996678 
 4152.1285 | 08739.7999 | 16:30:31 | 220.974240 | 358.996963 
 4152.1285 | 08739.7918 | 16:30:32 | 220.981204 | 358.997018 
 4152.1282 | 08739.7843 | 16:30:33 | 220.987655 | 358.996723 
 4152.1284 | 08739.7776 | 16:30:34 | 220.993414 | 358.996998 
 4152.1285 | 08739.7717 | 16:30:35 | 220.998485 | 358.997153 
 4152.1283 | 08739.7663 | 16:30:36 | 221.003130 | 358.996959 
 4152.1284 | 08739.7536 | 16:30:39 | 221.014048 | 358.997159 
 4152.1284 | 08739.7512 | 16:30:40 | 221.016112 | 358.997175 
 4152.1284 | 08739.7500 | 16:30:41 | 221.017143 | 358.997183 
 4152.1284 | 08739.7491 | 16:30:43 | 221.017917 | 358.997189 
 4152.1283 | 08739.7488 | 16:30:44 | 221.018176 | 358.997076 
 4152.1283 | 08739.7476 | 16:30:45 | 221.019208 | 358.997084 
 4152.1283 | 08739.7449 | 16:30:46 | 221.021529 | 358.997103 
 4152.1284 | 08739.7407 | 16:30:47 | 221.025139 | 358.997246 
 4152.1285 | 08739.7353 | 16:30:48 | 221.029781 | 358.997397 
 4152.1287 | 08739.7289 | 16:30:49 | 221.035282 | 358.997670 
 4152.1288 | 08739.7216 | 16:30:50 | 221.041557 | 358.997834 
 4152.1290 | 08739.7048 | 16:30:52 | 221.055999 | 358.998177 
 4152.1293 | 08739.6666 | 16:30:56 | 221.088840 | 358.998780 
 4152.1295 | 08739.6450 | 16:30:58 | 221.107409 | 358.999155 
 4152.1296 | 08739.6339 | 16:30:59 | 221.116951 | 358.999345 
 4152.1297 | 08739.6225 | 16:31:00 | 221.126752 | 358.999537 
 4152.1299 | 08739.6111 | 16:31:01 | 221.136551 | 358.999844 
 4152.1300 | 08739.5995 | 16:31:02 | 221.146524 | 359.000037 
 4152.1303 | 08739.5761 | 16:31:04 | 221.166639 | 359.000540 
 4152.1306 | 08739.5644 | 16:31:05 | 221.176696 | 359.000964 
 4152.1307 | 08739.5527 | 16:31:06 | 221.186754 | 359.001158 
 4152.1308 | 08739.5411 | 16:31:07 | 221.196727 | 359.001351 
 4152.1309 | 08739.5294 | 16:31:08 | 221.206785 | 359.001545 
 4152.1313 | 08739.5062 | 16:31:10 | 221.226728 | 359.002162 
 4152.1313 | 08739.4961 | 16:31:11 | 221.235411 | 359.002230 
 4152.1310 | 08739.4873 | 16:31:12 | 221.242980 | 359.001945 
 4152.1307 | 08739.4799 | 16:31:13 | 221.249345 | 359.001650 
 4152.1306 | 08739.4740 | 16:31:14 | 221.254419 | 359.001575 
 4152.1306 | 08739.4695 | 16:31:15 | 221.258287 | 359.001605 
 4152.1305 | 08739.4664 | 16:31:16 | 221.260954 | 359.001511 
 4152.1304 | 08739.4650 | 16:31:17 | 221.262158 | 359.001406 
 4152.1304 | 08739.4648 | 16:31:19 | 221.262330 | 359.001407 
 4152.1303 | 08739.4648 | 16:31:20 | 221.262331 | 359.001292 
 4152.1301 | 08739.4649 | 16:31:22 | 221.262247 | 359.001061 
 4152.1301 | 08739.4650 | 16:31:23 | 221.262161 | 359.001060 
 4152.1295 | 08739.4648 | 16:31:24 | 221.262338 | 359.000372 
 4152.1290 | 08739.4646 | 16:31:25 | 221.262515 | 358.999798 
 4152.1285 | 08739.4644 | 16:31:26 | 221.262691 | 358.999224 
 4152.1277 | 08739.4642 | 16:31:28 | 221.262871 | 358.998305 
 4152.1274 | 08739.4641 | 16:31:29 | 221.262959 | 358.997961 
 4152.1270 | 08739.4640 | 16:31:30 | 221.263049 | 358.997501 
 4152.1266 | 08739.4639 | 16:31:31 | 221.263138 | 358.997042 
 4152.1263 | 08739.4638 | 16:31:32 | 221.263227 | 358.996698 
 4152.1260 | 08739.4637 | 16:31:33 | 221.263316 | 358.996353 
 4152.1257 | 08739.4630 | 16:31:34 | 221.263920 | 358.996013 
 4152.1255 | 08739.4610 | 16:31:35 | 221.265642 | 358.995796 
 4152.1255 | 08739.4576 | 16:31:36 | 221.268565 | 358.995819 
 4152.1256 | 08739.4532 | 16:31:37 | 221.272347 | 358.995964 
 4152.1256 | 08739.4479 | 16:31:38 | 221.276904 | 358.996000 
 4152.1256 | 08739.4420 | 16:31:39 | 221.281976 | 358.996040 
 4152.1257 | 08739.4356 | 16:31:40 | 221.287478 | 358.996198 
 4152.1258 | 08739.4289 | 16:31:41 | 221.293237 | 358.996359 
 4152.1260 | 08739.4225 | 16:31:42 | 221.298738 | 358.996632 
 4152.1260 | 08739.4158 | 16:31:43 | 221.304499 | 358.996678 
 4152.1259 | 08739.4083 | 16:31:44 | 221.310948 | 358.996613 
 4152.1258 | 08739.4002 | 16:31:45 | 221.317913 | 358.996553 
 4152.1258 | 08739.3923 | 16:31:46 | 221.324705 | 358.996607 
 4152.1258 | 08739.3845 | 16:31:47 | 221.331411 | 358.996660 
 4152.1258 | 08739.3769 | 16:31:48 | 221.337945 | 358.996711 
 4152.1260 | 08739.3693 | 16:31:49 | 221.344478 | 358.996993 
 4152.1261 | 08739.3615 | 16:31:50 | 221.351183 | 358.997161 
 4152.1263 | 08739.3532 | 16:31:51 | 221.358317 | 358.997447 
 4152.1266 | 08739.3444 | 16:31:52 | 221.365880 | 358.997852 
 4152.1266 | 08739.3352 | 16:31:53 | 221.373790 | 358.997914 
 4152.1266 | 08739.3255 | 16:31:54 | 221.382130 | 358.997980 
 4152.1266 | 08739.3153 | 16:31:55 | 221.390900 | 358.998049 
 4152.1268 | 08739.3048 | 16:31:56 | 221.399925 | 358.998351 
 4152.1272 | 08739.2942 | 16:31:57 | 221.409035 | 358.998883 
 4152.1275 | 08739.2835 | 16:31:58 | 221.418232 | 358.999301 
 4152.1277 | 08739.2726 | 16:31:59 | 221.427602 | 358.999605 
 4152.1280 | 08739.2617 | 16:32:00 | 221.436970 | 359.000024 
 4152.1283 | 08739.2510 | 16:32:01 | 221.446167 | 359.000442 
 4152.1286 | 08739.2416 | 16:32:02 | 221.454246 | 359.000851 
 4152.1288 | 08739.2345 | 16:32:03 | 221.460349 | 359.001129 
 4152.1288 | 08739.2296 | 16:32:04 | 221.464561 | 359.001163 
 4152.1289 | 08739.2257 | 16:32:05 | 221.467914 | 359.001304 
 4152.1293 | 08739.2166 | 16:32:07 | 221.475734 | 359.001826 
 4152.1294 | 08739.2102 | 16:32:08 | 221.481235 | 359.001985 
 4152.1293 | 08739.2026 | 16:32:09 | 221.487771 | 359.001921 
 4152.1296 | 08739.1941 | 16:32:10 | 221.495076 | 359.002324 
 4152.1299 | 08739.1847 | 16:32:11 | 221.503155 | 359.002734 
 4152.1301 | 08739.1747 | 16:32:12 | 221.511751 | 359.003032 
 4152.1303 | 08739.1644 | 16:32:13 | 221.520604 | 359.003332 
 4152.1305 | 08739.1540 | 16:32:14 | 221.529544 | 359.003633 
 4152.1311 | 08739.1239 | 16:32:17 | 221.555418 | 359.004528 
 4152.1314 | 08739.1040 | 16:32:19 | 221.572524 | 359.005009 
 4152.1316 | 08739.0939 | 16:32:20 | 221.581206 | 359.005308 
 4152.1318 | 08739.0836 | 16:32:21 | 221.590060 | 359.005609 
 4152.1322 | 08739.0733 | 16:32:22 | 221.598912 | 359.006139 
 4152.1326 | 08739.0631 | 16:32:23 | 221.607678 | 359.006669 
 4152.1329 | 08739.0525 | 16:32:24 | 221.616788 | 359.007087 
 4152.1328 | 08739.0418 | 16:32:25 | 221.625989 | 359.007045 
 4152.1329 | 08739.0311 | 16:32:26 | 221.635187 | 359.007233 
 4152.1331 | 08739.0207 | 16:32:27 | 221.644127 | 359.007534 
 4152.1332 | 08739.0104 | 16:32:28 | 221.652982 | 359.007719 
 4152.1333 | 08739.0002 | 16:32:29 | 221.661750 | 359.007904 
 4152.1335 | 08738.9901 | 16:32:30 | 221.670432 | 359.008204 
 4152.1336 | 08738.9802 | 16:32:31 | 221.678943 | 359.008386 
 4152.1337 | 08738.9706 | 16:32:32 | 221.687196 | 359.008567 
 4152.1339 | 08738.9612 | 16:32:33 | 221.695276 | 359.008862 
 4152.1341 | 08738.9520 | 16:32:34 | 221.703184 | 359.009155 
 4152.1342 | 08738.9433 | 16:32:35 | 221.710663 | 359.009329 
 4152.1343 | 08738.9350 | 16:32:36 | 221.717798 | 359.009501 
 4152.1343 | 08738.9271 | 16:32:37 | 221.724590 | 359.009555 
 4152.1343 | 08738.9200 | 16:32:38 | 221.730694 | 359.009604 
 4152.1343 | 08738.9136 | 16:32:39 | 221.736197 | 359.009648 
 4152.1345 | 08738.9079 | 16:32:40 | 221.741096 | 359.009917 
 4152.1346 | 08738.9028 | 16:32:41 | 221.745479 | 359.010067 
 4152.1345 | 08738.8984 | 16:32:42 | 221.749263 | 359.009982 
 4152.1336 | 08738.8941 | 16:32:43 | 221.752969 | 359.008976 
 4152.1335 | 08738.8904 | 16:32:44 | 221.756151 | 359.008887 
 4152.1336 | 08738.8872 | 16:32:45 | 221.758901 | 359.009024 
 4152.1336 | 08738.8845 | 16:32:46 | 221.761222 | 359.009042 
 4152.1337 | 08738.8823 | 16:32:47 | 221.763113 | 359.009172 
 4152.1340 | 08738.8803 | 16:32:48 | 221.764830 | 359.009531 
 4152.1343 | 08738.8785 | 16:32:49 | 221.766374 | 359.009889 
 4152.1347 | 08738.8768 | 16:32:50 | 221.767832 | 359.010360 
 4152.1347 | 08738.8751 | 16:32:51 | 221.769294 | 359.010372 
 4152.1328 | 08738.8745 | 16:32:52 | 221.769827 | 359.008191 
 4152.1318 | 08738.8742 | 16:32:53 | 221.770094 | 359.007043 
 4152.1313 | 08738.8739 | 16:32:54 | 221.770357 | 359.006470 
 4152.1296 | 08738.8738 | 16:32:57 | 221.770459 | 359.004515 
 4152.1287 | 08738.8736 | 16:33:01 | 221.770639 | 359.003481 
 4152.1273 | 08738.8637 | 16:33:07 | 221.779163 | 359.001939 
 4152.1267 | 08738.8593 | 16:33:08 | 221.782952 | 359.001279 
 4152.1246 | 08738.8560 | 16:33:09 | 221.785808 | 358.998886 
 4152.1213 | 08738.8541 | 16:33:10 | 221.787472 | 358.995103 
 4152.1170 | 08738.8532 | 16:33:11 | 221.788286 | 358.990163 
 4152.1120 | 08738.8525 | 16:33:12 | 221.788933 | 358.984417 
 4152.1064 | 08738.8522 | 16:33:13 | 221.789243 | 358.977977 
 4152.0884 | 08738.8512 | 16:33:16 | 221.790268 | 358.957280 
 4152.0821 | 08738.8508 | 16:33:17 | 221.790670 | 358.950036 
 4152.0759 | 08738.8505 | 16:33:18 | 221.790985 | 358.942906 
 4152.0700 | 08738.8504 | 16:33:19 | 221.791125 | 358.936120 
 4152.0643 | 08738.8504 | 16:33:20 | 221.791177 | 358.929564 
 4152.0584 | 08738.8504 | 16:33:21 | 221.791231 | 358.922778 
 4152.0524 | 08738.8505 | 16:33:22 | 221.791201 | 358.915875 
 4152.0465 | 08738.8504 | 16:33:23 | 221.791341 | 358.909090 
 4152.0407 | 08738.8503 | 16:33:24 | 221.791480 | 358.902419 
 4152.0348 | 08738.8502 | 16:33:25 | 221.791620 | 358.895633 
 4152.0290 | 08738.8501 | 16:33:26 | 221.791759 | 358.888962 
 4152.0229 | 08738.8501 | 16:33:27 | 221.791816 | 358.881946 
 4152.0175 | 08738.8501 | 16:33:28 | 221.791865 | 358.875734 
 4152.0119 | 08738.8503 | 16:33:29 | 221.791745 | 358.869292 
 4152.0064 | 08738.8504 | 16:33:30 | 221.791709 | 358.862964 
 4152.0008 | 08738.8505 | 16:33:31 | 221.791675 | 358.856522 
 4151.9972 | 08738.8501 | 16:33:32 | 221.792052 | 358.852384 
 4151.9924 | 08738.8500 | 16:33:33 | 221.792182 | 358.846864 
 4151.9869 | 08738.8502 | 16:33:34 | 221.792060 | 358.840536 
 4151.9813 | 08738.8502 | 16:33:35 | 221.792112 | 358.834094 
 4151.9753 | 08738.8500 | 16:33:36 | 221.792339 | 358.827194 
 4151.9694 | 08738.8496 | 16:33:37 | 221.792737 | 358.820411 
 4151.9635 | 08738.8492 | 16:33:38 | 221.793135 | 358.813627 
 4151.9570 | 08738.8489 | 16:33:39 | 221.793453 | 358.806152 
 4151.9510 | 08738.8485 | 16:33:40 | 221.793852 | 358.799254 
 4151.9449 | 08738.8480 | 16:33:41 | 221.794338 | 358.792240 
 4151.9328 | 08738.8494 | 16:33:42 | 221.793245 | 358.778313 
 4151.9248 | 08738.8498 | 16:33:43 | 221.792975 | 358.769108 
 4151.9179 | 08738.8500 | 16:33:44 | 221.792866 | 358.761170 
 4151.9089 | 08738.8496 | 16:33:45 | 221.793293 | 358.750820 
 4151.8935 | 08738.8493 | 16:33:47 | 221.793693 | 358.733109 
 4151.8859 | 08738.8489 | 16:33:48 | 221.794106 | 358.724369 
 4151.8798 | 08738.8485 | 16:33:49 | 221.794506 | 358.717356 
 4151.8743 | 08738.8492 | 16:33:50 | 221.793955 | 358.711024 
 4151.8664 | 08738.8491 | 16:33:51 | 221.794114 | 358.701938 
 4151.8607 | 08738.8499 | 16:33:52 | 221.793478 | 358.695376 
 4151.8312 | 08738.8493 | 16:33:56 | 221.794265 | 358.661448 
 4151.8250 | 08738.8497 | 16:33:57 | 221.793978 | 358.654314 
 4151.8187 | 08738.8501 | 16:33:58 | 221.793692 | 358.647064 
 4151.8121 | 08738.8504 | 16:33:59 | 221.793495 | 358.639471 
 4151.8055 | 08738.8509 | 16:34:00 | 221.793125 | 358.631875 
 4151.7992 | 08738.8514 | 16:34:01 | 221.792753 | 358.624625 
 4151.7849 | 08738.8518 | 16:34:03 | 221.792541 | 358.608174 
 4151.7774 | 08738.8517 | 16:34:04 | 221.792696 | 358.599548 
 4151.7700 | 08738.8518 | 16:34:05 | 221.792678 | 358.591035 
 4151.7627 | 08738.8520 | 16:34:06 | 221.792573 | 358.582637 
 4151.6736 | 08738.8423 | 16:34:14 | 221.801732 | 358.480216 
 4151.7200 | 08738.8070 | 16:34:15 | 221.831659 | 358.533831 
 4151.7182 | 08738.8042 | 16:34:16 | 221.834083 | 358.531780 
 4151.7141 | 08738.8036 | 16:34:17 | 221.834637 | 358.527068 
 4151.7102 | 08738.8025 | 16:34:18 | 221.835618 | 358.522589 
 4151.7054 | 08738.8020 | 16:34:19 | 221.836092 | 358.517071 
 4151.7083 | 08738.8177 | 16:34:21 | 221.822566 | 358.520299 
 4151.7021 | 08738.8171 | 16:34:22 | 221.823139 | 358.513172 
 4151.6956 | 08738.8168 | 16:34:23 | 221.823457 | 358.505697 
 4151.6883 | 08738.8152 | 16:34:24 | 221.824899 | 358.497311 
 4151.6858 | 08738.8191 | 16:34:25 | 221.821569 | 358.494409 
 4151.6759 | 08738.8208 | 16:34:27 | 221.820198 | 358.483010 
 4151.6709 | 08738.8212 | 16:34:28 | 221.819900 | 358.477256 
 4151.6656 | 08738.8215 | 16:34:29 | 221.819691 | 358.471157 
 4151.6631 | 08738.8212 | 16:34:30 | 221.819972 | 358.468284 
 4151.6601 | 08738.8213 | 16:34:31 | 221.819914 | 358.464832 
 4151.6576 | 08738.8212 | 16:34:32 | 221.820023 | 358.461957 
 4151.6557 | 08738.8214 | 16:34:33 | 221.819868 | 358.459771 
 4151.6541 | 08738.8213 | 16:34:34 | 221.819969 | 358.457931 
 4151.6530 | 08738.8215 | 16:34:36 | 221.819807 | 358.456664 
 4151.6475 | 08738.8269 | 16:34:38 | 221.815214 | 358.450301 
 4151.6473 | 08738.8265 | 16:34:40 | 221.815560 | 358.450073 
 4151.6472 | 08738.8264 | 16:34:41 | 221.815647 | 358.449959 
 4151.6391 | 08738.8325 | 16:34:45 | 221.810476 | 358.440600 
 4151.6359 | 08738.8345 | 16:34:47 | 221.808786 | 358.436906 
 4151.6354 | 08738.8340 | 16:34:48 | 221.809220 | 358.436334 
 4151.6350 | 08738.8335 | 16:34:49 | 221.809654 | 358.435877 
 4151.6297 | 08738.8364 | 16:34:52 | 221.807209 | 358.429761 
 4151.6275 | 08738.8371 | 16:34:53 | 221.806627 | 358.427226 
 4151.6250 | 08738.8377 | 16:34:54 | 221.806134 | 358.424346 
 4151.6222 | 08738.8381 | 16:34:55 | 221.805816 | 358.421122 
 4151.6190 | 08738.8384 | 16:34:56 | 221.805588 | 358.417440 
 4151.6158 | 08738.8390 | 16:34:57 | 221.805101 | 358.413755 
 4151.6093 | 08738.8399 | 16:34:59 | 221.804387 | 358.406272 
 4151.6061 | 08738.8402 | 16:35:00 | 221.804158 | 358.402589 
 4151.6026 | 08738.8404 | 16:35:01 | 221.804019 | 358.398562 
 4151.5988 | 08738.8407 | 16:35:02 | 221.803795 | 358.394189 
 4151.5946 | 08738.8408 | 16:35:03 | 221.803748 | 358.389357 
 4151.5899 | 08738.8408 | 16:35:04 | 221.803791 | 358.383951 
 4151.5849 | 08738.8408 | 16:35:05 | 221.803837 | 358.378200 
 4151.5794 | 08738.8407 | 16:35:06 | 221.803974 | 358.371874 
 4151.5736 | 08738.8405 | 16:35:07 | 221.804199 | 358.365204 
 4151.5678 | 08738.8404 | 16:35:08 | 221.804338 | 358.358533 
 4151.5619 | 08738.8400 | 16:35:09 | 221.804737 | 358.351749 
 4151.5561 | 08738.8395 | 16:35:10 | 221.805220 | 358.345081 
 4151.5503 | 08738.8388 | 16:35:11 | 221.805875 | 358.338415 
 4151.5272 | 08738.8355 | 16:35:15 | 221.808925 | 358.311867 
 4151.5163 | 08738.8378 | 16:35:16 | 221.807047 | 358.299313 
 4151.5079 | 08738.8377 | 16:35:17 | 221.807211 | 358.289652 
 4151.5001 | 08738.8372 | 16:35:18 | 221.807712 | 358.280683 
 4151.4925 | 08738.8365 | 16:35:19 | 221.808384 | 358.271946 
 4151.4850 | 08738.8359 | 16:35:20 | 221.808969 | 358.263323 
 4151.4765 | 08738.8359 | 16:35:21 | 221.809047 | 358.253546 
 4151.4691 | 08738.8359 | 16:35:22 | 221.809115 | 358.245034 
 4151.4385 | 08738.8346 | 16:35:26 | 221.810514 | 358.209846 
 4151.4312 | 08738.8333 | 16:35:27 | 221.811699 | 358.201458 
 4151.4281 | 08738.8375 | 16:35:28 | 221.808116 | 358.197863 
 4151.4235 | 08738.8351 | 16:35:29 | 221.810222 | 358.192588 
 4151.4186 | 08738.8350 | 16:35:30 | 221.810353 | 358.186953 
 4151.4090 | 08738.8356 | 16:35:33 | 221.809925 | 358.175906 
 4151.4027 | 08738.8353 | 16:35:35 | 221.810241 | 358.168662 
 4151.3989 | 08738.8350 | 16:35:36 | 221.810534 | 358.164293 
 4151.3945 | 08738.8346 | 16:35:37 | 221.810919 | 358.159235 
 4151.3893 | 08738.8345 | 16:35:38 | 221.811052 | 358.153254 
 4151.3835 | 08738.8344 | 16:35:39 | 221.811192 | 358.146583 
 4151.3777 | 08738.8340 | 16:35:40 | 221.811589 | 358.139914 
 4151.3716 | 08738.8338 | 16:35:41 | 221.811817 | 358.132899 
 4151.3653 | 08738.8335 | 16:35:42 | 221.812133 | 358.125655 
 4151.3520 | 08738.8326 | 16:35:44 | 221.813029 | 358.110363 
 4151.3450 | 08738.8323 | 16:35:45 | 221.813351 | 358.102313 
 4151.3378 | 08738.8320 | 16:35:46 | 221.813676 | 358.094033 
 4151.3303 | 08738.8318 | 16:35:47 | 221.813917 | 358.085408 
 4151.3228 | 08738.8314 | 16:35:48 | 221.814329 | 358.076784 
 4151.3154 | 08738.8311 | 16:35:49 | 221.814655 | 358.068274 
 4151.3080 | 08738.8308 | 16:35:50 | 221.814981 | 358.059764 
 4151.3009 | 08738.8309 | 16:35:51 | 221.814961 | 358.051597 
 4151.2930 | 08738.8311 | 16:35:52 | 221.814861 | 358.042508 
 4151.2852 | 08738.8311 | 16:35:53 | 221.814933 | 358.033536 
 4151.2771 | 08738.8310 | 16:35:54 | 221.815093 | 358.024220 
 4151.2688 | 08738.8310 | 16:35:55 | 221.815170 | 358.014673 
 4151.2604 | 08738.8308 | 16:35:56 | 221.815419 | 358.005012 
 4151.2518 | 08738.8305 | 16:35:57 | 221.815756 | 357.995122 
 4151.2435 | 08738.8301 | 16:35:58 | 221.816176 | 357.985578 
 4151.2353 | 08738.8296 | 16:35:59 | 221.816682 | 357.976149 
 4151.2270 | 08738.8291 | 16:36:00 | 221.817188 | 357.966606 
 4151.2185 | 08738.8287 | 16:36:01 | 221.817610 | 357.956831 
 4151.2098 | 08738.8280 | 16:36:02 | 221.818292 | 357.946829 
 4151.2009 | 08738.8276 | 16:36:03 | 221.818718 | 357.936594 
 4151.1919 | 08738.8272 | 16:36:04 | 221.819144 | 357.926245 
 4151.1740 | 08738.8265 | 16:36:06 | 221.819911 | 357.905660 
 4151.1552 | 08738.8259 | 16:36:08 | 221.820600 | 357.884040 
 4151.1457 | 08738.8257 | 16:36:09 | 221.820859 | 357.873114 
 4151.1363 | 08738.8254 | 16:36:10 | 221.821204 | 357.862303 
 4151.1267 | 08738.8252 | 16:36:11 | 221.821464 | 357.851262 
 4151.1171 | 08738.8255 | 16:36:12 | 221.821294 | 357.840218 
 4151.1078 | 08738.8259 | 16:36:13 | 221.821036 | 357.829518 
 4151.0988 | 08738.8268 | 16:36:14 | 221.820344 | 357.819159 
 4151.0900 | 08738.8277 | 16:36:15 | 221.819651 | 357.809031 
 4151.0815 | 08738.8283 | 16:36:16 | 221.819213 | 357.799250 
 4151.0733 | 08738.8285 | 16:36:17 | 221.819117 | 357.789816 
 4151.0654 | 08738.8284 | 16:36:18 | 221.819275 | 357.780730 
 4151.0577 | 08738.8282 | 16:36:19 | 221.819518 | 357.771875 
 4151.0502 | 08738.8280 | 16:36:20 | 221.819759 | 357.763249 
 4151.0427 | 08738.8279 | 16:36:21 | 221.819914 | 357.754623 
 4151.0353 | 08738.8279 | 16:36:22 | 221.819982 | 357.746111 
 4151.0279 | 08738.8278 | 16:36:23 | 221.820136 | 357.737600 
 4151.0203 | 08738.8278 | 16:36:24 | 221.820206 | 357.728858 
 4151.0126 | 08738.8280 | 16:36:25 | 221.820105 | 357.720000 
 4151.0049 | 08738.8284 | 16:36:26 | 221.819831 | 357.711140 
 4150.9971 | 08738.8289 | 16:36:27 | 221.819473 | 357.702165 
 4150.9892 | 08738.8293 | 16:36:28 | 221.819202 | 357.693075 
 4150.9813 | 08738.8296 | 16:36:29 | 221.819016 | 357.683986 
 4150.9734 | 08738.8297 | 16:36:30 | 221.819003 | 357.674898 
 4150.9656 | 08738.8298 | 16:36:31 | 221.818989 | 357.665926 
 4150.9578 | 08738.8300 | 16:36:32 | 221.818888 | 357.656952 
 4150.9500 | 08738.8302 | 16:36:33 | 221.818788 | 357.647979 
 4150.9427 | 08738.8310 | 16:36:34 | 221.818167 | 357.639577 
 4150.9384 | 08738.8291 | 16:36:35 | 221.819841 | 357.634644 
 4150.9312 | 08738.8286 | 16:36:36 | 221.820337 | 357.626365 
 4150.9228 | 08738.8278 | 16:36:37 | 221.821102 | 357.616709 
 4150.9149 | 08738.8271 | 16:36:38 | 221.821777 | 357.607627 
 4150.9072 | 08738.8264 | 16:36:39 | 221.822449 | 357.598775 
 4150.8999 | 08738.8258 | 16:36:40 | 221.823033 | 357.590382 
 4150.8929 | 08738.8253 | 16:36:41 | 221.823527 | 357.582334 
 4150.8859 | 08738.8252 | 16:36:42 | 221.823677 | 357.574282 
 4150.8790 | 08738.8252 | 16:36:43 | 221.823741 | 357.566346 
 4150.8650 | 08738.8250 | 16:36:45 | 221.824041 | 357.550244 
 4150.8580 | 08738.8250 | 16:36:46 | 221.824106 | 357.542192 
 4150.8510 | 08738.8250 | 16:36:47 | 221.824170 | 357.534140 
 4150.8300 | 08738.8248 | 16:36:50 | 221.824535 | 357.509986 
 4150.8230 | 08738.8247 | 16:36:51 | 221.824685 | 357.501935 
 4150.7951 | 08738.8238 | 16:36:55 | 221.825716 | 357.469850 
 4150.7898 | 08738.8134 | 16:36:56 | 221.834709 | 357.463825 
 4150.7829 | 08738.8120 | 16:36:57 | 221.835977 | 357.455898 
 4150.7761 | 08738.8104 | 16:36:58 | 221.837416 | 357.448087 
 4150.7693 | 08738.8087 | 16:36:59 | 221.838940 | 357.440277 
 4150.7625 | 08738.8067 | 16:37:00 | 221.840723 | 357.432469 
 4150.7557 | 08738.8047 | 16:37:01 | 221.842505 | 357.424661 
 4150.7489 | 08738.8029 | 16:37:02 | 221.844116 | 357.416852 
 4150.7421 | 08738.8012 | 16:37:03 | 221.845641 | 357.409042 
 4150.7359 | 08738.7998 | 16:37:04 | 221.846902 | 357.401920 
 4150.7296 | 08738.7981 | 16:37:05 | 221.848422 | 357.394685 
 4150.7234 | 08738.7964 | 16:37:06 | 221.849941 | 357.387565 
 4150.7162 | 08738.7945 | 16:37:07 | 221.851642 | 357.379296 
 4150.7087 | 08738.7924 | 16:37:08 | 221.853517 | 357.370684 
 4150.7028 | 08738.7908 | 16:37:09 | 221.854947 | 357.363909 
 4150.6953 | 08738.7889 | 16:37:10 | 221.856650 | 357.355295 
 4150.6880 | 08738.7870 | 16:37:11 | 221.858352 | 357.346911 
 4150.6801 | 08738.7849 | 16:37:12 | 221.860230 | 357.337839 
 4150.6746 | 08738.7835 | 16:37:13 | 221.861485 | 357.331522 
 4150.6663 | 08738.7813 | 16:37:14 | 221.863454 | 357.321990 
 4150.6579 | 08738.7791 | 16:37:15 | 221.865423 | 357.312343 
 4150.7945 | 08738.8155 | 16:37:17 | 221.832860 | 357.469216 
 4150.8190 | 08738.8232 | 16:37:18 | 221.826012 | 357.497345 
 4150.8184 | 08738.8238 | 16:37:19 | 221.825502 | 357.496650 
 4150.8136 | 08738.8236 | 16:37:20 | 221.825718 | 357.491131 
 4150.8030 | 08738.8235 | 16:37:22 | 221.825901 | 357.478939 
 4150.7967 | 08738.8233 | 16:37:23 | 221.826131 | 357.471693 
 4150.7556 | 08738.8223 | 16:37:29 | 221.827369 | 357.424425 
 4150.7492 | 08738.8225 | 16:37:30 | 221.827256 | 357.417062 
 4150.7417 | 08738.8223 | 16:37:31 | 221.827497 | 357.408437 
 4150.7342 | 08738.8221 | 16:37:32 | 221.827738 | 357.399811 
 4150.7265 | 08738.8218 | 16:37:33 | 221.828067 | 357.390956 
 4150.7186 | 08738.8215 | 16:37:34 | 221.828397 | 357.381871 
 4150.6297 | 08738.8197 | 16:37:46 | 221.830763 | 357.279627 
 4150.6225 | 08738.8195 | 16:37:47 | 221.831001 | 357.271346 
 4150.6151 | 08738.8192 | 16:37:48 | 221.831327 | 357.262837 
 4150.6076 | 08738.8190 | 16:37:49 | 221.831568 | 357.254211 
 4150.6000 | 08738.8187 | 16:37:50 | 221.831896 | 357.245471 
 4150.5925 | 08738.8185 | 16:37:51 | 221.832137 | 357.236846 
 4150.5849 | 08738.8182 | 16:37:52 | 221.832465 | 357.228106 
 4150.5773 | 08738.8178 | 16:37:53 | 221.832879 | 357.219367 
 4150.5695 | 08738.8177 | 16:37:54 | 221.833036 | 357.210396 
 4150.5617 | 08738.8175 | 16:37:55 | 221.833280 | 357.201425 
 4150.5537 | 08738.8173 | 16:37:56 | 221.833526 | 357.192225 
 4150.5456 | 08738.8172 | 16:37:57 | 221.833686 | 357.182908 
 4150.5377 | 08738.8171 | 16:37:58 | 221.833845 | 357.173822 
 4150.5299 | 08738.8170 | 16:37:59 | 221.834002 | 357.164851 
 4150.5224 | 08738.8169 | 16:38:00 | 221.834157 | 357.156225 
 4150.5152 | 08738.8170 | 16:38:01 | 221.834137 | 357.147942 
 4150.5083 | 08738.8173 | 16:38:02 | 221.833943 | 357.140003 
 4150.5019 | 08738.8176 | 16:38:03 | 221.833744 | 357.132640 
 4150.4963 | 08738.8179 | 16:38:04 | 221.833537 | 357.126196 
 4150.4915 | 08738.8181 | 16:38:05 | 221.833409 | 357.120674 
 4150.4852 | 08738.8185 | 16:38:07 | 221.833123 | 357.113424 
 4150.4835 | 08738.8197 | 16:38:08 | 221.832107 | 357.111461 
 4150.4826 | 08738.8218 | 16:38:09 | 221.830309 | 357.110411 
 4150.4821 | 08738.8263 | 16:38:11 | 221.826443 | 357.109805 
 4150.4821 | 08738.8288 | 16:38:12 | 221.824292 | 357.109788 
 4150.4820 | 08738.8315 | 16:38:13 | 221.821971 | 357.109654 
 4150.4818 | 08738.8342 | 16:38:14 | 221.819650 | 357.109406 
 4150.4806 | 08738.8393 | 16:38:16 | 221.815275 | 357.107990 
 4150.4785 | 08738.8403 | 16:38:17 | 221.814434 | 357.105568 
 4150.4764 | 08738.8408 | 16:38:18 | 221.814023 | 357.103149 
 4150.4743 | 08738.8409 | 16:38:19 | 221.813956 | 357.100733 
 4150.4722 | 08738.8410 | 16:38:20 | 221.813890 | 357.098317 
 4150.4699 | 08738.8410 | 16:38:21 | 221.813911 | 357.095671 
 4150.4676 | 08738.8410 | 16:38:22 | 221.813932 | 357.093025 
 4150.4655 | 08738.8407 | 16:38:23 | 221.814209 | 357.090612 
 4150.4634 | 08738.8405 | 16:38:24 | 221.814400 | 357.088198 
 4150.4612 | 08738.8404 | 16:38:25 | 221.814507 | 357.085668 
 4150.4565 | 08738.8402 | 16:38:27 | 221.814722 | 357.080263 
 4150.4482 | 08738.8392 | 16:38:31 | 221.815658 | 357.070723 
 4150.4462 | 08738.8387 | 16:38:32 | 221.816107 | 357.068426 
 4150.4423 | 08738.8373 | 16:38:34 | 221.817347 | 357.063950 
 4150.4406 | 08738.8363 | 16:38:35 | 221.818222 | 357.062001 
 4150.4393 | 08738.8352 | 16:38:36 | 221.819181 | 357.060513 
 4150.4384 | 08738.8344 | 16:38:37 | 221.819877 | 357.059484 
 4150.4376 | 08738.8338 | 16:38:38 | 221.820400 | 357.058567 
 4150.4367 | 08738.8337 | 16:38:39 | 221.820495 | 357.057533 
 4150.4361 | 08738.8339 | 16:38:40 | 221.820328 | 357.056841 
 4150.4358 | 08738.8343 | 16:38:41 | 221.819987 | 357.056494 
 4150.4354 | 08738.8348 | 16:38:42 | 221.819560 | 357.056030 
 4150.4348 | 08738.8355 | 16:38:44 | 221.818964 | 357.055335 
 4150.4345 | 08738.8357 | 16:38:45 | 221.818795 | 357.054989 
 4150.4339 | 08738.8361 | 16:38:47 | 221.818456 | 357.054296 
 4150.4337 | 08738.8362 | 16:38:48 | 221.818372 | 357.054065 
 4150.4335 | 08738.8363 | 16:38:49 | 221.818288 | 357.053834 
 4150.4332 | 08738.8364 | 16:38:50 | 221.818204 | 357.053489 
 4150.4332 | 08738.8366 | 16:38:51 | 221.818032 | 357.053487 
 4150.4334 | 08738.8363 | 16:38:52 | 221.818289 | 357.053719 
 4150.4336 | 08738.8362 | 16:38:53 | 221.818373 | 357.053950 
 4150.4341 | 08738.8355 | 16:38:54 | 221.818970 | 357.054530 
 4150.4348 | 08738.8350 | 16:38:55 | 221.819394 | 357.055339 
 4150.4350 | 08738.8350 | 16:38:56 | 221.819392 | 357.055569 
 4150.4366 | 08738.8344 | 16:38:57 | 221.819894 | 357.057413 
 4150.4342 | 08738.8361 | 16:38:58 | 221.818453 | 357.054641 
 4150.4345 | 08738.8362 | 16:38:59 | 221.818365 | 357.054985 
 4150.4348 | 08738.8365 | 16:39:00 | 221.818104 | 357.055328 
 4150.4355 | 08738.8367 | 16:39:01 | 221.817925 | 357.056132 
 4150.4359 | 08738.8367 | 16:39:02 | 221.817922 | 357.056592 
 4150.4358 | 08738.8367 | 16:39:03 | 221.817923 | 357.056477 
 4150.4357 | 08738.8367 | 16:39:04 | 221.817923 | 357.056362 
 4150.4358 | 08738.8367 | 16:39:05 | 221.817923 | 357.056477 
 4150.4403 | 08738.8427 | 16:39:08 | 221.812720 | 357.061612 
 4150.4503 | 08738.8567 | 16:39:09 | 221.800586 | 357.073018 
 4150.4545 | 08738.8621 | 16:39:10 | 221.795903 | 357.077812 
 4150.4596 | 08738.8696 | 16:39:11 | 221.789405 | 357.083627 
 4150.4640 | 08738.8762 | 16:39:12 | 221.783688 | 357.088643 
 4150.4750 | 08738.8980 | 16:39:14 | 221.764836 | 357.101146 
 4150.4796 | 08738.9066 | 16:39:15 | 221.757397 | 357.106378 
 4150.4839 | 08738.9146 | 16:39:16 | 221.750476 | 357.111269 
 4150.4883 | 08738.9204 | 16:39:17 | 221.745447 | 357.116291 
 4150.4930 | 08738.9291 | 16:39:18 | 221.737921 | 357.121637 
 4150.4961 | 08738.9349 | 16:39:19 | 221.732904 | 357.125163 
 4150.4984 | 08738.9396 | 16:39:20 | 221.728840 | 357.127776 
 4150.5010 | 08738.9453 | 16:39:21 | 221.723913 | 357.130728 
 4150.5029 | 08738.9497 | 16:39:22 | 221.720112 | 357.132883 
 4150.5075 | 08738.9508 | 16:39:23 | 221.719123 | 357.138167 
 4150.5101 | 08738.9560 | 16:39:24 | 221.714627 | 357.141122 
 4150.5130 | 08738.9616 | 16:39:25 | 221.709783 | 357.144419 
 4150.5150 | 08738.9652 | 16:39:26 | 221.706669 