 4149.1876 | 08743.4529 | 14:25:56 | 217.857512 | 355.590807 
 4149.1883 | 08743.4495 | 14:26:07 | 217.860432 | 355.591633 
 4149.1891 | 08743.4498 | 14:26:08 | 217.860167 | 355.592551 
 4149.1896 | 08743.4503 | 14:26:09 | 217.859733 | 355.593123 
 4149.1899 | 08743.4508 | 14:26:10 | 217.859300 | 355.593465 
 4149.1900 | 08743.4510 | 14:26:11 | 217.859128 | 355.593579 
 4149.1900 | 08743.4510 | 14:26:12 | 217.859128 | 355.593579 
 4149.1900 | 08743.4510 | 14:26:13 | 217.859128 | 355.593579 
 4149.1900 | 08743.4510 | 14:26:14 | 217.859128 | 355.593579 
 4149.1900 | 08743.4510 | 14:26:15 | 217.859128 | 355.593579 
 4149.1900 | 08743.4510 | 14:26:16 | 217.859128 | 355.593579 
 4149.1892 | 08743.4524 | 14:26:17 | 217.857930 | 355.592650 
 4149.1891 | 08743.4522 | 14:26:18 | 217.858102 | 355.592536 
 4149.1892 | 08743.4523 | 14:26:19 | 217.858016 | 355.592651 
 4149.1894 | 08743.4525 | 14:26:20 | 217.857842 | 355.592880 
 4149.1894 | 08743.4525 | 14:26:21 | 217.857842 | 355.592880 
 4149.1894 | 08743.4525 | 14:26:22 | 217.857842 | 355.592880 
 4149.1894 | 08743.4525 | 14:26:23 | 217.857842 | 355.592880 
 4149.1894 | 08743.4525 | 14:26:24 | 217.857842 | 355.592880 
 4149.1894 | 08743.4525 | 14:26:25 | 217.857842 | 355.592880 
 4149.1894 | 08743.4525 | 14:26:26 | 217.857842 | 355.592880 
 4149.1894 | 08743.4525 | 14:26:27 | 217.857842 | 355.592880 
 4149.1894 | 08743.4525 | 14:26:28 | 217.857842 | 355.592880 
 4149.1894 | 08743.4525 | 14:26:29 | 217.857842 | 355.592880 
 4149.1894 | 08743.4525 | 14:26:30 | 217.857842 | 355.592880 
 4149.1894 | 08743.4525 | 14:26:31 | 217.857842 | 355.592880 
 4149.1894 | 08743.4525 | 14:26:32 | 217.857842 | 355.592880 
 4149.1894 | 08743.4525 | 14:26:33 | 217.857842 | 355.592880 
 4149.1894 | 08743.4525 | 14:26:34 | 217.857842 | 355.592880 
 4149.1894 | 08743.4525 | 14:26:35 | 217.857842 | 355.592880 
 4149.1894 | 08743.4525 | 14:26:36 | 217.857842 | 355.592880 
 4149.1894 | 08743.4525 | 14:26:37 | 217.857842 | 355.592880 
 4149.1894 | 08743.4525 | 14:26:38 | 217.857842 | 355.592880 
 4149.1894 | 08743.4525 | 14:26:39 | 217.857842 | 355.592880 
 4149.1894 | 08743.4525 | 14:26:40 | 217.857842 | 355.592880 
 4149.1894 | 08743.4525 | 14:26:41 | 217.857842 | 355.592880 
 4149.1894 | 08743.4525 | 14:26:42 | 217.857842 | 355.592880 
 4149.1894 | 08743.4525 | 14:26:43 | 217.857842 | 355.592880 
 4149.1894 | 08743.4525 | 14:26:44 | 217.857842 | 355.592880 
 4149.1894 | 08743.4525 | 14:26:45 | 217.857842 | 355.592880 
 4149.1894 | 08743.4525 | 14:26:46 | 217.857842 | 355.592880 
 4149.1894 | 08743.4525 | 14:26:47 | 217.857842 | 355.592880 
 4149.1894 | 08743.4525 | 14:26:48 | 217.857842 | 355.592880 
 4149.1894 | 08743.4525 | 14:26:49 | 217.857842 | 355.592880 
 4149.1894 | 08743.4525 | 14:26:50 | 217.857842 | 355.592880 
 4149.1894 | 08743.4525 | 14:26:51 | 217.857842 | 355.592880 
 4149.1894 | 08743.4525 | 14:26:52 | 217.857842 | 355.592880 
 4149.1894 | 08743.4525 | 14:26:53 | 217.857842 | 355.592880 
 4149.1894 | 08743.4525 | 14:26:54 | 217.857842 | 355.592880 
 4149.1894 | 08743.4525 | 14:26:55 | 217.857842 | 355.592880 
 4149.1894 | 08743.4525 | 14:26:56 | 217.857842 | 355.592880 
 4149.1894 | 08743.4525 | 14:26:57 | 217.857842 | 355.592880 
 4149.1894 | 08743.4525 | 14:26:58 | 217.857842 | 355.592880 
 4149.1894 | 08743.4525 | 14:26:59 | 217.857842 | 355.592880 
 4149.1894 | 08743.4525 | 14:27:00 | 217.857842 | 355.592880 
 4149.1894 | 08743.4525 | 14:27:01 | 217.857842 | 355.592880 
 4149.1894 | 08743.4525 | 14:27:02 | 217.857842 | 355.592880 
 4149.1894 | 08743.4525 | 14:27:03 | 217.857842 | 355.592880 
 4149.1894 | 08743.4525 | 14:27:04 | 217.857842 | 355.592880 
 4149.1894 | 08743.4525 | 14:27:05 | 217.857842 | 355.592880 
 4149.1894 | 08743.4525 | 14:27:06 | 217.857842 | 355.592880 
 4149.1894 | 08743.4525 | 14:27:07 | 217.857842 | 355.592880 
 4149.1894 | 08743.4525 | 14:27:08 | 217.857842 | 355.592880 
 4149.1894 | 08743.4525 | 14:27:09 | 217.857842 | 355.592880 
 4149.1894 | 08743.4525 | 14:27:10 | 217.857842 | 355.592880 
 4149.1894 | 08743.4525 | 14:27:11 | 217.857842 | 355.592880 
 4149.1894 | 08743.4525 | 14:27:12 | 217.857842 | 355.592880 
 4149.1894 | 08743.4525 | 14:27:13 | 217.857842 | 355.592880 
 4149.1894 | 08743.4525 | 14:27:14 | 217.857842 | 355.592880 
 4149.1894 | 08743.4525 | 14:27:15 | 217.857842 | 355.592880 
 4149.1894 | 08743.4525 | 14:27:16 | 217.857842 | 355.592880 
 4149.1894 | 08743.4525 | 14:27:17 | 217.857842 | 355.592880 
 4149.1894 | 08743.4525 | 14:27:18 | 217.857842 | 355.592880 
 4149.1894 | 08743.4525 | 14:27:19 | 217.857842 | 355.592880 
 4149.1894 | 08743.4525 | 14:27:20 | 217.857842 | 355.592880 
 4149.1894 | 08743.4525 | 14:27:21 | 217.857842 | 355.592880 
 4149.1894 | 08743.4525 | 14:27:22 | 217.857842 | 355.592880 
 4149.1894 | 08743.4525 | 14:27:23 | 217.857842 | 355.592880 
 4149.1894 | 08743.4525 | 14:27:24 | 217.857842 | 355.592880 
 4149.1894 | 08743.4525 | 14:27:25 | 217.857842 | 355.592880 
 4149.1894 | 08743.4525 | 14:27:26 | 217.857842 | 355.592880 
 4149.1894 | 08743.4525 | 14:27:27 | 217.857842 | 355.592880 
 4149.1894 | 08743.4525 | 14:27:28 | 217.857842 | 355.592880 
 4149.1894 | 08743.4525 | 14:27:29 | 217.857842 | 355.592880 
 4149.1894 | 08743.4525 | 14:27:30 | 217.857842 | 355.592880 
 4149.1894 | 08743.4525 | 14:27:31 | 217.857842 | 355.592880 
 4149.1894 | 08743.4525 | 14:27:32 | 217.857842 | 355.592880 
 4149.1894 | 08743.4525 | 14:27:33 | 217.857842 | 355.592880 
 4149.1894 | 08743.4525 | 14:27:34 | 217.857842 | 355.592880 
 4149.1894 | 08743.4525 | 14:27:35 | 217.857842 | 355.592880 
 4149.1894 | 08743.4525 | 14:27:36 | 217.857842 | 355.592880 
 4149.1894 | 08743.4525 | 14:27:37 | 217.857842 | 355.592880 
 4149.1894 | 08743.4525 | 14:27:38 | 217.857842 | 355.592880 
 4149.1894 | 08743.4525 | 14:27:39 | 217.857842 | 355.592880 
 4149.1894 | 08743.4525 | 14:27:40 | 217.857842 | 355.592880 
 4149.1894 | 08743.4525 | 14:27:41 | 217.857842 | 355.592880 
 4149.1894 | 08743.4525 | 14:27:42 | 217.857842 | 355.592880 
 4149.1894 | 08743.4525 | 14:27:43 | 217.857842 | 355.592880 
 4149.1894 | 08743.4525 | 14:27:44 | 217.857842 | 355.592880 
 4149.1894 | 08743.4525 | 14:27:45 | 217.857842 | 355.592880 
 4149.1894 | 08743.4525 | 14:27:46 | 217.857842 | 355.592880 
 4149.1894 | 08743.4525 | 14:27:47 | 217.857842 | 355.592880 
 4149.1894 | 08743.4525 | 14:27:48 | 217.857842 | 355.592880 
 4149.1894 | 08743.4525 | 14:27:49 | 217.857842 | 355.592880 
 4149.1894 | 08743.4525 | 14:27:50 | 217.857842 | 355.592880 
 4149.1894 | 08743.4525 | 14:27:51 | 217.857842 | 355.592880 
 4149.1894 | 08743.4525 | 14:27:52 | 217.857842 | 355.592880 
 4149.1894 | 08743.4525 | 14:27:53 | 217.857842 | 355.592880 
 4149.1894 | 08743.4525 | 14:27:54 | 217.857842 | 355.592880 
 4149.1894 | 08743.4525 | 14:27:55 | 217.857842 | 355.592880 
 4149.1894 | 08743.4525 | 14:27:56 | 217.857842 | 355.592880 
 4149.1894 | 08743.4525 | 14:27:57 | 217.857842 | 355.592880 
 4149.1894 | 08743.4525 | 14:27:58 | 217.857842 | 355.592880 
 4149.1894 | 08743.4525 | 14:27:59 | 217.857842 | 355.592880 
 4149.1894 | 08743.4525 | 14:28:00 | 217.857842 | 355.592880 
 4149.1894 | 08743.4525 | 14:28:01 | 217.857842 | 355.592880 
 4149.1894 | 08743.4525 | 14:28:02 | 217.857842 | 355.592880 
 4149.1894 | 08743.4525 | 14:28:03 | 217.857842 | 355.592880 
 4149.1894 | 08743.4525 | 14:28:04 | 217.857842 | 355.592880 
 4149.1894 | 08743.4525 | 14:28:05 | 217.857842 | 355.592880 
 4149.1894 | 08743.4525 | 14:28:06 | 217.857842 | 355.592880 
 4149.1894 | 08743.4525 | 14:28:07 | 217.857842 | 355.592880 
 4149.1894 | 08743.4525 | 14:28:08 | 217.857842 | 355.592880 
 4149.1894 | 08743.4525 | 14:28:09 | 217.857842 | 355.592880 
 4149.1894 | 08743.4525 | 14:28:10 | 217.857842 | 355.592880 
 4149.1894 | 08743.4525 | 14:28:11 | 217.857842 | 355.592880 
 4149.1912 | 08743.4502 | 14:28:12 | 217.859806 | 355.594964 
 4149.1915 | 08743.4501 | 14:28:13 | 217.859890 | 355.595310 
 4149.1920 | 08743.4502 | 14:28:14 | 217.859800 | 355.595884 
 4149.1926 | 08743.4504 | 14:28:15 | 217.859623 | 355.596573 
 4149.1931 | 08743.4509 | 14:28:16 | 217.859188 | 355.597145 
 4149.1934 | 08743.4511 | 14:28:17 | 217.859014 | 355.597489 
 4149.1940 | 08743.4513 | 14:28:18 | 217.858837 | 355.598178 
 4149.1945 | 08743.4517 | 14:28:19 | 217.858489 | 355.598751 
 4149.1950 | 08743.4519 | 14:28:20 | 217.858312 | 355.599325 
 4149.1956 | 08743.4520 | 14:28:21 | 217.858221 | 355.600014 
 4149.1965 | 08743.4522 | 14:28:22 | 217.858042 | 355.601048 
 4149.1976 | 08743.4523 | 14:28:23 | 217.857947 | 355.602313 
 4149.1989 | 08743.4525 | 14:28:24 | 217.857764 | 355.603807 
 4149.2006 | 08743.4525 | 14:28:25 | 217.857751 | 355.605762 
 4149.2023 | 08743.4525 | 14:28:26 | 217.857737 | 355.607718 
 4149.2040 | 08743.4525 | 14:28:27 | 217.857723 | 355.609673 
 4149.2056 | 08743.4526 | 14:28:28 | 217.857624 | 355.611513 
 4149.2072 | 08743.4526 | 14:28:29 | 217.857611 | 355.613353 
 4149.2087 | 08743.4526 | 14:28:30 | 217.857598 | 355.615079 
 4149.2102 | 08743.4527 | 14:28:31 | 217.857500 | 355.616803 
 4149.2114 | 08743.4531 | 14:28:32 | 217.857146 | 355.618181 
 4149.2123 | 08743.4540 | 14:28:33 | 217.856364 | 355.619211 
 4149.2127 | 08743.4553 | 14:28:34 | 217.855243 | 355.619663 
 4149.2125 | 08743.4567 | 14:28:35 | 217.854040 | 355.619425 
 4149.2121 | 08743.4581 | 14:28:36 | 217.852838 | 355.618956 
 4149.2114 | 08743.4592 | 14:28:37 | 217.851898 | 355.618144 
 4149.2103 | 08743.4598 | 14:28:38 | 217.851390 | 355.616875 
 4149.2094 | 08743.4602 | 14:28:39 | 217.851054 | 355.615838 
 4149.2081 | 08743.4602 | 14:28:40 | 217.851064 | 355.614342 
 4149.2069 | 08743.4600 | 14:28:41 | 217.851246 | 355.612963 
 4149.2056 | 08743.4599 | 14:28:42 | 217.851343 | 355.611468 
 4149.2042 | 08743.4596 | 14:28:43 | 217.851612 | 355.609860 
 4149.2024 | 08743.4594 | 14:28:44 | 217.851799 | 355.607791 
 4149.2004 | 08743.4590 | 14:28:45 | 217.852159 | 355.605493 
 4149.1985 | 08743.4587 | 14:28:46 | 217.852433 | 355.603309 
 4149.1966 | 08743.4585 | 14:28:47 | 217.852621 | 355.601125 
 4149.1938 | 08743.4558 | 14:28:48 | 217.854967 | 355.597921 
 4149.1917 | 08743.4549 | 14:28:49 | 217.855758 | 355.595511 
 4149.1897 | 08743.4547 | 14:28:50 | 217.855946 | 355.593211 
 4149.1879 | 08743.4546 | 14:28:51 | 217.856047 | 355.591142 
 4149.1862 | 08743.4546 | 14:28:52 | 217.856061 | 355.589186 
 4149.1847 | 08743.4545 | 14:28:53 | 217.856159 | 355.587461 
 4149.1831 | 08743.4544 | 14:28:54 | 217.856258 | 355.585622 
 4149.1815 | 08743.4544 | 14:28:55 | 217.856271 | 355.583781 
 4149.1798 | 08743.4542 | 14:28:56 | 217.856457 | 355.581827 
 4149.1782 | 08743.4539 | 14:28:57 | 217.856729 | 355.579988 
 4149.1765 | 08743.4535 | 14:28:58 | 217.857087 | 355.578035 
 4149.1750 | 08743.4527 | 14:28:59 | 217.857787 | 355.576315 
 4149.1735 | 08743.4519 | 14:29:00 | 217.858488 | 355.574595 
 4149.1724 | 08743.4516 | 14:29:01 | 217.858755 | 355.573331 
 4149.1713 | 08743.4514 | 14:29:02 | 217.858936 | 355.572067 
 4149.1702 | 08743.4511 | 14:29:03 | 217.859203 | 355.570804 
 4149.1690 | 08743.4506 | 14:29:04 | 217.859643 | 355.569426 
 4149.1681 | 08743.4504 | 14:29:05 | 217.859822 | 355.568392 
 4149.1672 | 08743.4503 | 14:29:06 | 217.859916 | 355.567358 
 4149.1664 | 08743.4504 | 14:29:07 | 217.859836 | 355.566437 
 4149.1656 | 08743.4509 | 14:29:08 | 217.859413 | 355.565514 
 4149.1648 | 08743.4515 | 14:29:09 | 217.858903 | 355.564590 
 4149.1640 | 08743.4521 | 14:29:10 | 217.858393 | 355.563666 
 4149.1630 | 08743.4526 | 14:29:11 | 217.857971 | 355.562513 
 4149.1619 | 08743.4532 | 14:29:12 | 217.857464 | 355.561244 
 4149.1610 | 08743.4535 | 14:29:13 | 217.857213 | 355.560207 
 4149.1607 | 08743.4538 | 14:29:14 | 217.856957 | 355.559860 
 4149.1607 | 08743.4539 | 14:29:15 | 217.856871 | 355.559859 
 4149.1608 | 08743.4541 | 14:29:16 | 217.856698 | 355.559973 
 4149.1606 | 08743.4542 | 14:29:17 | 217.856614 | 355.559742 
 4149.1599 | 08743.4543 | 14:29:18 | 217.856534 | 355.558937 
 4149.1585 | 08743.4545 | 14:29:19 | 217.856373 | 355.557325 
 4149.1566 | 08743.4547 | 14:29:20 | 217.856216 | 355.555138 
 4149.1544 | 08743.4544 | 14:29:21 | 217.856492 | 355.552610 
 4149.1525 | 08743.4531 | 14:29:22 | 217.857626 | 355.550432 
 4149.1513 | 08743.4516 | 14:29:23 | 217.858927 | 355.549061 
 4149.1506 | 08743.4506 | 14:29:24 | 217.859793 | 355.548262 
 4149.1504 | 08743.4503 | 14:29:25 | 217.860053 | 355.548034 
 4149.1504 | 08743.4502 | 14:29:26 | 217.860139 | 355.548034 
 4149.1505 | 08743.4502 | 14:29:27 | 217.860138 | 355.548149 
 4149.1505 | 08743.4502 | 14:29:28 | 217.860138 | 355.548149 
 4149.1505 | 08743.4502 | 14:29:29 | 217.860138 | 355.548149 
 4149.1505 | 08743.4502 | 14:29:30 | 217.860138 | 355.548149 
 4149.1505 | 08743.4502 | 14:29:31 | 217.860138 | 355.548149 
 4149.1499 | 08743.4491 | 14:29:32 | 217.861089 | 355.547466 
 4149.1491 | 08743.4479 | 14:29:33 | 217.862128 | 355.546553 
 4149.1476 | 08743.4458 | 14:29:34 | 217.863948 | 355.544841 
 4149.1456 | 08743.4441 | 14:29:35 | 217.865427 | 355.542550 
 4149.1433 | 08743.4433 | 14:29:36 | 217.866134 | 355.539910 
 4149.1406 | 08743.4431 | 14:29:37 | 217.866328 | 355.536805 
 4149.1376 | 08743.4430 | 14:29:38 | 217.866438 | 355.533355 
 4149.1345 | 08743.4430 | 14:29:39 | 217.866464 | 355.529789 
 4149.1314 | 08743.4430 | 14:29:40 | 217.866489 | 355.526224 
 4149.1286 | 08743.4430 | 14:29:41 | 217.866512 | 355.523003 
 4149.1263 | 08743.4431 | 14:29:42 | 217.866444 | 355.520357 
 4149.1245 | 08743.4430 | 14:29:43 | 217.866545 | 355.518287 
 4149.1233 | 08743.4430 | 14:29:44 | 217.866555 | 355.516907 
 4149.1224 | 08743.4429 | 14:29:45 | 217.866648 | 355.515872 
 4149.1220 | 08743.4428 | 14:29:46 | 217.866738 | 355.515413 
 4149.1219 | 08743.4427 | 14:29:47 | 217.866824 | 355.515298 
 4149.1219 | 08743.4427 | 14:29:48 | 217.866824 | 355.515298 
 4149.1219 | 08743.4427 | 14:29:49 | 217.866824 | 355.515298 
 4149.1219 | 08743.4427 | 14:29:50 | 217.866824 | 355.515298 
 4149.1219 | 08743.4427 | 14:29:51 | 217.866824 | 355.515298 
 4149.1219 | 08743.4427 | 14:29:52 | 217.866824 | 355.515298 
 4149.1219 | 08743.4427 | 14:29:53 | 217.866824 | 355.515298 
 4149.1219 | 08743.4427 | 14:29:54 | 217.866824 | 355.515298 
 4149.1219 | 08743.4427 | 14:29:55 | 217.866824 | 355.515298 
 4149.1219 | 08743.4427 | 14:29:56 | 217.866824 | 355.515298 
 4149.1219 | 08743.4427 | 14:29:57 | 217.866824 | 355.515298 
 4149.1219 | 08743.4427 | 14:29:58 | 217.866824 | 355.515298 
 4149.1219 | 08743.4427 | 14:29:59 | 217.866824 | 355.515298 
 4149.1219 | 08743.4427 | 14:30:00 | 217.866824 | 355.515298 
 4149.1219 | 08743.4427 | 14:30:01 | 217.866824 | 355.515298 
 4149.1219 | 08743.4427 | 14:30:02 | 217.866824 | 355.515298 
 4149.1219 | 08743.4427 | 14:30:03 | 217.866824 | 355.515298 
 4149.1219 | 08743.4427 | 14:30:04 | 217.866824 | 355.515298 
 4149.1219 | 08743.4427 | 14:30:05 | 217.866824 | 355.515298 
 4149.1219 | 08743.4427 | 14:30:06 | 217.866824 | 355.515298 
 4149.1219 | 08743.4427 | 14:30:07 | 217.866824 | 355.515298 
 4149.1219 | 08743.4427 | 14:30:08 | 217.866824 | 355.515298 
 4149.1219 | 08743.4427 | 14:30:09 | 217.866824 | 355.515298 
 4149.1219 | 08743.4427 | 14:30:10 | 217.866824 | 355.515298 
 4149.1219 | 08743.4427 | 14:30:11 | 217.866824 | 355.515298 
 4149.1219 | 08743.4427 | 14:30:12 | 217.866824 | 355.515298 
 4149.1219 | 08743.4427 | 14:30:13 | 217.866824 | 355.515298 
 4149.1219 | 08743.4427 | 14:30:14 | 217.866824 | 355.515298 
 4149.1219 | 08743.4427 | 14:30:15 | 217.866824 | 355.515298 
 4149.1219 | 08743.4427 | 14:30:16 | 217.866824 | 355.515298 
 4149.1219 | 08743.4427 | 14:30:17 | 217.866824 | 355.515298 
 4149.1219 | 08743.4427 | 14:30:18 | 217.866824 | 355.515298 
 4149.1219 | 08743.4427 | 14:30:19 | 217.866824 | 355.515298 
 4149.1219 | 08743.4427 | 14:30:20 | 217.866824 | 355.515298 
 4149.1219 | 08743.4427 | 14:30:21 | 217.866824 | 355.515298 
 4149.1219 | 08743.4427 | 14:30:22 | 217.866824 | 355.515298 
 4149.1219 | 08743.4427 | 14:30:23 | 217.866824 | 355.515298 
 4149.1219 | 08743.4427 | 14:30:24 | 217.866824 | 355.515298 
 4149.1219 | 08743.4427 | 14:30:25 | 217.866824 | 355.515298 
 4149.1219 | 08743.4427 | 14:30:26 | 217.866824 | 355.515298 
 4149.1219 | 08743.4427 | 14:30:27 | 217.866824 | 355.515298 
 4149.1219 | 08743.4427 | 14:30:28 | 217.866824 | 355.515298 
 4149.1219 | 08743.4427 | 14:30:29 | 217.866824 | 355.515298 
 4149.1219 | 08743.4427 | 14:30:30 | 217.866824 | 355.515298 
 4149.1219 | 08743.4427 | 14:30:31 | 217.866824 | 355.515298 
 4149.1219 | 08743.4427 | 14:30:32 | 217.866824 | 355.515298 
 4149.1219 | 08743.4427 | 14:30:33 | 217.866824 | 355.515298 
 4149.1219 | 08743.4427 | 14:30:34 | 217.866824 | 355.515298 
 4149.1219 | 08743.4427 | 14:30:35 | 217.866824 | 355.515298 
 4149.1219 | 08743.4427 | 14:30:36 | 217.866824 | 355.515298 
 4149.1219 | 08743.4427 | 14:30:37 | 217.866824 | 355.515298 
 4149.1219 | 08743.4427 | 14:30:38 | 217.866824 | 355.515298 
 4149.1219 | 08743.4427 | 14:30:39 | 217.866824 | 355.515298 
 4149.1219 | 08743.4427 | 14:30:40 | 217.866824 | 355.515298 
 4149.1219 | 08743.4427 | 14:30:41 | 217.866824 | 355.515298 
 4149.1219 | 08743.4427 | 14:30:42 | 217.866824 | 355.515298 
 4149.1219 | 08743.4427 | 14:30:43 | 217.866824 | 355.515298 
 4149.1219 | 08743.4427 | 14:30:44 | 217.866824 | 355.515298 
 4149.1219 | 08743.4427 | 14:30:45 | 217.866824 | 355.515298 
 4149.1219 | 08743.4427 | 14:30:46 | 217.866824 | 355.515298 
 4149.1219 | 08743.4427 | 14:30:47 | 217.866824 | 355.515298 
 4149.1219 | 08743.4427 | 14:30:48 | 217.866824 | 355.515298 
 4149.1219 | 08743.4427 | 14:30:49 | 217.866824 | 355.515298 
 4149.1219 | 08743.4427 | 14:30:50 | 217.866824 | 355.515298 
 4149.1219 | 08743.4427 | 14:30:51 | 217.866824 | 355.515298 
 4149.1219 | 08743.4427 | 14:30:52 | 217.866824 | 355.515298 
 4149.1219 | 08743.4427 | 14:30:53 | 217.866824 | 355.515298 
 4149.1219 | 08743.4427 | 14:30:54 | 217.866824 | 355.515298 
 4149.1219 | 08743.4427 | 14:30:55 | 217.866824 | 355.515298 
 4149.1219 | 08743.4427 | 14:30:56 | 217.866824 | 355.515298 
 4149.1219 | 08743.4427 | 14:30:57 | 217.866824 | 355.515298 
 4149.1219 | 08743.4427 | 14:30:58 | 217.866824 | 355.515298 
 4149.1219 | 08743.4427 | 14:30:59 | 217.866824 | 355.515298 
 4149.1219 | 08743.4427 | 14:31:00 | 217.866824 | 355.515298 
 4149.1219 | 08743.4427 | 14:31:01 | 217.866824 | 355.515298 
 4149.1219 | 08743.4427 | 14:31:02 | 217.866824 | 355.515298 
 4149.1219 | 08743.4427 | 14:31:03 | 217.866824 | 355.515298 
 4149.1219 | 08743.4427 | 14:31:04 | 217.866824 | 355.515298 
 4149.1219 | 08743.4427 | 14:31:05 | 217.866824 | 355.515298 
 4149.1219 | 08743.4427 | 14:31:06 | 217.866824 | 355.515298 
 4149.1219 | 08743.4427 | 14:31:07 | 217.866824 | 355.515298 
 4149.1219 | 08743.4427 | 14:31:08 | 217.866824 | 355.515298 
 4149.1219 | 08743.4427 | 14:31:09 | 217.866824 | 355.515298 
 4149.1219 | 08743.4427 | 14:31:10 | 217.866824 | 355.515298 
 4149.1219 | 08743.4427 | 14:31:11 | 217.866824 | 355.515298 
 4149.1219 | 08743.4427 | 14:31:12 | 217.866824 | 355.515298 
 4149.1219 | 08743.4427 | 14:31:13 | 217.866824 | 355.515298 
 4149.1219 | 08743.4427 | 14:31:14 | 217.866824 | 355.515298 
 4149.1219 | 08743.4427 | 14:31:15 | 217.866824 | 355.515298 
 4149.1219 | 08743.4427 | 14:31:16 | 217.866824 | 355.515298 
 4149.1219 | 08743.4427 | 14:31:17 | 217.866824 | 355.515298 
 4149.1219 | 08743.4427 | 14:31:18 | 217.866824 | 355.515298 
 4149.1219 | 08743.4427 | 14:31:19 | 217.866824 | 355.515298 
 4149.1219 | 08743.4427 | 14:31:20 | 217.866824 | 355.515298 
 4149.1219 | 08743.4427 | 14:31:21 | 217.866824 | 355.515298 
 4149.1219 | 08743.4427 | 14:31:22 | 217.866824 | 355.515298 
 4149.1219 | 08743.4427 | 14:31:23 | 217.866824 | 355.515298 
 4149.1219 | 08743.4427 | 14:31:24 | 217.866824 | 355.515298 
 4149.1219 | 08743.4427 | 14:31:25 | 217.866824 | 355.515298 
 4149.1219 | 08743.4427 | 14:31:26 | 217.866824 | 355.515298 
 4149.1219 | 08743.4427 | 14:31:27 | 217.866824 | 355.515298 
 4149.1219 | 08743.4427 | 14:31:28 | 217.866824 | 355.515298 
 4149.1219 | 08743.4427 | 14:31:29 | 217.866824 | 355.515298 
 4149.1219 | 08743.4427 | 14:31:30 | 217.866824 | 355.515298 
 4149.1219 | 08743.4427 | 14:31:31 | 217.866824 | 355.515298 
 4149.1219 | 08743.4427 | 14:31:32 | 217.866824 | 355.515298 
 4149.1219 | 08743.4427 | 14:31:33 | 217.866824 | 355.515298 
 4149.1219 | 08743.4427 | 14:31:34 | 217.866824 | 355.515298 
 4149.1219 | 08743.4427 | 14:31:35 | 217.866824 | 355.515298 
 4149.1219 | 08743.4427 | 14:31:36 | 217.866824 | 355.515298 
 4149.1219 | 08743.4427 | 14:31:37 | 217.866824 | 355.515298 
 4149.1219 | 08743.4427 | 14:31:38 | 217.866824 | 355.515298 
 4149.1219 | 08743.4427 | 14:31:39 | 217.866824 | 355.515298 
 4149.1219 | 08743.4427 | 14:31:40 | 217.866824 | 355.515298 
 4149.1219 | 08743.4427 | 14:31:41 | 217.866824 | 355.515298 
 4149.1219 | 08743.4427 | 14:31:42 | 217.866824 | 355.515298 
 4149.1219 | 08743.4427 | 14:31:43 | 217.866824 | 355.515298 
 4149.1219 | 08743.4427 | 14:31:44 | 217.866824 | 355.515298 
 4149.1219 | 08743.4427 | 14:31:45 | 217.866824 | 355.515298 
 4149.1219 | 08743.4427 | 14:31:46 | 217.866824 | 355.515298 
 4149.1219 | 08743.4427 | 14:31:47 | 217.866824 | 355.515298 
 4149.1219 | 08743.4427 | 14:31:48 | 217.866824 | 355.515298 
 4149.1219 | 08743.4427 | 14:31:49 | 217.866824 | 355.515298 
 4149.1219 | 08743.4427 | 14:31:50 | 217.866824 | 355.515298 
 4149.1219 | 08743.4427 | 14:31:51 | 217.866824 | 355.515298 
 4149.1219 | 08743.4427 | 14:31:52 | 217.866824 | 355.515298 
 4149.1219 | 08743.4427 | 14:31:53 | 217.866824 | 355.515298 
 4149.1219 | 08743.4427 | 14:31:54 | 217.866824 | 355.515298 
 4149.1219 | 08743.4427 | 14:31:55 | 217.866824 | 355.515298 
 4149.1219 | 08743.4427 | 14:31:56 | 217.866824 | 355.515298 
 4149.1219 | 08743.4427 | 14:31:57 | 217.866824 | 355.515298 
 4149.1219 | 08743.4427 | 14:31:58 | 217.866824 | 355.515298 
 4149.1219 | 08743.4427 | 14:31:59 | 217.866824 | 355.515298 
 4149.1219 | 08743.4427 | 14:32:00 | 217.866824 | 355.515298 
 4149.1219 | 08743.4427 | 14:32:01 | 217.866824 | 355.515298 
 4149.1219 | 08743.4427 | 14:32:02 | 217.866824 | 355.515298 
 4149.1219 | 08743.4427 | 14:32:03 | 217.866824 | 355.515298 
 4149.1219 | 08743.4427 | 14:32:04 | 217.866824 | 355.515298 
 4149.1219 | 08743.4427 | 14:32:05 | 217.866824 | 355.515298 
 4149.1219 | 08743.4427 | 14:32:06 | 217.866824 | 355.515298 
 4149.1219 | 08743.4427 | 14:32:07 | 217.866824 | 355.515298 
 4149.1219 | 08743.4427 | 14:32:08 | 217.866824 | 355.515298 
 4149.1219 | 08743.4427 | 14:32:09 | 217.866824 | 355.515298 
 4149.1219 | 08743.4427 | 14:32:10 | 217.866824 | 355.515298 
 4149.1219 | 08743.4427 | 14:32:11 | 217.866824 | 355.515298 
 4149.1219 | 08743.4427 | 14:32:12 | 217.866824 | 355.515298 
 4149.1219 | 08743.4427 | 14:32:13 | 217.866824 | 355.515298 
 4149.1219 | 08743.4427 | 14:32:14 | 217.866824 | 355.515298 
 4149.1219 | 08743.4427 | 14:32:15 | 217.866824 | 355.515298 
 4149.1219 | 08743.4427 | 14:32:16 | 217.866824 | 355.515298 
 4149.1219 | 08743.4427 | 14:32:17 | 217.866824 | 355.515298 
 4149.1219 | 08743.4427 | 14:32:18 | 217.866824 | 355.515298 
 4149.1219 | 08743.4427 | 14:32:19 | 217.866824 | 355.515298 
 4149.1219 | 08743.4427 | 14:32:20 | 217.866824 | 355.515298 
 4149.1219 | 08743.4427 | 14:32:21 | 217.866824 | 355.515298 
 4149.1219 | 08743.4427 | 14:32:22 | 217.866824 | 355.515298 
 4149.1219 | 08743.4427 | 14:32:23 | 217.866824 | 355.515298 
 4149.1219 | 08743.4427 | 14:32:24 | 217.866824 | 355.515298 
 4149.1219 | 08743.4427 | 14:32:25 | 217.866824 | 355.515298 
 4149.1219 | 08743.4427 | 14:32:26 | 217.866824 | 355.515298 
 4149.1219 | 08743.4427 | 14:32:27 | 217.866824 | 355.515298 
 4149.1219 | 08743.4427 | 14:32:28 | 217.866824 | 355.515298 
 4149.1219 | 08743.4427 | 14:32:29 | 217.866824 | 355.515298 
 4149.1219 | 08743.4427 | 14:32:30 | 217.866824 | 355.515298 
 4149.1219 | 08743.4427 | 14:32:31 | 217.866824 | 355.515298 
 4149.1219 | 08743.4427 | 14:32:32 | 217.866824 | 355.515298 
 4149.1219 | 08743.4427 | 14:32:33 | 217.866824 | 355.515298 
 4149.1219 | 08743.4427 | 14:32:34 | 217.866824 | 355.515298 
 4149.1219 | 08743.4427 | 14:32:35 | 217.866824 | 355.515298 
 4149.1219 | 08743.4427 | 14:32:36 | 217.866824 | 355.515298 
 4149.1219 | 08743.4427 | 14:32:37 | 217.866824 | 355.515298 
 4149.1219 | 08743.4427 | 14:32:38 | 217.866824 | 355.515298 
 4149.1219 | 08743.4427 | 14:32:39 | 217.866824 | 355.515298 
 4149.1219 | 08743.4427 | 14:32:40 | 217.866824 | 355.515298 
 4149.1219 | 08743.4427 | 14:32:41 | 217.866824 | 355.515298 
 4149.1219 | 08743.4427 | 14:32:42 | 217.866824 | 355.515298 
 4149.1219 | 08743.4427 | 14:32:43 | 217.866824 | 355.515298 
 4149.1219 | 08743.4427 | 14:32:44 | 217.866824 | 355.515298 
 4149.1219 | 08743.4427 | 14:32:45 | 217.866824 | 355.515298 
 4149.1219 | 08743.4427 | 14:32:46 | 217.866824 | 355.515298 
 4149.1219 | 08743.4427 | 14:32:47 | 217.866824 | 355.515298 
 4149.1219 | 08743.4427 | 14:32:48 | 217.866824 | 355.515298 
 4149.1219 | 08743.4427 | 14:32:49 | 217.866824 | 355.515298 
 4149.1219 | 08743.4427 | 14:32:50 | 217.866824 | 355.515298 
 4149.1219 | 08743.4427 | 14:32:51 | 217.866824 | 355.515298 
 4149.1219 | 08743.4427 | 14:32:52 | 217.866824 | 355.515298 
 4149.1219 | 08743.4427 | 14:32:53 | 217.866824 | 355.515298 
 4149.1219 | 08743.4427 | 14:32:54 | 217.866824 | 355.515298 
 4149.1219 | 08743.4427 | 14:32:55 | 217.866824 | 355.515298 
 4149.1219 | 08743.4427 | 14:32:56 | 217.866824 | 355.515298 
 4149.1219 | 08743.4427 | 14:32:57 | 217.866824 | 355.515298 
 4149.1219 | 08743.4427 | 14:32:58 | 217.866824 | 355.515298 
 4149.1219 | 08743.4427 | 14:32:59 | 217.866824 | 355.515298 
 4149.1219 | 08743.4427 | 14:33:00 | 217.866824 | 355.515298 
 4149.1219 | 08743.4427 | 14:33:01 | 217.866824 | 355.515298 
 4149.1219 | 08743.4427 | 14:33:02 | 217.866824 | 355.515298 
 4149.1219 | 08743.4427 | 14:33:03 | 217.866824 | 355.515298 
 4149.1219 | 08743.4427 | 14:33:04 | 217.866824 | 355.515298 
 4149.1219 | 08743.4427 | 14:33:05 | 217.866824 | 355.515298 
 4149.1219 | 08743.4427 | 14:33:06 | 217.866824 | 355.515298 
 4149.1219 | 08743.4427 | 14:33:07 | 217.866824 | 355.515298 
 4149.1219 | 08743.4427 | 14:33:08 | 217.866824 | 355.515298 
 4149.1219 | 08743.4427 | 14:33:09 | 217.866824 | 355.515298 
 4149.1219 | 08743.4427 | 14:33:10 | 217.866824 | 355.515298 
 4149.1219 | 08743.4427 | 14:33:11 | 217.866824 | 355.515298 
 4149.1219 | 08743.4427 | 14:33:12 | 217.866824 | 355.515298 
 4149.1219 | 08743.4427 | 14:33:13 | 217.866824 | 355.515298 
 4149.1219 | 08743.4427 | 14:33:14 | 217.866824 | 355.515298 
 4149.1219 | 08743.4427 | 14:33:15 | 217.866824 | 355.515298 
 4149.1219 | 08743.4427 | 14:33:16 | 217.866824 | 355.515298 
 4149.1219 | 08743.4427 | 14:33:17 | 217.866824 | 355.515298 
 4149.1219 | 08743.4427 | 14:33:18 | 217.866824 | 355.515298 
 4149.1219 | 08743.4427 | 14:33:19 | 217.866824 | 355.515298 
 4149.1219 | 08743.4427 | 14:33:20 | 217.866824 | 355.515298 
 4149.1219 | 08743.4427 | 14:33:21 | 217.866824 | 355.515298 
 4149.1219 | 08743.4427 | 14:33:22 | 217.866824 | 355.515298 
 4149.1219 | 08743.4427 | 14:33:23 | 217.866824 | 355.515298 
 4149.1219 | 08743.4427 | 14:33:24 | 217.866824 | 355.515298 
 4149.1219 | 08743.4427 | 14:33:25 | 217.866824 | 355.515298 
 4149.1219 | 08743.4427 | 14:33:26 | 217.866824 | 355.515298 
 4149.1219 | 08743.4427 | 14:33:27 | 217.866824 | 355.515298 
 4149.1219 | 08743.4427 | 14:33:28 | 217.866824 | 355.515298 
 4149.1219 | 08743.4427 | 14:33:29 | 217.866824 | 355.515298 
 4149.1219 | 08743.4427 | 14:33:30 | 217.866824 | 355.515298 
 4149.1219 | 08743.4427 | 14:33:31 | 217.866824 | 355.515298 
 4149.1219 | 08743.4427 | 14:33:32 | 217.866824 | 355.515298 
 4149.1219 | 08743.4427 | 14:33:33 | 217.866824 | 355.515298 
 4149.1219 | 08743.4427 | 14:33:34 | 217.866824 | 355.515298 
 4149.1219 | 08743.4427 | 14:33:35 | 217.866824 | 355.515298 
 4149.1219 | 08743.4427 | 14:33:36 | 217.866824 | 355.515298 
 4149.1219 | 08743.4427 | 14:33:37 | 217.866824 | 355.515298 
 4149.1219 | 08743.4427 | 14:33:38 | 217.866824 | 355.515298 
 4149.1219 | 08743.4427 | 14:33:39 | 217.866824 | 355.515298 
 4149.1219 | 08743.4427 | 14:33:40 | 217.866824 | 355.515298 
 4149.1219 | 08743.4427 | 14:33:41 | 217.866824 | 355.515298 
 4149.1219 | 08743.4427 | 14:33:42 | 217.866824 | 355.515298 
 4149.1219 | 08743.4427 | 14:33:43 | 217.866824 | 355.515298 
 4149.1219 | 08743.4427 | 14:33:44 | 217.866824 | 355.515298 
 4149.1219 | 08743.4427 | 14:33:45 | 217.866824 | 355.515298 
 4149.1219 | 08743.4427 | 14:33:46 | 217.866824 | 355.515298 
 4149.1219 | 08743.4427 | 14:33:47 | 217.866824 | 355.515298 
 4149.1219 | 08743.4427 | 14:33:48 | 217.866824 | 355.515298 
 4149.1219 | 08743.4427 | 14:33:49 | 217.866824 | 355.515298 
 4149.1219 | 08743.4427 | 14:33:50 | 217.866824 | 355.515298 
 4149.1219 | 08743.4427 | 14:33:51 | 217.866824 | 355.515298 
 4149.1219 | 08743.4427 | 14:33:52 | 217.866824 | 355.515298 
 4149.1219 | 08743.4427 | 14:33:53 | 217.866824 | 355.515298 
 4149.1219 | 08743.4427 | 14:33:54 | 217.866824 | 355.515298 
 4149.1219 | 08743.4427 | 14:33:55 | 217.866824 | 355.515298 
 4149.1219 | 08743.4427 | 14:33:56 | 217.866824 | 355.515298 
 4149.1219 | 08743.4427 | 14:33:57 | 217.866824 | 355.515298 
 4149.1219 | 08743.4427 | 14:33:58 | 217.866824 | 355.515298 
 4149.1219 | 08743.4427 | 14:33:59 | 217.866824 | 355.515298 
 4149.1219 | 08743.4427 | 14:34:00 | 217.866824 | 355.515298 
 4149.1219 | 08743.4427 | 14:34:01 | 217.866824 | 355.515298 
 4149.1219 | 08743.4427 | 14:34:02 | 217.866824 | 355.515298 
 4149.1219 | 08743.4427 | 14:34:03 | 217.866824 | 355.515298 
 4149.1219 | 08743.4427 | 14:34:04 | 217.866824 | 355.515298 
 4149.1219 | 08743.4427 | 14:34:05 | 217.866824 | 355.515298 
 4149.1219 | 08743.4427 | 14:34:06 | 217.866824 | 355.515298 
 4149.1219 | 08743.4427 | 14:34:07 | 217.866824 | 355.515298 
 4149.1219 | 08743.4427 | 14:34:08 | 217.866824 | 355.515298 
 4149.1219 | 08743.4427 | 14:34:09 | 217.866824 | 355.515298 
 4149.1219 | 08743.4427 | 14:34:10 | 217.866824 | 355.515298 
 4149.1219 | 08743.4427 | 14:34:11 | 217.866824 | 355.515298 
 4149.1219 | 08743.4427 | 14:34:12 | 217.866824 | 355.515298 
 4149.1219 | 08743.4427 | 14:34:13 | 217.866824 | 355.515298 
 4149.1219 | 08743.4427 | 14:34:14 | 217.866824 | 355.515298 
 4149.1219 | 08743.4427 | 14:34:15 | 217.866824 | 355.515298 
 4149.1219 | 08743.4427 | 14:34:16 | 217.866824 | 355.515298 
 4149.1219 | 08743.4427 | 14:34:17 | 217.866824 | 355.515298 
 4149.1219 | 08743.4427 | 14:34:18 | 217.866824 | 355.515298 
 4149.1219 | 08743.4427 | 14:34:19 | 217.866824 | 355.515298 
 4149.1219 | 08743.4427 | 14:34:20 | 217.866824 | 355.515298 
 4149.1219 | 08743.4427 | 14:34:21 | 217.866824 | 355.515298 
 4149.1219 | 08743.4427 | 14:34:22 | 217.866824 | 355.515298 
 4149.1219 | 08743.4427 | 14:34:23 | 217.866824 | 355.515298 
 4149.1219 | 08743.4427 | 14:34:24 | 217.866824 | 355.515298 
 4149.1219 | 08743.4427 | 14:34:25 | 217.866824 | 355.515298 
 4149.1219 | 08743.4427 | 14:34:26 | 217.866824 | 355.515298 
 4149.1219 | 08743.4427 | 14:34:27 | 217.866824 | 355.515298 
 4149.1219 | 08743.4427 | 14:34:28 | 217.866824 | 355.515298 
 4149.1219 | 08743.4427 | 14:34:29 | 217.866824 | 355.515298 
 4149.1219 | 08743.4427 | 14:34:30 | 217.866824 | 355.515298 
 4149.1219 | 08743.4427 | 14:34:31 | 217.866824 | 355.515298 
 4149.1219 | 08743.4427 | 14:34:32 | 217.866824 | 355.515298 
 4149.1219 | 08743.4427 | 14:34:33 | 217.866824 | 355.515298 
 4149.1219 | 08743.4427 | 14:34:34 | 217.866824 | 355.515298 
 4149.1219 | 08743.4427 | 14:34:35 | 217.866824 | 355.515298 
 4149.1219 | 08743.4427 | 14:34:36 | 217.866824 | 355.515298 
 4149.1219 | 08743.4427 | 14:34:37 | 217.866824 | 355.515298 
 4149.1219 | 08743.4427 | 14:34:38 | 217.866824 | 355.515298 
 4149.1219 | 08743.4427 | 14:34:39 | 217.866824 | 355.515298 
 4149.1219 | 08743.4427 | 14:34:40 | 217.866824 | 355.515298 
 4149.1219 | 08743.4427 | 14:34:41 | 217.866824 | 355.515298 
 4149.1219 | 08743.4427 | 14:34:42 | 217.866824 | 355.515298 
 4149.1219 | 08743.4427 | 14:34:43 | 217.866824 | 355.515298 
 4149.1219 | 08743.4427 | 14:34:44 | 217.866824 | 355.515298 
 4149.1219 | 08743.4427 | 14:34:45 | 217.866824 | 355.515298 
 4149.1219 | 08743.4427 | 14:34:46 | 217.866824 | 355.515298 
 4149.1219 | 08743.4427 | 14:34:47 | 217.866824 | 355.515298 
 4149.1219 | 08743.4427 | 14:34:48 | 217.866824 | 355.515298 
 4149.1219 | 08743.4427 | 14:34:49 | 217.866824 | 355.515298 
 4149.1219 | 08743.4427 | 14:34:50 | 217.866824 | 355.515298 
 4149.1219 | 08743.4427 | 14:34:51 | 217.866824 | 355.515298 
 4149.1219 | 08743.4427 | 14:34:52 | 217.866824 | 355.515298 
 4149.1219 | 08743.4427 | 14:34:53 | 217.866824 | 355.515298 
 4149.1219 | 08743.4427 | 14:34:54 | 217.866824 | 355.515298 
 4149.1219 | 08743.4427 | 14:34:55 | 217.866824 | 355.515298 
 4149.1219 | 08743.4427 | 14:34:56 | 217.866824 | 355.515298 
 4149.1219 | 08743.4427 | 14:34:57 | 217.866824 | 355.515298 
 4149.1219 | 08743.4427 | 14:34:58 | 217.866824 | 355.515298 
 4149.1219 | 08743.4427 | 14:34:59 | 217.866824 | 355.515298 
 4149.1219 | 08743.4427 | 14:35:00 | 217.866824 | 355.515298 
 4149.1219 | 08743.4427 | 14:35:01 | 217.866824 | 355.515298 
 4149.1219 | 08743.4427 | 14:35:02 | 217.866824 | 355.515298 
 4149.1219 | 08743.4427 | 14:35:03 | 217.866824 | 355.515298 
 4149.1219 | 08743.4427 | 14:35:04 | 217.866824 | 355.515298 
 4149.1219 | 08743.4427 | 14:35:05 | 217.866824 | 355.515298 
 4149.1219 | 08743.4427 | 14:35:06 | 217.866824 | 355.515298 
 4149.1219 | 08743.4427 | 14:35:07 | 217.866824 | 355.515298 
 4149.1219 | 08743.4427 | 14:35:08 | 217.866824 | 355.515298 
 4149.1219 | 08743.4427 | 14:35:09 | 217.866824 | 355.515298 
 4149.1219 | 08743.4427 | 14:35:10 | 217.866824 | 355.515298 
 4149.1219 | 08743.4427 | 14:35:11 | 217.866824 | 355.515298 
 4149.1219 | 08743.4427 | 14:35:12 | 217.866824 | 355.515298 
 4149.1219 | 08743.4427 | 14:35:13 | 217.866824 | 355.515298 
 4149.1219 | 08743.4427 | 14:35:14 | 217.866824 | 355.515298 
 4149.1219 | 08743.4427 | 14:35:15 | 217.866824 | 355.515298 
 4149.1219 | 08743.4427 | 14:35:16 | 217.866824 | 355.515298 
 4149.1219 | 08743.4427 | 14:35:17 | 217.866824 | 355.515298 
 4149.1219 | 08743.4427 | 14:35:18 | 217.866824 | 355.515298 
 4149.1219 | 08743.4427 | 14:35:19 | 217.866824 | 355.515298 
 4149.1219 | 08743.4427 | 14:35:20 | 217.866824 | 355.515298 
 4149.1219 | 08743.4427 | 14:35:21 | 217.866824 | 355.515298 
 4149.1219 | 08743.4427 | 14:35:22 | 217.866824 | 355.515298 
 4149.1219 | 08743.4427 | 14:35:23 | 217.866824 | 355.515298 
 4149.1219 | 08743.4427 | 14:35:24 | 217.866824 | 355.515298 
 4149.1219 | 08743.4427 | 14:35:25 | 217.866824 | 355.515298 
 4149.1219 | 08743.4427 | 14:35:26 | 217.866824 | 355.515298 
 4149.1219 | 08743.4427 | 14:35:27 | 217.866824 | 355.515298 
 4149.1219 | 08743.4427 | 14:35:28 | 217.866824 | 355.515298 
 4149.1219 | 08743.4427 | 14:35:29 | 217.866824 | 355.515298 
 4149.1219 | 08743.4427 | 14:35:30 | 217.866824 | 355.515298 
 4149.1219 | 08743.4427 | 14:35:31 | 217.866824 | 355.515298 
 4149.1219 | 08743.4427 | 14:35:32 | 217.866824 | 355.515298 
 4149.1206 | 08743.4398 | 14:35:33 | 217.869330 | 355.513821 
 4149.1198 | 08743.4397 | 14:35:34 | 217.869423 | 355.512901 
 4149.1182 | 08743.4396 | 14:35:35 | 217.869522 | 355.511061 
 4149.1161 | 08743.4394 | 14:35:36 | 217.869711 | 355.508647 
 4149.1140 | 08743.4392 | 14:35:37 | 217.869900 | 355.506233 
 4149.1122 | 08743.4393 | 14:35:38 | 217.869829 | 355.504162 
 4149.1105 | 08743.4393 | 14:35:39 | 217.869843 | 355.502206 
 4149.1093 | 08743.4401 | 14:35:40 | 217.869164 | 355.500821 
 4149.1085 | 08743.4411 | 14:35:41 | 217.868310 | 355.499895 
 4149.1079 | 08743.4423 | 14:35:42 | 217.867283 | 355.499197 
 4149.1076 | 08743.4435 | 14:35:43 | 217.866253 | 355.498845 
 4149.1072 | 08743.4451 | 14:35:44 | 217.864879 | 355.498375 
 4149.1070 | 08743.4469 | 14:35:45 | 217.863332 | 355.498134 
 4149.1068 | 08743.4486 | 14:35:46 | 217.861871 | 355.497894 
 4149.1068 | 08743.4503 | 14:35:47 | 217.860408 | 355.497883 
 4149.1070 | 08743.4519 | 14:35:48 | 217.859030 | 355.498104 
 4149.1072 | 08743.4534 | 14:35:49 | 217.857738 | 355.498324 
 4149.1074 | 08743.4548 | 14:35:50 | 217.856531 | 355.498546 
 4149.1075 | 08743.4566 | 14:35:51 | 217.854982 | 355.498650 
 4149.1076 | 08743.4591 | 14:35:52 | 217.852830 | 355.498750 
 4149.1076 | 08743.4619 | 14:35:53 | 217.850421 | 355.498733 
 4149.1076 | 08743.4647 | 14:35:54 | 217.848011 | 355.498716 
 4149.1077 | 08743.4672 | 14:35:55 | 217.845860 | 355.498815 
 4149.1079 | 08743.4696 | 14:35:56 | 217.843793 | 355.499031 
 4149.1081 | 08743.4718 | 14:35:57 | 217.841898 | 355.499247 
 4149.1083 | 08743.4737 | 14:35:58 | 217.840262 | 355.499466 
 4149.1084 | 08743.4751 | 14:35:59 | 217.839056 | 355.499572 
 4149.1085 | 08743.4763 | 14:36:00 | 217.838023 | 355.499680 
 4149.1090 | 08743.4773 | 14:36:01 | 217.837159 | 355.500249 
 4149.1098 | 08743.4780 | 14:36:02 | 217.836550 | 355.501165 
 4149.1108 | 08743.4785 | 14:36:03 | 217.836111 | 355.502312 
 4149.1121 | 08743.4788 | 14:36:04 | 217.835843 | 355.503806 
 4149.1137 | 08743.4790 | 14:36:05 | 217.835658 | 355.505645 
 4149.1157 | 08743.4792 | 14:36:06 | 217.835469 | 355.507944 
 4149.1178 | 08743.4792 | 14:36:07 | 217.835452 | 355.510360 
 4149.1200 | 08743.4791 | 14:36:08 | 217.835520 | 355.512891 
 4149.1222 | 08743.4789 | 14:36:09 | 217.835674 | 355.515423 
 4149.1245 | 08743.4788 | 14:36:10 | 217.835742 | 355.518069 
 4149.1268 | 08743.4786 | 14:36:11 | 217.835895 | 355.520715 
 4149.1289 | 08743.4785 | 14:36:12 | 217.835964 | 355.523132 
 4149.1307 | 08743.4785 | 14:36:13 | 217.835949 | 355.525202 
 4149.1321 | 08743.4786 | 14:36:14 | 217.835852 | 355.526812 
 4149.1334 | 08743.4787 | 14:36:15 | 217.835755 | 355.528306 
 4149.1347 | 08743.4788 | 14:36:16 | 217.835658 | 355.529801 
 4149.1361 | 08743.4789 | 14:36:17 | 217.835561 | 355.531411 
 4149.1378 | 08743.4791 | 14:36:18 | 217.835375 | 355.533365 
 4149.1397 | 08743.4793 | 14:36:19 | 217.835188 | 355.535549 
 4149.1416 | 08743.4797 | 14:36:20 | 217.834828 | 355.537732 
 4149.1434 | 08743.4801 | 14:36:21 | 217.834469 | 355.539800 
 4149.1453 | 08743.4803 | 14:36:22 | 217.834281 | 355.541985 
 4149.1473 | 08743.4804 | 14:36:23 | 217.834179 | 355.544284 
 4149.1495 | 08743.4803 | 14:36:24 | 217.834247 | 355.546816 
 4149.1517 | 08743.4799 | 14:36:25 | 217.834573 | 355.549349 
 4149.1538 | 08743.4795 | 14:36:26 | 217.834901 | 355.551767 
 4149.1558 | 08743.4791 | 14:36:27 | 217.835228 | 355.554069 
 4149.1577 | 08743.4786 | 14:36:28 | 217.835643 | 355.556258 
 4149.1592 | 08743.4777 | 14:36:29 | 217.836405 | 355.557989 
 4149.1603 | 08743.4765 | 14:36:30 | 217.837429 | 355.559261 
 4149.1611 | 08743.4754 | 14:36:31 | 217.838369 | 355.560188 
 4149.1618 | 08743.4743 | 14:36:32 | 217.839310 | 355.561000 
 4149.1623 | 08743.4728 | 14:36:33 | 217.840596 | 355.561584 
 4149.1627 | 08743.4710 | 14:36:34 | 217.842142 | 355.562055 
 4149.1623 | 08743.4684 | 14:36:35 | 217.844382 | 355.561611 
 4149.1616 | 08743.4659 | 14:36:36 | 217.846539 | 355.560821 
 4149.1606 | 08743.4636 | 14:36:37 | 217.848526 | 355.559685 
 4149.1594 | 08743.4614 | 14:36:38 | 217.850429 | 355.558318 
 4149.1584 | 08743.4595 | 14:36:39 | 217.852072 | 355.557180 
 4149.1569 | 08743.4570 | 14:36:40 | 217.854235 | 355.555469 
 4149.1550 | 08743.4534 | 14:36:41 | 217.857348 | 355.553306 
 4149.1533 | 08743.4491 | 14:36:42 | 217.861062 | 355.551377 
 4149.1526 | 08743.4446 | 14:36:43 | 217.864939 | 355.550599 
 4149.1529 | 08743.4403 | 14:36:44 | 217.868637 | 355.550970 
 4149.1546 | 08743.4364 | 14:36:45 | 217.871978 | 355.552950 
 4149.1576 | 08743.4337 | 14:36:46 | 217.874277 | 355.556417 
 4149.1614 | 08743.4324 | 14:36:47 | 217.875365 | 355.560796 
 4149.1658 | 08743.4319 | 14:36:48 | 217.875759 | 355.565860 
 4149.1707 | 08743.4316 | 14:36:49 | 217.875977 | 355.571498 
 4149.1764 | 08743.4318 | 14:36:50 | 217.875759 | 355.578053 
 4149.1823 | 08743.4319 | 14:36:51 | 217.875624 | 355.584839 
 4149.1885 | 08743.4321 | 14:36:52 | 217.875402 | 355.591969 
 4149.1951 | 08743.4323 | 14:36:53 | 217.875176 | 355.599559 
 4149.2017 | 08743.4325 | 14:36:54 | 217.874950 | 355.607150 
 4149.2085 | 08743.4329 | 14:36:55 | 217.874550 | 355.614969 
 4149.2152 | 08743.4333 | 14:36:56 | 217.874151 | 355.622673 
 4149.2222 | 08743.4337 | 14:36:57 | 217.873750 | 355.630722 
 4149.2294 | 08743.4341 | 14:36:58 | 217.873347 | 355.639002 
 4149.2366 | 08743.4342 | 14:36:59 | 217.873202 | 355.647283 
 4149.2441 | 08743.4342 | 14:37:00 | 217.873141 | 355.655910 
 4149.2516 | 08743.4343 | 14:37:01 | 217.872994 | 355.664536 
 4149.2590 | 08743.4344 | 14:37:02 | 217.872848 | 355.673047 
 4149.2667 | 08743.4346 | 14:37:03 | 217.872613 | 355.681903 
 4149.2744 | 08743.4348 | 14:37:04 | 217.872378 | 355.690758 
 4149.2822 | 08743.4349 | 14:37:05 | 217.872228 | 355.699729 
 4149.2901 | 08743.4350 | 14:37:06 | 217.872078 | 355.708816 
 4149.2982 | 08743.4350 | 14:37:07 | 217.872012 | 355.718133 
 4149.3062 | 08743.4349 | 14:37:08 | 217.872032 | 355.727335 
 4149.3144 | 08743.4346 | 14:37:09 | 217.872224 | 355.736769 
 4149.3226 | 08743.4343 | 14:37:10 | 217.872415 | 355.746203 
 4149.3308 | 08743.4343 | 14:37:11 | 217.872348 | 355.755635 
 4149.3390 | 08743.4343 | 14:37:12 | 217.872281 | 355.765067 
 4149.3468 | 08743.4343 | 14:37:13 | 217.872217 | 355.774039 
 4149.3542 | 08743.4344 | 14:37:14 | 217.872071 | 355.782550 
 4149.3607 | 08743.4344 | 14:37:15 | 217.872018 | 355.790026 
 4149.3660 | 08743.4341 | 14:37:16 | 217.872233 | 355.796124 
 4149.3705 | 08743.4330 | 14:37:17 | 217.873142 | 355.801307 
 4149.3743 | 08743.4306 | 14:37:18 | 217.875176 | 355.805693 
 4149.3770 | 08743.4264 | 14:37:19 | 217.878768 | 355.808824 
 4149.3794 | 08743.4209 | 14:37:20 | 217.883480 | 355.811618 
 4149.3809 | 08743.4136 | 14:37:21 | 217.889749 | 355.813388 
 4149.3829 | 08743.4056 | 14:37:22 | 217.896616 | 355.815738 
 4149.3848 | 08743.3965 | 14:37:23 | 217.904430 | 355.817979 
 4149.3875 | 08743.3870 | 14:37:24 | 217.912581 | 355.821142 
 4149.3904 | 08743.3769 | 14:37:25 | 217.921247 | 355.824540 
 4149.3936 | 08743.3662 | 14:37:26 | 217.930427 | 355.828286 
 4149.3971 | 08743.3547 | 14:37:27 | 217.940293 | 355.832382 
 4149.4009 | 08743.3428 | 14:37:28 | 217.950500 | 355.836826 
 4149.4049 | 08743.3303 | 14:37:29 | 217.961222 | 355.841503 
 4149.4094 | 08743.3175 | 14:37:30 | 217.972198 | 355.846758 
 4149.4143 | 08743.3045 | 14:37:31 | 217.983343 | 355.852473 
 4149.4196 | 08743.2911 | 14:37:32 | 217.994828 | 355.858652 
 4149.4249 | 08743.2772 | 14:37:33 | 218.006744 | 355.864833 
 4149.4301 | 08743.2627 | 14:37:34 | 218.019177 | 355.870903 
 4149.4353 | 08743.2477 | 14:37:35 | 218.032039 | 355.876977 
 4149.4405 | 08743.2325 | 14:37:36 | 218.045074 | 355.883051 
 4149.4458 | 08743.2169 | 14:37:37 | 218.058453 | 355.889243 
 4149.4512 | 08743.2010 | 14:37:38 | 218.072088 | 355.895552 
 4149.4566 | 08743.1848 | 14:37:39 | 218.085981 | 355.901863 
 4149.4621 | 08743.1682 | 14:37:40 | 218.100218 | 355.908291 
 4149.4676 | 08743.1513 | 14:37:41 | 218.114713 | 355.914722 
 4149.4733 | 08743.1342 | 14:37:42 | 218.129378 | 355.921383 
 4149.4790 | 08743.1169 | 14:37:43 | 218.144216 | 355.928046 
 4149.4847 | 08743.0993 | 14:37:44 | 218.159311 | 355.934711 
 4149.4905 | 08743.0815 | 14:37:45 | 218.174577 | 355.941492 
 4149.4966 | 08743.0635 | 14:37:46 | 218.190013 | 355.948619 
 4149.5027 | 08743.0452 | 14:37:47 | 218.205708 | 355.955748 
 4149.5090 | 08743.0266 | 14:37:48 | 218.221658 | 355.963110 
 4149.5152 | 08743.0078 | 14:37:49 | 218.237782 | 355.970357 
 4149.5214 | 08742.9886 | 14:37:50 | 218.254249 | 355.977607 
 4149.5276 | 08742.9691 | 14:37:51 | 218.270975 | 355.984859 
 4149.5338 | 08742.9494 | 14:37:52 | 218.287872 | 355.992113 
 4149.5400 | 08742.9297 | 14:37:53 | 218.304770 | 355.999366 
 4149.5463 | 08742.9099 | 14:37:54 | 218.321752 | 356.006735 
 4149.5526 | 08742.8901 | 14:37:55 | 218.338735 | 356.014104 
 4149.5594 | 08742.8698 | 14:37:56 | 218.356143 | 356.022052 
 4149.5654 | 08742.8494 | 14:37:57 | 218.373644 | 356.029079 
 4149.5712 | 08742.8288 | 14:37:58 | 218.391319 | 356.035879 
 4149.5778 | 08742.8078 | 14:37:59 | 218.409332 | 356.043601 
 4149.5845 | 08742.7873 | 14:38:00 | 218.426913 | 356.051434 
 4149.5911 | 08742.7668 | 14:38:01 | 218.444495 | 356.059153 
 4149.5976 | 08742.7463 | 14:38:02 | 218.462077 | 356.066757 
 4149.6040 | 08742.7258 | 14:38:03 | 218.479661 | 356.074246 
 4149.6102 | 08742.7050 | 14:38:04 | 218.497504 | 356.081507 
 4149.6168 | 08742.6843 | 14:38:05 | 218.515258 | 356.089228 
 4149.6233 | 08742.6635 | 14:38:06 | 218.533099 | 356.096834 
 4149.6299 | 08742.6426 | 14:38:07 | 218.551024 | 356.104556 
 4149.6365 | 08742.6215 | 14:38:08 | 218.569122 | 356.112279 
 4149.6431 | 08742.6005 | 14:38:09 | 218.587134 | 356.120002 
 4149.6498 | 08742.5793 | 14:38:10 | 218.605317 | 356.127841 
 4149.6565 | 08742.5580 | 14:38:11 | 218.623585 | 356.135680 
 4149.6633 | 08742.5366 | 14:38:12 | 218.641939 | 356.143636 
 4149.6700 | 08742.5152 | 14:38:13 | 218.660294 | 356.151476 
 4149.6769 | 08742.4938 | 14:38:14 | 218.678647 | 356.159547 
 4149.6839 | 08742.4726 | 14:38:15 | 218.696827 | 356.167731 
 4149.6910 | 08742.4514 | 14:38:16 | 218.715006 | 356.176031 
 4149.6982 | 08742.4302 | 14:38:17 | 218.733184 | 356.184446 
 4149.7053 | 08742.4088 | 14:38:18 | 218.751535 | 356.192747 
 4149.7124 | 08742.3872 | 14:38:19 | 218.770058 | 356.201049 
 4149.7193 | 08742.3656 | 14:38:20 | 218.788583 | 356.209121 
 4149.7261 | 08742.3438 | 14:38:21 | 218.807280 | 356.217080 
 4149.7328 | 08742.3219 | 14:38:22 | 218.826064 | 356.224924 
 4149.7397 | 08742.3001 | 14:38:23 | 218.844761 | 356.232998 
 4149.7465 | 08742.2782 | 14:38:24 | 218.863544 | 356.240957 
 4149.7534 | 08742.2564 | 14:38:25 | 218.882241 | 356.249031 
 4149.7603 | 08742.2347 | 14:38:26 | 218.900851 | 356.257105 
 4149.7672 | 08742.2129 | 14:38:27 | 218.919547 | 356.265179 
 4149.7741 | 08742.1909 | 14:38:28 | 218.938415 | 356.273254 
 4149.7809 | 08742.1688 | 14:38:29 | 218.957370 | 356.281215 
 4149.7878 | 08742.1466 | 14:38:30 | 218.976410 | 356.289292 
 4149.7949 | 08742.1243 | 14:38:31 | 218.995535 | 356.297600 
 4149.8019 | 08742.1022 | 14:38:32 | 219.014488 | 356.305791 
 4149.8088 | 08742.0803 | 14:38:33 | 219.033270 | 356.313867 
 4149.8156 | 08742.0586 | 14:38:34 | 219.051880 | 356.321826 
 4149.8224 | 08742.0369 | 14:38:35 | 219.070491 | 356.329785 
 4149.8292 | 08742.0150 | 14:38:36 | 219.089273 | 356.337745 
 4149.8361 | 08741.9930 | 14:38:37 | 219.108141 | 356.345821 
 4149.8431 | 08741.9707 | 14:38:38 | 219.127265 | 356.354015 
 4149.8502 | 08741.9484 | 14:38:39 | 219.146389 | 356.362323 
 4149.8573 | 08741.9259 | 14:38:40 | 219.165685 | 356.370633 
 4149.8644 | 08741.9035 | 14:38:41 | 219.184895 | 356.378942 
 4149.8714 | 08741.8809 | 14:38:42 | 219.204277 | 356.387137 
 4149.8785 | 08741.8583 | 14:38:43 | 219.223659 | 356.395448 
 4149.8855 | 08741.8360 | 14:38:44 | 219.242783 | 356.403641 
 4149.8924 | 08741.8139 | 14:38:45 | 219.261736 | 356.411719 
 4149.8993 | 08741.7919 | 14:38:46 | 219.280603 | 356.419796 
 4149.9062 | 08741.7699 | 14:38:47 | 219.299470 | 356.427873 
 4149.9131 | 08741.7480 | 14:38:48 | 219.318251 | 356.435949 
 4149.9199 | 08741.7260 | 14:38:49 | 219.337119 | 356.443912 
 4149.9268 | 08741.7041 | 14:38:50 | 219.355899 | 356.451988 
 4149.9336 | 08741.6823 | 14:38:51 | 219.374595 | 356.459949 
 4149.9404 | 08741.6607 | 14:38:52 | 219.393118 | 356.467909 
 4149.9472 | 08741.6393 | 14:38:53 | 219.411469 | 356.475868 
 4149.9538 | 08741.6184 | 14:38:54 | 219.429392 | 356.483593 
 4149.9603 | 08741.5977 | 14:38:55 | 219.447144 | 356.491202 
 4149.9667 | 08741.5772 | 14:38:56 | 219.464724 | 356.498695 
 4149.9732 | 08741.5567 | 14:38:57 | 219.482303 | 356.506303 
 4149.9795 | 08741.5362 | 14:38:58 | 219.499884 | 356.513682 
 4149.9859 | 08741.5157 | 14:38:59 | 219.517464 | 356.521175 
 4149.9924 | 08741.4953 | 14:39:00 | 219.534957 | 356.528782 
 4149.9989 | 08741.4748 | 14:39:01 | 219.552536 | 356.536391 
 4150.0054 | 08741.4543 | 14:39:02 | 219.570115 | 356.543999 
 4150.0119 | 08741.4336 | 14:39:03 | 219.587866 | 356.551609 
 4150.0184 | 08741.4129 | 14:39:04 | 219.605617 | 356.559219 
 4150.0250 | 08741.3921 | 14:39:05 | 219.623453 | 356.566944 
 4150.0315 | 08741.3713 | 14:39:06 | 219.641290 | 356.574555 
 4150.0379 | 08741.3505 | 14:39:07 | 219.659128 | 356.582051 
 4150.0444 | 08741.3298 | 14:39:08 | 219.676878 | 356.589661 
 4150.0508 | 08741.3093 | 14:39:09 | 219.694458 | 356.597155 
 4150.0572 | 08741.2890 | 14:39:10 | 219.711865 | 356.604648 
 4150.0637 | 08741.2686 | 14:39:11 | 219.729358 | 356.612256 
 4150.0701 | 08741.2482 | 14:39:12 | 219.746851 | 356.619749 
 4150.0766 | 08741.2277 | 14:39:13 | 219.764429 | 356.627359 
 4150.0831 | 08741.2072 | 14:39:14 | 219.782007 | 356.634968 
 4150.0895 | 08741.1867 | 14:39:15 | 219.799587 | 356.642462 
 4150.0959 | 08741.1663 | 14:39:16 | 219.817080 | 356.649956 
 4150.1022 | 08741.1463 | 14:39:17 | 219.834229 | 356.657332 
 4150.1083 | 08741.1265 | 14:39:18 | 219.851209 | 356.664477 
 4150.1144 | 08741.1069 | 14:39:19 | 219.868016 | 356.671621 
 4150.1206 | 08741.0873 | 14:39:20 | 219.884822 | 356.678880 
 4150.1268 | 08741.0677 | 14:39:21 | 219.901629 | 356.686139 
 4150.1329 | 08741.0482 | 14:39:22 | 219.918350 | 356.693282 
 4150.1390 | 08741.0289 | 14:39:23 | 219.934899 | 356.700424 
 4150.1450 | 08741.0099 | 14:39:24 | 219.951190 | 356.707449 
 4150.1510 | 08740.9910 | 14:39:25 | 219.967396 | 356.714473 
 4150.1570 | 08740.9722 | 14:39:26 | 219.983516 | 356.721497 
 4150.1630 | 08740.9534 | 14:39:27 | 219.999635 | 356.728521 
 4150.1689 | 08740.9346 | 14:39:28 | 220.015756 | 356.735430 
 4150.1745 | 08740.9176 | 14:39:29 | 220.030330 | 356.741982 
 4150.1802 | 08740.8999 | 14:39:30 | 220.045506 | 356.748654 
 4150.1856 | 08740.8816 | 14:39:31 | 220.061201 | 356.754985 
 4150.1912 | 08740.8632 | 14:39:32 | 220.076979 | 356.761547 
 4150.1969 | 08740.8445 | 14:39:33 | 220.093015 | 356.768225 
 4150.2024 | 08740.8257 | 14:39:34 | 220.109139 | 356.774674 
 4150.2069 | 08740.8065 | 14:39:35 | 220.125615 | 356.779976 
 4150.2110 | 08740.7871 | 14:39:36 | 220.142267 | 356.784819 
 4150.2142 | 08740.7670 | 14:39:37 | 220.159529 | 356.788631 
 4150.2166 | 08740.7464 | 14:39:38 | 220.177228 | 356.791527 
 4150.2186 | 08740.7257 | 14:39:39 | 220.195016 | 356.793963 
 4150.2200 | 08740.7049 | 14:39:40 | 220.212896 | 356.795710 
 4150.2208 | 08740.6841 | 14:39:41 | 220.230781 | 356.796766 
 4150.2211 | 08740.6634 | 14:39:42 | 220.248584 | 356.797247 
 4150.2214 | 08740.6429 | 14:39:43 | 220.266216 | 356.797727 
 4150.2218 | 08740.6227 | 14:39:44 | 220.283588 | 356.798320 
 4150.2221 | 08740.6026 | 14:39:45 | 220.300875 | 356.798797 
 4150.2225 | 08740.5825 | 14:39:46 | 220.318161 | 356.799389 
 4150.2229 | 08740.5622 | 14:39:47 | 220.335620 | 356.799983 
 4150.2233 | 08740.5419 | 14:39:48 | 220.353078 | 356.800577 
 4150.2242 | 08740.5013 | 14:39:50 | 220.387994 | 356.801880 
 4150.2246 | 08740.4810 | 14:39:51 | 220.405452 | 356.802474 
 4150.2244 | 08740.4611 | 14:39:52 | 220.422572 | 356.802375 
 4150.2245 | 08740.4421 | 14:39:53 | 220.438914 | 356.802615 
 4150.2251 | 08740.4220 | 14:39:54 | 220.456199 | 356.803438 
 4150.2257 | 08740.4020 | 14:39:55 | 220.473397 | 356.804260 
 4150.2262 | 08740.3819 | 14:39:56 | 220.490683 | 356.804968 
 4150.2268 | 08740.3617 | 14:39:57 | 220.508053 | 356.805792 
 4150.2273 | 08740.3416 | 14:39:58 | 220.525339 | 356.806500 
 4150.2276 | 08740.3214 | 14:39:59 | 220.542712 | 356.806979 
 4150.2279 | 08740.3012 | 14:40:00 | 220.560085 | 356.807458 
 4150.2283 | 08740.2813 | 14:40:01 | 220.577199 | 356.808050 
 4150.2287 | 08740.2616 | 14:40:02 | 220.594142 | 356.808641 
 4150.2291 | 08740.2425 | 14:40:03 | 220.610568 | 356.809228 
 4150.2295 | 08740.2241 | 14:40:04 | 220.626391 | 356.809810 
 4150.2298 | 08740.2060 | 14:40:05 | 220.641958 | 356.810275 
 4150.2297 | 08740.1880 | 14:40:06 | 220.657443 | 356.810280 
 4150.2296 | 08740.1699 | 14:40:07 | 220.673013 | 356.810285 
 4150.2299 | 08740.1518 | 14:40:08 | 220.688580 | 356.810750 
 4150.2313 | 08740.1339 | 14:40:09 | 220.703965 | 356.812480 
 4150.2332 | 08740.1159 | 14:40:10 | 220.719431 | 356.814785 
 4150.2360 | 08740.0979 | 14:40:11 | 220.734889 | 356.818126 
 4150.2395 | 08740.0797 | 14:40:12 | 220.750514 | 356.822273 
 4150.2436 | 08740.0617 | 14:40:13 | 220.765960 | 356.827109 
 4150.2485 | 08740.0436 | 14:40:14 | 220.781486 | 356.832866 
 4150.2541 | 08740.0257 | 14:40:15 | 220.796834 | 356.839426 
 4150.2602 | 08740.0077 | 14:40:16 | 220.812262 | 356.846563 
 4150.2668 | 08739.9900 | 14:40:17 | 220.827429 | 356.854273 
 4150.2741 | 08739.9724 | 14:40:18 | 220.842503 | 356.862787 
 4150.2821 | 08739.9551 | 14:40:19 | 220.857312 | 356.872105 
 4150.2908 | 08739.9381 | 14:40:20 | 220.871857 | 356.882225 
 4150.3000 | 08739.9217 | 14:40:21 | 220.885882 | 356.892917 
 4150.3094 | 08739.9057 | 14:40:22 | 220.899561 | 356.903837 
 4150.3187 | 08739.8899 | 14:40:23 | 220.913068 | 356.914640 
 4150.3277 | 08739.8741 | 14:40:24 | 220.926578 | 356.925098 
 4150.3364 | 08739.8583 | 14:40:25 | 220.940091 | 356.935211 
 4150.3449 | 08739.8426 | 14:40:26 | 220.953519 | 356.945093 
 4150.3533 | 08739.8271 | 14:40:27 | 220.966776 | 356.954859 
 4150.3618 | 08739.8120 | 14:40:28 | 220.979689 | 356.964737 
 4150.3703 | 08739.7978 | 14:40:29 | 220.991827 | 356.974610 
 4150.3784 | 08739.7840 | 14:40:30 | 221.003624 | 356.984019 
 4150.3865 | 08739.7702 | 14:40:31 | 221.015422 | 356.993429 
 4150.3945 | 08739.7566 | 14:40:32 | 221.027048 | 357.002722 
 4150.4026 | 08739.7429 | 14:40:33 | 221.038759 | 357.012131 
 4150.4107 | 08739.7292 | 14:40:34 | 221.050470 | 357.021540 
 4150.4143 | 08739.7219 | 14:40:35 | 221.056717 | 357.025730 
 4150.4193 | 08739.7112 | 14:40:36 | 221.065876 | 357.031554 
 4150.4250 | 08739.6992 | 14:40:37 | 221.076146 | 357.038191 
 4150.4323 | 08739.6889 | 14:40:38 | 221.084940 | 357.046657 
 4150.4387 | 08739.6773 | 14:40:39 | 221.094860 | 357.054096 
 4150.4452 | 08739.6652 | 14:40:40 | 221.105209 | 357.061654 
 4150.4515 | 08739.6526 | 14:40:41 | 221.115990 | 357.068986 
 4150.4578 | 08739.6400 | 14:40:42 | 221.126771 | 357.076317 
 4150.4643 | 08739.6278 | 14:40:43 | 221.137206 | 357.083876 
 4150.4707 | 08739.6154 | 14:40:44 | 221.147814 | 357.091321 
 4150.4767 | 08739.6026 | 14:40:45 | 221.158770 | 357.098309 
 4150.4829 | 08739.5903 | 14:40:46 | 221.169294 | 357.105523 
 4150.4889 | 08739.5779 | 14:40:47 | 221.179905 | 357.112509 
 4150.4949 | 08739.5655 | 14:40:48 | 221.190517 | 357.119494 
 4150.5008 | 08739.5530 | 14:40:49 | 221.201215 | 357.126365 
 4150.5067 | 08739.5406 | 14:40:50 | 221.211827 | 357.133235 
 4150.5126 | 08739.5282 | 14:40:51 | 221.222440 | 357.140105 
 4150.5184 | 08739.5159 | 14:40:52 | 221.232967 | 357.146859 
 4150.5242 | 08739.5033 | 14:40:53 | 221.243752 | 357.153616 
 4150.5301 | 08739.4906 | 14:40:54 | 221.254622 | 357.160488 
 4150.5361 | 08739.4777 | 14:40:55 | 221.265664 | 357.167477 
 4150.5420 | 08739.4647 | 14:40:56 | 221.276792 | 357.174351 
 4150.5478 | 08739.4519 | 14:40:57 | 221.287749 | 357.181110 
 4150.5535 | 08739.4392 | 14:40:58 | 221.298621 | 357.187752 
 4150.5590 | 08739.4263 | 14:40:59 | 221.309666 | 357.194166 
 4150.5644 | 08739.4131 | 14:41:00 | 221.320971 | 357.200466 
 4150.5696 | 08739.3997 | 14:41:01 | 221.332449 | 357.206538 
 4150.5747 | 08739.3861 | 14:41:02 | 221.344101 | 357.212497 
 4150.5798 | 08739.3728 | 14:41:03 | 221.355494 | 357.218453 
 4150.5846 | 08739.3598 | 14:41:04 | 221.366632 | 357.224063 
 4150.5892 | 08739.3474 | 14:41:05 | 221.377255 | 357.229438 
 4150.5936 | 08739.3357 | 14:41:06 | 221.387279 | 357.234578 
 4150.5979 | 08739.3246 | 14:41:07 | 221.396787 | 357.239600 
 4150.6021 | 08739.3140 | 14:41:08 | 221.405866 | 357.244503 
 4150.6062 | 08739.3037 | 14:41:09 | 221.414688 | 357.249289 
 4150.6102 | 08739.2936 | 14:41:10 | 221.423338 | 357.253958 
 4150.6143 | 08739.2837 | 14:41:11 | 221.431816 | 357.258742 
 4150.6182 | 08739.2737 | 14:41:12 | 221.440382 | 357.263296 
 4150.6222 | 08739.2638 | 14:41:13 | 221.448860 | 357.267964 
 4150.6263 | 08739.2539 | 14:41:14 | 221.457338 | 357.272747 
 4150.6304 | 08739.2438 | 14:41:15 | 221.465988 | 357.277532 
 4150.6344 | 08739.2337 | 14:41:16 | 221.474638 | 357.282202 
 4150.6384 | 08739.2236 | 14:41:17 | 221.483289 | 357.286871 
 4150.6424 | 08739.2135 | 14:41:18 | 221.491940 | 357.291541 
 4150.6463 | 08739.2033 | 14:41:19 | 221.500677 | 357.296097 
 4150.6504 | 08739.1930 | 14:41:20 | 221.509499 | 357.300883 
 4150.6545 | 08739.1826 | 14:41:21 | 221.518406 | 357.305670 
 4150.6586 | 08739.1721 | 14:41:22 | 221.527400 | 357.310457 
 4150.6628 | 08739.1616 | 14:41:23 | 221.536393 | 357.315360 
 4150.6671 | 08739.1510 | 14:41:24 | 221.545470 | 357.320378 
 4150.6715 | 08739.1405 | 14:41:25 | 221.554461 | 357.325511 
 4150.6759 | 08739.1300 | 14:41:26 | 221.563452 | 357.330643 
 4150.6803 | 08739.1195 | 14:41:27 | 221.572443 | 357.335776 
 4150.6845 | 08739.1085 | 14:41:28 | 221.581866 | 357.340682 
 4150.6887 | 08739.0974 | 14:41:29 | 221.591374 | 357.345589 
 4150.6927 | 08739.0859 | 14:41:30 | 221.601229 | 357.350269 
 4150.6965 | 08739.0742 | 14:41:31 | 221.611257 | 357.354719 
 4150.7000 | 08739.0622 | 14:41:32 | 221.621546 | 357.358827 
 4150.7033 | 08739.0499 | 14:41:33 | 221.632095 | 357.362707 
 4150.7062 | 08739.0374 | 14:41:34 | 221.642819 | 357.366128 
 4150.7089 | 08739.0246 | 14:41:35 | 221.653804 | 357.369322 
 4150.7114 | 08739.0118 | 14:41:36 | 221.664790 | 357.372285 
 4150.7135 | 08738.9987 | 14:41:37 | 221.676038 | 357.374790 
 4150.7153 | 08738.9856 | 14:41:38 | 221.687288 | 357.376950 
 4150.7169 | 08738.9723 | 14:41:39 | 221.698713 | 357.378881 
 4150.7182 | 08738.9590 | 14:41:40 | 221.710140 | 357.380468 
 4150.7193 | 08738.9457 | 14:41:41 | 221.721569 | 357.381824 
 4150.7202 | 08738.9326 | 14:41:42 | 221.732828 | 357.382949 
 4150.7211 | 08738.9195 | 14:41:43 | 221.744087 | 357.384074 
 4150.7219 | 08738.9062 | 14:41:44 | 221.755518 | 357.385086 
 4150.7227 | 08738.8929 | 14:41:45 | 221.766950 | 357.386097 
 4150.7235 | 08738.8796 | 14:41:46 | 221.778382 | 357.387109 
 4150.7241 | 08738.8662 | 14:41:47 | 221.789901 | 357.387891 
 4150.7245 | 08738.8527 | 14:41:48 | 221.801509 | 357.388444 
 4150.7256 | 08738.8397 | 14:41:49 | 221.812680 | 357.389798 
 4150.7262 | 08738.8261 | 14:41:50 | 221.824371 | 357.390582 
 4150.7270 | 08738.8128 | 14:41:51 | 221.835803 | 357.391593 
 4150.7327 | 08738.7991 | 14:41:52 | 221.847533 | 357.398244 
 4150.7342 | 08738.7866 | 14:41:53 | 221.858271 | 357.400055 
 4150.7367 | 08738.7735 | 14:41:54 | 221.869515 | 357.403021 
 4150.7393 | 08738.7603 | 14:41:55 | 221.880844 | 357.406103 
 4150.7424 | 08738.7470 | 14:41:56 | 221.892254 | 357.409760 
 4150.7457 | 08738.7337 | 14:41:57 | 221.903663 | 357.413647 
 4150.7491 | 08738.7201 | 14:41:58 | 221.915328 | 357.417652 
 4150.7527 | 08738.7064 | 14:41:59 | 221.927078 | 357.421887 
 4150.7562 | 08738.6926 | 14:42:00 | 221.938915 | 357.426008 
 4150.7597 | 08738.6786 | 14:42:01 | 221.950924 | 357.430131 
 4150.7634 | 08738.6647 | 14:42:02 | 221.962845 | 357.434482 
 4150.7672 | 08738.6510 | 14:42:03 | 221.974592 | 357.438948 
 4150.7710 | 08738.6379 | 14:42:04 | 221.985824 | 357.443409 
 4150.7747 | 08738.6257 | 14:42:05 | 221.996283 | 357.447749 
 4150.7782 | 08738.6141 | 14:42:06 | 222.006227 | 357.451855 
 4150.7816 | 08738.6030 | 14:42:07 | 222.015743 | 357.455843 
 4150.7851 | 08738.5923 | 14:42:08 | 222.024913 | 357.459943 
 4150.7885 | 08738.5818 | 14:42:09 | 222.033912 | 357.463926 
 4150.7920 | 08738.5714 | 14:42:10 | 222.042825 | 357.468024 
 4150.7957 | 08738.5614 | 14:42:11 | 222.051391 | 357.472349 
 4150.7994 | 08738.5539 | 14:42:12 | 222.057807 | 357.476657 
 4150.8034 | 08738.5453 | 14:42:13 | 222.065167 | 357.481317 
 4150.8078 | 08738.5367 | 14:42:14 | 222.072523 | 357.486438 
 4150.8136 | 08738.5342 | 14:42:15 | 222.074619 | 357.493127 
 4150.8191 | 08738.5299 | 14:42:16 | 222.078266 | 357.499483 
 4150.8256 | 08738.5268 | 14:42:17 | 222.080872 | 357.506981 
 4150.8315 | 08738.5239 | 14:42:18 | 222.083312 | 357.513787 
 4150.8436 | 08738.5186 | 14:42:20 | 222.087758 | 357.527742 
 4150.8496 | 08738.5160 | 14:42:21 | 222.089939 | 357.534661 
 4150.8566 | 08738.5149 | 14:42:22 | 222.090820 | 357.542721 
 4150.8572 | 08738.5201 | 14:42:23 | 222.086342 | 357.543375 
 4150.8621 | 08738.5276 | 14:42:24 | 222.079846 | 357.548959 
 4150.8665 | 08738.5324 | 14:42:25 | 222.075677 | 357.553987 
 4150.8688 | 08738.5344 | 14:42:26 | 222.073936 | 357.556619 
 4150.8710 | 08738.5367 | 14:42:27 | 222.071938 | 357.559133 
 4150.8737 | 08738.5396 | 14:42:28 | 222.069418 | 357.562219 
 4150.8768 | 08738.5433 | 14:42:29 | 222.066208 | 357.565759 
 4150.8800 | 08738.5475 | 14:42:30 | 222.062566 | 357.569411 
 4150.8833 | 08738.5526 | 14:42:31 | 222.058149 | 357.573172 
 4150.8869 | 08738.5579 | 14:42:32 | 222.053557 | 357.577276 
 4150.8906 | 08738.5635 | 14:42:33 | 222.048707 | 357.581493 
 4150.8945 | 08738.5693 | 14:42:34 | 222.043683 | 357.585939 
 4150.8983 | 08738.5749 | 14:42:35 | 222.038831 | 357.590271 
 4150.9021 | 08738.5803 | 14:42:36 | 222.034152 | 357.594605 
 4150.9061 | 08738.5859 | 14:42:37 | 222.029299 | 357.599167 
 4150.9102 | 08738.5915 | 14:42:38 | 222.024445 | 357.603844 
 4150.9146 | 08738.5971 | 14:42:39 | 222.019588 | 357.608867 
 4150.9193 | 08738.6024 | 14:42:40 | 222.014986 | 357.614236 
 4150.9245 | 08738.6074 | 14:42:41 | 222.010638 | 357.620183 
 4150.9300 | 08738.6124 | 14:42:42 | 222.006287 | 357.626475 
 4150.9360 | 08738.6172 | 14:42:43 | 222.002103 | 357.633343 
 4150.9420 | 08738.6216 | 14:42:44 | 221.998264 | 357.640214 
 4150.9480 | 08738.6253 | 14:42:45 | 221.995026 | 357.647090 
 4150.9535 | 08738.6286 | 14:42:46 | 221.992137 | 357.653394 
 4150.9587 | 08738.6316 | 14:42:47 | 221.989509 | 357.659354 
 4150.9637 | 08738.6345 | 14:42:48 | 221.986969 | 357.665085 
 4150.9689 | 08738.6373 | 14:42:49 | 221.984513 | 357.671047 
 4150.9743 | 08738.6405 | 14:42:50 | 221.981711 | 357.677237 
 4150.9803 | 08738.6439 | 14:42:51 | 221.978732 | 357.684115 
 4150.9865 | 08738.6475 | 14:42:52 | 221.975578 | 357.691221 
 4150.9931 | 08738.6512 | 14:42:53 | 221.972335 | 357.698787 
 4150.9999 | 08738.6549 | 14:42:54 | 221.969090 | 357.706584 
 4151.0068 | 08738.6589 | 14:42:55 | 221.965587 | 357.714493 
 4151.0139 | 08738.6628 | 14:42:56 | 221.962167 | 357.722633 
 4151.0214 | 08738.6661 | 14:42:57 | 221.959260 | 357.731237 
 4151.0290 | 08738.6689 | 14:42:58 | 221.956782 | 357.739959 
 4151.0369 | 08738.6712 | 14:42:59 | 221.954731 | 357.749030 
 4151.0452 | 08738.6729 | 14:43:00 | 221.953192 | 357.758566 
 4151.0539 | 08738.6741 | 14:43:01 | 221.952080 | 357.768565 
 4151.0630 | 08738.6748 | 14:43:02 | 221.951394 | 357.779027 
 4151.0721 | 08738.6751 | 14:43:03 | 221.951052 | 357.789492 
 4151.0814 | 08738.6751 | 14:43:04 | 221.950966 | 357.800190 
 4151.0923 | 08738.6759 | 14:43:05 | 221.950178 | 357.812722 
 4151.1029 | 08738.6765 | 14:43:06 | 221.949564 | 357.824910 
 4151.1133 | 08738.6768 | 14:43:07 | 221.949210 | 357.836871 
 4151.1238 | 08738.6769 | 14:43:08 | 221.949027 | 357.848948 
 4151.1342 | 08738.6770 | 14:43:09 | 221.948845 | 357.860910 
 4151.1445 | 08738.6771 | 14:43:10 | 221.948664 | 357.872756 
 4151.1549 | 08738.6772 | 14:43:11 | 221.948482 | 357.884718 
 4151.1660 | 08738.6751 | 14:43:12 | 221.950186 | 357.897501 
 4151.1819 | 08738.6782 | 14:43:13 | 221.947373 | 357.915768 
 4151.1936 | 08738.6785 | 14:43:14 | 221.947007 | 357.929224 
 4151.2053 | 08738.6792 | 14:43:15 | 221.946297 | 357.942677 
 4151.2171 | 08738.6798 | 14:43:16 | 221.945672 | 357.956246 
 4151.2284 | 08738.6796 | 14:43:17 | 221.945740 | 357.969245 
 4151.2394 | 08738.6791 | 14:43:18 | 221.946069 | 357.981901 
 4151.2502 | 08738.6783 | 14:43:19 | 221.946657 | 357.994330 
 4151.2611 | 08738.6773 | 14:43:20 | 221.947416 | 358.006874 
 4151.2714 | 08738.6757 | 14:43:21 | 221.948697 | 358.018733 
 4151.2818 | 08738.6739 | 14:43:22 | 221.950149 | 358.030708 
 4151.2925 | 08738.6720 | 14:43:23 | 221.951684 | 358.043029 
 4151.3030 | 08738.6699 | 14:43:24 | 221.953393 | 358.055121 
 4151.3139 | 08738.6680 | 14:43:25 | 221.954927 | 358.067671 
 4151.3246 | 08738.6659 | 14:43:26 | 221.956634 | 358.079994 
 4151.3351 | 08738.6638 | 14:43:27 | 221.958343 | 358.092086 
 4151.3456 | 08738.6617 | 14:43:28 | 221.960052 | 358.104178 
 4151.3563 | 08738.6593 | 14:43:29 | 221.962017 | 358.116502 
 4151.3687 | 08738.6553 | 14:43:30 | 221.965342 | 358.130793 
 4151.3769 | 08738.6555 | 14:43:31 | 221.965094 | 358.140223 
 4151.3867 | 08738.6535 | 14:43:32 | 221.966724 | 358.151510 
 4151.3917 | 08738.6456 | 14:43:33 | 221.973471 | 358.157315 
 4151.4015 | 08738.6439 | 14:43:34 | 221.974842 | 358.168600 
 4151.4112 | 08738.6426 | 14:43:35 | 221.975871 | 358.179766 
 4151.4210 | 08738.6418 | 14:43:36 | 221.976468 | 358.191044 
 4151.4310 | 08738.6414 | 14:43:37 | 221.976720 | 358.202549 
 4151.4413 | 08738.6417 | 14:43:38 | 221.976367 | 358.214395 
 4151.4518 | 08738.6428 | 14:43:39 | 221.975324 | 358.226465 
 4151.4619 | 08738.6433 | 14:43:40 | 221.974801 | 358.238079 
 4151.4720 | 08738.6437 | 14:43:41 | 221.974363 | 358.249694 
 4151.4825 | 08738.6442 | 14:43:42 | 221.973837 | 358.261768 
 4151.4932 | 08738.6447 | 14:43:43 | 221.973308 | 358.274072 
 4151.5039 | 08738.6451 | 14:43:44 | 221.972865 | 358.286377 
 4151.5148 | 08738.6455 | 14:43:45 | 221.972420 | 358.298912 
 4151.5259 | 08738.6460 | 14:43:46 | 221.971888 | 358.311676 
 4151.5371 | 08738.6466 | 14:43:47 | 221.971269 | 358.324555 
 4151.5483 | 08738.6470 | 14:43:48 | 221.970821 | 358.337435 
 4151.5595 | 08738.6473 | 14:43:49 | 221.970460 | 358.350316 
 4151.5706 | 08738.6476 | 14:43:50 | 221.970099 | 358.363081 
 4151.5819 | 08738.6479 | 14:43:51 | 221.969737 | 358.376077 
 4151.5933 | 08738.6483 | 14:43:52 | 221.969288 | 358.389187 
 4151.6048 | 08738.6487 | 14:43:53 | 221.968838 | 358.402412 
 4151.6165 | 08738.6492 | 14:43:54 | 221.968300 | 358.415867 
 4151.6282 | 08738.6496 | 14:43:55 | 221.967848 | 358.429322 
 4151.6401 | 08738.6500 | 14:43:56 | 221.967394 | 358.443007 
 4151.6521 | 08738.6504 | 14:43:57 | 221.966939 | 358.456808 
 4151.6643 | 08738.6508 | 14:43:58 | 221.966483 | 358.470838 
 4151.6764 | 08738.6511 | 14:43:59 | 221.966113 | 358.484754 
 4151.6887 | 08738.6515 | 14:44:00 | 221.965655 | 358.498899 
 4151.7011 | 08738.6519 | 14:44:01 | 221.965197 | 358.513159 
 4151.7136 | 08738.6523 | 14:44:02 | 221.964738 | 358.527535 
 4151.7262 | 08738.6527 | 14:44:03 | 221.964277 | 358.542025 
 4151.7389 | 08738.6531 | 14:44:04 | 221.963816 | 358.556631 
 4151.7517 | 08738.6535 | 14:44:05 | 221.963354 | 358.571351 
 4151.7646 | 08738.6537 | 14:44:06 | 221.963063 | 358.586188 
 4151.7775 | 08738.6538 | 14:44:07 | 221.962858 | 358.601026 
 4151.7903 | 08738.6538 | 14:44:08 | 221.962740 | 358.615749 
 4151.8033 | 08738.6540 | 14:44:09 | 221.962448 | 358.630701 
 4151.8160 | 08738.6541 | 14:44:10 | 221.962245 | 358.645308 
 4151.8284 | 08738.6541 | 14:44:11 | 221.962130 | 358.659571 
 4151.8408 | 08738.6540 | 14:44:12 | 221.962102 | 358.673835 
 4151.8530 | 08738.6536 | 14:44:13 | 221.962333 | 358.687871 
 4151.8652 | 08738.6531 | 14:44:14 | 221.962650 | 358.701907 
 4151.8770 | 08738.6523 | 14:44:15 | 221.963229 | 358.715486 
 4151.8886 | 08738.6516 | 14:44:16 | 221.963724 | 358.728834 
 4151.8999 | 08738.6507 | 14:44:17 | 221.964393 | 358.741838 
 4151.9108 | 08738.6497 | 14:44:18 | 221.965152 | 358.754382 
 4151.9214 | 08738.6487 | 14:44:19 | 221.965914 | 358.766582 
 4151.9316 | 08738.6475 | 14:44:20 | 221.966852 | 358.778323 
 4151.9415 | 08738.6464 | 14:44:21 | 221.967706 | 358.789718 
 4151.9510 | 08738.6455 | 14:44:22 | 221.968392 | 358.800651 
 4151.9600 | 08738.6452 | 14:44:23 | 221.968567 | 358.811006 
 4151.9676 | 08738.6449 | 14:44:24 | 221.968755 | 358.819750 
 4151.9747 | 08738.6449 | 14:44:25 | 221.968689 | 358.827917 
 4151.9815 | 08738.6450 | 14:44:26 | 221.968541 | 358.835738 
 4151.9877 | 08738.6454 | 14:44:27 | 221.968139 | 358.842866 
 4151.9931 | 08738.6456 | 14:44:28 | 221.967918 | 358.849076 
 4151.9979 | 08738.6458 | 14:44:29 | 221.967701 | 358.854596 
 4152.0020 | 08738.6459 | 14:44:30 | 221.967577 | 358.859312 
 4152.0050 | 08738.6459 | 14:44:31 | 221.967550 | 358.862762 
 4152.0071 | 08738.6460 | 14:44:32 | 221.967444 | 358.865177 
 4152.0085 | 08738.6460 | 14:44:33 | 221.967431 | 358.866787 
 4152.0095 | 08738.6459 | 14:44:34 | 221.967508 | 358.867938 
 4152.0104 | 08738.6459 | 14:44:35 | 221.967500 | 358.868974 
 4152.0112 | 08738.6459 | 14:44:36 | 221.967493 | 358.869894 
 4152.0126 | 08738.6458 | 14:44:37 | 221.967566 | 358.871505 
 4152.0152 | 08738.6456 | 14:44:38 | 221.967713 | 358.874497 
 4152.0186 | 08738.6448 | 14:44:39 | 221.968370 | 358.878413 
 4152.0225 | 08738.6437 | 14:44:40 | 221.969280 | 358.882907 
 4152.0263 | 08738.6423 | 14:44:41 | 221.970448 | 358.887288 
 4152.0289 | 08738.6398 | 14:44:42 | 221.972574 | 358.890295 
 4152.0316 | 08738.6367 | 14:44:43 | 221.975214 | 358.893423 
 4152.0344 | 08738.6327 | 14:44:44 | 221.978627 | 358.896671 
 4152.0372 | 08738.6277 | 14:44:45 | 221.982900 | 358.899926 
 4152.0334 | 08738.6200 | 14:44:46 | 221.989556 | 358.895608 
 4152.0336 | 08738.6126 | 14:44:47 | 221.995917 | 358.895889 
 4152.0339 | 08738.6045 | 14:44:48 | 222.002878 | 358.896291 
 4152.0330 | 08738.5957 | 14:44:49 | 222.010452 | 358.895316 
 4152.0326 | 08738.5870 | 14:44:50 | 222.017936 | 358.894916 
 4152.0324 | 08738.5787 | 14:44:51 | 222.025074 | 358.894743 
 4152.0325 | 08738.5710 | 14:44:52 | 222.031694 | 358.894912 
 4152.0326 | 08738.5643 | 14:44:53 | 222.037453 | 358.895073 
 4152.0326 | 08738.5590 | 14:44:54 | 222.042010 | 358.895110 
 4152.0326 | 08738.5553 | 14:44:55 | 222.045192 | 358.895135 
 4152.0326 | 08738.5521 | 14:44:56 | 222.047943 | 358.895157 
 4152.0325 | 08738.5493 | 14:44:57 | 222.050351 | 358.895062 
 4152.0324 | 08738.5471 | 14:44:58 | 222.052244 | 358.894962 
 4152.0324 | 08738.5459 | 14:44:59 | 222.053275 | 358.894970 
 4152.0323 | 08738.5454 | 14:45:00 | 222.053706 | 358.894859 
 4152.0323 | 08738.5453 | 14:45:01 | 222.053792 | 358.894859 
 4152.0323 | 08738.5453 | 14:45:02 | 222.053792 | 358.894859 
 4152.0323 | 08738.5453 | 14:45:03 | 222.053792 | 358.894859 
 4152.0323 | 08738.5453 | 14:45:04 | 222.053792 | 358.894859 
 4152.0323 | 08738.5453 | 14:45:05 | 222.053792 | 358.894859 
 4152.0323 | 08738.5453 | 14:45:06 | 222.053792 | 358.894859 
 4152.0323 | 08738.5453 | 14:45:07 | 222.053792 | 358.894859 
 4152.0315 | 08738.5448 | 14:45:08 | 222.054230 | 358.893943 
 4152.0314 | 08738.5434 | 14:45:09 | 222.055434 | 358.893837 
 4152.0312 | 08738.5404 | 14:45:10 | 222.058015 | 358.893628 
 4152.0311 | 08738.5359 | 14:45:11 | 222.061885 | 358.893544 
 4152.0310 | 08738.5304 | 14:45:12 | 222.066615 | 358.893467 
 4152.0309 | 08738.5239 | 14:45:13 | 222.072205 | 358.893397 
 4152.0307 | 08738.5167 | 14:45:14 | 222.078397 | 358.893217 
 4152.0305 | 08738.5092 | 14:45:15 | 222.084847 | 358.893039 
 4152.0306 | 08738.5016 | 14:45:16 | 222.091381 | 358.893207 
 4152.0308 | 08738.4937 | 14:45:17 | 222.098171 | 358.893491 
 4152.0309 | 08738.4855 | 14:45:18 | 222.105220 | 358.893663 
 4152.0309 | 08738.4773 | 14:45:19 | 222.112271 | 358.893720 
 4152.0308 | 08738.4693 | 14:45:20 | 222.119150 | 358.893660 
 4152.0306 | 08738.4621 | 14:45:21 | 222.125342 | 358.893480 
 4152.0302 | 08738.4562 | 14:45:22 | 222.130419 | 358.893061 
 4152.0297 | 08738.4518 | 14:45:23 | 222.134206 | 358.892517 
 4152.0288 | 08738.4491 | 14:45:24 | 222.136536 | 358.891500 
 4152.0278 | 08738.4473 | 14:45:25 | 222.138093 | 358.890362 
 4152.0270 | 08738.4456 | 14:45:26 | 222.139562 | 358.889454 
 4152.0262 | 08738.4462 | 14:45:27 | 222.139054 | 358.888530 
 4152.0255 | 08738.4460 | 14:45:28 | 222.139232 | 358.887726 
 4152.0250 | 08738.4459 | 14:45:29 | 222.139323 | 358.887151 
 4152.0249 | 08738.4448 | 14:45:30 | 222.140269 | 358.887044 
 4152.0332 | 08738.4458 | 14:45:31 | 222.139333 | 358.896584 
 4152.0333 | 08738.4447 | 14:45:32 | 222.140277 | 358.896707 
 4152.0333 | 08738.4436 | 14:45:33 | 222.141223 | 358.896714 
 4152.0331 | 08738.4432 | 14:45:34 | 222.141569 | 358.896487 
 4152.0329 | 08738.4434 | 14:45:35 | 222.141399 | 358.896256 
 4152.0206 | 08738.4411 | 14:45:36 | 222.143491 | 358.882123 
 4152.0148 | 08738.4405 | 14:45:37 | 222.144060 | 358.875456 
 4152.0086 | 08738.4401 | 14:45:38 | 222.144462 | 358.868327 
 4152.0024 | 08738.4400 | 14:45:39 | 222.144605 | 358.861197 
 4151.9950 | 08738.4398 | 14:45:40 | 222.144846 | 358.852686 
 4151.9881 | 08738.4396 | 14:45:41 | 222.145082 | 358.844751 
 4151.9809 | 08738.4395 | 14:45:42 | 222.145235 | 358.836470 
 4151.9734 | 08738.4393 | 14:45:43 | 222.145476 | 358.827844 
 4151.9653 | 08738.4392 | 14:45:44 | 222.145637 | 358.818528 
 4151.9576 | 08738.4390 | 14:45:45 | 222.145881 | 358.809672 
 4151.9498 | 08738.4387 | 14:45:46 | 222.146211 | 358.800702 
 4151.9419 | 08738.4384 | 14:45:47 | 222.146542 | 358.791617 
 4151.9339 | 08738.4380 | 14:45:48 | 222.146961 | 358.782418 
 4151.9259 | 08738.4376 | 14:45:49 | 222.147379 | 358.773219 
 4151.9180 | 08738.4373 | 14:45:50 | 222.147710 | 358.764134 
 4151.9102 | 08738.4369 | 14:45:51 | 222.148126 | 358.755165 
 4151.9026 | 08738.4367 | 14:45:52 | 222.148369 | 358.746424 
 4151.8956 | 08738.4366 | 14:45:53 | 222.148520 | 358.738373 
 4151.8893 | 08738.4365 | 14:45:54 | 222.148664 | 358.731127 
 4151.8839 | 08738.4363 | 14:45:55 | 222.148886 | 358.724917 
 4151.8795 | 08738.4361 | 14:45:56 | 222.149099 | 358.719858 
 4151.8760 | 08738.4357 | 14:45:57 | 222.149476 | 358.715835 
 4151.8731 | 08738.4345 | 14:45:58 | 222.150534 | 358.712507 
 4151.8708 | 08738.4323 | 14:45:59 | 222.152447 | 358.709877 
 4151.8689 | 08738.4294 | 14:46:00 | 222.154958 | 358.707711 
 4151.8691 | 08738.4276 | 14:46:01 | 222.156504 | 358.707954 
 4151.8688 | 08738.4256 | 14:46:02 | 222.158227 | 358.707623 
 4151.8690 | 08738.4232 | 14:46:03 | 222.160288 | 358.707870 
 4151.8693 | 08738.4206 | 14:46:04 | 222.162521 | 358.708233 
 4151.8695 | 08738.4182 | 14:46:05 | 222.164583 | 358.708479 
 4151.8696 | 08738.4160 | 14:46:06 | 222.166474 | 358.708610 
 4151.8697 | 08738.4139 | 14:46:07 | 222.168278 | 358.708739 
 4151.8698 | 08738.4120 | 14:46:08 | 222.169911 | 358.708867 
 4151.8699 | 08738.4103 | 14:46:09 | 222.171372 | 358.708994 
 4151.8700 | 08738.4087 | 14:46:10 | 222.172747 | 358.709120 
 4151.8700 | 08738.4069 | 14:46:11 | 222.174294 | 358.709133 
 4151.8701 | 08738.4049 | 14:46:12 | 222.176013 | 358.709262 
 4151.8702 | 08738.4026 | 14:46:13 | 222.177990 | 358.709393 
 4151.8704 | 08738.4002 | 14:46:14 | 222.180051 | 358.709640 
 4151.8704 | 08738.3981 | 14:46:15 | 222.181857 | 358.709654 
 4151.8706 | 08738.3962 | 14:46:16 | 222.183489 | 358.709897 
 4151.8706 | 08738.3944 | 14:46:17 | 222.185036 | 358.709910 
 4151.8706 | 08738.3926 | 14:46:18 | 222.186584 | 358.709922 
 4151.8707 | 08738.3908 | 14:46:19 | 222.188131 | 358.710050 
 4151.8710 | 08738.3921 | 14:46:20 | 222.187010 | 358.710386 
 4151.8714 | 08738.3916 | 14:46:21 | 222.187437 | 358.710850 
 4151.8714 | 08738.3909 | 14:46:22 | 222.188038 | 358.710854 
 4151.8714 | 08738.3903 | 14:46:23 | 222.188554 | 358.710859 
 4151.8715 | 08738.3888 | 14:46:24 | 222.189843 | 358.710984 
 4151.8716 | 08738.3876 | 14:46:25 | 222.190874 | 358.711107 
 4151.8716 | 08738.3864 | 14:46:26 | 222.191906 | 358.711116 
 4151.8717 | 08738.3853 | 14:46:27 | 222.192851 | 358.711238 
 4151.8717 | 08738.3842 | 14:46:28 | 222.193796 | 358.711246 
 4151.8718 | 08738.3832 | 14:46:29 | 222.194655 | 358.711368 
 4151.8718 | 08738.3821 | 14:46:30 | 222.195601 | 358.711376 
 4151.8718 | 08738.3811 | 14:46:31 | 222.196461 | 358.711383 
 4151.8785 | 08738.3814 | 14:46:32 | 222.196141 | 358.719087 
 4151.8795 | 08738.3806 | 14:46:33 | 222.196819 | 358.720243 
 4151.8784 | 08738.3792 | 14:46:34 | 222.198033 | 358.718987 
 4151.8795 | 08738.3781 | 14:46:35 | 222.198969 | 358.720260 
 4151.8793 | 08738.3786 | 14:46:36 | 222.198541 | 358.720027 
 4151.8810 | 08738.3793 | 14:46:37 | 222.197923 | 358.721977 
 4151.8823 | 08738.3794 | 14:46:38 | 222.197825 | 358.723472 
 4151.8831 | 08738.3794 | 14:46:39 | 222.197818 | 358.724392 
 4151.8835 | 08738.3795 | 14:46:40 | 222.197728 | 358.724852 
 4151.8837 | 08738.3794 | 14:46:41 | 222.197812 | 358.725082 
 4151.8840 | 08738.3794 | 14:46:42 | 222.197809 | 358.725427 
 4151.8843 | 08738.3793 | 14:46:43 | 222.197892 | 358.725773 
 4151.8846 | 08738.3794 | 14:46:44 | 222.197804 | 358.726118 
 4151.8848 | 08738.3795 | 14:46:45 | 222.197716 | 358.726347 
 4151.8851 | 08738.3797 | 14:46:46 | 222.197541 | 358.726691 
 4151.8852 | 08738.3796 | 14:46:47 | 222.197626 | 358.726806 
 4151.8852 | 08738.3796 | 14:46:48 | 222.197626 | 358.726806 
 4151.8854 | 08738.3798 | 14:46:49 | 222.197452 | 358.727035 
 4151.8858 | 08738.3800 | 14:46:50 | 222.197277 | 358.727494 
 4151.8863 | 08738.3802 | 14:46:51 | 222.197100 | 358.728067 
 4151.8869 | 08738.3804 | 14:46:52 | 222.196922 | 358.728756 
 4151.8878 | 08738.3807 | 14:46:53 | 222.196656 | 358.729789 
 4151.8890 | 08738.3807 | 14:46:54 | 222.196645 | 358.731170 
 4151.8903 | 08738.3803 | 14:46:55 | 222.196977 | 358.732668 
 4151.8916 | 08738.3796 | 14:46:56 | 222.197567 | 358.734168 
 4151.8929 | 08738.3791 | 14:46:57 | 222.197984 | 358.735667 
 4151.8926 | 08738.3780 | 14:46:58 | 222.198933 | 358.735329 
 4151.8922 | 08738.3770 | 14:46:59 | 222.199797 | 358.734876 
 4151.8921 | 08738.3765 | 14:47:00 | 222.200227 | 358.734765 
 4151.8921 | 08738.3761 | 14:47:01 | 222.200571 | 358.734767 
 4151.8921 | 08738.3758 | 14:47:02 | 222.200829 | 358.734769 
 4151.8921 | 0