 4151.8753 | 08738.3781 | 15:06:10 | 222.199008 | 358.715429 
 4151.8814 | 08738.3805 | 15:06:20 | 222.196888 | 358.722429 
 4151.8821 | 08738.3803 | 15:06:21 | 222.197053 | 358.723236 
 4151.8828 | 08738.3801 | 15:06:22 | 222.197219 | 358.724042 
 4151.8836 | 08738.3799 | 15:06:23 | 222.197383 | 358.724964 
 4151.8842 | 08738.3797 | 15:06:24 | 222.197549 | 358.725655 
 4151.8848 | 08738.3797 | 15:06:25 | 222.197544 | 358.726346 
 4151.8856 | 08738.3796 | 15:06:26 | 222.197622 | 358.727266 
 4151.8864 | 08738.3795 | 15:06:27 | 222.197701 | 358.728187 
 4151.8870 | 08738.3795 | 15:06:28 | 222.197695 | 358.728877 
 4151.8876 | 08738.3796 | 15:06:29 | 222.197604 | 358.729567 
 4151.8881 | 08738.3793 | 15:06:30 | 222.197857 | 358.730144 
 4151.8887 | 08738.3794 | 15:06:31 | 222.197766 | 358.730834 
 4151.8894 | 08738.3792 | 15:06:32 | 222.197931 | 358.731640 
 4151.8900 | 08738.3791 | 15:06:33 | 222.198011 | 358.732331 
 4151.8907 | 08738.3790 | 15:06:34 | 222.198091 | 358.733137 
 4151.8913 | 08738.3791 | 15:06:35 | 222.197999 | 358.733826 
 4151.8919 | 08738.3788 | 15:06:36 | 222.198252 | 358.734519 
 4151.8925 | 08738.3787 | 15:06:37 | 222.198332 | 358.735209 
 4151.8933 | 08738.3788 | 15:06:38 | 222.198239 | 358.736129 
 4151.8936 | 08738.3784 | 15:06:39 | 222.198580 | 358.736477 
 4151.8941 | 08738.3781 | 15:06:40 | 222.198833 | 358.737054 
 4151.8946 | 08738.3778 | 15:06:41 | 222.199086 | 358.737631 
 4151.8947 | 08738.3774 | 15:06:42 | 222.199429 | 358.737749 
 4151.8949 | 08738.3770 | 15:06:43 | 222.199771 | 358.737982 
 4151.8947 | 08738.3774 | 15:06:44 | 222.199429 | 358.737749 
 4151.8945 | 08738.3769 | 15:06:45 | 222.199861 | 358.737522 
 4151.8944 | 08738.3765 | 15:06:46 | 222.200206 | 358.737410 
 4151.8944 | 08738.3765 | 15:06:47 | 222.200206 | 358.737410 
 4151.8944 | 08738.3765 | 15:06:48 | 222.200206 | 358.737410 
 4151.8944 | 08738.3765 | 15:06:49 | 222.200206 | 358.737410 
 4151.8944 | 08738.3765 | 15:06:50 | 222.200206 | 358.737410 
 4151.8944 | 08738.3765 | 15:06:51 | 222.200206 | 358.737410 
 4151.8944 | 08738.3765 | 15:06:52 | 222.200206 | 358.737410 
 4151.8944 | 08738.3765 | 15:06:53 | 222.200206 | 358.737410 
 4151.8944 | 08738.3765 | 15:06:54 | 222.200206 | 358.737410 
 4151.8944 | 08738.3765 | 15:06:55 | 222.200206 | 358.737410 
 4151.8944 | 08738.3765 | 15:06:56 | 222.200206 | 358.737410 
 4151.8944 | 08738.3765 | 15:06:57 | 222.200206 | 358.737410 
 4151.8944 | 08738.3765 | 15:06:58 | 222.200206 | 358.737410 
 4151.8944 | 08738.3765 | 15:06:59 | 222.200206 | 358.737410 
 4151.8944 | 08738.3765 | 15:07:00 | 222.200206 | 358.737410 
 4151.8944 | 08738.3765 | 15:07:01 | 222.200206 | 358.737410 
 4151.8944 | 08738.3765 | 15:07:02 | 222.200206 | 358.737410 
 4151.8944 | 08738.3765 | 15:07:03 | 222.200206 | 358.737410 
 4151.8944 | 08738.3765 | 15:07:04 | 222.200206 | 358.737410 
 4151.8944 | 08738.3765 | 15:07:05 | 222.200206 | 358.737410 
 4151.8944 | 08738.3765 | 15:07:06 | 222.200206 | 358.737410 
 4151.8944 | 08738.3765 | 15:07:07 | 222.200206 | 358.737410 
 4151.8928 | 08738.3761 | 15:07:08 | 222.200565 | 358.735573 
 4151.8926 | 08738.3763 | 15:07:09 | 222.200395 | 358.735341 
 4151.8926 | 08738.3766 | 15:07:10 | 222.200137 | 358.735339 
 4151.8925 | 08738.3767 | 15:07:11 | 222.200052 | 358.735223 
 4151.8917 | 08738.3762 | 15:07:12 | 222.200489 | 358.734307 
 4151.8915 | 08738.3759 | 15:07:13 | 222.200749 | 358.734079 
 4151.8923 | 08738.3757 | 15:07:14 | 222.200913 | 358.735000 
 4151.8923 | 08738.3759 | 15:07:15 | 222.200741 | 358.734999 
 4151.8921 | 08738.3761 | 15:07:16 | 222.200571 | 358.734767 
 4151.8919 | 08738.3764 | 15:07:17 | 222.200315 | 358.734535 
 4151.8919 | 08738.3764 | 15:07:18 | 222.200315 | 358.734535 
 4151.8926 | 08738.3771 | 15:07:19 | 222.199707 | 358.735336 
 4151.8932 | 08738.3774 | 15:07:20 | 222.199443 | 358.736024 
 4151.8931 | 08738.3768 | 15:07:21 | 222.199960 | 358.735913 
 4151.8933 | 08738.3768 | 15:07:22 | 222.199958 | 358.736143 
 4151.8933 | 08738.3774 | 15:07:23 | 222.199442 | 358.736139 
 4151.8935 | 08738.3779 | 15:07:24 | 222.199011 | 358.736365 
 4151.8937 | 08738.3783 | 15:07:25 | 222.198665 | 358.736593 
 4151.8940 | 08738.3788 | 15:07:26 | 222.198232 | 358.736934 
 4151.8962 | 08738.3789 | 15:07:27 | 222.198126 | 358.739464 
 4151.8967 | 08738.3789 | 15:07:28 | 222.198121 | 358.740039 
 4151.8967 | 08738.3774 | 15:07:29 | 222.199411 | 358.740050 
 4151.8972 | 08738.3772 | 15:07:30 | 222.199578 | 358.740626 
 4151.8976 | 08738.3763 | 15:07:31 | 222.200348 | 358.741092 
 4151.8970 | 08738.3766 | 15:07:32 | 222.200096 | 358.740400 
 4151.8969 | 08738.3763 | 15:07:33 | 222.200355 | 358.740287 
 4151.8967 | 08738.3749 | 15:07:34 | 222.201560 | 358.740067 
 4151.8967 | 08738.3749 | 15:07:35 | 222.201560 | 358.740067 
 4151.8967 | 08738.3749 | 15:07:36 | 222.201560 | 358.740067 
 4151.8967 | 08738.3749 | 15:07:37 | 222.201560 | 358.740067 
 4151.8967 | 08738.3749 | 15:07:38 | 222.201560 | 358.740067 
 4151.8967 | 08738.3749 | 15:07:39 | 222.201560 | 358.740067 
 4151.8967 | 08738.3749 | 15:07:40 | 222.201560 | 358.740067 
 4151.8967 | 08738.3749 | 15:07:41 | 222.201560 | 358.740067 
 4151.8967 | 08738.3749 | 15:07:42 | 222.201560 | 358.740067 
 4151.8967 | 08738.3749 | 15:07:43 | 222.201560 | 358.740067 
 4151.8967 | 08738.3749 | 15:07:44 | 222.201560 | 358.740067 
 4151.8967 | 08738.3749 | 15:07:45 | 222.201560 | 358.740067 
 4151.8967 | 08738.3749 | 15:07:46 | 222.201560 | 358.740067 
 4151.8967 | 08738.3749 | 15:07:47 | 222.201560 | 358.740067 
 4151.8967 | 08738.3749 | 15:07:48 | 222.201560 | 358.740067 
 4151.8967 | 08738.3749 | 15:07:49 | 222.201560 | 358.740067 
 4151.8967 | 08738.3749 | 15:07:50 | 222.201560 | 358.740067 
 4151.8967 | 08738.3749 | 15:07:51 | 222.201560 | 358.740067 
 4151.8967 | 08738.3749 | 15:07:52 | 222.201560 | 358.740067 
 4151.8967 | 08738.3749 | 15:07:53 | 222.201560 | 358.740067 
 4151.8967 | 08738.3749 | 15:07:54 | 222.201560 | 358.740067 
 4151.8967 | 08738.3749 | 15:07:55 | 222.201560 | 358.740067 
 4151.8967 | 08738.3749 | 15:07:56 | 222.201560 | 358.740067 
 4151.8967 | 08738.3749 | 15:07:57 | 222.201560 | 358.740067 
 4151.8967 | 08738.3749 | 15:07:58 | 222.201560 | 358.740067 
 4151.8967 | 08738.3749 | 15:07:59 | 222.201560 | 358.740067 
 4151.8967 | 08738.3749 | 15:08:00 | 222.201560 | 358.740067 
 4151.8967 | 08738.3749 | 15:08:01 | 222.201560 | 358.740067 
 4151.8967 | 08738.3749 | 15:08:02 | 222.201560 | 358.740067 
 4151.8967 | 08738.3749 | 15:08:03 | 222.201560 | 358.740067 
 4151.8967 | 08738.3749 | 15:08:04 | 222.201560 | 358.740067 
 4151.8967 | 08738.3749 | 15:08:05 | 222.201560 | 358.740067 
 4151.8967 | 08738.3749 | 15:08:06 | 222.201560 | 358.740067 
 4151.8967 | 08738.3749 | 15:08:07 | 222.201560 | 358.740067 
 4151.8967 | 08738.3749 | 15:08:08 | 222.201560 | 358.740067 
 4151.8967 | 08738.3749 | 15:08:09 | 222.201560 | 358.740067 
 4151.8967 | 08738.3749 | 15:08:10 | 222.201560 | 358.740067 
 4151.8967 | 08738.3749 | 15:08:11 | 222.201560 | 358.740067 
 4151.8967 | 08738.3749 | 15:08:12 | 222.201560 | 358.740067 
 4151.8967 | 08738.3749 | 15:08:13 | 222.201560 | 358.740067 
 4151.8967 | 08738.3749 | 15:08:14 | 222.201560 | 358.740067 
 4151.8967 | 08738.3749 | 15:08:15 | 222.201560 | 358.740067 
 4151.8967 | 08738.3749 | 15:08:16 | 222.201560 | 358.740067 
 4151.8967 | 08738.3749 | 15:08:17 | 222.201560 | 358.740067 
 4151.8967 | 08738.3749 | 15:08:18 | 222.201560 | 358.740067 
 4151.8967 | 08738.3749 | 15:08:19 | 222.201560 | 358.740067 
 4151.8967 | 08738.3749 | 15:08:20 | 222.201560 | 358.740067 
 4151.8967 | 08738.3749 | 15:08:21 | 222.201560 | 358.740067 
 4151.8945 | 08738.3747 | 15:08:22 | 222.201753 | 358.737538 
 4151.8946 | 08738.3751 | 15:08:23 | 222.201408 | 358.737650 
 4151.8947 | 08738.3756 | 15:08:24 | 222.200977 | 358.737762 
 4151.8946 | 08738.3761 | 15:08:25 | 222.200548 | 358.737643 
 4151.8946 | 08738.3765 | 15:08:26 | 222.200204 | 358.737640 
 4151.8946 | 08738.3767 | 15:08:27 | 222.200032 | 358.737639 
 4151.8946 | 08738.3767 | 15:08:28 | 222.200032 | 358.737639 
 4151.8946 | 08738.3767 | 15:08:29 | 222.200032 | 358.737639 
 4151.8946 | 08738.3767 | 15:08:30 | 222.200032 | 358.737639 
 4151.8946 | 08738.3767 | 15:08:31 | 222.200032 | 358.737639 
 4151.8954 | 08738.3767 | 15:08:32 | 222.200025 | 358.738559 
 4151.8958 | 08738.3768 | 15:08:33 | 222.199935 | 358.739018 
 4151.8963 | 08738.3770 | 15:08:34 | 222.199758 | 358.739592 
 4151.8968 | 08738.3772 | 15:08:35 | 222.199582 | 358.740166 
 4151.8974 | 08738.3774 | 15:08:36 | 222.199404 | 358.740855 
 4151.8981 | 08738.3775 | 15:08:37 | 222.199312 | 358.741659 
 4151.8989 | 08738.3775 | 15:08:38 | 222.199304 | 358.742579 
 4151.9001 | 08738.3776 | 15:08:39 | 222.199207 | 358.743959 
 4151.9017 | 08738.3777 | 15:08:40 | 222.199106 | 358.745799 
 4151.9038 | 08738.3779 | 15:08:41 | 222.198915 | 358.748213 
 4151.9061 | 08738.3779 | 15:08:42 | 222.198894 | 358.750858 
 4151.9086 | 08738.3779 | 15:08:43 | 222.198870 | 358.753734 
 4151.9111 | 08738.3779 | 15:08:44 | 222.198847 | 358.756610 
 4151.9136 | 08738.3779 | 15:08:45 | 222.198824 | 358.759485 
 4151.9159 | 08738.3779 | 15:08:46 | 222.198802 | 358.762131 
 4151.9182 | 08738.3781 | 15:08:47 | 222.198609 | 358.764775 
 4151.9201 | 08738.3783 | 15:08:48 | 222.198420 | 358.766959 
 4151.9219 | 08738.3785 | 15:08:49 | 222.198231 | 358.769028 
 4151.9233 | 08738.3788 | 15:08:50 | 222.197960 | 358.770636 
 4151.9245 | 08738.3792 | 15:08:51 | 222.197605 | 358.772014 
 4151.9259 | 08738.3798 | 15:08:52 | 222.197076 | 358.773620 
 4151.9275 | 08738.3814 | 15:08:53 | 222.195685 | 358.775449 
 4151.9288 | 08738.3840 | 15:08:54 | 222.193438 | 358.776927 
 4151.9296 | 08738.3877 | 15:08:55 | 222.190249 | 358.777821 
 4151.9302 | 08738.3920 | 15:08:56 | 222.186546 | 358.778482 
 4151.9304 | 08738.3965 | 15:08:57 | 222.182675 | 358.778680 
 4151.9304 | 08738.4015 | 15:08:58 | 222.178376 | 358.778646 
 4151.9305 | 08738.4068 | 15:08:59 | 222.173818 | 358.778724 
 4151.9306 | 08738.4122 | 15:09:00 | 222.169174 | 358.778801 
 4151.9307 | 08738.4174 | 15:09:01 | 222.164702 | 358.778880 
 4151.9307 | 08738.4223 | 15:09:02 | 222.160489 | 358.778846 
 4151.9307 | 08738.4265 | 15:09:03 | 222.156878 | 358.778817 
 4151.9308 | 08738.4295 | 15:09:04 | 222.154298 | 358.778911 
 4151.9308 | 08738.4317 | 15:09:05 | 222.152406 | 358.778896 
 4151.9311 | 08738.4335 | 15:09:06 | 222.150856 | 358.779229 
 4151.9319 | 08738.4351 | 15:09:07 | 222.149473 | 358.780138 
 4151.9334 | 08738.4363 | 15:09:08 | 222.148427 | 358.781855 
 4151.9358 | 08738.4373 | 15:09:09 | 222.147545 | 358.784608 
 4151.9390 | 08738.4379 | 15:09:10 | 222.146999 | 358.788285 
 4151.9428 | 08738.4382 | 15:09:11 | 222.146706 | 358.792654 
 4151.9469 | 08738.4384 | 15:09:12 | 222.146496 | 358.797369 
 4151.9510 | 08738.4387 | 15:09:13 | 222.146200 | 358.802083 
 4151.9571 | 08738.4385 | 15:09:14 | 222.146315 | 358.809101 
 4151.9626 | 08738.4386 | 15:09:15 | 222.146178 | 358.815426 
 4151.9684 | 08738.4386 | 15:09:16 | 222.146125 | 358.822098 
 4151.9743 | 08738.4387 | 15:09:17 | 222.145984 | 358.828883 
 4151.9802 | 08738.4387 | 15:09:18 | 222.145929 | 358.835670 
 4151.9861 | 08738.4388 | 15:09:19 | 222.145788 | 358.842456 
 4151.9922 | 08738.4387 | 15:09:20 | 222.145818 | 358.849473 
 4151.9982 | 08738.4386 | 15:09:21 | 222.145848 | 358.856375 
 4152.0044 | 08738.4385 | 15:09:22 | 222.145876 | 358.863507 
 4152.0101 | 08738.4381 | 15:09:23 | 222.146167 | 358.870067 
 4152.0157 | 08738.4376 | 15:09:24 | 222.146545 | 358.876512 
 4152.0213 | 08738.4370 | 15:09:25 | 222.147009 | 358.882957 
 4152.0266 | 08738.4365 | 15:09:26 | 222.147390 | 358.889057 
 4152.0320 | 08738.4360 | 15:09:27 | 222.147770 | 358.895272 
 4152.0366 | 08738.4330 | 15:09:28 | 222.150306 | 358.900584 
 4152.0412 | 08738.4313 | 15:09:29 | 222.151725 | 358.905887 
 4152.0457 | 08738.4296 | 15:09:30 | 222.153145 | 358.911075 
 4152.0499 | 08738.4281 | 15:09:31 | 222.154396 | 358.915916 
 4152.0537 | 08738.4267 | 15:09:32 | 222.155564 | 358.920297 
 4152.0565 | 08738.4258 | 15:09:33 | 222.156312 | 358.923524 
 4152.0591 | 08738.4250 | 15:09:34 | 222.156976 | 358.926520 
 4152.0623 | 08738.4240 | 15:09:35 | 222.157806 | 358.930208 
 4152.0650 | 08738.4232 | 15:09:36 | 222.158469 | 358.933319 
 4152.0663 | 08738.4232 | 15:09:37 | 222.158456 | 358.934814 
 4152.0409 | 08738.4442 | 15:09:38 | 222.140637 | 358.905452 
 4152.0408 | 08738.4462 | 15:09:39 | 222.138918 | 358.905323 
 4152.0388 | 08738.4483 | 15:09:40 | 222.137131 | 358.903008 
 4152.0401 | 08738.4524 | 15:09:41 | 222.133594 | 358.904475 
 4152.0414 | 08738.4572 | 15:09:42 | 222.129455 | 358.905937 
 4152.0412 | 08738.4623 | 15:09:43 | 222.125072 | 358.905672 
 4152.0408 | 08738.4679 | 15:09:44 | 222.120261 | 358.905173 
 4152.0405 | 08738.4741 | 15:09:45 | 222.114933 | 358.904785 
 4152.0400 | 08738.4807 | 15:09:46 | 222.109263 | 358.904164 
 4152.0399 | 08738.4878 | 15:09:47 | 222.103159 | 358.904000 
 4152.0398 | 08738.4946 | 15:09:48 | 222.097314 | 358.903837 
 4152.0397 | 08738.5009 | 15:09:49 | 222.091898 | 358.903679 
 4152.0397 | 08738.5061 | 15:09:50 | 222.087427 | 358.903643 
 4152.0397 | 08738.5099 | 15:09:51 | 222.084160 | 358.903616 
 4152.0397 | 08738.5128 | 15:09:52 | 222.081667 | 358.903596 
 4152.0398 | 08738.5148 | 15:09:53 | 222.079946 | 358.903697 
 4152.0398 | 08738.5161 | 15:09:54 | 222.078828 | 358.903688 
 4152.0398 | 08738.5166 | 15:09:55 | 222.078399 | 358.903685 
 4152.0400 | 08738.5167 | 15:09:56 | 222.078311 | 358.903914 
 4152.0400 | 08738.5166 | 15:09:57 | 222.078397 | 358.903915 
 4152.0400 | 08738.5166 | 15:09:58 | 222.078397 | 358.903915 
 4152.0400 | 08738.5166 | 15:09:59 | 222.078397 | 358.903915 
 4152.0400 | 08738.5166 | 15:10:00 | 222.078397 | 358.903915 
 4152.0400 | 08738.5166 | 15:10:01 | 222.078397 | 358.903915 
 4152.0400 | 08738.5166 | 15:10:02 | 222.078397 | 358.903915 
 4152.0400 | 08738.5166 | 15:10:03 | 222.078397 | 358.903915 
 4152.0400 | 08738.5166 | 15:10:04 | 222.078397 | 358.903915 
 4152.0400 | 08738.5166 | 15:10:05 | 222.078397 | 358.903915 
 4152.0400 | 08738.5166 | 15:10:06 | 222.078397 | 358.903915 
 4152.0400 | 08738.5166 | 15:10:07 | 222.078397 | 358.903915 
 4152.0404 | 08738.5163 | 15:10:08 | 222.078651 | 358.904377 
 4152.0401 | 08738.5175 | 15:10:09 | 222.077622 | 358.904024 
 4152.0400 | 08738.5197 | 15:10:10 | 222.075731 | 358.903894 
 4152.0399 | 08738.5221 | 15:10:11 | 222.073669 | 358.903762 
 4152.0398 | 08738.5247 | 15:10:12 | 222.071434 | 358.903629 
 4152.0398 | 08738.5276 | 15:10:13 | 222.068941 | 358.903609 
 4152.0396 | 08738.5306 | 15:10:14 | 222.066363 | 358.903358 
 4152.0394 | 08738.5346 | 15:10:15 | 222.062926 | 358.903100 
 4152.0393 | 08738.5396 | 15:10:16 | 222.058628 | 358.902951 
 4152.0393 | 08738.5452 | 15:10:17 | 222.053813 | 358.902912 
 4152.0393 | 08738.5513 | 15:10:18 | 222.048569 | 358.902870 
 4152.0393 | 08738.5583 | 15:10:19 | 222.042550 | 358.902821 
 4152.0393 | 08738.5655 | 15:10:20 | 222.036360 | 358.902771 
 4152.0392 | 08738.5729 | 15:10:21 | 222.029998 | 358.902605 
 4152.0392 | 08738.5803 | 15:10:22 | 222.023636 | 358.902554 
 4152.0392 | 08738.5877 | 15:10:23 | 222.017273 | 358.902503 
 4152.0392 | 08738.5950 | 15:10:24 | 222.010997 | 358.902452 
 4152.0393 | 08738.6020 | 15:10:25 | 222.004978 | 358.902519 
 4152.0393 | 08738.6085 | 15:10:26 | 221.999389 | 358.902474 
 4152.0395 | 08738.6143 | 15:10:27 | 221.994400 | 358.902664 
 4152.0395 | 08738.6193 | 15:10:28 | 221.990101 | 358.902630 
 4152.0395 | 08738.6236 | 15:10:29 | 221.986404 | 358.902600 
 4152.0394 | 08738.6276 | 15:10:30 | 221.982966 | 358.902457 
 4152.0394 | 08738.6307 | 15:10:31 | 221.980301 | 358.902436 
 4152.0394 | 08738.6330 | 15:10:32 | 221.978323 | 358.902420 
 4152.0394 | 08738.6355 | 15:10:33 | 221.976174 | 358.902403 
 4152.0393 | 08738.6390 | 15:10:34 | 221.973166 | 358.902264 
 4152.0392 | 08738.6433 | 15:10:35 | 221.969469 | 358.902119 
 4152.0391 | 08738.6478 | 15:10:36 | 221.965601 | 358.901973 
 4152.0392 | 08738.6522 | 15:10:37 | 221.961817 | 358.902057 
 4152.0394 | 08738.6569 | 15:10:38 | 221.957774 | 358.902255 
 4152.0392 | 08738.6622 | 15:10:39 | 221.953219 | 358.901988 
 4152.0391 | 08738.6683 | 15:10:40 | 221.947976 | 358.901831 
 4152.0389 | 08738.6752 | 15:10:41 | 221.942045 | 358.901554 
 4152.0387 | 08738.6826 | 15:10:42 | 221.935684 | 358.901273 
 4152.0385 | 08738.6900 | 15:10:43 | 221.929324 | 358.900991 
 4152.0383 | 08738.6973 | 15:10:44 | 221.923049 | 358.900711 
 4152.0381 | 08738.7046 | 15:10:45 | 221.916775 | 358.900431 
 4152.0379 | 08738.7116 | 15:10:46 | 221.910758 | 358.900152 
 4152.0376 | 08738.7182 | 15:10:47 | 221.905086 | 358.899762 
 4152.0373 | 08738.7246 | 15:10:48 | 221.899586 | 358.899373 
 4152.0370 | 08738.7306 | 15:10:49 | 221.894430 | 358.898986 
 4152.0369 | 08738.7361 | 15:10:50 | 221.889702 | 358.898833 
 4152.0367 | 08738.7408 | 15:10:51 | 221.885663 | 358.898571 
 4152.0367 | 08738.7445 | 15:10:52 | 221.882482 | 358.898545 
 4152.0367 | 08738.7473 | 15:10:53 | 221.880075 | 358.898526 
 4152.0368 | 08738.7497 | 15:10:54 | 221.878010 | 358.898625 
 4152.0370 | 08738.7515 | 15:10:55 | 221.876461 | 358.898842 
 4152.0370 | 08738.7530 | 15:10:56 | 221.875171 | 358.898832 
 4152.0369 | 08738.7540 | 15:10:57 | 221.874312 | 358.898710 
 4152.0370 | 08738.7547 | 15:10:58 | 221.873710 | 358.898820 
 4152.0370 | 08738.7551 | 15:10:59 | 221.873366 | 358.898818 
 4152.0370 | 08738.7553 | 15:11:00 | 221.873194 | 358.898816 
 4152.0370 | 08738.7554 | 15:11:01 | 221.873108 | 358.898815 
 4152.0370 | 08738.7554 | 15:11:02 | 221.873108 | 358.898815 
 4152.0370 | 08738.7554 | 15:11:03 | 221.873108 | 358.898815 
 4152.0370 | 08738.7554 | 15:11:04 | 221.873108 | 358.898815 
 4152.0370 | 08738.7554 | 15:11:05 | 221.873108 | 358.898815 
 4152.0370 | 08738.7554 | 15:11:06 | 221.873108 | 358.898815 
 4152.0370 | 08738.7554 | 15:11:07 | 221.873108 | 358.898815 
 4152.0370 | 08738.7554 | 15:11:08 | 221.873108 | 358.898815 
 4152.0370 | 08738.7554 | 15:11:09 | 221.873108 | 358.898815 
 4152.0370 | 08738.7554 | 15:11:10 | 221.873108 | 358.898815 
 4152.0370 | 08738.7554 | 15:11:11 | 221.873108 | 358.898815 
 4152.0370 | 08738.7554 | 15:11:12 | 221.873108 | 358.898815 
 4152.0370 | 08738.7554 | 15:11:13 | 221.873108 | 358.898815 
 4152.0370 | 08738.7554 | 15:11:14 | 221.873108 | 358.898815 
 4152.0370 | 08738.7554 | 15:11:15 | 221.873108 | 358.898815 
 4152.0370 | 08738.7554 | 15:11:16 | 221.873108 | 358.898815 
 4152.0370 | 08738.7554 | 15:11:17 | 221.873108 | 358.898815 
 4152.0370 | 08738.7554 | 15:11:18 | 221.873108 | 358.898815 
 4152.0370 | 08738.7554 | 15:11:19 | 221.873108 | 358.898815 
 4152.0370 | 08738.7554 | 15:11:20 | 221.873108 | 358.898815 
 4152.0370 | 08738.7554 | 15:11:21 | 221.873108 | 358.898815 
 4152.0370 | 08738.7554 | 15:11:22 | 221.873108 | 358.898815 
 4152.0370 | 08738.7554 | 15:11:23 | 221.873108 | 358.898815 
 4152.0356 | 08738.7550 | 15:11:24 | 221.873464 | 358.897208 
 4152.0357 | 08738.7563 | 15:11:25 | 221.872346 | 358.897314 
 4152.0357 | 08738.7588 | 15:11:26 | 221.870196 | 358.897297 
 4152.0356 | 08738.7625 | 15:11:27 | 221.867016 | 358.897156 
 4152.0356 | 08738.7668 | 15:11:28 | 221.863319 | 358.897127 
 4152.0356 | 08738.7717 | 15:11:29 | 221.859106 | 358.897093 
 4152.0355 | 08738.7768 | 15:11:30 | 221.854722 | 358.896943 
 4152.0355 | 08738.7822 | 15:11:31 | 221.850079 | 358.896906 
 4152.0355 | 08738.7880 | 15:11:32 | 221.845092 | 358.896866 
 4152.0355 | 08738.7944 | 15:11:33 | 221.839590 | 358.896822 
 4152.0355 | 08738.8012 | 15:11:34 | 221.833743 | 358.896775 
 4152.0354 | 08738.8083 | 15:11:35 | 221.827640 | 358.896611 
 4152.0353 | 08738.8154 | 15:11:36 | 221.821536 | 358.896447 
 4152.0352 | 08738.8227 | 15:11:37 | 221.815261 | 358.896282 
 4152.0351 | 08738.8303 | 15:11:38 | 221.808727 | 358.896115 
 4152.0350 | 08738.8383 | 15:11:39 | 221.801850 | 358.895945 
 4152.0349 | 08738.8466 | 15:11:40 | 221.794715 | 358.895773 
 4152.0347 | 08738.8551 | 15:11:41 | 221.787408 | 358.895484 
 4152.0346 | 08738.8639 | 15:11:42 | 221.779843 | 358.895309 
 4152.0345 | 08738.8729 | 15:11:43 | 221.772106 | 358.895132 
 4152.0344 | 08738.8819 | 15:11:44 | 221.764369 | 358.894955 
 4152.0343 | 08738.8909 | 15:11:45 | 221.756631 | 358.894778 
 4152.0342 | 08738.9001 | 15:11:46 | 221.748722 | 358.894600 
 4152.0341 | 08738.9094 | 15:11:47 | 221.740727 | 358.894421 
 4152.0338 | 08738.9187 | 15:11:48 | 221.732734 | 358.894013 
 4152.0336 | 08738.9281 | 15:11:49 | 221.724654 | 358.893718 
 4152.0334 | 08738.9375 | 15:11:50 | 221.716574 | 358.893424 
 4152.0332 | 08738.9470 | 15:11:51 | 221.708408 | 358.893128 
 4152.0331 | 08738.9566 | 15:11:52 | 221.700155 | 358.892948 
 4152.0330 | 08738.9663 | 15:11:53 | 221.691816 | 358.892766 
 4152.0329 | 08738.9760 | 15:11:54 | 221.683477 | 358.892585 
 4152.0327 | 08738.9854 | 15:11:55 | 221.675396 | 358.892290 
 4152.0325 | 08738.9947 | 15:11:56 | 221.667402 | 358.891997 
 4152.0323 | 08739.0036 | 15:11:57 | 221.659752 | 358.891706 
 4152.0321 | 08739.0121 | 15:11:58 | 221.652446 | 358.891417 
 4152.0319 | 08739.0198 | 15:11:59 | 221.645827 | 358.891135 
 4152.0319 | 08739.0266 | 15:12:00 | 221.639980 | 358.891088 
 4152.0319 | 08739.0329 | 15:12:01 | 221.634564 | 358.891045 
 4152.0320 | 08739.0391 | 15:12:02 | 221.629232 | 358.891118 
 4152.0319 | 08739.0455 | 15:12:03 | 221.623730 | 358.890959 
 4152.0318 | 08739.0523 | 15:12:04 | 221.617885 | 358.890797 
 4152.0316 | 08739.0597 | 15:12:05 | 221.611524 | 358.890517 
 4152.0314 | 08739.0677 | 15:12:06 | 221.604648 | 358.890232 
 4152.0313 | 08739.0759 | 15:12:07 | 221.597598 | 358.890061 
 4152.0312 | 08739.0842 | 15:12:08 | 221.590463 | 358.889889 
 4152.0313 | 08739.0923 | 15:12:09 | 221.583498 | 358.889949 
 4152.0312 | 08739.0998 | 15:12:10 | 221.577050 | 358.889783 
 4152.0311 | 08739.1063 | 15:12:11 | 221.571463 | 358.889623 
 4152.0309 | 08739.1120 | 15:12:12 | 221.566564 | 358.889354 
 4152.0308 | 08739.1171 | 15:12:13 | 221.562180 | 358.889205 
 4152.0307 | 08739.1215 | 15:12:14 | 221.558398 | 358.889060 
 4152.0307 | 08739.1254 | 15:12:15 | 221.555044 | 358.889033 
 4152.0307 | 08739.1289 | 15:12:16 | 221.552035 | 358.889009 
 4152.0306 | 08739.1319 | 15:12:17 | 221.549457 | 358.888874 
 4152.0307 | 08739.1342 | 15:12:18 | 221.547478 | 358.888973 
 4152.0307 | 08739.1358 | 15:12:19 | 221.546103 | 358.888962 
 4152.0307 | 08739.1369 | 15:12:20 | 221.545157 | 358.888954 
 4152.0307 | 08739.1379 | 15:12:21 | 221.544297 | 358.888948 
 4152.0307 | 08739.1387 | 15:12:22 | 221.543609 | 358.888942 
 4152.0307 | 08739.1389 | 15:12:23 | 221.543437 | 358.888941 
 4152.0307 | 08739.1389 | 15:12:24 | 221.543437 | 358.888941 
 4152.0310 | 08739.1388 | 15:12:25 | 221.543521 | 358.889287 
 4152.0310 | 08739.1388 | 15:12:26 | 221.543521 | 358.889287 
 4152.0310 | 08739.1388 | 15:12:27 | 221.543521 | 358.889287 
 4152.0310 | 08739.1388 | 15:12:28 | 221.543521 | 358.889287 
 4152.0316 | 08739.1391 | 15:12:29 | 221.543257 | 358.889975 
 4152.0317 | 08739.1408 | 15:12:30 | 221.541795 | 358.890078 
 4152.0317 | 08739.1441 | 15:12:31 | 221.538957 | 358.890056 
 4152.0316 | 08739.1485 | 15:12:32 | 221.535175 | 358.889911 
 4152.0316 | 08739.1536 | 15:12:33 | 221.530790 | 358.889876 
 4152.0316 | 08739.1596 | 15:12:34 | 221.525632 | 358.889835 
 4152.0315 | 08739.1664 | 15:12:35 | 221.519786 | 358.889673 
 4152.0315 | 08739.1739 | 15:12:36 | 221.513337 | 358.889622 
 4152.0315 | 08739.1820 | 15:12:37 | 221.506373 | 358.889567 
 4152.0313 | 08739.1902 | 15:12:38 | 221.499325 | 358.889281 
 4152.0312 | 08739.1985 | 15:12:39 | 221.492189 | 358.889110 
 4152.0312 | 08739.2072 | 15:12:40 | 221.484709 | 358.889050 
 4152.0310 | 08739.2160 | 15:12:41 | 221.477145 | 358.888760 
 4152.0309 | 08739.2252 | 15:12:42 | 221.469236 | 358.888583 
 4152.0308 | 08739.2347 | 15:12:43 | 221.461069 | 358.888403 
 4152.0309 | 08739.2443 | 15:12:44 | 221.452814 | 358.888453 
 4152.0308 | 08739.2540 | 15:12:45 | 221.444475 | 358.888272 
 4152.0308 | 08739.2640 | 15:12:46 | 221.435877 | 358.888204 
 4152.0307 | 08739.2740 | 15:12:47 | 221.427280 | 358.888021 
 4152.0306 | 08739.2842 | 15:12:48 | 221.418511 | 358.887836 
 4152.0301 | 08739.2944 | 15:12:49 | 221.409746 | 358.887192 
 4152.0297 | 08739.3047 | 15:12:50 | 221.400894 | 358.886662 
 4152.0292 | 08739.3152 | 15:12:51 | 221.391871 | 358.886016 
 4152.0289 | 08739.3259 | 15:12:52 | 221.382674 | 358.885598 
 4152.0287 | 08739.3368 | 15:12:53 | 221.373304 | 358.885294 
 4152.0286 | 08739.3479 | 15:12:54 | 221.363761 | 358.885103 
 4152.0282 | 08739.3592 | 15:12:55 | 221.354049 | 358.884567 
 4152.0280 | 08739.3706 | 15:12:56 | 221.344249 | 358.884259 
 4152.0276 | 08739.3821 | 15:12:57 | 221.334365 | 358.883721 
 4152.0274 | 08739.3936 | 15:12:58 | 221.324479 | 358.883413 
 4152.0273 | 08739.4050 | 15:12:59 | 221.314679 | 358.883221 
 4152.0270 | 08739.4163 | 15:13:00 | 221.304966 | 358.882799 
 4152.0268 | 08739.4275 | 15:13:01 | 221.295338 | 358.882493 
 4152.0267 | 08739.4388 | 15:13:02 | 221.285623 | 358.882302 
 4152.0264 | 08739.4500 | 15:13:03 | 221.275997 | 358.881881 
 4152.0262 | 08739.4611 | 15:13:04 | 221.266455 | 358.881576 
 4152.0260 | 08739.4721 | 15:13:05 | 221.256999 | 358.881271 
 4152.0258 | 08739.4832 | 15:13:06 | 221.247457 | 358.880966 
 4152.0256 | 08739.4944 | 15:13:07 | 221.237829 | 358.880660 
 4152.0255 | 08739.5057 | 15:13:08 | 221.228114 | 358.880469 
 4152.0254 | 08739.5171 | 15:13:09 | 221.218314 | 358.880277 
 4152.0252 | 08739.5286 | 15:13:10 | 221.208428 | 358.879969 
 4152.0251 | 08739.5400 | 15:13:11 | 221.198627 | 358.879777 
 4152.0248 | 08739.5511 | 15:13:12 | 221.189086 | 358.879357 
 4152.0245 | 08739.5617 | 15:13:13 | 221.179975 | 358.878940 
 4152.0243 | 08739.5721 | 15:13:14 | 221.171035 | 358.878640 
 4152.0242 | 08739.5824 | 15:13:15 | 221.162180 | 358.878456 
 4152.0241 | 08739.5927 | 15:13:16 | 221.153326 | 358.878271 
 4152.0239 | 08739.6032 | 15:13:17 | 221.144300 | 358.877970 
 4152.0237 | 08739.6139 | 15:13:18 | 221.135102 | 358.877668 
 4152.0236 | 08739.6248 | 15:13:19 | 221.125731 | 358.877479 
 4152.0234 | 08739.6358 | 15:13:20 | 221.116275 | 358.877175 
 4152.0233 | 08739.6469 | 15:13:21 | 221.106732 | 358.876985 
 4152.0232 | 08739.6580 | 15:13:22 | 221.097189 | 358.876796 
 4152.0230 | 08739.6690 | 15:13:23 | 221.087734 | 358.876492 
 4152.0228 | 08739.6801 | 15:13:24 | 221.078192 | 358.876187 
 4152.0227 | 08739.6909 | 15:13:25 | 221.068907 | 358.875999 
 4152.0224 | 08739.7016 | 15:13:26 | 221.059710 | 358.875582 
 4152.0221 | 08739.7121 | 15:13:27 | 221.050685 | 358.875166 
 4152.0217 | 08739.7228 | 15:13:28 | 221.041489 | 358.874634 
 4152.0214 | 08739.7336 | 15:13:29 | 221.032206 | 358.874217 
 4152.0212 | 08739.7447 | 15:13:30 | 221.022664 | 358.873912 
 4152.0211 | 08739.7559 | 15:13:31 | 221.013035 | 358.873722 
 4152.0210 | 08739.7672 | 15:13:32 | 221.003320 | 358.873531 
 4152.0209 | 08739.7786 | 15:13:33 | 220.993520 | 358.873339 
 4152.0208 | 08739.7901 | 15:13:34 | 220.983633 | 358.873147 
 4152.0207 | 08739.8016 | 15:13:35 | 220.973746 | 358.872955 
 4152.0205 | 08739.8132 | 15:13:36 | 220.963775 | 358.872647 
 4152.0203 | 08739.8250 | 15:13:37 | 220.953631 | 358.872338 
 4152.0202 | 08739.8368 | 15:13:38 | 220.943486 | 358.872144 
 4152.0201 | 08739.8485 | 15:13:39 | 220.933428 | 358.871950 
 4152.0200 | 08739.8599 | 15:13:40 | 220.923627 | 358.871759 
 4152.0198 | 08739.8710 | 15:13:41 | 220.914085 | 358.871454 
 4152.0196 | 08739.8819 | 15:13:42 | 220.904715 | 358.871151 
 4152.0193 | 08739.8927 | 15:13:43 | 220.895432 | 358.870734 
 4152.0190 | 08739.9031 | 15:13:44 | 220.886493 | 358.870319 
 4152.0187 | 08739.9129 | 15:13:45 | 220.878070 | 358.869908 
 4152.0186 | 08739.9220 | 15:13:46 | 220.870246 | 358.869733 
 4152.0185 | 08739.9307 | 15:13:47 | 220.862767 | 358.869559 
 4152.0185 | 08739.9392 | 15:13:48 | 220.855459 | 358.869502 
 4152.0184 | 08739.9477 | 15:13:49 | 220.848152 | 358.869331 
 4152.0182 | 08739.9568 | 15:13:50 | 220.840329 | 358.869040 
 4152.0181 | 08739.9665 | 15:13:51 | 220.831990 | 358.868860 
 4152.0180 | 08739.9771 | 15:13:52 | 220.822877 | 358.868674 
 4152.0180 | 08739.9882 | 15:13:53 | 220.813334 | 358.868600 
 4152.0180 | 08739.9997 | 15:13:54 | 220.803446 | 358.868523 
 4152.0181 | 08740.0115 | 15:13:55 | 220.793300 | 358.868559 
 4152.0181 | 08740.0236 | 15:13:56 | 220.782896 | 358.868479 
 4152.0178 | 08740.0358 | 15:13:57 | 220.772410 | 358.868052 
 4152.0178 | 08740.0483 | 15:13:58 | 220.761662 | 358.867969 
 4152.0179 | 08740.0609 | 15:13:59 | 220.750828 | 358.868000 
 4152.0180 | 08740.0735 | 15:14:00 | 220.739994 | 358.868031 
 4152.0182 | 08740.0861 | 15:14:01 | 220.729159 | 358.868177 
 4152.0183 | 08740.0990 | 15:14:02 | 220.718066 | 358.868206 
 4152.0184 | 08740.1120 | 15:14:03 | 220.706888 | 358.868234 
 4152.0187 | 08740.1255 | 15:14:04 | 220.695278 | 358.868490 
 4152.0190 | 08740.1387 | 15:14:05 | 220.683927 | 358.868747 
 4152.0192 | 08740.1519 | 15:14:06 | 220.672576 | 358.868889 
 4152.0196 | 08740.1649 | 15:14:07 | 220.661395 | 358.869263 
 4152.0201 | 08740.1778 | 15:14:08 | 220.650299 | 358.869752 
 4152.0203 | 08740.1906 | 15:14:09 | 220.639292 | 358.869897 
 4152.0205 | 08740.2038 | 15:14:10 | 220.627941 | 358.870039 
 4152.0205 | 08740.2169 | 15:14:11 | 220.616678 | 358.869952 
 4152.0204 | 08740.2300 | 15:14:12 | 220.605415 | 358.869750 
 4152.0203 | 08740.2433 | 15:14:13 | 220.593981 | 358.869547 
 4152.0203 | 08740.2568 | 15:14:14 | 220.582374 | 358.869457 
 4152.0202 | 08740.2703 | 15:14:15 | 220.570768 | 358.869253 
 4152.0199 | 08740.2837 | 15:14:16 | 220.559249 | 358.868819 
 4152.0195 | 08740.2969 | 15:14:17 | 220.547903 | 358.868271 
 4152.0191 | 08740.3100 | 15:14:18 | 220.536644 | 358.867724 
 4152.0188 | 08740.3229 | 15:14:19 | 220.525555 | 358.867294 
 4152.0184 | 08740.3355 | 15:14:20 | 220.514725 | 358.866750 
 4152.0181 | 08740.3481 | 15:14:21 | 220.503895 | 358.866322 
 4152.0178 | 08740.3604 | 15:14:22 | 220.493322 | 358.865895 
 4152.0175 | 08740.3726 | 15:14:23 | 220.482835 | 358.865470 
 4152.0172 | 08740.3846 | 15:14:24 | 220.472520 | 358.865045 
 4152.0169 | 08740.3964 | 15:14:25 | 220.462377 | 358.864622 
 4152.0166 | 08740.4080 | 15:14:26 | 220.452406 | 358.864200 
 4152.0162 | 08740.4194 | 15:14:27 | 220.442608 | 358.863665 
 4152.0159 | 08740.4304 | 15:14:28 | 220.433153 | 358.863247 
 4152.0158 | 08740.4414 | 15:14:29 | 220.423697 | 358.863060 
 4152.0157 | 08740.4525 | 15:14:30 | 220.414154 | 358.862871 
 4152.0155 | 08740.4636 | 15:14:31 | 220.404612 | 358.862568 
 4152.0154 | 08740.4747 | 15:14:32 | 220.395069 | 358.862380 
 4152.0154 | 08740.4858 | 15:14:33 | 220.385525 | 358.862306 
 4152.0154 | 08740.4970 | 15:14:34 | 220.375896 | 358.862233 
 4152.0155 | 08740.5081 | 15:14:35 | 220.366351 | 358.862274 
 4152.0158 | 08740.5189 | 15:14:36 | 220.357063 | 358.862548 
 4152.0161 | 08740.5294 | 15:14:37 | 220.348032 | 358.862824 
 4152.0162 | 08740.5391 | 15:14:38 | 220.339692 | 358.862875 
 4152.0163 | 08740.5481 | 15:14:39 | 220.331953 | 358.862931 
 4152.0164 | 08740.5559 | 15:14:40 | 220.325245 | 358.862995 
 4152.0170 | 08740.5621 | 15:14:41 | 220.319909 | 358.863644 
 4152.0186 | 08740.5669 | 15:14:42 | 220.315768 | 358.865453 
 4152.0213 | 08740.5700 | 15:14:43 | 220.313079 | 358.868538 
 4152.0249 | 08740.5718 | 15:14:44 | 220.311500 | 358.872667 
 4152.0296 | 08740.5727 | 15:14:45 | 220.310685 | 358.878067 
 4152.0349 | 08740.5731 | 15:14:46 | 220.310294 | 358.884161 
 4152.0409 | 08740.5732 | 15:14:47 | 220.310155 | 358.891062 
 4152.0476 | 08740.5730 | 15:14:48 | 220.310268 | 358.898770 
 4152.0545 | 08740.5728 | 15:14:49 | 220.310379 | 358.906708 
 4152.0619 | 08740.5726 | 15:14:50 | 220.310486 | 358.915221 
 4152.0695 | 08740.5724 | 15:14:51 | 220.310591 | 358.923964 
 4152.0774 | 08740.5721 | 15:14:52 | 220.310780 | 358.933053 
 4152.0855 | 08740.5718 | 15:14:53 | 220.310966 | 358.942372 
 4152.0937 | 08740.5717 | 15:14:54 | 220.310980 | 358.951805 
 4152.1019 | 08740.5717 | 15:14:55 | 220.310908 | 358.961237 
 4152.1098 | 08740.5722 | 15:14:56 | 220.310408 | 358.970321 
 4152.1172 | 08740.5730 | 15:14:57 | 220.309655 | 358.978827 
 4152.1242 | 08740.5738 | 15:14:58 | 220.308906 | 358.986874 
 4152.1305 | 08740.5743 | 15:14:59 | 220.308421 | 358.994117 
 4152.1361 | 08740.5746 | 15:15:00 | 220.308113 | 359.000557 
 4152.1406 | 08740.5748 | 15:15:01 | 220.307902 | 359.005731 
 4152.1439 | 08740.5750 | 15:15:02 | 220.307701 | 359.009526 
 4152.1458 | 08740.5751 | 15:15:03 | 220.307598 | 359.011711 
 4152.1467 | 08740.5752 | 15:15:04 | 220.307504 | 359.012745 
 4152.1472 | 08740.5753 | 15:15:05 | 220.307414 | 359.013320 
 4152.1475 | 08740.5753 | 15:15:06 | 220.307411 | 359.013665 
 4152.1478 | 08740.5753 | 15:15:07 | 220.307408 | 359.014010 
 4152.1481 | 08740.5753 | 15:15:08 | 220.307406 | 359.014355 
 4152.1486 | 08740.5754 | 15:15:09 | 220.307315 | 359.014930 
 4152.1496 | 08740.5759 | 15:15:10 | 220.306877 | 359.016077 
 4152.1508 | 08740.5776 | 15:15:11 | 220.305405 | 359.017446 
 4152.1517 | 08740.5807 | 15:15:12 | 220.302731 | 359.018460 
 4152.1523 | 08740.5850 | 15:15:13 | 220.299029 | 359.019122 
 4152.1525 | 08740.5900 | 15:15:14 | 220.294729 | 359.019319 
 4152.1524 | 08740.5959 | 15:15:15 | 220.289657 | 359.019166 
 4152.1523 | 08740.6027 | 15:15:16 | 220.283811 | 359.019006 
 4152.1522 | 08740.6103 | 15:15:17 | 220.277278 | 359.018841 
 4152.1520 | 08740.6184 | 15:15:18 | 220.270316 | 359.018558 
 4152.1517 | 08740.6269 | 15:15:19 | 220.263011 | 359.018157 
 4152.1515 | 08740.6358 | 15:15:20 | 220.255360 | 359.017868 
 4152.1513 | 08740.6450 | 15:15:21 | 220.247452 | 359.017578 
 4152.1510 | 08740.6544 | 15:15:22 | 220.239373 | 359.017171 
 4152.1511 | 08740.6646 | 15:15:23 | 220.230603 | 359.017219 
 4152.1509 | 08740.6748 | 15:15:24 | 220.221835 | 359.016922 
 4152.1508 | 08740.6853 | 15:15:25 | 220.212808 | 359.016738 
 4152.1506 | 08740.6956 | 15:15:26 | 220.203955 | 359.016440 
 4152.1504 | 08740.7058 | 15:15:27 | 220.195187 | 359.016143 
 4152.1503 | 08740.7160 | 15:15:28 | 220.186418 | 359.015961 
 4152.1503 | 08740.7268 | 15:15:29 | 220.177133 | 359.015891 
 4152.1503 | 08740.7375 | 15:15:30 | 220.167933 | 359.015820 
 4152.1501 | 08740.7476 | 15:15:31 | 220.159252 | 359.015524 
 4152.1498 | 08740.7574 | 15:15:32 | 220.150829 | 359.015115 
 4152.1495 | 08740.7670 | 15:15:33 | 220.142578 | 359.014707 
 4152.1492 | 08740.7766 | 15:15:34 | 220.134326 | 359.014299 
 4152.1491 | 08740.7859 | 15:15:35 | 220.126332 | 359.014123 
 4152.1490 | 08740.7955 | 15:15:36 | 220.118079 | 359.013945 
 4152.1489 | 08740.8050 | 15:15:37 | 220.109912 | 359.013768 
 4152.1489 | 08740.8145 | 15:15:38 | 220.101744 | 359.013706 
 4152.1489 | 08740.8231 | 15:15:39 | 220.094350 | 359.013650 
 4152.1490 | 08740.8299 | 15:15:40 | 220.088503 | 359.013720 
 4152.1488 | 08740.8331 | 15:15:41 | 220.085753 | 359.013469 
 4152.1488 | 08740.8346 | 15:15:42 | 220.084464 | 359.013459 
 4152.1490 | 08740.8351 | 15:15:43 | 220.084032 | 359.013686 
 4152.1492 | 08740.8353 | 15:15:44 | 220.083859 | 359.013915 
 4152.1489 | 08740.8349 | 15:15:45 | 220.084205 | 359.013572 
 4152.1490 | 08740.8347 | 15:15:46 | 220.084376 | 359.013689 
 4152.1491 | 08740.8348 | 15:15:47 | 220.084289 | 359.013803 
 4152.1491 | 08740.8348 | 15:15:48 | 220.084289 | 359.013803 
 4152.1491 | 08740.8348 | 15:15:49 | 220.084289 | 359.013803 
 4152.1491 | 08740.8348 | 15:15:50 | 220.084289 | 359.013803 
 4152.1491 | 08740.8348 | 15:15:51 | 220.084289 | 359.013803 
 4152.1491 | 08740.8348 | 15:15:52 | 220.084289 | 359.013803 
 4152.1491 | 08740.8348 | 15:15:53 | 220.084289 | 359.013803 
 4152.1491 | 08740.8348 | 15:15:54 | 220.084289 | 359.013803 
 4152.1491 | 08740.8348 | 15:15:55 | 220.084289 | 359.013803 
 4152.1491 | 08740.8348 | 15:15:56 | 220.084289 | 359.013803 
 4152.1491 | 08740.8348 | 15:15:57 | 220.084289 | 359.013803 
 4152.1491 | 08740.8348 | 15:15:58 | 220.084289 | 359.013803 
 4152.1491 | 08740.8348 | 15:15:59 | 220.084289 | 359.013803 
 4152.1491 | 08740.8348 | 15:16:00 | 220.084289 | 359.013803 
 4152.1491 | 08740.8348 | 15:16:01 | 220.084289 | 359.013803 
 4152.1491 | 08740.8348 | 15:16:02 | 220.084289 | 359.013803 
 4152.1491 | 08740.8348 | 15:16:03 | 220.084289 | 359.013803 
 4152.1491 | 08740.8348 | 15:16:04 | 220.084289 | 359.013803 
 4152.1491 | 08740.8348 | 15:16:05 | 220.084289 | 359.013803 
 4152.1491 | 08740.8348 | 15:16:06 | 220.084289 | 359.013803 
 4152.1491 | 08740.8348 | 15:16:07 | 220.084289 | 359.013803 
 4152.1491 | 08740.8348 | 15:16:08 | 220.084289 | 359.013803 
 4152.1491 | 08740.8348 | 15:16:09 | 220.084289 | 359.013803 
 4152.1491 | 08740.8348 | 15:16:10 | 220.084289 | 359.013803 
 4152.1491 | 08740.8348 | 15:16:11 | 220.084289 | 359.013803 
 4152.1491 | 08740.8348 | 15:16:12 | 220.084289 | 359.013803 
 4152.1491 | 08740.8348 | 15:16:13 | 220.084289 | 359.013803 
 4152.1491 | 08740.8348 | 15:16:14 | 220.084289 | 359.013803 
 4152.1491 | 08740.8348 | 15:16:15 | 220.084289 | 359.013803 
 4152.1491 | 08740.8348 | 15:16:16 | 220.084289 | 359.013803 
 4152.1491 | 08740.8348 | 15:16:17 | 220.084289 | 359.013803 
 4152.1493 | 08740.8304 | 15:16:18 | 220.088070 | 359.014062 
 4152.1494 | 08740.8332 | 15:16:19 | 220.085662 | 359.014159 
 4152.1495 | 08740.8373 | 15:16:20 | 220.082136 | 359.014247 
 4152.1497 | 08740.8418 | 15:16:21 | 220.078266 | 359.014448 
 4152.1491 | 08740.8473 | 15:16:22 | 220.073542 | 359.013721 
 4152.1491 | 08740.8534 | 15:16:23 | 220.068298 | 359.013682 
 4152.1490 | 08740.8601 | 15:16:24 | 220.062538 | 359.013523 
 4152.1488 | 08740.8672 | 15:16:25 | 220.056436 | 359.013246 
 4152.1486 | 08740.8748 | 15:16:26 | 220.049903 | 359.012967 
 4152.1481 | 08740.8826 | 15:16:27 | 220.043201 | 359.012341 
 4152.1475 | 08740.8905 | 15:16:28 | 220.036415 | 359.011599 
 4152.1469 | 08740.8986 | 15:16:29 | 220.029456 | 359.010856 
 4152.1461 | 08740.9068 | 15:16:30 | 220.022413 | 359.009882 
 4152.1493 | 08740.9193 | 15:16:31 | 220.011638 | 359.013481 
 4152.1503 | 08740.9292 | 15:16:32 | 220.003117 | 359.014567 
 4152.1501 | 08740.9375 | 15:16:33 | 219.995983 | 359.014283 
 4152.1499 | 08740.9452 | 15:16:34 | 219.989365 | 359.014003 
 4152.1499 | 08740.9526 | 15:16:35 | 219.983003 | 359.013954 
 4152.1500 | 08740.9597 | 15:16:36 | 219.976897 | 359.014023 
 4152.1494 | 08740.9660 | 15:16:37 | 219.971486 | 359.013292 
 4152.1491 | 08740.9723 | 15:16:38 | 219.966072 | 359.012906 
 4152.1490 | 08740.9786 | 15:16:39 | 219.960657 | 359.012750 
 4152.1491 | 08740.9844 | 15:16:40 | 219.955669 | 359.012827 
 4152.1489 | 08740.9899 | 15:16:41 | 219.950942 | 359.012561 
 4152.1489 | 08740.9952 | 15:16:42 | 219.946385 | 359.012527 
 4152.1490 | 08741.0001 | 15:16:43 | 219.942172 | 359.012610 
 4152.1493 | 08741.0047 | 15:16:44 | 219.938214 | 359.012925 
 4152.1496 | 08741.0085 | 15:16:45 | 219.934945 | 359.013245 
 4152.1497 | 08741.0111 | 15:16:46 | 219.932708 | 359.013343 
 4152.1499 | 08741.0129 | 15:16:47 | 219.931159 | 359.013562 
 4152.1504 | 08741.0143 | 15:16:48 | 219.929951 | 359.014128 
 4152.1514 | 08741.0153 | 15:16:49 | 219.929083 | 359.015271 
 4152.1527 | 08741.0154 | 15:16:50 | 219.928985 | 359.016766 
 4152.1540 | 08741.0149 | 15:16:51 | 219.929404 | 359.018265 
 4152.1578 | 08741.0159 | 15:16:52 | 219.928511 | 359.022629 
 4152.1610 | 08741.0163 | 15:16:53 | 219.928139 | 359.026307 
 4152.1643 | 08741.0169 | 15:16:54 | 219.927595 | 359.030099 
 4152.1676 | 08741.0173 | 15:16:55 | 219.927222 | 359.033892 
 4152.1710 | 08741.0174 | 15:16:56 | 219.927106 | 359.037803 
 4152.1750 | 08741.0179 | 15:16:57 | 219.926642 | 359.042400 
 4152.1799 | 08741.0179 | 15:16:58 | 219.926599 | 359.048037 
 4152.1845 | 08741.0178 | 15:16:59 | 219.926645 | 359.053328 
 4152.1895 | 08741.0178 | 15:17:00 | 219.926601 | 359.059080 
 4152.1951 | 08741.0178 | 15:17:01 | 219.926553 | 359.065521 
 4152.2008 | 08741.0178 | 15:17:02 | 219.926503 | 359.072078 
 4152.2071 | 08741.0181 | 15:17:03 | 219.926190 | 359.079322 
 4152.2135 | 08741.0182 | 15:17:04 | 219.926049 | 359.086683 
 4152.2202 | 08741.0183 | 15:17:05 | 219.925904 | 359.094389 
 4152.2271 | 08741.0184 | 15:17:06 | 219.925758 | 359.102325 
 4152.2337 | 08741.0185 | 15:17:07 | 219.925615 | 359.109916 
 4152.2402 | 08741.0186 | 15:17:08 | 219.925472 | 359.117392 
 4152.2465 | 08741.0187 | 15:17:09 | 219.925331 | 359.124638 
 4152.2525 | 08741.0187 | 15:17:10 | 219.925279 | 359.131540 
 4152.2585 | 08741.0189 | 15:17:11 | 219.925055 | 359.138440 
 4152.2642 | 08741.0190 | 15:17:12 | 219.924919 | 359.144996 
 4152.2697 | 08741.0192 | 15:17:13 | 219.924700 | 359.151321 
 4152.2741 | 08741.0190 | 15:17:14 | 219.924833 | 359.156383 
 4152.2775 | 08741.0187 | 15:17:15 | 219.925062 | 359.160296 
 4152.2800 | 08741.0185 | 15:17:16 | 219.925212 | 359.163173 
 4152.2820 | 08741.0179 | 15:17:17 | 219.925710 | 359.165477 
 4152.2837 | 08741.0165 | 15:17:18 | 219.926899 | 359.167442 
 4152.2848 | 08741.0141 | 15:17:19 | 219.928953 | 359.168723 
 4152.2854 | 08741.0106 | 15:17:20 | 219.931957 | 359.169436 
 4152.2856 | 08741.0063 | 15:17:21 | 219.935652 | 359.169694 
 4152.2857 | 08741.0013 | 15:17:22 | 219.939949 | 359.169841 
 4152.2856 | 08740.9957 | 15:17:23 | 219.944765 | 359.169763 
 4152.2855 | 08740.9897 | 15:17:24 | 219.949924 | 359.169687 
 4152.2855 | 08740.9835 | 15:17:25 | 219.955254 | 359.169727 
 4152.2856 | 08740.9773 | 15:17:26 | 219.960584 | 359.169883 
 4152.2857 | 08740.9714 | 15:17:27 | 219.965655 | 359.170036 
 4152.2859 | 08740.9658 | 15:17:28 | 219.970468 | 359.170303 
 4152.2858 | 08740.9608 | 15:17:29 | 219.974768 | 359.170220 
 4152.2857 | 08740.9567 | 15:17:30 | 219.978293 | 359.170132 
 4152.2856 | 08740.9541 | 15:17:31 | 219.980530 | 359.170034 
 4152.2856 | 08740.9528 | 15:17:32 | 219.981647 | 359.170042 
 4152.2854 | 08740.9516 | 15:17:33 | 219.982681 | 359.169820 
 4152.2849 | 08740.9502 | 15:17:34 | 219.983889 | 359.169254 
 4152.2840 | 08740.9487 | 15:17:35 | 219.985186 | 359.168229 
 4152.2824 | 08740.9475 | 15:17:36 | 219.986232 | 359.166396 
 4152.2803 | 08740.9469 | 15:17:37 | 219.986766 | 359.163984 
 4152.2781 | 08740.9469 | 15:17:38 | 219.986785 | 359.161454 
 4152.2759 | 08740.9469 | 15:17:39 | 219.986804 | 359.158923 
 4152.2735 | 08740.9470 | 15:17:40 | 219.986739 | 359.156162 
 4152.2713 | 08740.9471 | 15:17:41 | 219.986672 | 359.153631 
 4152.2692 | 08740.9470 | 15:17:42 | 219.986777 | 359.151216 
 4152.2680 | 08740.9469 | 15:17:43 | 219.986873 | 359.149836 
 4152.2677 | 08740.9469 | 15:17:44 | 219.986876 | 359.149491 
 4152.2677 | 08740.9469 | 15:17:45 | 219.986876 | 359.149491 
 4152.2676 | 08740.9469 | 15:17:46 | 219.986877 | 359.149376 
 4152.2674 | 08740.9469 | 15:17:47 | 219.986878 | 359.149146 
 4152.2665 | 08740.9468 | 15:17:48 | 219.986972 | 359.148112 
 4152.2646 | 08740.9466 | 15:17:49 | 219.987161 | 359.145927 
 4152.2618 | 08740.9465 | 15:17:50 | 219.987271 | 359.142707 
 4152.2584 | 08740.9464 | 15:17:51 | 219.987387 | 359.138797 
 4152.2545 | 08740.9464 | 15:17:52 | 219.987421 | 359.134311 
 4152.2503 | 08740.9464 | 15:17:53 | 219.987457 | 359.129480 
 4152.2460 | 08740.9463 | 15:17:54 | 219.987581 | 359.124535 
 4152.2414 | 08740.9461 | 15:17:55 | 219.987793 | 359.119245 
 4152.2369 | 08740.9460 | 15:17:56 | 219.987918 | 359.114069 
 4152.2324 | 08740.9459 | 15:17:57 | 219.988043 | 359.108894 
 4152.2277 | 08740.9459 | 15:17:58 | 219.988084 | 359.103488 
 4152.2233 | 08740.9457 | 15:17:59 | 219.988295 | 359.098428 
 4152.2192 | 08740.9456 | 15:18:00 | 219.988416 | 359.093712 
 4152.2155 | 08740.9456 | 15:18:01 | 219.988449 | 359.089457 
 4152.2122 | 08740.9455 | 15:18:02 | 219.988563 | 359.085661 
 4152.2094 | 08740.9455 | 15:18:03 | 219.988588 | 359.082441 
 4152.2070 | 08740.9453 | 15:18:04 | 219.988781 | 359.079681 
 4152.2047 | 08740.9451 | 15:18:05 | 219.988973 | 359.077037 
 4152.2029 | 08740.9449 | 15:18:06 | 219.989160 | 359.074968 
 4152.2016 | 08740.9447 | 15:18:07 | 219.989344 | 359.073474 
 4152.2006 | 08740.9446 | 15:18:08 | 219.989438 | 359.072324 
 4152.1998 | 08740.9446 | 15:18:09 | 219.989445 | 359.071404 
 4152.1989 | 08740.9445 | 15:18:10 | 219.989539 | 359.070369 
 4152.1977 | 08740.9443 | 15:18:11 | 219.989722 | 359.068991 
 4152.1965 | 08740.9442 | 15:18:12 | 219.989818 | 359.067611 
 4152.1952 | 08740.9440 | 15:18:13 | 219.990001 | 359.066117 
 4152.1940 | 08740.9438 | 15:18:14 | 219.990184 | 359.064738 
 4152.1930 | 08740.9437 | 15:18:15 | 219.990278 | 359.063588 
 4152.1919 | 08740.9436 | 15:18:16 | 219.990374 | 359.062324 
 4152.1908 | 08740.9436 | 15:18:17 | 219.990384 | 359.061058 
 4152.1897 | 08740.9436 | 15:18:18 | 219.990393 | 359.059793 
 4152.1888 | 08740.9437 | 15:18:19 | 219.990315 | 359.058757 
 4152.1880 | 08740.9437 | 15:18:20 | 219.990322 | 359.057837 
 4152.1872 | 08740.9438 | 15:18:21 | 219.990243 | 359.056916 
 4152.1862 | 08740.9440 | 15:18:22 | 219.990080 | 359.055765 
 4152.1850 | 08740.9441 | 15:18:23 | 219.990004 | 359.054384 
 4152.1835 | 08740.9443 | 15:18:24 | 219.989845 | 359.052657 
 4152.1816 | 08740.9445 | 15:18:25 | 219.989690 | 359.050470 
 4152.1796 | 08740.9445 | 15:18:26 | 219.989708 | 359.048170 
 4152.1773 | 08740.9445 | 15:18:27 | 219.989728 | 359.045524 
 4152.1749 | 08740.9444 | 15:18:28 | 219.989835 | 359.042764 
 4152.1723 | 08740.9443 | 15:18:29 | 219.989943 | 359.039774 
 4152.1696 | 08740.9442 | 15:18:30 | 219.990053 | 359.036669 
 4152.1670 | 08740.9441 | 15:18:31 | 219.990161 | 359.033679 
 4152.1646 | 08740.9440 | 15:18:32 | 219.990268 | 359.030919 
 4152.1624 | 08740.9440 | 15:18:33 | 219.990287 | 359.028389 
 4152.1607 | 08740.9443 | 15:18:34 | 219.990044 | 359.026431 
 4152.1596 | 08740.9448 | 15:18:35 | 219.989624 | 359.025163 
 4152.1591 | 08740.9457 | 15:18:36 | 219.988855 | 359.024582 
 4152.1591 | 08740.9460 | 15:18:37 | 219.988597 | 359.024580 
 4152.1587 | 08740.9464 | 15:18:38 | 219.988256 | 359.024117 
 4152.1583 | 08740.9468 | 15:18:39 | 219.987916 | 359.023654 
 4152.1578 | 08740.9470 | 15:18:40 | 219.987748 | 359.023078 
 4152.1566 | 08740.9472 | 15:18:42 | 219.987587 | 359.021696 
 4152.1560 | 08740.9472 | 15:18:43 | 219.987592 | 359.021006 
 4152.1555 | 08740.9473 | 15:18:44 | 219.987510 | 359.020430 
 4152.1552 | 08740.9479 | 15:18:45 | 219.986997 | 359.020081 
 4152.1547 | 08740.9480 | 15:18:46 | 219.986916 | 359.019506 
 4152.1543 | 08740.9483 | 15:18:47 | 219.986661 | 359.019044 
 4152.1540 | 08740.9486 | 15:18:48 | 219.986406 | 359.018696 
 4152.1536 | 08740.9487 | 15:18:49 | 219.986323 | 359.018236 
 4152.1533 | 08740.9488 | 15:18:50 | 219.986240 | 359.017890 
 4152.1531 | 08740.9490 | 15:18:51 | 219.986070 | 359.017659 
 4152.1523 | 08740.9492 | 15:18:53 | 219.985905 | 359.016737 
 4152.1521 | 08740.9493 | 15:18:54 | 219.985821 | 359.016506 
 4152.1520 | 08740.9491 | 15:18:55 | 219.985993 | 359.016393 
 4152.1526 | 08740.9480 | 15:18:56 | 219.986934 | 359.017090 
 4152.1547 | 08740.9458 | 15:18:57 | 219.988807 | 359.019520 
 4152.1561 | 08740.9438 | 15:18:58 | 219.990514 | 359.021143 
 4152.1570 | 08740.9425 | 15:18:59 | 219.991624 | 359.022187 
 4152.1574 | 08740.9417 | 15:19:00 | 219.992309 | 359.022652 
 4152.1575 | 08740.9412 | 15:19:01 | 219.992738 | 359.022771 
 4152.1576 | 08740.9406 | 15:19:02 | 219.993253 | 359.022890 
 4152.1578 | 08740.9400 | 15:19:03 | 219.993767 | 359.023124 
 4152.1583 | 08740.9387 | 15:19:04 | 219.994880 | 359.023707 
 4152.1590 | 08740.9359 | 15:19:05 | 219.997281 | 359.024531 
 4152.1590 | 08740.9364 | 15:19:06 | 219.996851 | 359.024527 
 4152.1543 | 08740.9441 | 15:19:07 | 219.990272 | 359.019071 
 4152.1543 | 08740.9440 | 15:19:08 | 219.990358 | 359.019072 
 4152.1542 | 08740.9440 | 15:19:09 | 219.990359 | 359.018957 
 4152.1542 | 08740.9440 | 15:19:10 | 219.990359 | 359.018957 
 4152.1542 | 08740.9440 | 15:19:11 | 219.990359 | 359.018957 
 4152.1542 | 08740.9440 | 15:19:12 | 219.990359 | 359.018957 
 4152.1542 | 08740.9440 | 15:19:13 | 219.990359 | 359.018957 
 4152.1542 | 08740.9440 | 15:19:14 | 219.990359 | 359.018957 
 4152.1542 | 08740.9440 | 15:19:15 | 219.990359 | 359.018957 
 4152.1542 | 08740.9440 | 15:19:16 | 219.990359 | 359.018957 
 4152.1542 | 08740.9440 | 15:19:17 | 219.990359 | 359.018957 
 4152.1538 | 08740.9362 | 15:19:21 | 219.997069 | 359.018547 
 4152.1558 | 08740.9345 | 15:19:22 | 219.998513 | 359.020859 
 4152.1594 | 08740.9354 | 15:19:23 | 219.997708 | 359.024994 
 4152.1610 | 08740.9345 | 15:19:25 | 219.998467 | 359.026840 
 4152.1629 | 08740.9329 | 15:19:26 | 219.999826 | 359.029036 
 4152.1641 | 08740.9316 | 15:19:27 | 220.000934 | 359.030425 
 4152.1655 | 08740.9311 | 15:19:28 | 220.001351 | 359.032038 
 4152.1665 | 08740.9307 | 15:19:29 | 220.001686 | 359.033191 
 4152.1672 | 08740.9300 | 15:19:30 | 220.002282 | 359.034001 
 4152.1674 | 08740.9288 | 15:19:31 | 220.003312 | 359.034239 
 4152.1678 | 08740.9286 | 15:19:32 | 220.003481 | 359.034700 
 4152.1681 | 08740.9284 | 15:19:33 | 220.003650 | 359.035047 
 4152.1684 | 08740.9280 | 15:19:34 | 220.003991 | 359.035394 
 4152.1686 | 08740.9270 | 15:19:37 | 220.004849 | 359.035631 
 4152.1679 | 08740.9272 | 15:19:38 | 220.004683 | 359.034825 
 4152.1678 | 08740.9294 | 15:19:40 | 220.002793 | 359.034695 
 4152.1684 | 08740.9286 | 15:19:43 | 220.003475 | 359.035391 
 4152.1688 | 08740.9287 | 15:19:46 | 220.003386 | 359.035850 
 4152.1695 | 08740.9288 | 15:19:47 | 220.003294 | 359.036654 
 4152.1705 | 08740.9285 | 15:19:49 | 220.003543 | 359.037807 
 4152.1718 | 08740.9285 | 15:19:52 | 220.003532 | 359.039302 
 4152.1723 | 08740.9286 | 15:19:53 | 220.003441 | 359.039876 
 4152.1726 | 08740.9288 | 15:19:54 | 220.003267 | 359.040220 
 4152.1740 | 08740.9281 | 15:20:00 | 220.003856 | 359.041835 
 4152.1743 | 08740.9281 | 15:20:04 | 220.003854 | 359.042180 
 4152.1750 | 08740.9298 | 15:20:16 | 220.002386 | 359.042974 
 4152.1731 | 08740.9300 | 15:20:17 | 220.002231 | 359.040788 
 4152.1732 | 08740.9299 | 15:20:26 | 220.002316 | 359.040903 
 4152.1466 | 08740.9382 | 15:21:12 | 219.995412 | 359.010252 
 4152.1563 | 08740.9323 | 15:21:32 | 220.000400 | 359.021448 
 4152.1556 | 08740.9657 | 15:21:52 | 219.971690 | 359.020425 
 4152.1572 | 08740.9638 | 15:21:53 | 219.973310 | 359.022278 
 4152.1583 | 08740.9636 | 15:21:56 | 219.973472 | 359.023545 
 4152.1828 | 08740.8636 | 15:21:57 | 220.059234 | 359.052378 
 4152.1546 | 08740.9631 | 15:21:59 | 219.973934 | 359.019292 
 4152.1562 | 08740.9607 | 15:22:01 | 219.975984 | 359.021148 
 4152.1268 | 08740.9476 | 15:22:02 | 219.987503 | 358.987416 
 4152.1594 | 08740.9566 | 15:22:05 | 219.979481 | 359.024856 
 4152.1612 | 08740.9578 | 15:22:06 | 219.978433 | 359.026918 
 4152.1625 | 08740.9568 | 15:22:07 | 219.979282 | 359.028420 
 4152.1627 | 08740.9567 | 15:22:08 | 219.979366 | 359.028651 
 4152.1627 | 08740.9567 | 15:22:09 | 219.979366 | 359.028651 
 4152.1627 | 08740.9567 | 15:22:10 | 219.979366 | 359.028651 
 4152.1627 | 08740.9567 | 15:22:11 | 219.979366 | 359.028651 
 4152.1627 | 08740.9567 | 15:22:12 | 219.979366 | 359.028651 
 4152.1627 | 08740.9567 | 15:22:13 | 219.979366 | 359.028651 
 4152.1627 | 08740.9567 | 15:22:14 | 219.979366 | 359.028651 
 4152.1627 | 08740.9567 | 15:22:15 | 219.979366 | 359.028651 
 4152.1627 | 08740.9567 | 15:22:16 | 219.979366 | 359.028651 
 4152.1627 | 08740.9567 | 15:22:17 | 219.979366 | 359.028651 
 4152.1627 | 08740.9567 | 15:22:18 | 219.979366 | 359.028651 
 4152.1627 | 08740.9567 | 15:22:19 | 219.979366 | 359.028651 
 4152.1627 | 08740.9567 | 15:22:20 | 219.979366 | 359.028651 
 4152.1627 | 08740.9567 | 15:22:21 | 219.979366 | 359.028651 
 4152.1627 | 08740.9567 | 15:22:22 | 219.979366 | 359.028651 
 4152.1627 | 08740.9567 | 15:22:23 | 219.979366 | 359.028651 
 4152.1627 | 08740.9567 | 15:22:24 | 219.979366 | 359.028651 
 4152.1627 | 08740.9567 | 15:22:25 | 219.979366 | 359.028651 
 4152.1627 | 08740.9567 | 15:22:26 | 219.979366 | 359.028651 
 4152.1627 | 08740.9567 | 15:22:27 | 219.979366 | 359.028651 
 4152.1627 | 08740.9567 | 15:22:28 | 219.979366 | 359.028651 
 4152.1627 | 08740.9567 | 15:22:29 | 219.979366 | 359.028651 
 4152.1627 | 08740.9567 | 15:22:30 | 219.979366 | 359.028651 
 4152.1627 | 08740.9567 | 15:22:31 | 219.979366 | 359.028651 
 4152.1627 | 08740.9567 | 15:22:32 | 219.979366 | 359.028651 
 4152.1627 | 08740.9567 | 15:22:33 | 219.979366 | 359.028651 
 4152.1627 | 08740.9567 | 15:22:34 | 219.979366 | 359.028651 
 4152.1627 | 08740.9567 | 15:22:35 | 219.979366 | 359.028651 
 4152.1627 | 08740.9567 | 15:22:36 | 219.979366 | 359.028651 
 4152.1627 | 08740.9567 | 15:22:37 | 219.979366 | 359.028651 
 4152.1627 | 08740.9567 | 15:22:38 | 219.979366 | 359.028651 
 4152.1627 | 08740.9567 | 15:22:39 | 219.979366 | 359.028651 
 4152.1627 | 08740.9567 | 15:22:40 | 219.979366 | 359.028651 
 4152.1627 | 08740.9567 | 15:22:41 | 219.979366 | 359.028651 
 4152.1627 | 08740.9567 | 15:22:43 | 219.979366 | 359.028651 
 4152.1627 | 08740.9567 | 15:22:44 | 219.979366 | 359.028651 
 4152.1627 | 08740.9567 | 15:22:46 | 219.979366 | 359.028651 
 4152.1627 | 08740.9567 | 15:22:47 | 219.979366 | 359.028651 
 4152.1627 | 08740.9567 | 15:22:49 | 219.979366 | 359.028651 
 4152.1627 | 08740.9567 | 15:22:50 | 219.979366 | 359.028651 
 4152.1627 | 08740.9567 | 15:22:51 | 219.979366 | 359.028651 
 4152.1627 | 08740.9567 | 15:22:52 | 219.979366 | 35