 4152.1423 | 08741.0172 | 09:35:07 | 219.927528 | 359.004792 
 4152.1442 | 08741.0231 | 09:35:18 | 219.922439 | 359.006939 
 4152.1434 | 08741.0242 | 09:35:19 | 219.921500 | 359.006011 
 4152.1445 | 08741.0252 | 09:35:20 | 219.920631 | 359.007270 
 4152.1437 | 08741.0201 | 09:35:21 | 219.925023 | 359.006383 
 4152.1448 | 08741.0216 | 09:35:22 | 219.923724 | 359.007639 
 4152.1448 | 08741.0228 | 09:35:23 | 219.922692 | 359.007631 
 4152.1440 | 08741.0210 | 09:35:24 | 219.924246 | 359.006722 
 4152.1412 | 08741.0185 | 09:35:25 | 219.926420 | 359.003518 
 4152.1405 | 08741.0167 | 09:35:26 | 219.927974 | 359.002725 
 4152.1414 | 08741.0170 | 09:35:27 | 219.927708 | 359.003758 
 4152.1401 | 08741.0196 | 09:35:28 | 219.925484 | 359.002246 
 4152.1393 | 08741.0198 | 09:35:29 | 219.925319 | 359.001324 
 4152.1406 | 08741.0215 | 09:35:30 | 219.923846 | 359.002808 
 4152.1448 | 08741.0243 | 09:35:31 | 219.921402 | 359.007621 
 4152.1430 | 08741.0228 | 09:35:32 | 219.922707 | 359.005560 
 4152.1432 | 08741.0212 | 09:35:33 | 219.924081 | 359.005801 
 4152.1450 | 08741.0165 | 09:35:34 | 219.928107 | 359.007902 
 4152.1463 | 08741.0142 | 09:35:35 | 219.930073 | 359.009412 
 4152.1472 | 08741.0100 | 09:35:36 | 219.933676 | 359.010475 
 4152.1475 | 08741.0056 | 09:35:37 | 219.937456 | 359.010849 
 4152.1429 | 08741.0083 | 09:35:38 | 219.935175 | 359.005540 
 4152.1448 | 08741.0087 | 09:35:39 | 219.934814 | 359.007723 
 4152.1453 | 08741.0067 | 09:35:40 | 219.936530 | 359.008311 
 4152.1454 | 08741.0068 | 09:35:41 | 219.936443 | 359.008425 
 4152.1450 | 08741.0078 | 09:35:42 | 219.935586 | 359.007959 
 4152.1446 | 08741.0082 | 09:35:43 | 219.935246 | 359.007496 
 4152.1443 | 08741.0085 | 09:35:44 | 219.934991 | 359.007149 
 4152.1440 | 08741.0087 | 09:35:45 | 219.934821 | 359.006802 
 4152.1436 | 08741.0099 | 09:35:46 | 219.933793 | 359.006335 
 4152.1435 | 08741.0106 | 09:35:47 | 219.933192 | 359.006215 
 4152.1433 | 08741.0106 | 09:35:48 | 219.933194 | 359.005985 
 4152.1448 | 08741.0109 | 09:35:49 | 219.932923 | 359.007708 
 4152.1450 | 08741.0110 | 09:35:50 | 219.932835 | 359.007938 
 4152.1450 | 08741.0112 | 09:35:51 | 219.932663 | 359.007936 
 4152.1454 | 08741.0126 | 09:35:52 | 219.931456 | 359.008387 
 4152.1455 | 08741.0137 | 09:35:53 | 219.930510 | 359.008495 
 4152.1457 | 08741.0143 | 09:35:54 | 219.929992 | 359.008721 
 4152.1462 | 08741.0154 | 09:35:55 | 219.929042 | 359.009289 
 4152.1465 | 08741.0156 | 09:35:56 | 219.928867 | 359.009633 
 4152.1450 | 08741.0146 | 09:35:57 | 219.929740 | 359.007914 
 4152.1447 | 08741.0144 | 09:35:58 | 219.929915 | 359.007571 
 4152.1445 | 08741.0139 | 09:35:59 | 219.930346 | 359.007344 
 4152.1444 | 08741.0138 | 09:36:00 | 219.930433 | 359.007229 
 4152.1443 | 08741.0137 | 09:36:01 | 219.930520 | 359.007115 
 4152.1442 | 08741.0136 | 09:36:02 | 219.930607 | 359.007001 
 4152.1442 | 08741.0137 | 09:36:03 | 219.930521 | 359.007000 
 4152.1442 | 08741.0141 | 09:36:04 | 219.930177 | 359.006997 
 4152.1441 | 08741.0139 | 09:36:05 | 219.930350 | 359.006884 
 4152.1440 | 08741.0139 | 09:36:06 | 219.930351 | 359.006769 
 4152.1439 | 08741.0138 | 09:36:07 | 219.930437 | 359.006654 
 4152.1455 | 08741.0151 | 09:36:08 | 219.929306 | 359.008486 
 4152.1457 | 08741.0152 | 09:36:09 | 219.929218 | 359.008716 
 4152.1458 | 08741.0152 | 09:36:10 | 219.929217 | 359.008831 
 4152.1463 | 08741.0156 | 09:36:11 | 219.928869 | 359.009403 
 4152.1469 | 08741.0157 | 09:36:12 | 219.928778 | 359.010093 
 4152.1475 | 08741.0155 | 09:36:13 | 219.928945 | 359.010784 
 4152.1481 | 08741.0152 | 09:36:14 | 219.929197 | 359.011476 
 4152.1486 | 08741.0149 | 09:36:15 | 219.929451 | 359.012053 
 4152.1489 | 08741.0148 | 09:36:16 | 219.929534 | 359.012399 
 4152.1488 | 08741.0148 | 09:36:17 | 219.929535 | 359.012284 
 4152.1484 | 08741.0149 | 09:36:18 | 219.929453 | 359.011823 
 4152.1483 | 08741.0149 | 09:36:19 | 219.929453 | 359.011708 
 4152.1484 | 08741.0149 | 09:36:20 | 219.929453 | 359.011823 
 4152.1484 | 08741.0149 | 09:36:21 | 219.929453 | 359.011823 
 4152.1484 | 08741.0149 | 09:36:22 | 219.929453 | 359.011823 
 4152.1483 | 08741.0150 | 09:36:23 | 219.929367 | 359.011708 
 4152.1485 | 08741.0152 | 09:36:24 | 219.929194 | 359.011936 
 4152.1487 | 08741.0154 | 09:36:25 | 219.929020 | 359.012165 
 4152.1486 | 08741.0154 | 09:36:26 | 219.929021 | 359.012050 
 4152.1489 | 08741.0154 | 09:36:27 | 219.929018 | 359.012395 
 4152.1486 | 08741.0155 | 09:36:28 | 219.928935 | 359.012049 
 4152.1484 | 08741.0156 | 09:36:29 | 219.928851 | 359.011819 
 4152.1484 | 08741.0156 | 09:36:30 | 219.928851 | 359.011819 
 4152.1480 | 08741.0158 | 09:36:31 | 219.928682 | 359.011357 
 4152.1478 | 08741.0159 | 09:36:32 | 219.928598 | 359.011127 
 4152.1475 | 08741.0159 | 09:36:33 | 219.928601 | 359.010782 
 4152.1473 | 08741.0160 | 09:36:34 | 219.928516 | 359.010551 
 4152.1471 | 08741.0161 | 09:36:35 | 219.928432 | 359.010320 
 4152.1469 | 08741.0163 | 09:36:36 | 219.928262 | 359.010089 
 4152.1471 | 08741.0162 | 09:36:37 | 219.928346 | 359.010319 
 4152.1471 | 08741.0162 | 09:36:38 | 219.928346 | 359.010319 
 4152.1470 | 08741.0163 | 09:36:39 | 219.928261 | 359.010204 
 4152.1469 | 08741.0164 | 09:36:40 | 219.928176 | 359.010088 
 4152.1467 | 08741.0167 | 09:36:41 | 219.927920 | 359.009856 
 4152.1467 | 08741.0167 | 09:36:42 | 219.927920 | 359.009856 
 4152.1465 | 08741.0166 | 09:36:43 | 219.928008 | 359.009627 
 4152.1465 | 08741.0168 | 09:36:44 | 219.927836 | 359.009625 
 4152.1465 | 08741.0166 | 09:36:45 | 219.928008 | 359.009627 
 4152.1466 | 08741.0163 | 09:36:46 | 219.928265 | 359.009744 
 4152.1466 | 08741.0163 | 09:36:47 | 219.928265 | 359.009744 
 4152.1466 | 08741.0162 | 09:36:48 | 219.928351 | 359.009744 
 4152.1465 | 08741.0161 | 09:36:49 | 219.928437 | 359.009630 
 4152.1465 | 08741.0161 | 09:36:50 | 219.928437 | 359.009630 
 4152.1468 | 08741.0163 | 09:36:51 | 219.928263 | 359.009974 
 4152.1465 | 08741.0157 | 09:36:52 | 219.928781 | 359.009633 
 4152.1465 | 08741.0146 | 09:36:53 | 219.929727 | 359.009640 
 4152.1465 | 08741.0145 | 09:36:54 | 219.929813 | 359.009640 
 4152.1464 | 08741.0140 | 09:36:55 | 219.930244 | 359.009529 
 4152.1462 | 08741.0142 | 09:36:56 | 219.930074 | 359.009297 
 4152.1458 | 08741.0131 | 09:36:57 | 219.931023 | 359.008844 
 4152.1457 | 08741.0115 | 09:36:58 | 219.932399 | 359.008740 
 4152.1454 | 08741.0099 | 09:36:59 | 219.933778 | 359.008405 
 4152.1456 | 08741.0078 | 09:37:00 | 219.935581 | 359.008649 
 4152.1457 | 08741.0064 | 09:37:01 | 219.936784 | 359.008773 
 4152.1459 | 08741.0044 | 09:37:02 | 219.938502 | 359.009016 
 4152.1460 | 08741.0036 | 09:37:03 | 219.939189 | 359.009136 
 4152.1464 | 08741.0024 | 09:37:04 | 219.940217 | 359.009604 
 4152.1466 | 08741.0015 | 09:37:05 | 219.940989 | 359.009840 
 4152.1467 | 08741.0012 | 09:37:06 | 219.941246 | 359.009957 
 4152.1481 | 08741.0012 | 09:37:07 | 219.941234 | 359.011567 
 4152.1483 | 08741.0012 | 09:37:08 | 219.941232 | 359.011797 
 4152.1483 | 08741.0013 | 09:37:09 | 219.941146 | 359.011797 
 4152.1483 | 08741.0013 | 09:37:10 | 219.941146 | 359.011797 
 4152.1483 | 08741.0013 | 09:37:11 | 219.941146 | 359.011797 
 4152.1483 | 08741.0013 | 09:37:12 | 219.941146 | 359.011797 
 4152.1483 | 08741.0013 | 09:37:13 | 219.941146 | 359.011797 
 4152.1483 | 08741.0013 | 09:37:14 | 219.941146 | 359.011797 
 4152.1483 | 08741.0013 | 09:37:15 | 219.941146 | 359.011797 
 4152.1483 | 08741.0013 | 09:37:18 | 219.941146 | 359.011797 
 4152.1483 | 08741.0013 | 09:37:19 | 219.941146 | 359.011797 
 4152.1483 | 08741.0013 | 09:37:20 | 219.941146 | 359.011797 
 4152.1483 | 08741.0013 | 09:37:21 | 219.941146 | 359.011797 
 4152.1483 | 08741.0013 | 09:37:22 | 219.941146 | 359.011797 
 4152.1483 | 08741.0013 | 09:37:23 | 219.941146 | 359.011797 
 4152.1483 | 08741.0013 | 09:37:24 | 219.941146 | 359.011797 
 4152.1483 | 08741.0013 | 09:37:25 | 219.941146 | 359.011797 
 4152.1483 | 08741.0013 | 09:37:26 | 219.941146 | 359.011797 
 4152.1483 | 08741.0013 | 09:37:27 | 219.941146 | 359.011797 
 4152.1483 | 08741.0013 | 09:37:28 | 219.941146 | 359.011797 
 4152.1483 | 08741.0013 | 09:37:29 | 219.941146 | 359.011797 
 4152.1483 | 08741.0013 | 09:37:30 | 219.941146 | 359.011797 
 4152.1483 | 08741.0013 | 09:37:31 | 219.941146 | 359.011797 
 4152.1483 | 08741.0013 | 09:37:32 | 219.941146 | 359.011797 
 4152.1483 | 08741.0013 | 09:37:33 | 219.941146 | 359.011797 
 4152.1483 | 08741.0013 | 09:37:34 | 219.941146 | 359.011797 
 4152.1483 | 08741.0013 | 09:37:35 | 219.941146 | 359.011797 
 4152.1483 | 08741.0013 | 09:37:36 | 219.941146 | 359.011797 
 4152.1483 | 08741.0013 | 09:37:37 | 219.941146 | 359.011797 
 4152.1483 | 08741.0013 | 09:37:38 | 219.941146 | 359.011797 
 4152.1483 | 08741.0013 | 09:37:39 | 219.941146 | 359.011797 
 4152.1483 | 08741.0013 | 09:37:40 | 219.941146 | 359.011797 
 4152.1483 | 08741.0013 | 09:37:41 | 219.941146 | 359.011797 
 4152.1483 | 08741.0013 | 09:37:42 | 219.941146 | 359.011797 
 4152.1483 | 08741.0013 | 09:37:43 | 219.941146 | 359.011797 
 4152.1483 | 08741.0013 | 09:37:44 | 219.941146 | 359.011797 
 4152.1483 | 08741.0013 | 09:37:45 | 219.941146 | 359.011797 
 4152.1483 | 08741.0013 | 09:37:46 | 219.941146 | 359.011797 
 4152.1483 | 08741.0013 | 09:37:47 | 219.941146 | 359.011797 
 4152.1483 | 08741.0013 | 09:37:48 | 219.941146 | 359.011797 
 4152.1483 | 08741.0013 | 09:37:49 | 219.941146 | 359.011797 
 4152.1483 | 08741.0013 | 09:37:50 | 219.941146 | 359.011797 
 4152.1483 | 08741.0013 | 09:37:51 | 219.941146 | 359.011797 
 4152.1483 | 08741.0013 | 09:37:52 | 219.941146 | 359.011797 
 4152.1483 | 08741.0013 | 09:37:53 | 219.941146 | 359.011797 
 4152.1483 | 08741.0013 | 09:37:54 | 219.941146 | 359.011797 
 4152.1483 | 08741.0013 | 09:37:55 | 219.941146 | 359.011797 
 4152.1483 | 08741.0013 | 09:37:56 | 219.941146 | 359.011797 
 4152.1483 | 08741.0013 | 09:37:57 | 219.941146 | 359.011797 
 4152.1483 | 08741.0013 | 09:37:58 | 219.941146 | 359.011797 
 4152.1483 | 08741.0013 | 09:37:59 | 219.941146 | 359.011797 
 4152.1483 | 08741.0013 | 09:38:00 | 219.941146 | 359.011797 
 4152.1483 | 08741.0013 | 09:38:01 | 219.941146 | 359.011797 
 4152.1483 | 08741.0013 | 09:38:02 | 219.941146 | 359.011797 
 4152.1483 | 08741.0013 | 09:38:03 | 219.941146 | 359.011797 
 4152.1483 | 08741.0013 | 09:38:04 | 219.941146 | 359.011797 
 4152.1483 | 08741.0013 | 09:38:05 | 219.941146 | 359.011797 
 4152.1483 | 08741.0013 | 09:38:06 | 219.941146 | 359.011797 
 4152.1483 | 08741.0013 | 09:38:07 | 219.941146 | 359.011797 
 4152.1483 | 08741.0013 | 09:38:08 | 219.941146 | 359.011797 
 4152.1483 | 08741.0013 | 09:38:09 | 219.941146 | 359.011797 
 4152.1483 | 08741.0013 | 09:38:10 | 219.941146 | 359.011797 
 4152.1483 | 08741.0013 | 09:38:11 | 219.941146 | 359.011797 
 4152.1483 | 08741.0013 | 09:38:12 | 219.941146 | 359.011797 
 4152.1483 | 08741.0013 | 09:38:13 | 219.941146 | 359.011797 
 4152.1483 | 08741.0013 | 09:38:14 | 219.941146 | 359.011797 
 4152.1483 | 08741.0013 | 09:38:15 | 219.941146 | 359.011797 
 4152.1483 | 08741.0013 | 09:38:16 | 219.941146 | 359.011797 
 4152.1483 | 08741.0013 | 09:38:17 | 219.941146 | 359.011797 
 4152.1483 | 08741.0013 | 09:38:18 | 219.941146 | 359.011797 
 4152.1483 | 08741.0013 | 09:38:19 | 219.941146 | 359.011797 
 4152.1483 | 08741.0013 | 09:38:20 | 219.941146 | 359.011797 
 4152.1483 | 08741.0013 | 09:38:21 | 219.941146 | 359.011797 
 4152.1483 | 08741.0013 | 09:38:22 | 219.941146 | 359.011797 
 4152.1483 | 08741.0013 | 09:38:23 | 219.941146 | 359.011797 
 4152.1483 | 08741.0013 | 09:38:24 | 219.941146 | 359.011797 
 4152.1483 | 08741.0013 | 09:38:25 | 219.941146 | 359.011797 
 4152.1483 | 08741.0013 | 09:38:26 | 219.941146 | 359.011797 
 4152.1483 | 08741.0013 | 09:38:28 | 219.941146 | 359.011797 
 4152.1483 | 08741.0013 | 09:38:29 | 219.941146 | 359.011797 
 4152.1483 | 08741.0013 | 09:38:30 | 219.941146 | 359.011797 
 4152.1483 | 08741.0013 | 09:38:31 | 219.941146 | 359.011797 
 4152.1483 | 08741.0013 | 09:38:32 | 219.941146 | 359.011797 
 4152.1483 | 08741.0013 | 09:38:33 | 219.941146 | 359.011797 
 4152.1483 | 08741.0013 | 09:38:34 | 219.941146 | 359.011797 
 4152.1483 | 08741.0013 | 09:38:35 | 219.941146 | 359.011797 
 4152.1483 | 08741.0013 | 09:38:36 | 219.941146 | 359.011797 
 4152.1483 | 08741.0013 | 09:38:37 | 219.941146 | 359.011797 
 4152.1483 | 08741.0013 | 09:38:38 | 219.941146 | 359.011797 
 4152.1483 | 08741.0013 | 09:38:39 | 219.941146 | 359.011797 
 4152.1483 | 08741.0013 | 09:38:40 | 219.941146 | 359.011797 
 4152.1483 | 08741.0013 | 09:38:41 | 219.941146 | 359.011797 
 4152.1483 | 08741.0013 | 09:38:42 | 219.941146 | 359.011797 
 4152.1483 | 08741.0013 | 09:38:43 | 219.941146 | 359.011797 
 4152.1483 | 08741.0013 | 09:38:44 | 219.941146 | 359.011797 
 4152.1483 | 08741.0013 | 09:38:45 | 219.941146 | 359.011797 
 4152.1483 | 08741.0013 | 09:38:46 | 219.941146 | 359.011797 
 4152.1483 | 08741.0013 | 09:38:47 | 219.941146 | 359.011797 
 4152.1483 | 08741.0013 | 09:38:48 | 219.941146 | 359.011797 
 4152.1483 | 08741.0013 | 09:38:49 | 219.941146 | 359.011797 
 4152.1483 | 08741.0013 | 09:38:50 | 219.941146 | 359.011797 
 4152.1483 | 08741.0013 | 09:38:51 | 219.941146 | 359.011797 
 4152.1483 | 08741.0013 | 09:38:52 | 219.941146 | 359.011797 
 4152.1483 | 08741.0013 | 09:38:53 | 219.941146 | 359.011797 
 4152.1483 | 08741.0013 | 09:38:54 | 219.941146 | 359.011797 
 4152.1483 | 08741.0013 | 09:38:55 | 219.941146 | 359.011797 
 4152.1483 | 08741.0013 | 09:38:56 | 219.941146 | 359.011797 
 4152.1483 | 08741.0013 | 09:38:57 | 219.941146 | 359.011797 
 4152.1483 | 08741.0013 | 09:38:58 | 219.941146 | 359.011797 
 4152.1483 | 08741.0013 | 09:38:59 | 219.941146 | 359.011797 
 4152.1483 | 08741.0013 | 09:39:00 | 219.941146 | 359.011797 
 4152.1483 | 08741.0013 | 09:39:01 | 219.941146 | 359.011797 
 4152.1483 | 08741.0013 | 09:39:02 | 219.941146 | 359.011797 
 4152.1483 | 08741.0013 | 09:39:03 | 219.941146 | 359.011797 
 4152.1483 | 08741.0013 | 09:39:04 | 219.941146 | 359.011797 
 4152.1483 | 08741.0013 | 09:39:05 | 219.941146 | 359.011797 
 4152.1483 | 08741.0013 | 09:39:06 | 219.941146 | 359.011797 
 4152.1483 | 08741.0013 | 09:39:07 | 219.941146 | 359.011797 
 4152.1483 | 08741.0013 | 09:39:08 | 219.941146 | 359.011797 
 4152.1483 | 08741.0013 | 09:39:09 | 219.941146 | 359.011797 
 4152.1483 | 08741.0013 | 09:39:10 | 219.941146 | 359.011797 
 4152.1483 | 08741.0013 | 09:39:11 | 219.941146 | 359.011797 
 4152.1483 | 08741.0013 | 09:39:12 | 219.941146 | 359.011797 
 4152.1459 | 08741.0170 | 09:39:13 | 219.927669 | 359.008934 
 4152.1459 | 08741.0178 | 09:39:14 | 219.926981 | 359.008929 
 4152.1461 | 08741.0188 | 09:39:15 | 219.926120 | 359.009152 
 4152.1464 | 08741.0180 | 09:39:16 | 219.926805 | 359.009503 
 4152.1464 | 08741.0180 | 09:39:17 | 219.926805 | 359.009503 
 4152.1464 | 08741.0180 | 09:39:18 | 219.926805 | 359.009503 
 4152.1464 | 08741.0180 | 09:39:19 | 219.926805 | 359.009503 
 4152.1464 | 08741.0180 | 09:39:20 | 219.926805 | 359.009503 
 4152.1464 | 08741.0180 | 09:39:21 | 219.926805 | 359.009503 
 4152.1464 | 08741.0180 | 09:39:22 | 219.926805 | 359.009503 
 4152.1464 | 08741.0180 | 09:39:23 | 219.926805 | 359.009503 
 4152.1464 | 08741.0180 | 09:39:24 | 219.926805 | 359.009503 
 4152.1464 | 08741.0180 | 09:39:25 | 219.926805 | 359.009503 
 4152.1464 | 08741.0180 | 09:39:26 | 219.926805 | 359.009503 
 4152.1464 | 08741.0180 | 09:39:27 | 219.926805 | 359.009503 
 4152.1464 | 08741.0180 | 09:39:28 | 219.926805 | 359.009503 
 4152.1464 | 08741.0180 | 09:39:29 | 219.926805 | 359.009503 
 4152.1464 | 08741.0180 | 09:39:30 | 219.926805 | 359.009503 
 4152.1464 | 08741.0180 | 09:39:31 | 219.926805 | 359.009503 
 4152.1464 | 08741.0180 | 09:39:32 | 219.926805 | 359.009503 
 4152.1464 | 08741.0180 | 09:39:33 | 219.926805 | 359.009503 
 4152.1464 | 08741.0180 | 09:39:34 | 219.926805 | 359.009503 
 4152.1464 | 08741.0180 | 09:39:35 | 219.926805 | 359.009503 
 4152.1464 | 08741.0180 | 09:39:36 | 219.926805 | 359.009503 
 4152.1464 | 08741.0180 | 09:39:37 | 219.926805 | 359.009503 
 4152.1464 | 08741.0180 | 09:39:38 | 219.926805 | 359.009503 
 4152.1464 | 08741.0180 | 09:39:39 | 219.926805 | 359.009503 
 4152.1432 | 08741.0192 | 09:39:40 | 219.925801 | 359.005814 
 4152.1424 | 08741.0194 | 09:39:41 | 219.925636 | 359.004892 
 4152.1420 | 08741.0171 | 09:39:42 | 219.927617 | 359.004447 
 4152.1412 | 08741.0172 | 09:39:43 | 219.927538 | 359.003526 
 4152.1402 | 08741.0178 | 09:39:44 | 219.927031 | 359.002372 
 4152.1392 | 08741.0180 | 09:39:45 | 219.926867 | 359.001221 
 4152.1378 | 08741.0185 | 09:39:46 | 219.926450 | 358.999607 
 4152.1366 | 08741.0185 | 09:39:47 | 219.926460 | 358.998227 
 4152.1354 | 08741.0186 | 09:39:48 | 219.926385 | 358.996846 
 4152.1345 | 08741.0192 | 09:39:49 | 219.925877 | 358.995807 
 4152.1334 | 08741.0193 | 09:39:50 | 219.925800 | 358.994541 
 4152.1322 | 08741.0193 | 09:39:51 | 219.925811 | 358.993161 
 4152.1309 | 08741.0212 | 09:39:52 | 219.924188 | 358.991653 
 4152.1303 | 08741.0229 | 09:39:53 | 219.922732 | 358.990952 
 4152.1295 | 08741.0234 | 09:39:54 | 219.922309 | 358.990028 
 4152.1286 | 08741.0238 | 09:39:55 | 219.921973 | 358.988990 
 4152.1278 | 08741.0242 | 09:39:56 | 219.921636 | 358.988068 
 4152.1264 | 08741.0250 | 09:39:58 | 219.920960 | 358.986452 
 4152.1259 | 08741.0256 | 09:39:59 | 219.920449 | 358.985873 
 4152.1307 | 08741.0309 | 09:40:03 | 219.915850 | 358.991360 
 4152.1312 | 08741.0340 | 09:40:06 | 219.913181 | 358.991915 
 4152.1310 | 08741.0373 | 09:40:10 | 219.910345 | 358.991663 
 4152.1309 | 08741.0403 | 09:40:14 | 219.907767 | 358.991529 
 4152.1305 | 08741.0518 | 09:40:29 | 219.897883 | 358.990994 
 4152.1322 | 08741.0528 | 09:40:33 | 219.897009 | 358.992943 
 4152.1329 | 08741.0521 | 09:40:34 | 219.897604 | 358.993752 
 4152.1318 | 08741.0541 | 09:40:36 | 219.895894 | 358.992474 
 4152.1323 | 08741.0607 | 09:40:50 | 219.890216 | 358.993006 
 4152.1351 | 08741.0603 | 09:40:54 | 219.890535 | 358.996230 
 4152.1367 | 08741.0603 | 09:40:56 | 219.890521 | 358.998070 
 4152.1371 | 08741.0592 | 09:40:57 | 219.891463 | 358.998537 
 4152.1361 | 08741.0578 | 09:40:58 | 219.892676 | 358.997396 
 4152.1315 | 08741.0552 | 09:40:59 | 219.894951 | 358.992122 
 4152.1321 | 08741.0511 | 09:41:00 | 219.898471 | 358.992839 
 4152.1319 | 08741.0479 | 09:41:02 | 219.901224 | 358.992629 
 4152.1319 | 08741.0479 | 09:41:03 | 219.901224 | 358.992629 
 4152.1319 | 08741.0479 | 09:41:04 | 219.901224 | 358.992629 
 4152.1319 | 08741.0479 | 09:41:05 | 219.901224 | 358.992629 
 4152.1319 | 08741.0479 | 09:41:06 | 219.901224 | 358.992629 
 4152.1351 | 08741.0240 | 09:41:07 | 219.921745 | 358.996466 
 4152.1360 | 08741.0135 | 09:41:10 | 219.930764 | 358.997569 
 4152.1365 | 08741.0108 | 09:41:11 | 219.933081 | 358.998162 
 4152.1415 | 08740.9978 | 09:41:12 | 219.944215 | 359.003998 
 4152.1422 | 08740.9951 | 09:41:13 | 219.946530 | 359.004821 
 4152.1418 | 08740.9915 | 09:41:16 | 219.949628 | 359.004384 
 4152.1418 | 08740.9840 | 09:41:17 | 219.956077 | 359.004433 
 4152.1418 | 08740.9781 | 09:41:18 | 219.961149 | 359.004471 
 4152.1425 | 08740.9732 | 09:41:19 | 219.965356 | 359.005308 
 4152.1431 | 08740.9679 | 09:41:20 | 219.969908 | 359.006033 
 4152.1437 | 08740.9622 | 09:41:21 | 219.974803 | 359.006760 
 4152.1466 | 08740.9304 | 09:41:22 | 220.002118 | 359.010303 
 4152.1468 | 08740.9255 | 09:41:23 | 220.006329 | 359.010565 
 4152.1465 | 08740.9203 | 09:41:24 | 220.010802 | 359.010254 
 4152.1463 | 08740.9158 | 09:41:25 | 220.014673 | 359.010053 
 4152.1464 | 08740.9117 | 09:41:26 | 220.018197 | 359.010195 
 4152.1469 | 08740.9082 | 09:41:27 | 220.021202 | 359.010793 
 4152.1508 | 08740.8978 | 09:41:28 | 220.030110 | 359.015347 
 4152.1513 | 08740.8939 | 09:41:29 | 220.033458 | 359.015948 
 4152.1516 | 08740.8904 | 09:41:30 | 220.036465 | 359.016316 
 4152.1514 | 08740.8868 | 09:41:31 | 220.039562 | 359.016109 
 4152.1505 | 08740.8836 | 09:41:32 | 220.042321 | 359.015095 
 4152.1496 | 08740.8801 | 09:41:33 | 220.045338 | 359.014082 
 4152.1490 | 08740.8768 | 09:41:34 | 220.048180 | 359.013414 
 4152.1523 | 08740.8691 | 09:41:36 | 220.054772 | 359.017260 
 4152.1523 | 08740.8533 | 09:41:38 | 220.068356 | 359.017363 
 4152.1524 | 08740.8466 | 09:41:39 | 220.074115 | 359.017522 
 4152.1529 | 08740.8410 | 09:41:40 | 220.078926 | 359.018134 
 4152.1609 | 08740.8312 | 09:41:41 | 220.087281 | 359.027400 
 4152.1614 | 08740.8273 | 09:41:42 | 220.090630 | 359.028000 
 4152.1620 | 08740.8238 | 09:41:43 | 220.093634 | 359.028713 
 4152.1628 | 08740.8206 | 09:41:44 | 220.096378 | 359.029654 
 4152.1636 | 08740.8174 | 09:41:45 | 220.099122 | 359.030596 
 4152.1648 | 08740.8147 | 09:41:46 | 220.101433 | 359.031994 
 4152.1659 | 08740.8117 | 09:41:47 | 220.104003 | 359.033278 
 4152.1672 | 08740.8085 | 09:41:48 | 220.106743 | 359.034795 
 4152.1688 | 08740.8057 | 09:41:49 | 220.109136 | 359.036653 
 4152.1710 | 08740.8003 | 09:41:50 | 220.113759 | 359.039219 
 4152.1731 | 08740.7932 | 09:41:51 | 220.119845 | 359.041681 
 4152.1793 | 08740.7824 | 09:41:52 | 220.129076 | 359.048884 
 4152.1842 | 08740.7747 | 09:41:53 | 220.135653 | 359.054570 
 4152.1897 | 08740.7667 | 09:41:54 | 220.142483 | 359.060949 
 4152.1985 | 08740.7543 | 09:41:55 | 220.153067 | 359.071152 
 4152.2058 | 08740.7432 | 09:41:56 | 220.162546 | 359.079622 
 4152.2118 | 08740.7390 | 09:41:57 | 220.166105 | 359.086551 
 4152.2194 | 08740.7307 | 09:41:58 | 220.173174 | 359.095347 
 4152.2266 | 08740.7240 | 09:41:59 | 220.178871 | 359.103673 
 4152.2334 | 08740.7180 | 09:42:00 | 220.183970 | 359.111534 
 4152.2395 | 08740.7118 | 09:42:01 | 220.189247 | 359.118591 
 4152.2474 | 08740.7059 | 09:42:02 | 220.194250 | 359.127717 
 4152.2528 | 08740.7000 | 09:42:03 | 220.199275 | 359.133967 
 4152.2602 | 08740.6962 | 09:42:04 | 220.202477 | 359.142504 
 4152.2655 | 08740.6909 | 09:42:05 | 220.206987 | 359.148635 
 4152.2707 | 08740.6860 | 09:42:06 | 220.211154 | 359.154648 
 4152.2754 | 08740.6810 | 09:42:07 | 220.215411 | 359.160087 
 4152.2798 | 08740.6767 | 09:42:08 | 220.219070 | 359.165177 
 4152.2847 | 08740.6740 | 09:42:09 | 220.221348 | 359.170831 
 4152.2914 | 08740.6747 | 09:42:10 | 220.220687 | 359.178533 
 4152.2958 | 08740.6723 | 09:42:11 | 220.222712 | 359.183610 
 4152.3045 | 08740.6658 | 09:42:13 | 220.228224 | 359.193660 
 4152.3078 | 08740.6651 | 09:42:14 | 220.228796 | 359.197460 
 4152.3105 | 08740.6618 | 09:42:15 | 220.231610 | 359.200587 
 4152.3131 | 08740.6587 | 09:42:16 | 220.234252 | 359.203598 
 4152.3148 | 08740.6584 | 09:42:17 | 220.234495 | 359.205556 
 4152.3122 | 08740.6569 | 09:42:18 | 220.235807 | 359.202575 
 4152.3093 | 08740.6553 | 09:42:19 | 220.237209 | 359.199250 
 4152.3082 | 08740.6571 | 09:42:20 | 220.235671 | 359.197973 
 4152.3111 | 08740.6517 | 09:42:21 | 220.240288 | 359.201344 
 4152.3087 | 08740.6465 | 09:42:22 | 220.244779 | 359.198617 
 4152.3104 | 08740.6414 | 09:42:23 | 220.249149 | 359.200606 
 4152.3150 | 08740.6334 | 09:42:24 | 220.255986 | 359.205950 
 4152.3175 | 08740.6266 | 09:42:25 | 220.261811 | 359.208870 
 4152.3194 | 08740.6200 | 09:42:26 | 220.267468 | 359.211099 
 4152.3210 | 08740.6134 | 09:42:27 | 220.273128 | 359.212983 
 4152.3266 | 08740.6085 | 09:42:28 | 220.277291 | 359.219457 
 4152.3293 | 08740.6028 | 09:42:29 | 220.282168 | 359.222600 
 4152.3093 | 08740.6033 | 09:42:30 | 220.281914 | 359.199591 
 4152.3054 | 08740.6011 | 09:42:31 | 220.283840 | 359.195120 
 4152.3024 | 08740.5985 | 09:42:32 | 220.286102 | 359.191686 
 4152.2885 | 08740.5988 | 09:42:33 | 220.285966 | 359.175696 
 4152.2893 | 08740.5993 | 09:42:34 | 220.285529 | 359.176613 
 4152.2897 | 08740.5991 | 09:42:35 | 220.285698 | 359.177074 
 4152.2897 | 08740.5991 | 09:42:36 | 220.285698 | 359.177074 
 4152.2897 | 08740.5991 | 09:42:37 | 220.285698 | 359.177074 
 4152.2897 | 08740.5991 | 09:42:38 | 220.285698 | 359.177074 
 4152.2897 | 08740.5991 | 09:42:39 | 220.285698 | 359.177074 
 4152.2897 | 08740.5991 | 09:42:40 | 220.285698 | 359.177074 
 4152.2897 | 08740.5991 | 09:42:41 | 220.285698 | 359.177074 
 4152.2897 | 08740.5991 | 09:42:42 | 220.285698 | 359.177074 
 4152.2897 | 08740.5991 | 09:42:43 | 220.285698 | 359.177074 
 4152.2897 | 08740.5991 | 09:42:44 | 220.285698 | 359.177074 
 4152.2897 | 08740.5991 | 09:42:45 | 220.285698 | 359.177074 
 4152.2897 | 08740.5991 | 09:42:46 | 220.285698 | 359.177074 
 4152.2897 | 08740.5991 | 09:42:47 | 220.285698 | 359.177074 
 4152.2897 | 08740.5991 | 09:42:48 | 220.285698 | 359.177074 
 4152.2897 | 08740.5991 | 09:42:49 | 220.285698 | 359.177074 
 4152.2897 | 08740.5991 | 09:42:50 | 220.285698 | 359.177074 
 4152.2897 | 08740.5991 | 09:42:51 | 220.285698 | 359.177074 
 4152.2897 | 08740.5991 | 09:42:52 | 220.285698 | 359.177074 
 4152.2897 | 08740.5991 | 09:42:53 | 220.285698 | 359.177074 
 4152.2897 | 08740.5991 | 09:42:54 | 220.285698 | 359.177074 
 4152.2897 | 08740.5991 | 09:42:55 | 220.285698 | 359.177074 
 4152.2897 | 08740.5991 | 09:42:56 | 220.285698 | 359.177074 
 4152.2897 | 08740.5991 | 09:42:57 | 220.285698 | 359.177074 
 4152.2897 | 08740.5991 | 09:42:58 | 220.285698 | 359.177074 
 4152.2897 | 08740.5991 | 09:42:59 | 220.285698 | 359.177074 
 4152.2897 | 08740.5991 | 09:43:00 | 220.285698 | 359.177074 
 4152.2897 | 08740.5991 | 09:43:01 | 220.285698 | 359.177074 
 4152.2897 | 08740.5991 | 09:43:02 | 220.285698 | 359.177074 
 4152.2897 | 08740.5991 | 09:43:03 | 220.285698 | 359.177074 
 4152.2897 | 08740.5991 | 09:43:04 | 220.285698 | 359.177074 
 4152.2897 | 08740.5991 | 09:43:05 | 220.285698 | 359.177074 
 4152.2897 | 08740.5991 | 09:43:06 | 220.285698 | 359.177074 
 4152.2897 | 08740.5991 | 09:43:07 | 220.285698 | 359.177074 
 4152.2897 | 08740.5991 | 09:43:08 | 220.285698 | 359.177074 
 4152.2897 | 08740.5991 | 09:43:09 | 220.285698 | 359.177074 
 4152.2897 | 08740.5991 | 09:43:10 | 220.285698 | 359.177074 
 4152.2897 | 08740.5991 | 09:43:11 | 220.285698 | 359.177074 
 4152.2897 | 08740.5991 | 09:43:12 | 220.285698 | 359.177074 
 4152.2897 | 08740.5991 | 09:43:13 | 220.285698 | 359.177074 
 4152.2897 | 08740.5991 | 09:43:14 | 220.285698 | 359.177074 
 4152.2897 | 08740.5991 | 09:43:15 | 220.285698 | 359.177074 
 4152.2897 | 08740.5991 | 09:43:16 | 220.285698 | 359.177074 
 4152.2897 | 08740.5991 | 09:43:17 | 220.285698 | 359.177074 
 4152.2897 | 08740.5991 | 09:43:18 | 220.285698 | 359.177074 
 4152.2897 | 08740.5991 | 09:43:19 | 220.285698 | 359.177074 
 4152.2897 | 08740.5991 | 09:43:20 | 220.285698 | 359.177074 
 4152.2897 | 08740.5991 | 09:43:21 | 220.285698 | 359.177074 
 4152.2897 | 08740.5991 | 09:43:22 | 220.285698 | 359.177074 
 4152.2897 | 08740.5991 | 09:43:23 | 220.285698 | 359.177074 
 4152.2897 | 08740.5991 | 09:43:24 | 220.285698 | 359.177074 
 4152.2897 | 08740.5991 | 09:43:25 | 220.285698 | 359.177074 
 4152.2897 | 08740.5991 | 09:43:26 | 220.285698 | 359.177074 
 4152.2897 | 08740.5991 | 09:43:27 | 220.285698 | 359.177074 
 4152.2897 | 08740.5991 | 09:43:28 | 220.285698 | 359.177074 
 4152.2897 | 08740.5991 | 09:43:29 | 220.285698 | 359.177074 
 4152.2897 | 08740.5991 | 09:43:30 | 220.285698 | 359.177074 
 4152.2897 | 08740.5991 | 09:43:31 | 220.285698 | 359.177074 
 4152.2897 | 08740.5991 | 09:43:32 | 220.285698 | 359.177074 
 4152.2897 | 08740.5991 | 09:43:33 | 220.285698 | 359.177074 
 4152.2897 | 08740.5991 | 09:43:34 | 220.285698 | 359.177074 
 4152.2897 | 08740.5991 | 09:43:35 | 220.285698 | 359.177074 
 4152.2897 | 08740.5991 | 09:43:36 | 220.285698 | 359.177074 
 4152.2897 | 08740.5991 | 09:43:37 | 220.285698 | 359.177074 
 4152.2897 | 08740.5991 | 09:43:38 | 220.285698 | 359.177074 
 4152.2897 | 08740.5991 | 09:43:39 | 220.285698 | 359.177074 
 4152.2897 | 08740.5991 | 09:43:40 | 220.285698 | 359.177074 
 4152.2865 | 08740.5974 | 09:43:41 | 220.287187 | 359.173405 
 4152.2862 | 08740.5986 | 09:43:42 | 220.286158 | 359.173052 
 4152.2862 | 08740.5987 | 09:43:43 | 220.286072 | 359.173051 
 4152.2871 | 08740.5964 | 09:43:44 | 220.288042 | 359.174101 
 4152.2871 | 08740.5964 | 09:43:45 | 220.288042 | 359.174101 
 4152.2871 | 08740.5964 | 09:43:46 | 220.288042 | 359.174101 
 4152.2865 | 08740.5958 | 09:43:47 | 220.288563 | 359.173415 
 4152.2856 | 08740.5946 | 09:43:48 | 220.289602 | 359.172388 
 4152.2870 | 08740.5926 | 09:43:49 | 220.291310 | 359.174011 
 4152.2874 | 08740.5910 | 09:43:50 | 220.292682 | 359.174482 
 4152.2874 | 08740.5832 | 09:43:51 | 220.299387 | 359.174533 
 4152.2879 | 08740.5796 | 09:43:52 | 220.302478 | 359.175132 
 4152.2889 | 08740.5728 | 09:43:54 | 220.308315 | 359.176327 
 4152.2893 | 08740.5693 | 09:43:55 | 220.311321 | 359.176810 
 4152.2867 | 08740.5626 | 09:43:56 | 220.317104 | 359.173864 
 4152.2864 | 08740.5584 | 09:43:57 | 220.320718 | 359.173546 
 4152.2862 | 08740.5542 | 09:43:58 | 220.324330 | 359.173344 
 4152.2884 | 08740.5366 | 09:43:59 | 220.339442 | 359.175990 
 4152.2887 | 08740.5301 | 09:44:00 | 220.345028 | 359.176378 
 4152.2889 | 08740.5236 | 09:44:01 | 220.350614 | 359.176651 
 4152.2891 | 08740.5171 | 09:44:02 | 220.356201 | 359.176924 
 4152.2894 | 08740.5105 | 09:44:03 | 220.361872 | 359.177312 
 4152.2896 | 08740.5017 | 09:44:04 | 220.369436 | 359.177601 
 4152.2899 | 08740.4951 | 09:44:05 | 220.375108 | 359.177989 
 4152.2901 | 08740.4884 | 09:44:06 | 220.380866 | 359.178263 
 4152.2900 | 08740.4824 | 09:44:07 | 220.386025 | 359.178188 
 4152.2902 | 08740.4759 | 09:44:08 | 220.391612 | 359.178461 
 4152.2904 | 08740.4693 | 09:44:09 | 220.397284 | 359.178734 
 4152.2906 | 08740.4627 | 09:44:10 | 220.402957 | 359.179008 
 4152.2908 | 08740.4562 | 09:44:11 | 220.408543 | 359.179281 
 4152.2911 | 08740.4500 | 09:44:12 | 220.413871 | 359.179667 
 4152.2904 | 08740.4477 | 09:44:13 | 220.415854 | 359.178877 
 4152.2905 | 08740.4420 | 09:44:14 | 220.420754 | 359.179030 
 4152.3078 | 08740.4545 | 09:44:19 | 220.409854 | 359.198847 
 4152.3048 | 08740.4500 | 09:44:20 | 220.413750 | 359.195425 
 4152.2973 | 08740.4512 | 09:44:21 | 220.412784 | 359.186791 
 4152.2973 | 08740.4492 | 09:44:22 | 220.414504 | 359.186804 
 4152.2970 | 08740.4467 | 09:44:23 | 220.416656 | 359.186475 
 4152.2941 | 08740.4438 | 09:44:24 | 220.419175 | 359.183159 
 4152.2935 | 08740.4415 | 09:44:25 | 220.421157 | 359.182484 
 4152.2934 | 08740.4394 | 09:44:26 | 220.422964 | 359.182383 
 4152.2955 | 08740.4424 | 09:44:27 | 220.420366 | 359.184778 
 4152.2960 | 08740.4428 | 09:44:28 | 220.420017 | 359.185351 
 4152.2922 | 08740.4333 | 09:44:29 | 220.428218 | 359.181043 
 4152.2921 | 08740.4314 | 09:44:30 | 220.429853 | 359.180940 
 4152.2919 | 08740.4234 | 09:44:33 | 220.436732 | 359.180763 
 4152.2919 | 08740.4199 | 09:44:34 | 220.439741 | 359.180786 
 4152.2942 | 08740.4001 | 09:44:39 | 220.456744 | 359.183562 
 4152.2964 | 08740.3691 | 09:44:45 | 220.483376 | 359.186298 
 4152.3051 | 08740.3397 | 09:44:52 | 220.508575 | 359.196500 
 4152.3047 | 08740.3262 | 09:44:53 | 220.520185 | 359.196129 
 4152.3091 | 08740.3274 | 09:44:55 | 220.519114 | 359.201182 
 4152.3113 | 08740.3275 | 09:44:56 | 220.519008 | 359.203712 
 4152.3157 | 08740.3271 | 09:44:58 | 220.519313 | 359.208776 
 4152.3181 | 08740.3266 | 09:44:59 | 220.519722 | 359.211540 
 4152.3198 | 08740.3261 | 09:45:00 | 220.520137 | 359.213499 
 4152.3228 | 08740.3257 | 09:45:02 | 220.520454 | 359.216952 
 4152.3292 | 08740.3244 | 09:45:07 | 220.521515 | 359.224322 
 4152.3293 | 08740.3242 | 09:45:08 | 220.521686 | 359.224439 
 4152.3293 | 08740.3238 | 09:45:10 | 220.522030 | 359.224441 
 4152.3284 | 08740.3238 | 09:45:11 | 220.522038 | 359.223406 
 4152.3281 | 08740.3238 | 09:45:12 | 220.522041 | 359.223061 
 4152.3268 | 08740.3238 | 09:45:14 | 220.522052 | 359.221566 
 4152.3268 | 08740.3226 | 09:45:16 | 220.523084 | 359.221573 
 4152.3239 | 08740.3128 | 09:45:21 | 220.531535 | 359.218303 
 4152.3197 | 08740.3041 | 09:45:24 | 220.539052 | 359.213529 
 4152.3176 | 08740.3039 | 09:45:25 | 220.539242 | 359.211115 
 4152.3172 | 08740.3031 | 09:45:26 | 220.539933 | 359.210660 
 4152.3173 | 08740.3023 | 09:45:27 | 220.540620 | 359.210781 
 4152.3162 | 08740.3012 | 09:45:29 | 220.541576 | 359.209523 
 4152.3161 | 08740.3005 | 09:45:30 | 220.542178 | 359.209412 
 4152.3159 | 08740.2997 | 09:45:31 | 220.542868 | 359.209187 
 4152.3109 | 08740.2941 | 09:45:32 | 220.547727 | 359.203473 
 4152.3090 | 08740.2925 | 09:45:33 | 220.549119 | 359.201298 
 4152.2899 | 08740.2886 | 09:45:35 | 220.552642 | 359.179354 
 4152.2892 | 08740.2848 | 09:45:36 | 220.555915 | 359.178574 
 4152.2887 | 08740.2791 | 09:45:37 | 220.560820 | 359.178037 
 4152.2894 | 08740.2742 | 09:45:38 | 220.565026 | 359.178875 
 4152.2896 | 08740.2693 | 09:45:39 | 220.569237 | 359.179137 
 4152.2901 | 08740.2652 | 09:45:40 | 220.572757 | 359.179740 
 4152.2902 | 08740.2611 | 09:45:41 | 220.576281 | 359.179882 
 4152.2906 | 08740.2571 | 09:45:42 | 220.579717 | 359.180369 
 4152.2907 | 08740.2535 | 09:45:43 | 220.582811 | 359.180507 
 4152.2911 | 08740.2502 | 09:45:44 | 220.585644 | 359.180989 
 4152.2915 | 08740.2469 | 09:45:45 | 220.588478 | 359.181471 
 4152.2919 | 08740.2437 | 09:45:46 | 220.591226 | 359.181953 
 4152.2925 | 08740.2407 | 09:45:47 | 220.593799 | 359.182663 
 4152.2924 | 08740.2371 | 09:45:48 | 220.596895 | 359.182572 
 4152.2925 | 08740.2332 | 09:45:49 | 220.600247 | 359.182713 
 4152.2926 | 08740.2288 | 09:45:50 | 220.604029 | 359.182857 
 4152.2926 | 08740.2240 | 09:45:51 | 220.608156 | 359.182889 
 4152.2925 | 08740.2190 | 09:45:52 | 220.612456 | 359.182807 
 4152.2926 | 08740.2138 | 09:45:53 | 220.616925 | 359.182956 
 4152.2927 | 08740.2085 | 09:45:54 | 220.621481 | 359.183107 
 4152.2928 | 08740.2034 | 09:45:55 | 220.625865 | 359.183256 
 4152.2916 | 08740.1996 | 09:45:56 | 220.629142 | 359.181901 
 4152.2915 | 08740.1955 | 09:45:57 | 220.632668 | 359.181813 
 4152.2927 | 08740.1920 | 09:45:58 | 220.635666 | 359.183216 
 4152.2964 | 08740.1894 | 09:45:59 | 220.637869 | 359.187490 
 4152.2982 | 08740.1880 | 09:46:00 | 220.639056 | 359.189569 
 4152.2993 | 08740.1873 | 09:46:01 | 220.639648 | 359.190839 
 4152.3020 | 08740.1869 | 09:46:02 | 220.639968 | 359.193948 
 4152.3025 | 08740.1867 | 09:46:03 | 220.640136 | 359.194524 
 4152.3025 | 08740.1867 | 09:46:04 | 220.640136 | 359.194524 
 4152.3025 | 08740.1867 | 09:46:05 | 220.640136 | 359.194524 
 4152.3036 | 08740.1860 | 09:46:06 | 220.640728 | 359.195794 
 4152.3031 | 08740.1849 | 09:46:07 | 220.641678 | 359.195226 
 4152.3032 | 08740.1835 | 09:46:08 | 220.642881 | 359.195350 
 4152.3031 | 08740.1819 | 09:46:09 | 220.644257 | 359.195246 
 4152.3006 | 08740.1793 | 09:46:10 | 220.646515 | 359.192388 
 4152.2998 | 08740.1771 | 09:46:11 | 220.648413 | 359.191482 
 4152.2994 | 08740.1749 | 09:46:12 | 220.650308 | 359.191037 
 4152.2991 | 08740.1727 | 09:46:13 | 220.652202 | 359.190706 
 4152.2991 | 08740.1697 | 09:46:14 | 220.654781 | 359.190726 
 4152.2991 | 08740.1649 | 09:46:14 | 220.658908 | 359.190758 
 4152.2994 | 08740.1616 | 09:46:15 | 220.661743 | 359.191125 
 4152.3007 | 08740.1586 | 09:46:16 | 220.664310 | 359.192640 
 4152.3022 | 08740.1563 | 09:46:17 | 220.666274 | 359.194381 
 4152.3038 | 08740.1543 | 09:46:18 | 220.667979 | 359.196235 
 4152.3048 | 08740.1505 | 09:46:19 | 220.671237 | 359.197410 
 4152.3039 | 08740.1487 | 09:46:20 | 220.672793 | 359.196387 
 4152.3035 | 08740.1468 | 09:46:21 | 220.674430 | 359.195940 
 4152.3030 | 08740.1449 | 09:46:22 | 220.676068 | 359.195377 
 4152.3026 | 08740.1429 | 09:46:23 | 220.677791 | 359.194930 
 4152.3021 | 08740.1411 | 09:46:24 | 220.679343 | 359.194367 
 4152.3015 | 08740.1392 | 09:46:25 | 220.680982 | 359.193690 
 4152.2904 | 08740.1436 | 09:46:26 | 220.677298 | 359.180893 
 4152.2889 | 08740.1428 | 09:46:27 | 220.677999 | 359.179172 
 4152.2872 | 08740.1420 | 09:46:28 | 220.678702 | 359.177222 
 4152.2798 | 08740.1473 | 09:46:29 | 220.674211 | 359.168675 
 4152.2769 | 08740.1524 | 09:46:30 | 220.669852 | 359.165306 
 4152.2738 | 08740.1531 | 09:46:31 | 220.669278 | 359.161735 
 4152.2703 | 08740.1539 | 09:46:32 | 220.668621 | 359.157704 
 4152.2669 | 08740.1548 | 09:46:33 | 220.667878 | 359.153787 
 4152.2631 | 08740.1554 | 09:46:34 | 220.667396 | 359.149412 
 4152.2592 | 08740.1560 | 09:46:35 | 220.666915 | 359.144922 
 4152.2543 | 08740.1558 | 09:46:36 | 220.667130 | 359.139287 
 4152.2492 | 08740.1555 | 09:46:37 | 220.667434 | 359.133423 
 4152.2440 | 08740.1551 | 09:46:38 | 220.667824 | 359.127444 
 4152.2278 | 08740.1437 | 09:46:39 | 220.677769 | 359.108886 
 4152.2252 | 08740.1498 | 09:46:40 | 220.672548 | 359.105855 
 4152.2187 | 08740.1464 | 09:46:41 | 220.675529 | 359.098401 
 4152.2134 | 08740.1460 | 09:46:42 | 220.675920 | 359.092307 
 4152.2027 | 08740.1450 | 09:46:44 | 220.676875 | 359.080006 
 4152.1911 | 08740.1412 | 09:46:45 | 220.680245 | 359.066688 
 4152.1839 | 08740.1412 | 09:46:46 | 220.680309 | 359.058407 
 4152.1772 | 08740.1411 | 09:46:47 | 220.680455 | 359.050701 
 4152.1722 | 08740.1419 | 09:46:48 | 220.679812 | 359.044944 
 4152.1666 | 08740.1421 | 09:46:49 | 220.679689 | 359.038501 
 4152.1612 | 08740.1423 | 09:46:50 | 220.679566 | 359.032289 
 4152.1605 | 08740.1344 | 09:46:51 | 220.686364 | 359.031536 
 4152.1650 | 08740.1368 | 09:46:52 | 220.684260 | 359.036696 
 4152.1636 | 08740.1383 | 09:46:53 | 220.682983 | 359.035076 
 4152.1623 | 08740.1385 | 09:46:54 | 220.682823 | 359.033579 
 4152.1612 | 08740.1384 | 09:46:55 | 220.682919 | 359.032315 
 4152.1602 | 08740.1383 | 09:46:56 | 220.683013 | 359.031165 
 4152.1591 | 08740.1382 | 09:46:57 | 220.683109 | 359.029900 
 4152.1579 | 08740.1379 | 09:46:58 | 220.683378 | 359.028522 
 4152.1566 | 08740.1376 | 09:46:59 | 220.683647 | 359.027029 
 4152.1555 | 08740.1373 | 09:47:00 | 220.683915 | 359.025765 
 4152.1543 | 08740.1370 | 09:47:01 | 220.684184 | 359.024387 
 4152.1533 | 08740.1365 | 09:47:02 | 220.684622 | 359.023240 
 4152.1597 | 08740.1245 | 09:47:03 | 220.694883 | 359.030682 
 4152.1545 | 08740.1127 | 09:47:04 | 220.705074 | 359.024779 
 4152.1541 | 08740.1065 | 09:47:05 | 220.710408 | 359.024360 
 4152.1547 | 08740.1012 | 09:47:06 | 220.714959 | 359.025086 
 4152.1551 | 08740.0949 | 09:47:07 | 220.720372 | 359.025588 
 4152.1551 | 08740.0891 | 09:47:08 | 220.725359 | 359.025626 
 4152.1550 | 08740.0834 | 09:47:09 | 220.730261 | 359.025549 
 4152.1559 | 08740.0806 | 09:47:10 | 220.732660 | 359.026603 
 4152.1580 | 08740.0778 | 09:47:11 | 220.735048 | 359.029037 
 4152.1590 | 08740.0754 | 09:47:12 | 220.737103 | 359.030204 
 4152.1598 | 08740.0730 | 09:47:13 | 220.739159 | 359.031140 
 4152.1554 | 08740.0726 | 09:47:14 | 220.739542 | 359.026081 
 4152.1564 | 08740.0754 | 09:47:15 | 220.737126 | 359.027213 
 4152.1554 | 08740.0759 | 09:47:16 | 220.736705 | 359.026059 
 4152.1555 | 08740.0759 | 09:47:17 | 220.736704 | 359.026174 
 4152.1555 | 08740.0759 | 09:47:18 | 220.736704 | 359.026174 
 4152.1558 | 08740.0753 | 09:47:19 | 220.737217 | 359.026523 
 4152.1568 | 08740.0732 | 09:47:20 | 220.739014 | 359.027688 
 4152.1567 | 08740.0717 | 09:47:21 | 220.740305 | 359.027583 
 4152.1561 | 08740.0696 | 09:47:22 | 220.742115 | 359.026907 
 4152.1566 | 08740.0664 | 09:47:23 | 220.744862 | 359.027503 
 4152.1568 | 08740.0629 | 09:47:24 | 220.747870 | 359.027756 
 4152.1569 | 08740.0589 | 09:47:25 | 220.751308 | 359.027898 
 4152.1568 | 08740.0550 | 09:47:26 | 220.754662 | 359.027809 
 4152.1565 | 08740.0512 | 09:47:27 | 220.757931 | 359.027489 
 4152.1563 | 08740.0475 | 09:47:28 | 220.761114 | 359.027284 
 4152.1564 | 08740.0382 | 09:47:29 | 220.769109 | 359.027461 
 4152.1588 | 08740.0316 | 09:47:30 | 220.774762 | 359.030266 
 4152.1592 | 08740.0257 | 09:47:31 | 220.779831 | 359.030765 
 4152.1591 | 08740.0202 | 09:47:32 | 220.784561 | 359.030687 
 4152.1614 | 08740.0148 | 09:47:33 | 220.789183 | 359.033368 
 4152.1606 | 08740.0110 | 09:47:34 | 220.792457 | 359.032474 
 4152.1600 | 08740.0082 | 09:47:35 | 220.794870 | 359.031802 
 4152.1600 | 08740.0065 | 09:47:36 | 220.796331 | 359.031813 
 4152.1598 | 08740.0056 | 09:47:37 | 220.797107 | 359.031589 
 4152.1577 | 08740.0057 | 09:47:38 | 220.797040 | 359.029173 
 4152.1577 | 08740.0057 | 09:47:39 | 220.797040 | 359.029173 
 4152.1574 | 08740.0058 | 09:47:40 | 220.796956 | 359.028827 
 4152.1574 | 08740.0058 | 09:47:41 | 220.796956 | 359.028827 
 4152.1574 | 08740.0058 | 09:47:42 | 220.796956 | 359.028827 
 4152.1574 | 08740.0058 | 09:47:43 | 220.796956 | 359.028827 
 4152.1574 | 08740.0058 | 09:47:44 | 220.796956 | 359.028827 
 4152.1574 | 08740.0058 | 09:47:45 | 220.796956 | 359.028827 
 4152.1574 | 08740.0058 | 09:47:46 | 220.796956 | 359.028827 
 4152.1574 | 08740.0058 | 09:47:47 | 220.796956 | 359.028827 
 4152.1574 | 08740.0058 | 09:47:48 | 220.796956 | 359.028827 
 4152.1560 | 08740.0056 | 09:47:49 | 220.797141 | 359.027218 
 4152.1560 | 08740.0045 | 09:47:50 | 220.798087 | 359.027226 
 4152.1560 | 08740.0027 | 09:47:51 | 220.799634 | 359.027238 
 4152.1560 | 08740.0003 | 09:47:52 | 220.801698 | 359.027254 
 4152.1560 | 08739.9973 | 09:47:53 | 220.804277 | 359.027274 
 4152.1559 | 08739.9938 | 09:47:54 | 220.807287 | 359.027182 
 4152.1563 | 08739.9896 | 09:47:55 | 220.810894 | 359.027670 
 4152.1567 | 08739.9851 | 09:47:56 | 220.814760 | 359.028160 
 4152.1571 | 08739.9801 | 09:47:57 | 220.819055 | 359.028654 
 4152.1570 | 08739.9746 | 09:47:58 | 220.823784 | 359.028576 
 4152.1577 | 08739.9684 | 09:47:59 | 220.829109 | 359.029422 
 4152.1580 | 08739.9620 | 09:48:00 | 220.834608 | 359.029810 
 4152.1585 | 08739.9557 | 09:48:01 | 220.840020 | 359.030427 
 4152.1590 | 08739.9490 | 09:48:02 | 220.845776 | 359.031047 
 4152.1589 | 08739.9426 | 09:48:03 | 220.851280 | 359.030975 
 4152.1591 | 08739.9365 | 09:48:04 | 220.856522 | 359.031246 
 4152.1598 | 08739.9311 | 09:48:05 | 220.861159 | 359.032087 
 4152.1604 | 08739.9268 | 09:48:06 | 220.864850 | 359.032806 
 4152.1612 | 08739.9235 | 09:48:07 | 220.867680 | 359.033748 
 4152.1618 | 08739.9207 | 09:48:08 | 220.870082 | 359.034457 
 4152.1626 | 08739.9187 | 09:48:09 | 220.871795 | 359.035391 
 4152.1634 | 08739.9171 | 09:48:10 | 220.873163 | 359.036322 
 4152.1640 | 08739.9157 | 09:48:11 | 220.874362 | 359.037021 
 4152.1648 | 08739.9145 | 09:48:12 | 220.875386 | 359.037950 
 4152.1656 | 08739.9133 | 09:48:13 | 220.876411 | 359.038878 
 4152.1654 | 08739.9129 | 09:48:14 | 220.876756 | 359.038650 
 4152.1661 | 08739.9090 | 09:48:16 | 220.880103 | 359.039482 
 4152.1666 | 08739.9059 | 09:48:17 | 220.882764 | 359.040078 
 4152.1671 | 08739.9022 | 09:48:18 | 220.885940 | 359.040677 
 4152.1677 | 08739.8981 | 09:48:19 | 220.889460 | 359.041395 
 4152.1681 | 08739.8935 | 09:48:20 | 220.893411 | 359.041886 
 4152.1684 | 08739.8883 | 09:48:21 | 220.897879 | 359.042266 
 4152.1688 | 08739.8825 | 09:48:22 | 220.902862 | 359.042765 
 4152.1703 | 08739.8762 | 09:48:23 | 220.908265 | 359.044532 
 4152.1705 | 08739.8703 | 09:48:24 | 220.913336 | 359.044802 
 4152.1704 | 08739.8651 | 09:48:25 | 220.917808 | 359.044722 
 4152.1703 | 08739.8608 | 09:48:26 | 220.921506 | 359.044635 
 4152.1705 | 08739.8579 | 09:48:27 | 220.923997 | 359.044885 
 4152.1710 | 08739.8560 | 09:48:28 | 220.925626 | 359.045473 
 4152.1715 | 08739.8547 | 09:48:30 | 220.926739 | 359.046057 
 4152.1715 | 08739.8547 | 09:48:31 | 220.926739 | 359.046057 
 4152.1715 | 08739.8549 | 09:48:32 | 220.926568 | 359.046055 
 4152.1715 | 08739.8549 | 09:48:33 | 220.926568 | 359.046055 
 4152.1715 | 08739.8549 | 09:48:34 | 220.926568 | 359.046055 
 4152.1715 | 08739.8549 | 09:48:38 | 220.926568 | 359.046055 
 4152.1715 | 08739.8549 | 09:48:39 | 220.926568 | 359.046055 
 4152.1715 | 08739.8549 | 09:48:40 | 220.926568 | 359.046055 
 4152.1715 | 08739.8549 | 09:48:41 | 220.926568 | 359.046055 
 4152.1715 | 08739.8549 | 09:48:42 | 220.926568 | 359.046055 
 4152.1715 | 08739.8549 | 09:48:43 | 220.926568 | 359.046055 
 4152.1715 | 08739.8549 | 09:48:44 | 220.926568 | 359.046055 
 4152.1715 | 08739.8549 | 09:48:45 | 220.926568 | 359.046055 
 4152.1701 | 08739.8552 | 09:48:46 | 220.926322 | 359.044443 
 4152.1699 | 08739.8547 | 09:48:47 | 220.926754 | 359.044216 
 4152.1695 | 08739.8538 | 09:48:48 | 220.927531 | 359.043762 
 4152.1723 | 08739.8517 | 09:48:49 | 220.929312 | 359.046997 
 4152.1750 | 08739.8492 | 09:48:50 | 220.931437 | 359.050119 
 4152.1752 | 08739.8463 | 09:48:51 | 220.933928 | 359.050369 
 4152.1761 | 08739.8426 | 09:48:52 | 220.937101 | 359.051429 
 4152.1758 | 08739.8388 | 09:48:53 | 220.940371 | 359.051109 
 4152.1759 | 08739.8344 | 09:48:54 | 220.944153 | 359.051254 
 4152.1757 | 08739.8301 | 09:48:55 | 220.947852 | 359.051053 
 4152.1769 | 08739.8231 | 09:48:56 | 220.953859 | 359.052480 
 4152.1738 | 08739.8176 | 09:48:57 | 220.958616 | 359.048951 
 4152.1737 | 08739.8115 | 09:48:58 | 220.963861 | 359.048877 
 4152.1732 | 08739.8042 | 09:48:59 | 220.970142 | 359.048351 
 4152.1733 | 08739.7971 | 09:49:00 | 220.976245 | 359.048513 
 4152.1735 | 08739.7897 | 09:49:01 | 220.982606 | 359.048793 
 4152.1737 | 08739.7824 | 09:49:02 | 220.988880 | 359.049072 
 4152.1737 | 08739.7753 | 09:49:03 | 220.994984 | 359.049120 
 4152.1738 | 08739.7687 | 09:49:04 | 221.000658 | 359.049279 
 4152.1722 | 08739.7632 | 09:49:05 | 221.005401 | 359.047476 
 4152.1714 | 08739.7585 | 09:49:06 | 221.009449 | 359.046587 
 4152.1714 | 08739.7553 | 09:49:07 | 221.012200 | 359.046609 
 4152.1716 | 08739.7526 | 09:49:08 | 221.014520 | 359.046857 
 4152.1718 | 08739.7499 | 09:49:09 | 221.016839 | 359.047105 
 4152.1720 | 08739.7436 | 09:49:11 | 221.022254 | 359.047377 
 4152.1719 | 08739.7397 | 09:49:12 | 221.025608 | 359.047289 
 4152.1719 | 08739.7354 | 09:49:13 | 221.029305 | 359.047317 
 4152.1718 | 08739.7309 | 09:49:14 | 221.033174 | 359.047233 
 4152.1719 | 08739.7263 | 09:49:15 | 221.037128 | 359.047379 
 4152.1719 | 08739.7217 | 09:49:16 | 221.041083 | 359.047410 
 4152.1689 | 08739.7196 | 09:49:17 | 221.042916 | 359.043973 
 4152.1683 | 08739.7168 | 09:49:18 | 221.045329 | 359.043302 
 4152.1676 | 08739.7147 | 09:49:19 | 221.047140 | 359.042511 
 4152.1667 | 08739.7128 | 09:49:20 | 221.048782 | 359.041488 
 4152.1656 | 08739.7133 | 09:49:21 | 221.048362 | 359.040219 
 4152.1648 | 08739.7128 | 09:49:22 | 221.048799 | 359.039303 
 4152.1638 | 08739.7122 | 09:49:23 | 221.049324 | 359.038156 
 4152.1629 | 08739.7122 | 09:49:24 | 221.049332 | 359.037121 
 4152.1613 | 08739.7113 | 09:49:26 | 221.050120 | 359.035287 
 4152.1606 | 08739.7109 | 09:49:27 | 221.050470 | 359.034484 
 4152.1599 | 08739.7105 | 09:49:28 | 221.050821 | 359.033682 
 4152.1592 | 08739.7101 | 09:49:29 | 221.051171 | 359.032879 
 4152.1585 | 08739.7098 | 09:49:30 | 221.051435 | 359.032076 
 4152.1607 | 08739.7127 | 09:49:31 | 221.048922 | 359.034587 
 4152.1597 | 08739.7126 | 09:49:32 | 221.049017 | 359.033438 
 4152.1593 | 08739.7127 | 09:49:33 | 221.048935 | 359.032977 
 4152.1593 | 08739.7132 | 09:49:34 | 221.048505 | 359.032974 
 4152.1591 | 08739.7133 | 09:49:35 | 221.048420 | 359.032743 
 4152.1586 | 08739.7135 | 09:49:37 | 221.048253 | 359.032166 
 4152.1588 | 08739.7136 | 09:49:38 | 221.048165 | 359.032396 
 4152.1588 | 08739.7133 | 09:49:41 | 221.048423 | 359.032398 
 4152.1588 | 08739.7133 | 09:49:42 | 221.048423 | 359.032398 
 4152.1588 | 08739.7133 | 09:49:44 | 221.048423 | 359.032398 
 4152.1588 | 08739.7133 | 09:49:45 | 221.048423 | 359.032398 
 4152.1588 | 08739.7133 | 09:49:47 | 221.048423 | 359.032398 
 4152.1588 | 08739.7133 | 09:49:49 | 221.048423 | 359.032398 
 4152.1588 | 08739.7133 | 09:49:50 | 221.048423 | 359.032398 
 4152.1588 | 08739.7133 | 09:49:51 | 221.048423 | 359.032398 
 4152.1598 | 08739.7120 | 09:49:52 | 221.049532 | 359.033557 
 4152.1601 | 08739.7115 | 09:49:53 | 221.049959 | 359.033905 
 4152.1605 | 08739.7117 | 09:49:54 | 221.049783 | 359.034364 
 4152.1610 | 08739.7117 | 09:49:55 | 221.049779 | 359.034939 
 4152.1612 | 08739.7115 | 09:49:56 | 221.049949 | 359.035170 
 4152.1613 | 08739.7114 | 09:49:57 | 221.050034 | 359.035286 
 4152.1645 | 08739.7114 | 09:49:58 | 221.050005 | 359.038967 
 4152.1652 | 08739.7113 | 09:49:59 | 221.050085 | 359.039773 
 4152.1657 | 08739.7112 | 09:50:00 | 221.050167 | 359.040349 
 4152.1661 | 08739.7111 | 09:50:01 | 221.050249 | 359.040809 
 4152.1663 | 08739.7110 | 09:50:02 | 221.050333 | 359.041040 
 4152.1664 | 08739.7111 | 09:50:03 | 221.050246 | 359.041154 
 4152.1663 | 08739.7110 | 09:50:04 | 221.050333 | 359.041040 
 4152.1667 | 08739.7111 | 09:50:05 | 221.050244 | 359.041499 
 4152.1670 | 08739.7110 | 09:50:06 | 221.050327 | 359.041845 
 4152.1683 | 08739.7107 | 09:50:08 | 221.050573 | 359.043343 
 4152.1684 | 08739.7106 | 09:50:09 | 221.050658 | 359.043458 
 4152.1685 | 08739.7105 | 09:50:10 | 221.050743 | 359.043574 
 4152.1687 | 08739.7105 | 09:50:11 | 221.050741 | 359.043804 
 4152.1685 | 08739.7109 | 09:50:12 | 221.050399 | 359.043571 
 4152.1692 | 08739.7107 | 09:50:13 | 221.050565 | 359.044378 
 4152.1692 | 08739.7107 | 09:50:14 | 221.050565 | 359.044378 
 4152.1692 | 08739.7107 | 09:50:15 | 221.050565 | 359.044378 
 4152.1692 | 08739.7107 | 09:50:16 | 221.050565 | 359.044378 
 4152.1692 | 08739.7107 | 09:50:17 | 221.050565 | 359.044378 
 4152.1692 | 08739.7107 | 09:50:18 | 221.050565 | 359.044378 
 4152.1692 | 08739.7107 | 09:50:19 | 221.050565 | 359.044378 
 4152.1692 | 08739.7107 | 09:50:20 | 221.050565 | 359.044378 
 4152.1692 | 08739.7107 | 09:50:21 | 221.050565 | 359.044378 
 4152.1692 | 08739.7107 | 09:50:22 | 221.050565 | 359.044378 
 4152.1700 | 08739.7090 | 09:50:23 | 221.052019 | 359.045309 
 4152.1702 | 08739.7081 | 09:50:24 | 221.052791 | 359.045546 
 4152.1697 | 08739.7055 | 09:50:25 | 221.055031 | 359.044988 
 4152.1807 | 08739.6818 | 09:50:26 | 221.075308 | 359.057800 
 4152.1801 | 08739.6767 | 09:50:27 | 221.079698 | 359.057144 
 4152.1822 | 08739.6725 | 09:50:28 | 221.083291 | 359.059588 
 4152.1828 | 08739.6610 | 09:50:30 | 221.093172 | 359.060356 
 4152.1836 | 08739.6546 | 09:50:31 | 221.098668 | 359.061319 
 4152.1766 | 08739.6462 | 09:50:32 | 221.105953 | 359.053324 
 4152.1751 | 08739.6391 | 09:50:33 | 221.112070 | 359.051646 
 4152.1802 | 08739.6283 | 09:50:34 | 221.121310 | 359.057585 
 4152.1817 | 08739.6194 | 09:50:35 | 221.128948 | 359.059371 
 4152.1818 | 08739.6105 | 09:50:36 | 221.136599 | 359.059546 
 4152.1819 | 08739.6016 | 09:50:37 | 221.144250 | 359.059721 
 4152.1819 | 08739.5926 | 09:50:38 | 221.151988 | 359.059781 
 4152.1822 | 08739.5834 | 09:50:39 | 221.159895 | 359.060189 
 4152.1823 | 08739.5742 | 09:50:40 | 221.167803 | 359.060366 
 4152.1828 | 08739.5648 | 09:50:41 | 221.175881 | 359.061004 
 4152.1830 | 08739.5555 | 09:50:42 | 221.183874 | 359.061297 
 4152.1829 | 08739.5462 | 09:50:43 | 221.191871 | 359.061245 
 4152.1829 | 08739.5372 | 09:50:44 | 221.199609 | 359.061306 
 4152.1829 | 08739.5279 | 09:50:45 | 221.207605 | 359.061368 
 4152.1827 | 08739.5185 | 09:50:46 | 221.215688 | 359.061202 
 4152.1820 | 08739.5091 | 09:50:47 | 221.223776 | 359.060460 
 4152.1816 | 08739.4997 | 09:50:48 | 221.231861 | 359.060064 
 4152.1808 | 08739.4906 | 09:50:49 | 221.239692 | 359.059205 
 4152.1808 | 08739.4856 | 09:50:50 | 221.243991 | 359.059239 
 4152.1802 | 08739.4783 | 09:50:51 | 221.250273 | 359.058598 
 4152.1789 | 08739.4711 | 09:50:52 | 221.256475 | 359.057151 
 4152.1782 | 08739.4639 | 09:50:53 | 221.262671 | 359.056395 
 4152.1774 | 08739.4577 | 09:50:54 | 221.268009 | 359.055517 
 4152.1767 | 08739.4516 | 09:50:55 | 221.273260 | 359.054753 
 4152.1760 | 08739.4452 | 09:50:56 | 221.278769 | 359.053991 
 4152.1754 | 08739.4389 | 09:50:57 | 221.284190 | 359.053344 
 4152.1749 | 08739.4334 | 09:50:58 | 221.288924 | 359.052806 
 4152.1741 | 08739.4279 | 09:50:59 | 221.293660 | 359.051923 
 4152.1734 | 08739.4228 | 09:51:00 | 221.298051 | 359.051152 
 4152.1721 | 08739.4177 | 09:51:01 | 221.302447 | 359.049691 
 4152.1715 | 08739.4128 | 09:51:02 | 221.306665 | 359.049034 
 4152.1686 | 08739.4076 | 09:51:03 | 221.311162 | 359.045734 
 4152.1660 | 08739.4042 | 09:51:04 | 221.314109 | 359.042766 
 4152.1637 | 08739.3998 | 09:51:05 | 221.317913 | 359.040150 
 4152.1653 | 08739.4038 | 09:51:06 | 221.314459 | 359.041964 
 4152.1661 | 08739.4015 | 09:51:07 | 221.316430 | 359.042900 
 4152.1637 | 08739.4124 | 09:51:08 | 221.307080 | 359.040065 
 4152.1637 | 08739.4123 | 09:51:09 | 221.307166 | 359.040066 
 4152.1632 | 08739.4132 | 09:51:10 | 221.306397 | 359.039485 
 4152.1632 | 08739.4132 | 09:51:11 | 221.306397 | 359.039485 
 4152.1632 | 08739.4132 | 09:51:12 | 221.306397 | 359.039485 
 4152.1632 | 08739.4132 | 09:51:13 | 221.306397 | 359.039485 
 4152.1632 | 08739.4132 | 09:51:14 | 221.306397 | 359.039485 
 4152.1632 | 08739.4132 | 09:51:15 | 221.306397 | 359.039485 
 4152.1632 | 08739.4132 | 09:51:16 | 221.306397 | 359.039485 
 4152.1644 | 08739.4154 | 09:51:17 | 221.304494 | 359.040850 
 4152.1642 | 08739.4160 | 09:51:18 | 221.303980 | 359.040616 
 4152.1640 | 08739.4167 | 09:51:19 | 221.303380 | 359.040381 
 4152.1638 | 08739.4172 | 09:51:20 | 221.302952 | 359.040148 
 4152.1641 | 08739.4167 | 09:51:21 | 221.303379 | 359.040496 
 4152.1652 | 08739.4161 | 09:51:22 | 221.303885 | 359.041765 
 4152.1647 | 08739.4165 | 09:51:23 | 221.303546 | 359.041188 
 4152.1646 | 08739.4169 | 09:51:24 | 221.303203 | 359.041070 
 4152.1646 | 08739.4178 | 09:51:25 | 221.302429 | 359.041064 
 4152.1649 | 08739.4178 | 09:51:26 | 221.302426 | 359.041409 
 4152.1649 | 08739.4178 | 09:51:27 | 221.302426 | 359.041409 
 4152.1649 | 08739.4178 | 09:51:28 | 221.302426 | 359.041409 
 4152.1649 | 08739.4178 | 09:51:29 | 221.302426 | 359.041409 
 4152.1649 | 08739.4178 | 09:51:30 | 221.302426 | 359.041409 
 4152.1649 | 08739.4178 | 09:51:31 | 221.302426 | 359.041409 
 4152.1649 | 08739.4178 | 09:51:32 | 221.302426 | 359.041409 
 4152.1649 | 08739.4178 | 09:51:33 | 221.302426 | 359.041409 
 4152.1649 | 08739.4178 | 09:51:34 | 221.302426 | 359.041409 
 4152.1649 | 08739.4178 | 09:51:35 | 221.302426 | 359.041409 
 4152.1649 | 08739.4178 | 09:51:36 | 221.302426 | 359.041409 
 4152.1649 | 08739.4178 | 09:51:37 | 221.302426 | 359.041409 
 4152.1649 | 08739.4178 | 09:51:38 | 221.302426 | 359.041409 
 4152.1649 | 08739.4178 | 09:51:39 | 221.302426 | 359.041409 
 4152.1649 | 08739.4178 | 09:51:40 | 221.302426 | 359.041409 
 4152.1649 | 08739.4178 | 09:51:41 | 221.302426 | 359.041409 
 4152.1649 | 08739.4178 | 09:51:42 | 221.302426 | 359.041409 
 4152.1649 | 08739.4178 | 09:51:43 | 221.302426 | 359.041409 
 4152.1649 | 08739.4178 | 09:51:44 | 221.302426 | 359.041409 
 4152.1649 | 08739.4178 | 09:51:45 | 221.302426 | 359.041409 
 4152.1649 | 08739.4178 | 09:51:46 | 221.302426 | 359.041409 
 4152.1652 | 08739.4177 | 09:51:47 | 221.302510 | 359.041755 
 4152.1651 | 08739.4179 | 09:51:48 | 221.302339 | 359.041638 
 4152.1648 | 08739.4185 | 09:51:49 | 221.301826 | 359.041289 
 4152.1646 | 08739.4186 | 09:51:50 | 221.301741 | 359.041058 
 4152.1644 | 08739.4184 | 09:51:51 | 221.301915 | 359.040830 
 4152.1664 | 08739.4117 | 09:51:52 | 221.307657 | 359.043175 
 4152.1659 | 08739.4103 | 09:51:53 | 221.308866 | 359.042610 
 4152.1659 | 08739.4079 | 09:51:54 | 221.310929 | 359.042626 
 4152.1659 | 08739.4050 | 09:51:55 | 221.313422 | 359.042646 
 4152.1658 | 08739.4020 | 09:51:56 | 221.316002 | 359.042551 
 4152.1690 | 08739.3985 | 09:51:57 | 221.318983 | 359.046256 
 4152.1700 | 08739.3953 | 09:51:58 | 221.321725 | 359.047428 
 4152.1689 | 08739.3883 | 09:51:59 | 221.327753 | 359.046210 
 4152.1691 | 08739.3826 | 09:52:00 | 221.332652 | 359.046478 
 4152.1693 | 08739.3769 | 09:52:01 | 221.337551 | 359.046747 
 4152.1697 | 08739.3711 | 09:52:02 | 221.342534 | 359.047247 
 4152.1700 | 08739.3654 | 09:52:03 | 221.347431 | 359.047630 
 4152.1704 | 08739.3596 | 09:52:04 | 221.352414 | 359.048130 
 4152.1707 | 08739.3538 | 09:52:05 | 221.357398 | 359.048514 
 4152.1712 | 08739.3479 | 09:52:06 | 221.362466 | 359.049129 
 4152.1728 | 08739.3378 | 09:52:07 | 221.371135 | 359.051038 
 4152.1734 | 08739.3311 | 09:52:08 | 221.376890 | 359.051774 
 4152.1739 | 08739.3245 | 09:52:09 | 221.382560 | 359.052394 
 4152.1746 | 08739.3177 | 09:52:10 | 221.388400 | 359.053245 
 4152.1752 | 08739.3109 | 09:52:11 | 221.394241 | 359.053981 
 4152.1762 | 08739.3001 | 09:52:12 | 221.403517 | 359.055205 
 4152.1769 | 08739.2925 | 09:52:13 | 221.410045 | 359.056062 
 4152.1774 | 08739.2847 | 09:52:14 | 221.416746 | 359.056690 
 4152.1779 | 08739.2776 | 09:52:15 | 221.422846 | 359.057313 
 4152.1788 | 08739.2701 | 09:52:16 | 221.429286 | 359.058400 
 4152.1795 | 08739.2627 | 09:52:17 | 221.435642 | 359.059255 
 4152.1708 | 08739.2519 | 09:52:18 | 221.445006 | 359.049321 
 4152.1717 | 08739.2449 | 09:52:19 | 221.451017 | 359.050404 
 4152.1725 | 08739.2379 | 09:52:20 | 221.457028 | 359.051372 
 4152.1738 | 08739.2308 | 09:52:21 | 221.463120 | 359.052916 
 4152.1742 | 08739.2240 | 09:52:22 | 221.468963 | 359.053422 
 4152.1735 | 08739.2174 | 09:52:23 | 221.474643 | 359.052662 
 4152.1721 | 08739.2107 | 09:52:24 | 221.480417 | 359.051097 
 4152.1720 | 08739.2038 | 09:52:25 | 221.486350 | 359.051029 
 4152.1725 | 08739.1969 | 09:52:26 | 221.492278 | 359.051651 
 4152.1730 | 08739.1899 | 09:52:27 | 221.498291 | 359.052274 
 4152.1737 | 08739.1841 | 09:52:28 | 221.503271 | 359.053119 
 4152.1745 | 08739.1777 | 09:52:29 | 221.508767 | 359.054083 
 4152.1750 | 08739.1714 | 09:52:30 | 221.514179 | 359.054701 
 4152.1761 | 08739.1642 | 09:52:31 | 221.520359 | 359.056015 
 4152.1769 | 08739.1574 | 09:52:32 | 221.526198 | 359.056981 
 4152.1782 | 08739.1505 | 09:52:33 | 221.532118 | 359.058524 
 4152.1775 | 08739.1432 | 09:52:34 | 221.538401 | 359.057768 
 4152.1775 | 08739.1361 | 09:52:35 | 221.544505 | 359.057817 
 4152.1754 | 08739.1285 | 09:52:36 | 221.551058 | 359.055453 
 4152.1754 | 08739.1213 | 09:52:37 | 221.557249 | 359.055502 
 4152.1753 | 08739.1144 | 09:52:38 | 221.563182 | 359.055434 
 4152.1771 | 08739.1118 | 09:52:39 | 221.565401 | 359.057523 
 4152.1776 | 08739.1052 | 09:52:40 | 221.571071 | 359.058143 
 4152.1780 | 08739.0999 | 09:52:41 | 221.575624 | 359.058639 
 4152.1769 | 08739.0951 | 09:52:42 | 221.579760 | 359.057407 
 4152.1761 | 08739.0901 | 09:52:43 | 221.584067 | 359.056521 
 4152.1766 | 08739.0856 | 09:52:44 | 221.587931 | 359.057126 
 4152.1761 | 08739.0808 | 09:52:45 | 221.592062 | 359.056584 
 4152.1768 | 08739.0822 | 09:52:46 | 221.590852 | 359.057380 
 4152.1749 | 08739.0808 | 09:52:47 | 221.592073 | 359.055204 
 4152.1749 | 08739.0796 | 09:52:48 | 221.593105 | 359.055212 
 4152.1753 | 08739.0793 | 09:52:49 | 221.593359 | 359.055674 
 4152.1764 | 08739.0797 | 09:52:50 | 221.593005 | 359.056937 
 4152.1771 | 08739.0800 | 09:52:51 | 221.592741 | 359.057740 
 4152.1771 | 08739.0800 | 09:52:52 | 221.592741 | 359.057740 
 4152.1771 | 08739.0800 | 09:52:53 | 221.592741 | 359.057740 
 4152.1771 | 08739.0800 | 09:52:54 | 221.592741 | 359.057740 
 4152.1771 | 08739.0800 | 09:52:55 | 221.592741 | 359.057740 
 4152.1771 | 08739.0800 | 09:52:56 | 221.592741 | 359.057740 
 4152.1771 | 08739.0800 | 09:52:57 | 221.592741 | 359.057740 
 4152.1771 | 08739.0800 | 09:52:58 | 221.592741 | 359.057740 
 4152.1771 | 08739.0800 | 09:52:59 | 221.592741 | 359.057740 
 4152.1798 | 08739.0802 | 09:53:00 | 221.592544 | 359.060844 
 4152.1800 | 08739.0794 | 09:53:01 | 221.593230 | 359.061080 
 4152.1803 | 08739.0780 | 09:53:02 | 221.594431 | 359.061434 
 4152.1808 | 08739.0761 | 09:53:03 | 221.596060 | 359.062022 
 4152.1813 | 08739.0740 | 09:53:04 | 221.597861 | 359.062612 
 4152.1820 | 08739.0717 | 09:53:05 | 221.599832 | 359.063433 
 4152.1799 | 08739.0678 | 09:53:06 | 221.603204 | 359.061044 
 4152.1797 | 08739.0650 | 09:53:07 | 221.605613 | 359.060833 
 4152.1792 | 08739.0616 | 09:53:08 | 221.608541 | 359.060281 
 4152.1782 | 08739.0492 | 09:53:09 | 221.619211 | 359.059215 
 4152.1801 | 08739.0432 | 09:53:10 | 221.624352 | 359.061442 
 4152.1802 | 08739.0375 | 09:53:11 | 221.629252 | 359.061596 
 4152.1804 | 08739.0318 | 09:53:12 | 221.634151 | 359.061865 
 4152.1790 | 08739.0226 | 09:53:13 | 221.642073 | 359.060318 
 4152.1789 | 08739.0151 | 09:53:14 | 221.648523 | 359.060254 
 4152.1790 | 08739.0075 | 09:53:15 | 221.655056 | 359.060421 
 4152.1791 | 08738.9999 | 09:53:16 | 221.661589 | 359.060588 
 4152.1804 | 08738.9920 | 09:53:17 | 221.668369 | 359.062137 
 4152.1793 | 08738.9819 | 09:53:18 | 221.677063 | 359.060941 
 4152.1795 | 08738.9733 | 09:53:19 | 221.684455 | 359.061230 
 4152.1795 | 08738.9648 | 09:53:20 | 221.691763 | 359.061288 
 4152.1798 | 08738.9563 | 09:53:21 | 221.699068 | 359.061692 
 4152.1798 | 08738.9478 | 09:53:22 | 221.706376 | 359.061750 
 4152.1796 | 08738.9393 | 09:53:23 | 221.713685 | 359.061578 
 4152.1794 | 08738.9310 | 09:53:24 | 221.720823 | 359.061405 
 4152.1793 | 08738.9226 | 09:53:25 | 221.728046 | 359.061348 
 4152.1787 | 08738.9143 | 09:53:26 | 221.735188 | 359.060714 
 4152.1779 | 08738.9059 | 09:53:27 | 221.742417 | 359.059852 
 4152.1707 | 08738.8965 | 09:53:28 | 221.750565 | 359.051634 
 4152.1696 | 08738.8881 | 09:53:29 | 221.757797 | 359.050427 
 4152.1684 | 08738.8797 | 09:53:30 | 221.765030 | 359.049104 
 4152.1672 | 08738.8714 | 09:53:31 | 221.772177 | 359.047781 
 4152.1663 | 08738.8634 | 09:53:32 | 221.779063 | 359.046800 
 4152.1658 | 08738.8559 | 09:53:33 | 221.785516 | 359.046277 
 4152.1653 | 08738.8498 | 09:53:34 | 221.790765 | 359.045744 
 4152.1644 | 08738.8425 | 09:53:35 | 221.797049 | 359.044759 
 4152.1638 | 08738.8379 | 09:53:36 | 221.801010 | 359.044100 
 4152.1629 | 08738.8350 | 09:53:37 | 221.803511 | 359.043085 
 4152.1519 | 08738.8406 | 09:53:38 | 221.798798 | 359.030393 
 4152.1459 | 08738.8464 | 09:53:39 | 221.793866 | 359.023452 
 4152.1566 | 08738.8951 | 09:53:40 | 221.751898 | 359.035425