 4152.1735 | 08738.9583 | 18:32:54 | 221.697406 | 359.054431 
 4152.1762 | 08738.9370 | 18:33:04 | 221.715694 | 359.057683 
 4152.1761 | 08738.9373 | 18:33:05 | 221.715437 | 359.057566 
 4152.1765 | 08738.9379 | 18:33:06 | 221.714918 | 359.058022 
 4152.1768 | 08738.9391 | 18:33:07 | 221.713883 | 359.058359 
 4152.1768 | 08738.9391 | 18:33:08 | 221.713883 | 359.058359 
 4152.1771 | 08738.9396 | 18:33:09 | 221.713450 | 359.058700 
 4152.1771 | 08738.9396 | 18:33:10 | 221.713450 | 359.058700 
 4152.1771 | 08738.9396 | 18:33:11 | 221.713450 | 359.058700 
 4152.1771 | 08738.9396 | 18:33:12 | 221.713450 | 359.058700 
 4152.1771 | 08738.9396 | 18:33:13 | 221.713450 | 359.058700 
 4152.1771 | 08738.9396 | 18:33:14 | 221.713450 | 359.058700 
 4152.1771 | 08738.9396 | 18:33:15 | 221.713450 | 359.058700 
 4152.1771 | 08738.9396 | 18:33:16 | 221.713450 | 359.058700 
 4152.1771 | 08738.9396 | 18:33:17 | 221.713450 | 359.058700 
 4152.1771 | 08738.9396 | 18:33:18 | 221.713450 | 359.058700 
 4152.1771 | 08738.9396 | 18:33:19 | 221.713450 | 359.058700 
 4152.1771 | 08738.9396 | 18:33:20 | 221.713450 | 359.058700 
 4152.1771 | 08738.9396 | 18:33:21 | 221.713450 | 359.058700 
 4152.1771 | 08738.9396 | 18:33:22 | 221.713450 | 359.058700 
 4152.1771 | 08738.9396 | 18:33:23 | 221.713450 | 359.058700 
 4152.1771 | 08738.9396 | 18:33:24 | 221.713450 | 359.058700 
 4152.1771 | 08738.9396 | 18:33:25 | 221.713450 | 359.058700 
 4152.1771 | 08738.9396 | 18:33:26 | 221.713450 | 359.058700 
 4152.1771 | 08738.9396 | 18:33:27 | 221.713450 | 359.058700 
 4152.1771 | 08738.9396 | 18:33:28 | 221.713450 | 359.058700 
 4152.1771 | 08738.9396 | 18:33:29 | 221.713450 | 359.058700 
 4152.1771 | 08738.9396 | 18:33:30 | 221.713450 | 359.058700 
 4152.1771 | 08738.9396 | 18:33:31 | 221.713450 | 359.058700 
 4152.1771 | 08738.9396 | 18:33:32 | 221.713450 | 359.058700 
 4152.1771 | 08738.9396 | 18:33:33 | 221.713450 | 359.058700 
 4152.1792 | 08738.9385 | 18:33:34 | 221.714377 | 359.061123 
 4152.1795 | 08738.9389 | 18:33:35 | 221.714030 | 359.061466 
 4152.1795 | 08738.9388 | 18:33:36 | 221.714116 | 359.061467 
 4152.1797 | 08738.9387 | 18:33:37 | 221.714200 | 359.061697 
 4152.1798 | 08738.9388 | 18:33:38 | 221.714113 | 359.061812 
 4152.1798 | 08738.9388 | 18:33:39 | 221.714113 | 359.061812 
 4152.1798 | 08738.9388 | 18:33:40 | 221.714113 | 359.061812 
 4152.1798 | 08738.9388 | 18:33:41 | 221.714113 | 359.061812 
 4152.1798 | 08738.9388 | 18:33:42 | 221.714113 | 359.061812 
 4152.1798 | 08738.9388 | 18:33:43 | 221.714113 | 359.061812 
 4152.1798 | 08738.9388 | 18:33:44 | 221.714113 | 359.061812 
 4152.1798 | 08738.9388 | 18:33:45 | 221.714113 | 359.061812 
 4152.1798 | 08738.9388 | 18:33:46 | 221.714113 | 359.061812 
 4152.1798 | 08738.9388 | 18:33:47 | 221.714113 | 359.061812 
 4152.1798 | 08738.9388 | 18:33:48 | 221.714113 | 359.061812 
 4152.1798 | 08738.9388 | 18:33:49 | 221.714113 | 359.061812 
 4152.1798 | 08738.9388 | 18:33:50 | 221.714113 | 359.061812 
 4152.1798 | 08738.9388 | 18:33:51 | 221.714113 | 359.061812 
 4152.1798 | 08738.9388 | 18:33:52 | 221.714113 | 359.061812 
 4152.1798 | 08738.9388 | 18:33:53 | 221.714113 | 359.061812 
 4152.1798 | 08738.9388 | 18:33:54 | 221.714113 | 359.061812 
 4152.1798 | 08738.9388 | 18:33:55 | 221.714113 | 359.061812 
 4152.1798 | 08738.9388 | 18:33:56 | 221.714113 | 359.061812 
 4152.1798 | 08738.9388 | 18:33:57 | 221.714113 | 359.061812 
 4152.1798 | 08738.9388 | 18:33:58 | 221.714113 | 359.061812 
 4152.1798 | 08738.9388 | 18:33:59 | 221.714113 | 359.061812 
 4152.1798 | 08738.9388 | 18:34:00 | 221.714113 | 359.061812 
 4152.1798 | 08738.9388 | 18:34:01 | 221.714113 | 359.061812 
 4152.1798 | 08738.9388 | 18:34:02 | 221.714113 | 359.061812 
 4152.1798 | 08738.9388 | 18:34:03 | 221.714113 | 359.061812 
 4152.1798 | 08738.9388 | 18:34:04 | 221.714113 | 359.061812 
 4152.1798 | 08738.9388 | 18:34:05 | 221.714113 | 359.061812 
 4152.1798 | 08738.9388 | 18:34:06 | 221.714113 | 359.061812 
 4152.1798 | 08738.9388 | 18:34:07 | 221.714113 | 359.061812 
 4152.1798 | 08738.9388 | 18:34:08 | 221.714113 | 359.061812 
 4152.1798 | 08738.9388 | 18:34:09 | 221.714113 | 359.061812 
 4152.1798 | 08738.9388 | 18:34:10 | 221.714113 | 359.061812 
 4152.1798 | 08738.9388 | 18:34:11 | 221.714113 | 359.061812 
 4152.1798 | 08738.9388 | 18:34:12 | 221.714113 | 359.061812 
 4152.1798 | 08738.9388 | 18:34:13 | 221.714113 | 359.061812 
 4152.1798 | 08738.9388 | 18:34:14 | 221.714113 | 359.061812 
 4152.1798 | 08738.9388 | 18:34:15 | 221.714113 | 359.061812 
 4152.1798 | 08738.9388 | 18:34:16 | 221.714113 | 359.061812 
 4152.1798 | 08738.9388 | 18:34:17 | 221.714113 | 359.061812 
 4152.1798 | 08738.9388 | 18:34:18 | 221.714113 | 359.061812 
 4152.1798 | 08738.9388 | 18:34:19 | 221.714113 | 359.061812 
 4152.1798 | 08738.9388 | 18:34:20 | 221.714113 | 359.061812 
 4152.1798 | 08738.9388 | 18:34:21 | 221.714113 | 359.061812 
 4152.1798 | 08738.9388 | 18:34:22 | 221.714113 | 359.061812 
 4152.1798 | 08738.9388 | 18:34:23 | 221.714113 | 359.061812 
 4152.1798 | 08738.9388 | 18:34:24 | 221.714113 | 359.061812 
 4152.1798 | 08738.9388 | 18:34:25 | 221.714113 | 359.061812 
 4152.1798 | 08738.9388 | 18:34:26 | 221.714113 | 359.061812 
 4152.1798 | 08738.9388 | 18:34:27 | 221.714113 | 359.061812 
 4152.1798 | 08738.9388 | 18:34:28 | 221.714113 | 359.061812 
 4152.1798 | 08738.9388 | 18:34:29 | 221.714113 | 359.061812 
 4152.1798 | 08738.9388 | 18:34:30 | 221.714113 | 359.061812 
 4152.1798 | 08738.9388 | 18:34:31 | 221.714113 | 359.061812 
 4152.1798 | 08738.9388 | 18:34:32 | 221.714113 | 359.061812 
 4152.1798 | 08738.9388 | 18:34:33 | 221.714113 | 359.061812 
 4152.1798 | 08738.9388 | 18:34:34 | 221.714113 | 359.061812 
 4152.1798 | 08738.9388 | 18:34:35 | 221.714113 | 359.061812 
 4152.1798 | 08738.9388 | 18:34:36 | 221.714113 | 359.061812 
 4152.1798 | 08738.9388 | 18:34:37 | 221.714113 | 359.061812 
 4152.1798 | 08738.9388 | 18:34:38 | 221.714113 | 359.061812 
 4152.1798 | 08738.9388 | 18:34:39 | 221.714113 | 359.061812 
 4152.1798 | 08738.9388 | 18:34:40 | 221.714113 | 359.061812 
 4152.1798 | 08738.9388 | 18:34:41 | 221.714113 | 359.061812 
 4152.1798 | 08738.9388 | 18:34:42 | 221.714113 | 359.061812 
 4152.1798 | 08738.9388 | 18:34:43 | 221.714113 | 359.061812 
 4152.1798 | 08738.9388 | 18:34:44 | 221.714113 | 359.061812 
 4152.1798 | 08738.9388 | 18:34:45 | 221.714113 | 359.061812 
 4152.1798 | 08738.9388 | 18:34:46 | 221.714113 | 359.061812 
 4152.1798 | 08738.9388 | 18:34:47 | 221.714113 | 359.061812 
 4152.1798 | 08738.9388 | 18:34:48 | 221.714113 | 359.061812 
 4152.1798 | 08738.9388 | 18:34:49 | 221.714113 | 359.061812 
 4152.1798 | 08738.9388 | 18:34:50 | 221.714113 | 359.061812 
 4152.1798 | 08738.9388 | 18:34:51 | 221.714113 | 359.061812 
 4152.1798 | 08738.9388 | 18:34:52 | 221.714113 | 359.061812 
 4152.1798 | 08738.9388 | 18:34:53 | 221.714113 | 359.061812 
 4152.1798 | 08738.9388 | 18:34:54 | 221.714113 | 359.061812 
 4152.1798 | 08738.9388 | 18:34:55 | 221.714113 | 359.061812 
 4152.1798 | 08738.9388 | 18:34:56 | 221.714113 | 359.061812 
 4152.1798 | 08738.9388 | 18:34:57 | 221.714113 | 359.061812 
 4152.1798 | 08738.9388 | 18:34:58 | 221.714113 | 359.061812 
 4152.1798 | 08738.9388 | 18:34:59 | 221.714113 | 359.061812 
 4152.1798 | 08738.9388 | 18:35:00 | 221.714113 | 359.061812 
 4152.1798 | 08738.9388 | 18:35:01 | 221.714113 | 359.061812 
 4152.1798 | 08738.9388 | 18:35:02 | 221.714113 | 359.061812 
 4152.1798 | 08738.9388 | 18:35:03 | 221.714113 | 359.061812 
 4152.1798 | 08738.9388 | 18:35:04 | 221.714113 | 359.061812 
 4152.1798 | 08738.9388 | 18:35:05 | 221.714113 | 359.061812 
 4152.1798 | 08738.9388 | 18:35:06 | 221.714113 | 359.061812 
 4152.1798 | 08738.9388 | 18:35:07 | 221.714113 | 359.061812 
 4152.1798 | 08738.9388 | 18:35:08 | 221.714113 | 359.061812 
 4152.1798 | 08738.9388 | 18:35:09 | 221.714113 | 359.061812 
 4152.1798 | 08738.9388 | 18:35:10 | 221.714113 | 359.061812 
 4152.1798 | 08738.9388 | 18:35:11 | 221.714113 | 359.061812 
 4152.1798 | 08738.9388 | 18:35:12 | 221.714113 | 359.061812 
 4152.1798 | 08738.9388 | 18:35:13 | 221.714113 | 359.061812 
 4152.1798 | 08738.9388 | 18:35:14 | 221.714113 | 359.061812 
 4152.1798 | 08738.9388 | 18:35:15 | 221.714113 | 359.061812 
 4152.1798 | 08738.9388 | 18:35:16 | 221.714113 | 359.061812 
 4152.1798 | 08738.9388 | 18:35:17 | 221.714113 | 359.061812 
 4152.1798 | 08738.9388 | 18:35:18 | 221.714113 | 359.061812 
 4152.1798 | 08738.9388 | 18:35:19 | 221.714113 | 359.061812 
 4152.1798 | 08738.9388 | 18:35:20 | 221.714113 | 359.061812 
 4152.1798 | 08738.9388 | 18:35:21 | 221.714113 | 359.061812 
 4152.1801 | 08738.9378 | 18:35:22 | 221.714970 | 359.062164 
 4152.1802 | 08738.9382 | 18:35:23 | 221.714626 | 359.062276 
 4152.1800 | 08738.9381 | 18:35:24 | 221.714713 | 359.062046 
 4152.1801 | 08738.9380 | 18:35:25 | 221.714799 | 359.062162 
 4152.1801 | 08738.9380 | 18:35:26 | 221.714799 | 359.062162 
 4152.1801 | 08738.9380 | 18:35:27 | 221.714799 | 359.062162 
 4152.1801 | 08738.9380 | 18:35:28 | 221.714799 | 359.062162 
 4152.1801 | 08738.9380 | 18:35:29 | 221.714799 | 359.062162 
 4152.1801 | 08738.9380 | 18:35:30 | 221.714799 | 359.062162 
 4152.1801 | 08738.9380 | 18:35:31 | 221.714799 | 359.062162 
 4152.1801 | 08738.9380 | 18:35:32 | 221.714799 | 359.062162 
 4152.1801 | 08738.9380 | 18:35:33 | 221.714799 | 359.062162 
 4152.1801 | 08738.9380 | 18:35:34 | 221.714799 | 359.062162 
 4152.1801 | 08738.9380 | 18:35:35 | 221.714799 | 359.062162 
 4152.1801 | 08738.9380 | 18:35:36 | 221.714799 | 359.062162 
 4152.1801 | 08738.9380 | 18:35:37 | 221.714799 | 359.062162 
 4152.1801 | 08738.9380 | 18:35:38 | 221.714799 | 359.062162 
 4152.1801 | 08738.9380 | 18:35:39 | 221.714799 | 359.062162 
 4152.1801 | 08738.9380 | 18:35:40 | 221.714799 | 359.062162 
 4152.1801 | 08738.9380 | 18:35:41 | 221.714799 | 359.062162 
 4152.1801 | 08738.9380 | 18:35:42 | 221.714799 | 359.062162 
 4152.1801 | 08738.9380 | 18:35:43 | 221.714799 | 359.062162 
 4152.1801 | 08738.9380 | 18:35:44 | 221.714799 | 359.062162 
 4152.1801 | 08738.9380 | 18:35:45 | 221.714799 | 359.062162 
 4152.1801 | 08738.9380 | 18:35:46 | 221.714799 | 359.062162 
 4152.1801 | 08738.9380 | 18:35:47 | 221.714799 | 359.062162 
 4152.1801 | 08738.9380 | 18:35:48 | 221.714799 | 359.062162 
 4152.1801 | 08738.9380 | 18:35:49 | 221.714799 | 359.062162 
 4152.1801 | 08738.9380 | 18:35:50 | 221.714799 | 359.062162 
 4152.1801 | 08738.9380 | 18:35:51 | 221.714799 | 359.062162 
 4152.1801 | 08738.9380 | 18:35:52 | 221.714799 | 359.062162 
 4152.1801 | 08738.9380 | 18:35:53 | 221.714799 | 359.062162 
 4152.1801 | 08738.9380 | 18:35:54 | 221.714799 | 359.062162 
 4152.1801 | 08738.9380 | 18:35:55 | 221.714799 | 359.062162 
 4152.1801 | 08738.9380 | 18:35:56 | 221.714799 | 359.062162 
 4152.1801 | 08738.9380 | 18:35:57 | 221.714799 | 359.062162 
 4152.1801 | 08738.9380 | 18:35:58 | 221.714799 | 359.062162 
 4152.1801 | 08738.9380 | 18:35:59 | 221.714799 | 359.062162 
 4152.1801 | 08738.9380 | 18:36:00 | 221.714799 | 359.062162 
 4152.1801 | 08738.9380 | 18:36:02 | 221.714799 | 359.062162 
 4152.1801 | 08738.9380 | 18:36:03 | 221.714799 | 359.062162 
 4152.1801 | 08738.9380 | 18:36:04 | 221.714799 | 359.062162 
 4152.1801 | 08738.9380 | 18:36:05 | 221.714799 | 359.062162 
 4152.1801 | 08738.9380 | 18:36:06 | 221.714799 | 359.062162 
 4152.1801 | 08738.9380 | 18:36:07 | 221.714799 | 359.062162 
 4152.1801 | 08738.9380 | 18:36:08 | 221.714799 | 359.062162 
 4152.1801 | 08738.9380 | 18:36:09 | 221.714799 | 359.062162 
 4152.1801 | 08738.9380 | 18:36:10 | 221.714799 | 359.062162 
 4152.1801 | 08738.9380 | 18:36:11 | 221.714799 | 359.062162 
 4152.1801 | 08738.9380 | 18:36:12 | 221.714799 | 359.062162 
 4152.1801 | 08738.9380 | 18:36:13 | 221.714799 | 359.062162 
 4152.1801 | 08738.9380 | 18:36:14 | 221.714799 | 359.062162 
 4152.1801 | 08738.9380 | 18:36:15 | 221.714799 | 359.062162 
 4152.1801 | 08738.9380 | 18:36:16 | 221.714799 | 359.062162 
 4152.1801 | 08738.9380 | 18:36:17 | 221.714799 | 359.062162 
 4152.1801 | 08738.9380 | 18:36:18 | 221.714799 | 359.062162 
 4152.1801 | 08738.9380 | 18:36:19 | 221.714799 | 359.062162 
 4152.1801 | 08738.9380 | 18:36:20 | 221.714799 | 359.062162 
 4152.1801 | 08738.9380 | 18:36:22 | 221.714799 | 359.062162 
 4152.1801 | 08738.9380 | 18:36:23 | 221.714799 | 359.062162 
 4152.1801 | 08738.9380 | 18:36:24 | 221.714799 | 359.062162 
 4152.1801 | 08738.9380 | 18:36:25 | 221.714799 | 359.062162 
 4152.1801 | 08738.9380 | 18:36:26 | 221.714799 | 359.062162 
 4152.1801 | 08738.9380 | 18:36:27 | 221.714799 | 359.062162 
 4152.1801 | 08738.9380 | 18:36:28 | 221.714799 | 359.062162 
 4152.1784 | 08738.9348 | 18:36:29 | 221.717565 | 359.060229 
 4152.1783 | 08738.9334 | 18:36:30 | 221.718770 | 359.060123 
 4152.1781 | 08738.9324 | 18:36:31 | 221.719632 | 359.059900 
 4152.1795 | 08738.9316 | 18:36:32 | 221.720306 | 359.061516 
 4152.1799 | 08738.9308 | 18:36:33 | 221.720991 | 359.061981 
 4152.1797 | 08738.9303 | 18:36:34 | 221.721422 | 359.061755 
 4152.1797 | 08738.9299 | 18:36:35 | 221.721766 | 359.061758 
 4152.1796 | 08738.9295 | 18:36:36 | 221.722111 | 359.061645 
 4152.1796 | 08738.9302 | 18:36:37 | 221.721509 | 359.061640 
 4152.1784 | 08738.9294 | 18:36:38 | 221.722208 | 359.060266 
 4152.1783 | 08738.9291 | 18:36:39 | 221.722467 | 359.060153 
 4152.1780 | 08738.9288 | 18:36:40 | 221.722728 | 359.059810 
 4152.1773 | 08738.9288 | 18:36:41 | 221.722734 | 359.059005 
 4152.1771 | 08738.9290 | 18:36:42 | 221.722564 | 359.058773 
 4152.1768 | 08738.9293 | 18:36:43 | 221.722309 | 359.058426 
 4152.1760 | 08738.9292 | 18:36:44 | 221.722402 | 359.057506 
 4152.1756 | 08738.9290 | 18:36:45 | 221.722578 | 359.057048 
 4152.1753 | 08738.9284 | 18:36:46 | 221.723096 | 359.056707 
 4152.1750 | 08738.9282 | 18:36:47 | 221.723271 | 359.056363 
 4152.1745 | 08738.9279 | 18:36:48 | 221.723533 | 359.055790 
 4152.1740 | 08738.9276 | 18:36:49 | 221.723796 | 359.055217 
 4152.1723 | 08738.9261 | 18:36:50 | 221.725101 | 359.053272 
 4152.1714 | 08738.9253 | 18:36:51 | 221.725797 | 359.052242 
 4152.1706 | 08738.9246 | 18:36:52 | 221.726406 | 359.051327 
 4152.1697 | 08738.9238 | 18:36:53 | 221.727102 | 359.050297 
 4152.1688 | 08738.9232 | 18:36:54 | 221.727627 | 359.049266 
 4152.1685 | 08738.9217 | 18:36:55 | 221.728919 | 359.048931 
 4152.1679 | 08738.9209 | 18:36:56 | 221.729612 | 359.048246 
 4152.1677 | 08738.9207 | 18:36:57 | 221.729786 | 359.048018 
 4152.1670 | 08738.9203 | 18:36:58 | 221.730136 | 359.047215 
 4152.1651 | 08738.9190 | 18:36:59 | 221.731271 | 359.045039 
 4152.1643 | 08738.9185 | 18:37:00 | 221.731709 | 359.044122 
 4152.1647 | 08738.9190 | 18:37:01 | 221.731275 | 359.044579 
 4152.1661 | 08738.9193 | 18:37:02 | 221.731004 | 359.046187 
 4152.1672 | 08738.9196 | 18:37:03 | 221.730736 | 359.047450 
 4152.1672 | 08738.9195 | 18:37:04 | 221.730822 | 359.047451 
 4152.1673 | 08738.9193 | 18:37:05 | 221.730993 | 359.047567 
 4152.1673 | 08738.9193 | 18:37:06 | 221.730993 | 359.047567 
 4152.1673 | 08738.9193 | 18:37:07 | 221.730993 | 359.047567 
 4152.1673 | 08738.9193 | 18:37:08 | 221.730993 | 359.047567 
 4152.1673 | 08738.9193 | 18:37:09 | 221.730993 | 359.047567 
 4152.1673 | 08738.9193 | 18:37:10 | 221.730993 | 359.047567 
 4152.1673 | 08738.9193 | 18:37:11 | 221.730993 | 359.047567 
 4152.1673 | 08738.9193 | 18:37:12 | 221.730993 | 359.047567 
 4152.1673 | 08738.9193 | 18:37:13 | 221.730993 | 359.047567 
 4152.1673 | 08738.9193 | 18:37:14 | 221.730993 | 359.047567 
 4152.1742 | 08738.9218 | 18:37:15 | 221.728781 | 359.055487 
 4152.1735 | 08738.9205 | 18:37:16 | 221.729905 | 359.054690 
 4152.1733 | 08738.9201 | 18:37:17 | 221.730251 | 359.054463 
 4152.1730 | 08738.9195 | 18:37:18 | 221.730769 | 359.054122 
 4152.1735 | 08738.9188 | 18:37:19 | 221.731366 | 359.054702 
 4152.1733 | 08738.9181 | 18:37:20 | 221.731970 | 359.054477 
 4152.1733 | 08738.9173 | 18:37:21 | 221.732658 | 359.054482 
 4152.1727 | 08738.9173 | 18:37:22 | 221.732663 | 359.053792 
 4152.1724 | 08738.9178 | 18:37:23 | 221.732236 | 359.053444 
 4152.1729 | 08738.9178 | 18:37:25 | 221.732232 | 359.054019 
 4152.1728 | 08738.9178 | 18:37:26 | 221.732233 | 359.053904 
 4152.1728 | 08738.9178 | 18:37:27 | 221.732233 | 359.053904 
 4152.1728 | 08738.9178 | 18:37:28 | 221.732233 | 359.053904 
 4152.1728 | 08738.9178 | 18:37:29 | 221.732233 | 359.053904 
 4152.1728 | 08738.9178 | 18:37:30 | 221.732233 | 359.053904 
 4152.1728 | 08738.9178 | 18:37:31 | 221.732233 | 359.053904 
 4152.1728 | 08738.9178 | 18:37:32 | 221.732233 | 359.053904 
 4152.1728 | 08738.9178 | 18:37:33 | 221.732233 | 359.053904 
 4152.1728 | 08738.9178 | 18:37:34 | 221.732233 | 359.053904 
 4152.1728 | 08738.9178 | 18:37:35 | 221.732233 | 359.053904 
 4152.1728 | 08738.9178 | 18:37:36 | 221.732233 | 359.053904 
 4152.1728 | 08738.9178 | 18:37:37 | 221.732233 | 359.053904 
 4152.1728 | 08738.9178 | 18:37:38 | 221.732233 | 359.053904 
 4152.1728 | 08738.9178 | 18:37:39 | 221.732233 | 359.053904 
 4152.1728 | 08738.9178 | 18:37:40 | 221.732233 | 359.053904 
 4152.1728 | 08738.9178 | 18:37:41 | 221.732233 | 359.053904 
 4152.1798 | 08738.9202 | 18:37:42 | 221.730105 | 359.061939 
 4152.1802 | 08738.9204 | 18:37:43 | 221.729929 | 359.062398 
 4152.1776 | 08738.9223 | 18:37:44 | 221.728320 | 359.059394 
 4152.1783 | 08738.9244 | 18:37:45 | 221.726508 | 359.060185 
 4152.1784 | 08738.9240 | 18:37:46 | 221.726851 | 359.060303 
 4152.1784 | 08738.9240 | 18:37:47 | 221.726851 | 359.060303 
 4152.1784 | 08738.9240 | 18:37:48 | 221.726851 | 359.060303 
 4152.1784 | 08738.9240 | 18:37:49 | 221.726851 | 359.060303 
 4152.1784 | 08738.9240 | 18:37:50 | 221.726851 | 359.060303 
 4152.1784 | 08738.9240 | 18:37:51 | 221.726851 | 359.060303 
 4152.1784 | 08738.9240 | 18:37:52 | 221.726851 | 359.060303 
 4152.1784 | 08738.9240 | 18:37:53 | 221.726851 | 359.060303 
 4152.1784 | 08738.9240 | 18:37:54 | 221.726851 | 359.060303 
 4152.1784 | 08738.9240 | 18:37:55 | 221.726851 | 359.060303 
 4152.1784 | 08738.9240 | 18:37:56 | 221.726851 | 359.060303 
 4152.1784 | 08738.9240 | 18:37:57 | 221.726851 | 359.060303 
 4152.1784 | 08738.9240 | 18:37:58 | 221.726851 | 359.060303 
 4152.1784 | 08738.9240 | 18:37:59 | 221.726851 | 359.060303 
 4152.1784 | 08738.9240 | 18:38:00 | 221.726851 | 359.060303 
 4152.1784 | 08738.9240 | 18:38:01 | 221.726851 | 359.060303 
 4152.1784 | 08738.9240 | 18:38:02 | 221.726851 | 359.060303 
 4152.1784 | 08738.9240 | 18:38:03 | 221.726851 | 359.060303 
 4152.1784 | 08738.9240 | 18:38:04 | 221.726851 | 359.060303 
 4152.1784 | 08738.9240 | 18:38:05 | 221.726851 | 359.060303 
 4152.1784 | 08738.9240 | 18:38:06 | 221.726851 | 359.060303 
 4152.1784 | 08738.9240 | 18:38:07 | 221.726851 | 359.060303 
 4152.1784 | 08738.9240 | 18:38:08 | 221.726851 | 359.060303 
 4152.1784 | 08738.9240 | 18:38:09 | 221.726851 | 359.060303 
 4152.1784 | 08738.9240 | 18:38:10 | 221.726851 | 359.060303 
 4152.1784 | 08738.9240 | 18:38:11 | 221.726851 | 359.060303 
 4152.1784 | 08738.9240 | 18:38:12 | 221.726851 | 359.060303 
 4152.1782 | 08738.9261 | 18:38:13 | 221.725047 | 359.060058 
 4152.1782 | 08738.9266 | 18:38:14 | 221.724617 | 359.060055 
 4152.1783 | 08738.9271 | 18:38:15 | 221.724186 | 359.060166 
 4152.1784 | 08738.9276 | 18:38:16 | 221.723756 | 359.060278 
 4152.1797 | 08738.9272 | 18:38:17 | 221.724088 | 359.061776 
 4152.1799 | 08738.9276 | 18:38:18 | 221.723742 | 359.062003 
 4152.1798 | 08738.9272 | 18:38:19 | 221.724087 | 359.061891 
 4152.1795 | 08738.9267 | 18:38:20 | 221.724519 | 359.061549 
 4152.1795 | 08738.9269 | 18:38:21 | 221.724347 | 359.061548 
 4152.1798 | 08738.9274 | 18:38:22 | 221.723915 | 359.061890 
 4152.1798 | 08738.9274 | 18:38:23 | 221.723915 | 359.061890 
 4152.1798 | 08738.9274 | 18:38:24 | 221.723915 | 359.061890 
 4152.1798 | 08738.9274 | 18:38:25 | 221.723915 | 359.061890 
 4152.1798 | 08738.9274 | 18:38:26 | 221.723915 | 359.061890 
 4152.1798 | 08738.9274 | 18:38:27 | 221.723915 | 359.061890 
 4152.1798 | 08738.9274 | 18:38:28 | 221.723915 | 359.061890 
 4152.1798 | 08738.9274 | 18:38:29 | 221.723915 | 359.061890 
 4152.1798 | 08738.9274 | 18:38:30 | 221.723915 | 359.061890 
 4152.1798 | 08738.9274 | 18:38:31 | 221.723915 | 359.061890 
 4152.1798 | 08738.9274 | 18:38:32 | 221.723915 | 359.061890 
 4152.1798 | 08738.9274 | 18:38:33 | 221.723915 | 359.061890 
 4152.1798 | 08738.9274 | 18:38:34 | 221.723915 | 359.061890 
 4152.1798 | 08738.9274 | 18:38:35 | 221.723915 | 359.061890 
 4152.1798 | 08738.9274 | 18:38:36 | 221.723915 | 359.061890 
 4152.1798 | 08738.9274 | 18:38:37 | 221.723915 | 359.061890 
 4152.1798 | 08738.9274 | 18:38:38 | 221.723915 | 359.061890 
 4152.1798 | 08738.9274 | 18:38:39 | 221.723915 | 359.061890 
 4152.1798 | 08738.9274 | 18:38:40 | 221.723915 | 359.061890 
 4152.1798 | 08738.9274 | 18:38:41 | 221.723915 | 359.061890 
 4152.1798 | 08738.9274 | 18:38:42 | 221.723915 | 359.061890 
 4152.1798 | 08738.9274 | 18:38:43 | 221.723915 | 359.061890 
 4152.1798 | 08738.9274 | 18:38:44 | 221.723915 | 359.061890 
 4152.1798 | 08738.9274 | 18:38:45 | 221.723915 | 359.061890 
 4152.1798 | 08738.9274 | 18:38:46 | 221.723915 | 359.061890 
 4152.1798 | 08738.9274 | 18:38:47 | 221.723915 | 359.061890 
 4152.1798 | 08738.9274 | 18:38:48 | 221.723915 | 359.061890 
 4152.1798 | 08738.9274 | 18:38:49 | 221.723915 | 359.061890 
 4152.1798 | 08738.9274 | 18:38:50 | 221.723915 | 359.061890 
 4152.1798 | 08738.9274 | 18:38:51 | 221.723915 | 359.061890 
 4152.1798 | 08738.9274 | 18:38:52 | 221.723915 | 359.061890 
 4152.1798 | 08738.9274 | 18:38:53 | 221.723915 | 359.061890 
 4152.1798 | 08738.9274 | 18:38:54 | 221.723915 | 359.061890 
 4152.1798 | 08738.9274 | 18:38:55 | 221.723915 | 359.061890 
 4152.1798 | 08738.9274 | 18:38:56 | 221.723915 | 359.061890 
 4152.1798 | 08738.9274 | 18:38:57 | 221.723915 | 359.061890 
 4152.1798 | 08738.9274 | 18:38:58 | 221.723915 | 359.061890 
 4152.1798 | 08738.9274 | 18:38:59 | 221.723915 | 359.061890 
 4152.1798 | 08738.9274 | 18:39:00 | 221.723915 | 359.061890 
 4152.1798 | 08738.9274 | 18:39:01 | 221.723915 | 359.061890 
 4152.1798 | 08738.9274 | 18:39:02 | 221.723915 | 359.061890 
 4152.1798 | 08738.9274 | 18:39:03 | 221.723915 | 359.061890 
 4152.1798 | 08738.9274 | 18:39:04 | 221.723915 | 359.061890 
 4152.1798 | 08738.9274 | 18:39:05 | 221.723915 | 359.061890 
 4152.1798 | 08738.9274 | 18:39:06 | 221.723915 | 359.061890 
 4152.1798 | 08738.9274 | 18:39:07 | 221.723915 | 359.061890 
 4152.1798 | 08738.9274 | 18:39:08 | 221.723915 | 359.061890 
 4152.1798 | 08738.9274 | 18:39:09 | 221.723915 | 359.061890 
 4152.1798 | 08738.9274 | 18:39:10 | 221.723915 | 359.061890 
 4152.1798 | 08738.9274 | 18:39:11 | 221.723915 | 359.061890 
 4152.1798 | 08738.9274 | 18:39:12 | 221.723915 | 359.061890 
 4152.1798 | 08738.9274 | 18:39:13 | 221.723915 | 359.061890 
 4152.1798 | 08738.9274 | 18:39:14 | 221.723915 | 359.061890 
 4152.1798 | 08738.9274 | 18:39:15 | 221.723915 | 359.061890 
 4152.1798 | 08738.9274 | 18:39:16 | 221.723915 | 359.061890 
 4152.1798 | 08738.9274 | 18:39:17 | 221.723915 | 359.061890 
 4152.1798 | 08738.9274 | 18:39:18 | 221.723915 | 359.061890 
 4152.1798 | 08738.9274 | 18:39:19 | 221.723915 | 359.061890 
 4152.1798 | 08738.9274 | 18:39:20 | 221.723915 | 359.061890 
 4152.1798 | 08738.9274 | 18:39:21 | 221.723915 | 359.061890 
 4152.1798 | 08738.9274 | 18:39:22 | 221.723915 | 359.061890 
 4152.1798 | 08738.9274 | 18:39:23 | 221.723915 | 359.061890 
 4152.1798 | 08738.9274 | 18:39:24 | 221.723915 | 359.061890 
 4152.1798 | 08738.9274 | 18:39:25 | 221.723915 | 359.061890 
 4152.1798 | 08738.9274 | 18:39:26 | 221.723915 | 359.061890 
 4152.1798 | 08738.9274 | 18:39:27 | 221.723915 | 359.061890 
 4152.1798 | 08738.9274 | 18:39:28 | 221.723915 | 359.061890 
 4152.1798 | 08738.9274 | 18:39:29 | 221.723915 | 359.061890 
 4152.1798 | 08738.9274 | 18:39:30 | 221.723915 | 359.061890 
 4152.1798 | 08738.9274 | 18:39:31 | 221.723915 | 359.061890 
 4152.1798 | 08738.9274 | 18:39:32 | 221.723915 | 359.061890 
 4152.1798 | 08738.9274 | 18:39:33 | 221.723915 | 359.061890 
 4152.1798 | 08738.9274 | 18:39:34 | 221.723915 | 359.061890 
 4152.1798 | 08738.9274 | 18:39:35 | 221.723915 | 359.061890 
 4152.1798 | 08738.9274 | 18:39:36 | 221.723915 | 359.061890 
 4152.1798 | 08738.9274 | 18:39:37 | 221.723915 | 359.061890 
 4152.1798 | 08738.9274 | 18:39:38 | 221.723915 | 359.061890 
 4152.1798 | 08738.9274 | 18:39:39 | 221.723915 | 359.061890 
 4152.1798 | 08738.9274 | 18:39:40 | 221.723915 | 359.061890 
 4152.1798 | 08738.9274 | 18:39:41 | 221.723915 | 359.061890 
 4152.1798 | 08738.9274 | 18:39:42 | 221.723915 | 359.061890 
 4152.1798 | 08738.9274 | 18:39:43 | 221.723915 | 359.061890 
 4152.1798 | 08738.9274 | 18:39:44 | 221.723915 | 359.061890 
 4152.1798 | 08738.9274 | 18:39:45 | 221.723915 | 359.061890 
 4152.1798 | 08738.9274 | 18:39:46 | 221.723915 | 359.061890 
 4152.1798 | 08738.9274 | 18:39:47 | 221.723915 | 359.061890 
 4152.1798 | 08738.9274 | 18:39:48 | 221.723915 | 359.061890 
 4152.1798 | 08738.9274 | 18:39:49 | 221.723915 | 359.061890 
 4152.1798 | 08738.9274 | 18:39:50 | 221.723915 | 359.061890 
 4152.1779 | 08738.9283 | 18:39:51 | 221.723158 | 359.059698 
 4152.1778 | 08738.9303 | 18:39:52 | 221.721440 | 359.059569 
 4152.1779 | 08738.9312 | 18:39:53 | 221.720665 | 359.059678 
 4152.1780 | 08738.9321 | 18:39:54 | 221.719890 | 359.059787 
 4152.1781 | 08738.9330 | 18:39:55 | 221.719116 | 359.059896 
 4152.1783 | 08738.9329 | 18:39:56 | 221.719200 | 359.060127 
 4152.1783 | 08738.9337 | 18:39:57 | 221.718512 | 359.060121 
 4152.1783 | 08738.9343 | 18:39:58 | 221.717996 | 359.060117 
 4152.1786 | 08738.9353 | 18:39:59 | 221.717134 | 359.060455 
 4152.1787 | 08738.9359 | 18:40:00 | 221.716617 | 359.060566 
 4152.1789 | 08738.9366 | 18:40:01 | 221.716013 | 359.060791 
 4152.1790 | 08738.9373 | 18:40:02 | 221.715410 | 359.060902 
 4152.1792 | 08738.9378 | 18:40:03 | 221.714979 | 359.061128 
 4152.1793 | 08738.9387 | 18:40:04 | 221.714204 | 359.061237 
 4152.1792 | 08738.9396 | 18:40:05 | 221.713431 | 359.061116 
 4152.1791 | 08738.9407 | 18:40:06 | 221.712486 | 359.060993 
 4152.1793 | 08738.9388 | 18:40:07 | 221.714118 | 359.061236 
 4152.1793 | 08738.9393 | 18:40:08 | 221.713688 | 359.061233 
 4152.1790 | 08738.9385 | 18:40:09 | 221.714379 | 359.060893 
 4152.1788 | 08738.9384 | 18:40:10 | 221.714467 | 359.060664 
 4152.1787 | 08738.9383 | 18:40:11 | 221.714553 | 359.060550 
 4152.1787 | 08738.9383 | 18:40:12 | 221.714553 | 359.060550 
 4152.1788 | 08738.9372 | 18:40:13 | 221.715498 | 359.060672 
 4152.1777 | 08738.9362 | 18:40:14 | 221.716368 | 359.059414 
 4152.1778 | 08738.9357 | 18:40:15 | 221.716797 | 359.059532 
 4152.1785 | 08738.9371 | 18:40:16 | 221.715587 | 359.060328 
 4152.1784 | 08738.9370 | 18:40:17 | 221.715674 | 359.060214 
 4152.1786 | 08738.9371 | 18:40:18 | 221.715586 | 359.060443 
 4152.1786 | 08738.9371 | 18:40:19 | 221.715586 | 359.060443 
 4152.1786 | 08738.9371 | 18:40:20 | 221.715586 | 359.060443 
 4152.1786 | 08738.9371 | 18:40:21 | 221.715586 | 359.060443 
 4152.1786 | 08738.9371 | 18:40:22 | 221.715586 | 359.060443 
 4152.1786 | 08738.9371 | 18:40:23 | 221.715586 | 359.060443 
 4152.1786 | 08738.9371 | 18:40:24 | 221.715586 | 359.060443 
 4152.1786 | 08738.9371 | 18:40:25 | 221.715586 | 359.060443 
 4152.1786 | 08738.9371 | 18:40:26 | 221.715586 | 359.060443 
 4152.1786 | 08738.9371 | 18:40:27 | 221.715586 | 359.060443 
 4152.1786 | 08738.9371 | 18:40:28 | 221.715586 | 359.060443 
 4152.1786 | 08738.9371 | 18:40:29 | 221.715586 | 359.060443 
 4152.1786 | 08738.9371 | 18:40:30 | 221.715586 | 359.060443 
 4152.1786 | 08738.9371 | 18:40:31 | 221.715586 | 359.060443 
 4152.1786 | 08738.9371 | 18:40:32 | 221.715586 | 359.060443 
 4152.1786 | 08738.9371 | 18:40:33 | 221.715586 | 359.060443 
 4152.1786 | 08738.9371 | 18:40:34 | 221.715586 | 359.060443 
 4152.1786 | 08738.9371 | 18:40:35 | 221.715586 | 359.060443 
 4152.1786 | 08738.9371 | 18:40:36 | 221.715586 | 359.060443 
 4152.1786 | 08738.9371 | 18:40:37 | 221.715586 | 359.060443 
 4152.1786 | 08738.9371 | 18:40:38 | 221.715586 | 359.060443 
 4152.1786 | 08738.9371 | 18:40:39 | 221.715586 | 359.060443 
 4152.1786 | 08738.9371 | 18:40:41 | 221.715586 | 359.060443 
 4152.1786 | 08738.9371 | 18:40:42 | 221.715586 | 359.060443 
 4152.1786 | 08738.9371 | 18:40:43 | 221.715586 | 359.060443 
 4152.1786 | 08738.9371 | 18:40:44 | 221.715586 | 359.060443 
 4152.1786 | 08738.9371 | 18:40:45 | 221.715586 | 359.060443 
 4152.1786 | 08738.9371 | 18:40:46 | 221.715586 | 359.060443 
 4152.1786 | 08738.9371 | 18:40:47 | 221.715586 | 359.060443 
 4152.1786 | 08738.9371 | 18:40:48 | 221.715586 | 359.060443 
 4152.1786 | 08738.9371 | 18:40:49 | 221.715586 | 359.060443 
 4152.1786 | 08738.9371 | 18:40:50 | 221.715586 | 359.060443 
 4152.1786 | 08738.9371 | 18:40:51 | 221.715586 | 359.060443 
 4152.1786 | 08738.9371 | 18:40:52 | 221.715586 | 359.060443 
 4152.1786 | 08738.9371 | 18:40:53 | 221.715586 | 359.060443 
 4152.1786 | 08738.9371 | 18:40:54 | 221.715586 | 359.060443 
 4152.1786 | 08738.9371 | 18:40:55 | 221.715586 | 359.060443 
 4152.1786 | 08738.9371 | 18:40:56 | 221.715586 | 359.060443 
 4152.1786 | 08738.9371 | 18:40:57 | 221.715586 | 359.060443 
 4152.1786 | 08738.9371 | 18:40:58 | 221.715586 | 359.060443 
 4152.1786 | 08738.9371 | 18:40:59 | 221.715586 | 359.060443 
 4152.1786 | 08738.9371 | 18:41:00 | 221.715586 | 359.060443 
 4152.1786 | 08738.9371 | 18:41:01 | 221.715586 | 359.060443 
 4152.1786 | 08738.9371 | 18:41:02 | 221.715586 | 359.060443 
 4152.1786 | 08738.9371 | 18:41:03 | 221.715586 | 359.060443 
 4152.1786 | 08738.9371 | 18:41:04 | 221.715586 | 359.060443 
 4152.1786 | 08738.9371 | 18:41:05 | 221.715586 | 359.060443 
 4152.1786 | 08738.9371 | 18:41:06 | 221.715586 | 359.060443 
 4152.1786 | 08738.9371 | 18:41:07 | 221.715586 | 359.060443 
 4152.1786 | 08738.9371 | 18:41:08 | 221.715586 | 359.060443 
 4152.1801 | 08738.9382 | 18:41:09 | 221.714627 | 359.062161 
 4152.1805 | 08738.9379 | 18:41:10 | 221.714881 | 359.062623 
 4152.1807 | 08738.9367 | 18:41:11 | 221.715911 | 359.062861 
 4152.1807 | 08738.9366 | 18:41:12 | 221.715997 | 359.062862 
 4152.1805 | 08738.9358 | 18:41:13 | 221.716686 | 359.062637 
 4152.1806 | 08738.9353 | 18:41:14 | 221.717115 | 359.062756 
 4152.1800 | 08738.9346 | 18:41:15 | 221.717723 | 359.062070 
 4152.1796 | 08738.9345 | 18:41:16 | 221.717812 | 359.061611 
 4152.1796 | 08738.9345 | 18:41:17 | 221.717812 | 359.061611 
 4152.1796 | 08738.9345 | 18:41:18 | 221.717812 | 359.061611 
 4152.1796 | 08738.9345 | 18:41:19 | 221.717812 | 359.061611 
 4152.1796 | 08738.9345 | 18:41:20 | 221.717812 | 359.061611 
 4152.1796 | 08738.9345 | 18:41:21 | 221.717812 | 359.061611 
 4152.1796 | 08738.9345 | 18:41:22 | 221.717812 | 359.061611 
 4152.1796 | 08738.9345 | 18:41:23 | 221.717812 | 359.061611 
 4152.1796 | 08738.9345 | 18:41:24 | 221.717812 | 359.061611 
 4152.1800 | 08738.9367 | 18:41:25 | 221.715917 | 359.062056 
 4152.1799 | 08738.9369 | 18:41:26 | 221.715746 | 359.061940 
 4152.1797 | 08738.9370 | 18:41:27 | 221.715662 | 359.061709 
 4152.1794 | 08738.9384 | 18:41:28 | 221.714461 | 359.061354 
 4152.1791 | 08738.9391 | 18:41:29 | 221.713862 | 359.061004 
 4152.1786 | 08738.9395 | 18:41:30 | 221.713523 | 359.060426 
 4152.1783 | 08738.9400 | 18:41:31 | 221.713096 | 359.060078 
 4152.1780 | 08738.9404 | 18:41:32 | 221.712754 | 359.059730 
 4152.1785 | 08738.9395 | 18:41:33 | 221.713524 | 359.060311 
 4152.1787 | 08738.9392 | 18:41:34 | 221.713780 | 359.060544 
 4152.1787 | 08738.9390 | 18:41:35 | 221.713952 | 359.060545 
 4152.1787 | 08738.9390 | 18:41:36 | 221.713952 | 359.060545 
 4152.1787 | 08738.9390 | 18:41:37 | 221.713952 | 359.060545 
 4152.1787 | 08738.9390 | 18:41:38 | 221.713952 | 359.060545 
 4152.1787 | 08738.9390 | 18:41:39 | 221.713952 | 359.060545 
 4152.1787 | 08738.9390 | 18:41:40 | 221.713952 | 359.060545 
 4152.1787 | 08738.9390 | 18:41:41 | 221.713952 | 359.060545 
 4152.1787 | 08738.9390 | 18:41:42 | 221.713952 | 359.060545 
 4152.1787 | 08738.9390 | 18:41:43 | 221.713952 | 359.060545 
 4152.1787 | 08738.9390 | 18:41:45 | 221.713952 | 359.060545 
 4152.1787 | 08738.9390 | 18:41:46 | 221.713952 | 359.060545 
 4152.1787 | 08738.9390 | 18:41:47 | 221.713952 | 359.060545 
 4152.1787 | 08738.9390 | 18:41:48 | 221.713952 | 359.060545 
 4152.1787 | 08738.9390 | 18:41:49 | 221.713952 | 359.060545 
 4152.1787 | 08738.9390 | 18:41:50 | 221.713952 | 359.060545 
 4152.1787 | 08738.9390 | 18:41:51 | 221.713952 | 359.060545 
 4152.1787 | 08738.9390 | 18:41:52 | 221.713952 | 359.060545 
 4152.1787 | 08738.9390 | 18:41:53 | 221.713952 | 359.060545 
 4152.1787 | 08738.9390 | 18:41:57 | 221.713952 | 359.060545 
 4152.1787 | 08738.9390 | 18:41:59 | 221.713952 | 359.060545 
 4152.1787 | 08738.9390 | 18:42:05 | 221.713952 | 359.060545 
 4152.1787 | 08738.9390 | 18:42:07 | 221.713952 | 359.060545 
 4152.1787 | 08738.9390 | 18:42:08 | 221.713952 | 359.060545 
 4152.1787 | 08738.9390 | 18:42:10 | 221.713952 | 359.060545 
 4152.1787 | 08738.9390 | 18:42:11 | 221.713952 | 359.060545 
 4152.1787 | 08738.9390 | 18:42:13 | 221.713952 | 359.060545 
 4152.1787 | 08738.9390 | 18:42:14 | 221.713952 | 359.060545 
 4152.1793 | 08738.9489 | 18:42:15 | 221.705435 | 359.061167 
 4152.1780 | 08738.9540 | 18:42:16 | 221.701062 | 359.059637 
 4152.1759 | 08738.9596 | 18:42:21 | 221.696266 | 359.057183 
 4152.1690 | 08738.9820 | 18:42:27 | 221.677071 | 359.049093 
 4152.1654 | 08738.9978 | 18:42:28 | 221.663520 | 359.044844 
 4152.1686 | 08739.0373 | 18:42:29 | 221.629530 | 359.048254 
 4152.1685 | 08739.0805 | 18:42:30 | 221.592390 | 359.047844 
 4152.1700 | 08739.0829 | 18:42:31 | 221.590313 | 359.049553 
 4152.1719 | 08739.0852 | 18:42:32 | 221.588318 | 359.051723 
 4152.1768 | 08739.0870 | 18:42:33 | 221.586725 | 359.057347 
 4152.1781 | 08739.0877 | 18:42:34 | 221.586112 | 359.058837 
 4152.1787 | 08739.0881 | 18:42:35 | 221.585762 | 359.059525 
 4152.1788 | 08739.0884 | 18:42:36 | 221.585503 | 359.059638 
 4152.1787 | 08739.0886 | 18:42:37 | 221.585332 | 359.059521 
 4152.1794 | 08739.0895 | 18:42:40 | 221.584552 | 359.060320 
 4152.1798 | 08739.0904 | 18:42:41 | 221.583775 | 359.060774 
 4152.1792 | 08739.0982 | 18:42:42 | 221.577074 | 359.060031 
 4152.1793 | 08739.1028 | 18:42:43 | 221.573118 | 359.060115 
 4152.1792 | 08739.1063 | 18:42:44 | 221.570110 | 359.059976 
 4152.1790 | 08739.1095 | 18:42:45 | 221.567361 | 359.059724 
 4152.1783 | 08739.1165 | 18:42:46 | 221.561349 | 359.058871 
 4152.1752 | 08739.1355 | 18:42:49 | 221.545042 | 359.055175 
 4152.1744 | 08739.1427 | 18:42:50 | 221.538859 | 359.054206 
 4152.1736 | 08739.1495 | 18:42:51 | 221.533020 | 359.053240 
 4152.1718 | 08739.1631 | 18:42:53 | 221.521344 | 359.051076 
 4152.1710 | 08739.1699 | 18:42:54 | 221.515505 | 359.050110 
 4152.1702 | 08739.1766 | 18:42:55 | 221.509752 | 359.049144 
 4152.1694 | 08739.1834 | 18:42:56 | 221.503913 | 359.048177 
 4152.1675 | 08739.1943 | 18:42:57 | 221.494558 | 359.045918 
 4152.1669 | 08739.2020 | 18:42:58 | 221.487944 | 359.045175 
 4152.1664 | 08739.2095 | 18:42:59 | 221.481500 | 359.044549 
 4152.1679 | 08739.2168 | 18:43:00 | 221.475210 | 359.046225 
 4152.1691 | 08739.2226 | 18:43:01 | 221.470213 | 359.047565 
 4152.1798 | 08739.2303 | 18:43:02 | 221.463495 | 359.059821 
 4152.1803 | 08739.2345 | 18:43:03 | 221.459880 | 359.060367 
 4152.1805 | 08739.2385 | 18:43:04 | 221.456439 | 359.060570 
 4152.1815 | 08739.2426 | 18:43:05 | 221.452905 | 359.061692 
 4152.1822 | 08739.2467 | 18:43:06 | 221.449373 | 359.062470 
 4152.1852 | 08739.2444 | 18:43:07 | 221.451324 | 359.065936 
 4152.1869 | 08739.2447 | 18:43:08 | 221.451050 | 359.067889 
 4152.1784 | 08739.2421 | 18:43:09 | 221.453363 | 359.058130 
 4152.1787 | 08739.2420 | 18:43:10 | 221.453446 | 359.058476 
 4152.1796 | 08739.2423 | 18:43:11 | 221.453180 | 359.059509 
 4152.1803 | 08739.2426 | 18:43:12 | 221.452916 | 359.060312 
 4152.1820 | 08739.2435 | 18:43:14 | 221.452126 | 359.062261 
 4152.1817 | 08739.2473 | 18:43:15 | 221.448862 | 359.061890 
 4152.1820 | 08739.2493 | 18:43:16 | 221.447140 | 359.062222 
 4152.1824 | 08739.2514 | 18:43:17 | 221.445331 | 359.062668 
 4152.1828 | 08739.2535 | 18:43:18 | 221.443522 | 359.063114 
 4152.1812 | 08739.2632 | 18:43:20 | 221.435197 | 359.061207 
 4152.1808 | 08739.2670 | 18:43:21 | 221.431933 | 359.060721 
 4152.1803 | 08739.2706 | 18:43:22 | 221.428843 | 359.060122 
 4152.1799 | 08739.2744 | 18:43:23 | 221.425579 | 359.059636 
 4152.1796 | 08739.2782 | 18:43:24 | 221.422315 | 359.059265 
 4152.1790 | 08739.2820 | 18:43:25 | 221.419053 | 359.058549 
 4152.1797 | 08739.2919 | 18:43:27 | 221.410535 | 359.059287 
 4152.1797 | 08739.3043 | 18:43:28 | 221.399874 | 359.059202 
 4152.1770 | 08739.3146 | 18:43:29 | 221.391043 | 359.056027 
 4152.1752 | 08739.3289 | 18:43:31 | 221.378765 | 359.053859 
 4152.1741 | 08739.3359 | 18:43:32 | 221.372757 | 359.052546 
 4152.1735 | 08739.3432 | 18:43:33 | 221.366486 | 359.051807 
 4152.1732 | 08739.3518 | 18:43:34 | 221.359095 | 359.051403 
 4152.1727 | 08739.3589 | 18:43:35 | 221.352995 | 359.050780 
 4152.1719 | 08739.3659 | 18:43:36 | 221.346984 | 359.049812 
 4152.1716 | 08739.3730 | 18:43:37 | 221.340883 | 359.049419 
 4152.1717 | 08739.3803 | 18:43:38 | 221.334606 | 359.049485 
 4152.1714 | 08739.3874 | 18:43:39 | 221.328504 | 359.049091 
 4152.1694 | 08739.3999 | 18:43:41 | 221.317775 | 359.046706 
 4152.1698 | 08739.4069 | 18:43:42 | 221.311753 | 359.047119 
 4152.1690 | 08739.4201 | 18:43:44 | 221.300412 | 359.046109 
 4152.1682 | 08739.4262 | 18:43:45 | 221.295175 | 359.045148 
 4152.1724 | 08739.4269 | 18:43:46 | 221.294535 | 359.049974 
 4152.1717 | 08739.4315 | 18:43:47 | 221.290586 | 359.049138 
 4152.1718 | 08739.4360 | 18:43:48 | 221.286716 | 359.049222 
 4152.1721 | 08739.4405 | 18:43:49 | 221.282845 | 359.049537 
 4152.1688 | 08739.4379 | 18:43:51 | 221.285110 | 359.045759 
 4152.1687 | 08739.4332 | 18:43:52 | 221.289152 | 359.045675 
 4152.1713 | 08739.4283 | 18:43:53 | 221.293341 | 359.048699 
 4152.1700 | 08739.4072 | 18:43:54 | 221.311494 | 359.047347 
 4152.1693 | 08739.4095 | 18:43:55 | 221.309523 | 359.046526 
 4152.1687 | 08739.4134 | 18:43:56 | 221.306175 | 359.045810 
 4152.1691 | 08739.4176 | 18:43:57 | 221.302560 | 359.046241 
 4152.1693 | 08739.4227 | 18:43:58 | 221.298174 | 359.046437 
 4152.1691 | 08739.4282 | 18:43:59 | 221.293447 | 359.046169 
 4152.1685 | 08739.4343 | 18:44:00 | 221.288208 | 359.045438 
 4152.1677 | 08739.4406 | 18:44:01 | 221.282799 | 359.044475 
 4152.1674 | 08739.4473 | 18:44:02 | 221.277041 | 359.044085 
 4152.1667 | 08739.4545 | 18:44:03 | 221.270857 | 359.043231 
 4152.1656 | 08739.4619 | 18:44:04 | 221.264505 | 359.041915 
 4152.1607 | 08739.4687 | 18:44:05 | 221.258703 | 359.036233 
 4152.1601 | 08739.4767 | 18:44:06 | 221.251830 | 359.035489 
 4152.1592 | 08739.4850 | 18:44:07 | 221.244702 | 359.034397 
 4152.1589 | 08739.4935 | 18:44:08 | 221.237397 | 359.033995 
 4152.1587 | 08739.5019 | 18:44:09 | 221.230177 | 359.033708 
 4152.1645 | 08739.5148 | 18:44:10 | 221.219034 | 359.040292 
 4152.1657 | 08739.5237 | 18:44:11 | 221.211371 | 359.041613 
 4152.1658 | 08739.5309 | 18:44:12 | 221.205180 | 359.041679 
 4152.1659 | 08739.5372 | 18:44:13 | 221.199762 | 359.041751 
 4152.1651 | 08739.5427 | 18:44:14 | 221.195041 | 359.040794 
 4152.1647 | 08739.5481 | 18:44:15 | 221.190402 | 359.040297 
 4152.1643 | 08739.5534 | 18:44:16 | 221.185849 | 359.039802 
 4152.1669 | 08739.5589 | 18:44:17 | 221.181097 | 359.042755 
 4152.1667 | 08739.5636 | 18:44:18 | 221.177058 | 359.042493 
 4152.1668 | 08739.5584 | 18:44:19 | 221.181527 | 359.042643 
 4152.1669 | 08739.5592 | 18:44:20 | 221.180839 | 359.042753 
 4152.1670 | 08739.5600 | 18:44:21 | 221.180150 | 359.042863 
 4152.1706 | 08739.5579 | 18:44:22 | 221.181923 | 359.047018 
 4152.1727 | 08739.5574 | 18:44:23 | 221.182334 | 359.049437 
 4152.1732 | 08739.5579 | 18:44:24 | 221.181900 | 359.050008 
 4152.1742 | 08739.5594 | 18:44:25 | 221.180601 | 359.051149 
 4152.1751 | 08739.5607 | 18:44:26 | 221.179475 | 359.052175 
 4152.1698 | 08739.5641 | 18:44:27 | 221.176600 | 359.046056 
 4152.1683 | 08739.5676 | 18:44:28 | 221.173604 | 359.044307 
 4152.1678 | 08739.5711 | 18:44:29 | 221.170600 | 359.043708 
 4152.1667 | 08739.5751 | 18:44:30 | 221.167170 | 359.042416 
 4152.1662 | 08739.5795 | 18:44:31 | 221.163392 | 359.041811 
 4152.1660 | 08739.5843 | 18:44:32 | 221.159267 | 359.041548 
 4152.1654 | 08739.5897 | 18:44:33 | 221.154630 | 359.040822 
 4152.1641 | 08739.5955 | 18:44:34 | 221.149655 | 359.039287 
 4152.1632 | 08739.6016 | 18:44:35 | 221.144418 | 359.038211 
 4152.1643 | 08739.6084 | 18:44:36 | 221.138562 | 359.039430 
 4152.1637 | 08739.6147 | 18:44:37 | 221.133151 | 359.038698 
 4152.1680 | 08739.6256 | 18:44:38 | 221.123741 | 359.043570 
 4152.1677 | 08739.6338 | 18:44:39 | 221.116694 | 359.043170 
 4152.1674 | 08739.6419 | 18:44:40 | 221.109732 | 359.042770 
 4152.1672 | 08739.6500 | 18:44:41 | 221.102770 | 359.042486 
 4152.1669 | 08739.6580 | 18:44:42 | 221.095895 | 359.042087 
 4152.1671 | 08739.6644 | 18:44:43 | 221.090391 | 359.042274 
 4152.1657 | 08739.6709 | 18:44:44 | 221.084815 | 359.040620 
 4152.1652 | 08739.6774 | 18:44:45 | 221.079231 | 359.040001 
 4152.1647 | 08739.6839 | 18:44:46 | 221.073647 | 359.039382 
 4152.1641 | 08739.6903 | 18:44:47 | 221.068150 | 359.038649 
 4152.1637 | 08739.6966 | 18:44:48 | 221.062737 | 359.038146 
 4152.1639 | 08739.7031 | 18:44:49 | 221.057147 | 359.038333 
 4152.1613 | 08739.7283 | 18:44:53 | 221.035504 | 359.035172 
 4152.1595 | 08739.7477 | 18:44:56 | 221.018841 | 359.032972 
 4152.1567 | 08739.8157 | 18:45:06 | 220.960403 | 359.029294 
 4152.1555 | 08739.8210 | 18:45:07 | 220.955857 | 359.027879 
 4152.1537 | 08739.8371 | 18:45:10 | 220.942031 | 359.025700 
 4152.1537 | 08739.8407 | 18:45:11 | 220.938936 | 359.025676 
 4152.1558 | 08739.8444 | 18:45:12 | 220.935736 | 359.028067 
 4152.1635 | 08739.8475 | 18:45:13 | 220.933001 | 359.036903 
 4152.1763 | 08739.8385 | 18:45:14 | 220.940624 | 359.051686 
 4152.1770 | 08739.8457 | 18:45:16 | 220.934428 | 359.052443 
 4152.1720 | 08739.8117 | 18:45:17 | 220.963704 | 359.046920 
 4152.1671 | 08739.7813 | 18:45:18 | 220.989885 | 359.041488 
 4152.1649 | 08739.7658 | 18:45:19 | 221.003231 | 359.039061 
 4152.1640 | 08739.7588 | 18:45:20 | 221.009257 | 359.038073 
 4152.1635 | 08739.7571 | 18:45:21 | 221.010724 | 359.037509 
 4152.1635 | 08739.7571 | 18:45:22 | 221.010724 | 359.037509 
 4152.1612 | 08739.7561 | 18:45:24 | 221.011604 | 359.034871 
 4152.1602 | 08739.7581 | 18:45:25 | 221.009893 | 359.033707 
 4152.1577 | 08739.7780 | 18:45:26 | 220.992807 | 359.030698 
 4152.1568 | 08739.7788 | 18:45:27 | 220.992127 | 359.029657 
 4152.1540 | 08739.7816 | 18:45:28 | 220.989745 | 359.026418 
 4152.1500 | 08739.7789 | 18:45:29 | 220.992102 | 359.021835 
 4152.1419 | 08739.7891 | 18:45:30 | 220.983405 | 359.012449 
 4152.1413 | 08739.7924 | 18:45:31 | 220.980573 | 359.011737 
 4152.1409 | 08739.7958 | 18:45:32 | 220.977654 | 359.011254 
 4152.1400 | 08739.7993 | 18:45:33 | 220.974653 | 359.010195 
 4152.1385 | 08739.8025 | 18:45:34 | 220.971915 | 359.008448 
 4152.1385 | 08739.8063 | 18:45:35 | 220.968648 | 359.008423 
 4152.1401 | 08739.8103 | 18:45:36 | 220.965194 | 359.010236 
 4152.1396 | 08739.8140 | 18:45:37 | 220.962018 | 359.009637 
 4152.1412 | 08739.8178 | 18:45:38 | 220.958736 | 359.011451 
 4152.1418 | 08739.8213 | 18:45:39 | 220.955722 | 359.012118 
 4152.1526 | 08739.8247 | 18:45:40 | 220.952702 | 359.024518 
 4152.1516 | 08739.8272 | 18:45:41 | 220.950561 | 359.023351 
 4152.1500 | 08739.8293 | 18:45:42 | 220.948770 | 359.021497 
 4152.1497 | 08739.8325 | 18:45:43 | 220.946022 | 359.021130 
 4152.1492 | 08739.8345 | 18:45:44 | 220.944307 | 359.020541 
 4152.1496 | 08739.8346 | 18:45:45 | 220.944217 | 359.021001 
 4152.1496 | 08739.8360 | 18:45:46 | 220.943013 | 359.020991 
 4152.1495 | 08739.8386 | 18:45:47 | 220.940779 | 359.020859 
 4152.1495 | 08739.8404 | 18:45:48 | 220.939231 | 359.020847 
 4152.1493 | 08739.8410 | 18:45:49 | 220.938717 | 359.020613 
 4152.1493 | 08739.8419 | 18:45:50 | 220.937943 | 359.020607 
 4152.1493 | 08739.8425 | 18:45:51 | 220.937428 | 359.020603 
 4152.1494 | 08739.8430 | 18:45:52 | 220.936997 | 359.020715 
 4152.1496 | 08739.8430 | 18:45:53 | 220.936995 | 359.020945 
 4152.1497 | 08739.8428 | 18:45:54 | 220.937166 | 359.021061 
 4152.1498 | 08739.8419 | 18:45:55 | 220.937939 | 359.021182 
 4152.1505 | 08739.8413 | 18:45:56 | 220.938449 | 359.021991 
 4152.1537 | 08739.8261 | 18:45:58 | 220.951488 | 359.025774 
 4152.1542 | 08739.8264 | 18:45:59 | 220.951226 | 359.026347 
 4152.1553 | 08739.8283 | 18:46:00 | 220.949582 | 359.027600 
 4152.1563 | 08739.8293 | 18:46:01 | 220.948714 | 359.028743 
 4152.1716 | 08739.8345 | 18:46:02 | 220.944106 | 359.046307 
 4152.1748 | 08739.8398 | 18:46:03 | 220.939520 | 359.049952 
 4152.1713 | 08739.8475 | 18:46:04 | 220.932932 | 359.045875 
 4152.1723 | 08739.8493 | 18:46:05 | 220.931375 | 359.047013 
 4152.1732 | 08739.8511 | 18:46:06 | 220.929819 | 359.048036 
 4152.1725 | 08739.8533 | 18:46:07 | 220.927934 | 359.047216 
 4152.1688 | 08739.8752 | 18:46:08 | 220.909139 | 359.042814 
 4152.1683 | 08739.8792 | 18:46:09 | 220.905704 | 359.042212 
 4152.1681 | 08739.8855 | 18:46:10 | 220.900289 | 359.041939 
 4152.1679 | 08739.8898 | 18:46:11 | 220.896594 | 359.041681 
 4152.1677 | 08739.8946 | 18:46:12 | 220.892469 | 359.041418 
 4152.1674 | 08739.8991 | 18:46:13 | 220.888603 | 359.041043 
 4152.1670 | 08739.9040 | 18:46:14 | 220.884394 | 359.040550 
 4152.1664 | 08739.9137 | 18:46:16 | 220.876060 | 359.039795 
 4152.1659 | 08739.9196 | 18:46:17 | 220.870991 | 359.039181 
 4152.1672 | 08739.9286 | 18:46:18 | 220.863242 | 359.040616 
 4152.1656 | 08739.9348 | 18:46:19 | 220.857926 | 359.038734 
 4152.1646 | 08739.9415 | 18:46:20 | 220.852174 | 359.037539 
 4152.1635 | 08739.9484 | 18:46:21 | 220.846252 | 359.036227 
 4152.1633 | 08739.9554 | 18:46:22 | 220.840235 | 359.035951 
 4152.1671 | 08739.9668 | 18:46:23 | 220.830400 | 359.040245 
 4152.1676 | 08739.9720 | 18:46:24 | 220.825925 | 359.040786 
 4152.1672 | 08739.9773 | 18:46:25 | 220.821372 | 359.040290 
 4152.1666 | 08739.9867 | 18:46:27 | 220.813296 | 359.039537 
 4152.1590 | 08739.9853 | 18:46:28 | 220.814567 | 359.030805 
 4152.1580 | 08739.9882 | 18:46:29 | 220.812083 | 359.029635 
 4152.1569 | 08739.9901 | 18:46:30 | 220.810459 | 359.028357 
 4152.1559 | 08739.9918 | 18:46:31 | 220.809006 | 359.027196 
 4152.1548 | 08739.9935 | 18:46:32 | 220.807555 | 359.025919 
 4152.1531 | 08739.9964 | 18:46:33 | 220.805077 | 359.023944 
 4152.1527 | 08739.9971 | 18:46:34 | 220.804478 | 359.023479 
 4152.1525 | 08739.9975 | 18:46:35 | 220.804136 | 359.023247 
 4152.1526 | 08739.9973 | 18:46:36 | 220.804307 | 359.023363 
 4152.1584 | 08739.9881 | 18:46:37 | 220.812165 | 359.030096 
 4152.1575 | 08739.9894 | 18:46:38 | 220.811056 | 359.029052 
 4152.1579 | 08739.9894 | 18:46:39 | 220.811052 | 359.029512 
 4152.1564 | 08739.9899 | 18:46:40 | 220.810635 | 359.027783 
 4152.1554 | 08739.9913 | 18:46:41 | 220.809441 | 359.026624 
 4152.1543 | 08739.9924 | 18:46:42 | 220.808505 | 359.025351 
 4152.1533 | 08739.9937 | 18:46:43 | 220.807396 | 359.024192 
 4152.1526 | 08739.9947 | 18:46:44 | 220.806543 | 359.023380 
 4152.1520 | 08739.9954 | 18:46:45 | 220.805946 | 359.022686 
 4152.1515 | 08739.9962 | 18:46:46 | 220.805263 | 359.022105 
 4152.1511 | 08739.9968 | 18:46:47 | 220.804750 | 359.021641 
 4152.1507 | 08739.9979 | 18:46:48 | 220.803808 | 359.021173 
 4152.1505 | 08739.9982 | 18:46:49 | 220.803552 | 359.020941 
 4152.1507 | 08739.9984 | 18:46:50 | 220.803378 | 359.021170 
 4152.1504 | 08739.9986 | 18:46:51 | 220.803209 | 359.020824 
 4152.1504 | 08739.9978 | 18:46:52 | 220.803897 | 359.020829 
 4152.1511 | 08739.9967 | 18:46:53 | 220.804836 | 359.021642 
 4152.1520 | 08739.9951 | 18:46:54 | 220.806204 | 359.022688 
 4152.1639 | 08739.9728 | 18:46:55 | 220.825270 | 359.036524 
 4152.1638 | 08739.9723 | 18:46:56 | 220.825701 | 359.036413 
 4152.1638 | 08739.9721 | 18:46:57 | 220.825873 | 359.036414 
 4152.1592 | 08739.9722 | 18:46:58 | 220.825828 | 359.031122 
 4152.1594 | 08739.9725 | 18:46:59 | 220.825568 | 359.031350 
 4152.1592 | 08739.9726 | 18:47:00 | 220.825484 | 359.031120 
 4152.1602 | 08739.9721 | 18:47:01 | 220.825905 | 359.032273 
 4152.1602 | 08739.9721 | 18:47:02 | 220.825905 | 359.032273 
 4152.1602 | 08739.9721 | 18:47:03 | 220.825905 | 359.032273 
 4152.1602 | 08739.9721 | 18:47:04 | 220.825905 | 359.032273 
 4152.1602 | 08739.9721 | 18:47:05 | 220.825905 | 359.032273 
 4152.1602 | 08739.9721 | 18:47:06 | 220.825905 | 359.032273 
 4152.1602 | 08739.9721 | 18:47:07 | 220.825905 | 359.032273 
 4152.1602 | 08739.9721 | 18:47:08 | 220.825905 | 359.032273 
 4152.1602 | 08739.9721 | 18:47:09 | 220.825905 | 359.032273 
 4152.1602 | 08739.9721 | 18:47:10 | 220.825905 | 359.032273 
 4152.1602 | 08739.9721 | 18:47:11 | 220.825905 | 359.032273 
 4152.1598 | 08739.9726 | 18:47:12 | 220.825479 | 359.031810 
 4152.1595 | 08739.9732 | 18:47:13 | 220.824966 | 359.031461 
 4152.1590 | 08739.9742 | 18:47:14 | 220.824110 | 359.030879 
 4152.1586 | 08739.9756 | 18:47:15 | 220.822910 | 359.030409 
 4152.1603 | 08739.9794 | 18:47:16 | 220.819628 | 359.032339 
 4152.1607 | 08739.9835 | 18:47:17 | 220.816099 | 359.032772 
 4152.1605 | 08739.9878 | 18:47:18 | 220.812404 | 359.032513 
 4152.1602 | 08739.9918 | 18:47:19 | 220.808968 | 359.032142 
 4152.1599 | 08739.9965 | 18:47:20 | 220.804930 | 359.031765 
 4152.1593 | 08740.0017 | 18:47:21 | 220.800464 | 359.031040 
 4152.1573 | 08740.0116 | 18:47:22 | 220.791971 | 359.028674 
 4152.1561 | 08740.0194 | 18:47:23 | 220.785275 | 359.027241 
 4152.1543 | 08740.0283 | 18:47:24 | 220.777639 | 359.025111 
 4152.1523 | 08740.0383 | 18:47:25 | 220.769060 | 359.022744 
 4152.1513 | 08740.0451 | 18:47:26 | 220.763222 | 359.021549 
 4152.1502 | 08740.0522 | 18:47:27 | 220.757128 | 359.020236 
 4152.1491 | 08740.0596 | 18:47:28 | 220.750775 | 359.018921 
 4152.1480 | 08740.0666 | 18:47:29 | 220.744767 | 359.017609 
 4152.1470 | 08740.0741 | 18:47:30 | 220.738328 | 359.016409 
 4152.1461 | 08740.0821 | 18:47:31 | 220.731458 | 359.015321 
 4152.1450 | 08740.0898 | 18:47:32 | 220.724847 | 359.014004 
 4152.1436 | 08740.1032 | 18:47:34 | 220.713339 | 359.012304 
 4152.1536 | 08740.1213 | 18:47:35 | 220.697688 | 359.023686 
 4152.1580 | 08740.1310 | 18:47:36 | 220.689309 | 359.028683 
 4152.1581 | 08740.1378 | 18:47:37 | 220.683462 | 359.028753 
 4152.1586 | 08740.1438 | 18:47:38 | 220.678299 | 359.029288 
 4152.1576 | 08740.1451 | 18:47:39 | 220.677190 | 359.028129 
 4152.1577 | 08740.1498 | 18:47:40 | 220.673148 | 359.028213 
 4152.1585 | 08740.1534 | 18:47:41 | 220.670046 | 359.029109 
 4152.1584 | 08740.1585 | 18:47:42 | 220.665662 | 359.028960 
 4152.1586 | 08740.1640 | 18:47:43 | 220.660932 | 359.029154 
 4152.1601 | 08740.1647 | 18:47:44 | 220.660317 | 359.030874 
 4152.1606 | 08740.1669 | 18:47:45 | 220.658421 | 359.031435 
 4152.1598 | 08740.1713 | 18:47:46 | 220.654645 | 359.030485 
 4152.1589 | 08740.1759 | 18:47:47 | 220.650698 | 359.029420 
 4152.1586 | 08740.1807 | 18:47:48 | 220.646574 | 359.029043 
 4152.1611 | 08740.1787 | 18:47:49 | 220.648271 | 359.031932 
 4152.1626 | 08740.1785 | 18:47:50 | 220.648430 | 359.033658 
 4152.1620 | 08740.1825 | 18:47:51 | 220.644996 | 359.032942 
 4152.1637 | 08740.1813 | 18:47:52 | 220.646013 | 359.034905 
 4152.1633 | 08740.1848 | 18:47:53 | 220.643007 | 359.034422 
 4152.1639 | 08740.1842 | 18:47:54 | 220.643518 | 359.035116 
 4152.1646 | 08740.1858 | 18:47:55 | 220.642136 | 359.035910 
 4152.1668 | 08740.1862 | 18:47:57 | 220.641772 | 359.038438 
 4152.1798 | 08740.1419 | 18:47:59 | 220.679744 | 359.053686 
 4152.1842 | 08740.1432 | 18:48:00 | 220.678587 | 359.058738 
 4152.1906 | 08740.1384 | 18:48:01 | 220.682657 | 359.066132 
 4152.1963 | 08740.1373 | 18:48:02 | 220.683552 | 359.072696 
 4152.2015 | 08740.1382 | 18:48:03 | 220.682732 | 359.078671 
 4152.2065 | 08740.1397 | 18:48:04 | 220.681398 | 359.084412 
 4152.2115 | 08740.1409 | 18:48:05 | 220.680321 | 359.090156 
 4152.2195 | 08740.1384 | 18:48:06 | 220.682400 | 359.099374 
 4152.2246 | 08740.1447 | 18:48:07 | 220.676938 | 359.105199 
 4152.2304 | 08740.1456 | 18:48:08 | 220.676112 | 359.111864 
 4152.2359 | 08740.1465 | 18:48:09 | 220.675290 | 359.118185 
 4152.2417 | 08740.1473 | 18:48:10 | 220.674550 | 359.124851 
 4152.2474 | 08740.1482 | 18:48:11 | 220.673726 | 359.131401 
 4152.2532 | 08740.1491 | 18:48:12 | 220.672900 | 359.138067 
 4152.2591 | 08740.1498 | 18:48:13 | 220.672246 | 359.144848 
 4152.2671 | 08740.1423 | 18:48:14 | 220.678623 | 359.154100 
 4152.2732 | 08740.1419 | 18:48:15 | 220.678912 | 359.161120 
 4152.2793 | 08740.1415 | 18:48:16 | 220.679202 | 359.168139 
 4152.2862 | 08740.1331 | 18:48:17 | 220.686362 | 359.176131 
 4152.2923 | 08740.1318 | 18:48:18 | 220.687426 | 359.183157 
 4152.2905 | 08740.1423 | 18:48:19 | 220.678415 | 359.181016 
 4152.2949 | 08740.1438 | 18:48:20 | 220.677086 | 359.186067 
 4152.2922 | 08740.1421 | 18:48:21 | 220.678571 | 359.182973 
 4152.2996 | 08740.1443 | 18:48:23 | 220.676614 | 359.191470 
 4152.3025 | 08740.1450 | 18:48:24 | 220.675986 | 359.194801 
 4152.3052 | 08740.1457 | 18:48:25 | 220.675361 | 359.197902 
 4152.3040 | 08740.1464 | 18:48:26 | 220.674769 | 359.196517 
 4152.3061 | 08740.1474 | 18:48:27 | 220.673891 | 359.198926 
 4152.3083 | 08740.1482 | 18:48:28 | 220.673184 | 359.201451 
 4152.3101 | 08740.1489 | 18:48:29 | 220.672566 | 359.203517 
 4152.3114 | 08740.1487 | 18:48:30 | 220.672726 | 359.205014 
 4152.3127 | 08740.1479 | 18:48:31 | 220.673402 | 359.206515 
 4152.3140 | 08740.1492 | 18:48:32 | 220.672273 | 359.208001 
 4152.3145 | 08740.1498 | 18:48:33 | 220.671753 | 359.208572 
 4152.3097 | 08740.1536 | 18:48:34 | 220.668529 | 359.203026 
 4152.3137 | 08740.1585 | 18:48:35 | 220.664280 | 359.207594 
 4152.3152 | 08740.1600 | 18:48:36 | 220.662978 | 359.209310 
 4152.3161 | 08740.1619 | 18:48:37 | 220.661336 | 359.210332 
 4152.3166 | 08740.1625 | 18:48:38 | 220.660816 | 359.210903 
 4152.3175 | 08740.1639 | 18:48:39 | 220.659604 | 359.211929 
 4152.3184 | 08740.1655 | 18:48:40 | 220.658221 | 359.212954 
 4152.3202 | 08740.1684 | 18:48:42 | 220.655711 | 359.215005 
 4152.3205 | 08740.1698 | 18:48:43 | 220.654505 | 359.215341 
 4152.3201 | 08740.1711 | 18:48:44 | 220.653391 | 359.214872 
 4152.3191 | 08740.1727 | 18:48:45 | 220.652024 | 359.213711 
 4152.3192 | 08740.1747 | 18:48:46 | 220.650304 | 359.213813 
 4152.3175 | 08740.1753 | 18:48:47 | 220.649803 | 359.211854 
 4152.3115 | 08740.1788 | 18:48:48 | 220.646848 | 359.204929 
 4152.3100 | 08740.1799 | 18:48:49 | 220.645915 | 359.203196 
 4152.3084 | 08740.1807 | 18:48:50 | 220.645242 | 359.201350 
 4152.3084 | 08740.1817 | 18:48:51 | 220.644382 | 359.201344 
 4152.3086 | 08740.1835 | 18:48:52 | 220.642833 | 359.201562 
 4152.3081 | 08740.1848 | 18:48:53 | 220.641720 | 359.200978 
 4152.3069 | 08740.1853 | 18:48:54 | 220.641300 | 359.199594 
 4152.3056 | 08740.1859 | 18:48:55 | 220.640796 | 359.198095 
 4152.3045 | 08740.1862 | 18:48:56 | 220.640548 | 359.196828 
 4152.3036 | 08740.1882 | 18:48:58 | 220.638837 | 359.195779 
 4152.3023 | 08740.1882 | 18:48:59 | 220.638848 | 359.194284 
 4152.3016 | 08740.1885 | 18:49:00 | 220.638596 | 359.193477 
 4152.3009 | 08740.1888 | 18:49:01 | 220.638345 | 359.192670 
 4152.3003 | 08740.1883 | 18:49:02 | 220.638780 | 359.191983 
 4152.2998 | 08740.1888 | 18:49:03 | 220.638354 | 359.191404 
 4152.2995 | 08740.1894 | 18:49:04 | 220.637841 | 359.191055 
 4152.2993 | 08740.1896 | 18:49:05 | 220.637671 | 359.190824 
 4152.2955 | 08740.1836 | 18:49:06 | 220.642863 | 359.186493 
 4152.2956 | 08740.1839 | 18:49:07 | 220.642604 | 359.186606 
 4152.2957 | 08740.1841 | 18:49:08 | 220.642432 | 359.186720 
 4152.2950 | 08740.1918 | 18:49:10 | 220.635818 | 359.185863 
 4152.2942 | 08740.1961 | 18:49:11 | 220.632128 | 359.184914 
 4152.2940 | 08740.1959 | 18:49:12 | 220.632302 | 359.184686 
 4152.2937 | 08740.1966 | 18:49:13 | 220.631703 | 359.184336 
 4152.2958 | 08740.1941 | 18:49:14 | 220.633833 | 359.186768 
 4152.2957 | 08740.1946 | 18:49:15 | 220.633404 | 359.186650 
 4152.2952 | 08740.1965 | 18:49:17 | 220.631775 | 359.186062 
 4152.2950 | 08740.1973 | 18:49:18 | 220.631089 | 359.185827 
 4152.2944 | 08740.1987 | 18:49:19 | 220.629891 | 359.185127 
 4152.2933 | 08740.2004 | 18:49:20 | 220.628439 | 359.183851 
 4152.2923 | 08740.2015 | 18:49:21 | 220.627503 | 359.182693 
 4152.2911 | 08740.2030 | 18:49:22 | 220.626224 | 359.181303 
 4152.2888 | 08740.2052 | 18:49:23 | 220.624353 | 359.178643 
 4152.2871 | 08740.2071 | 18:49:24 | 220.622734 | 359.176675 
 4152.2868 | 08740.2101 | 18:49:25 | 220.620158 | 359.176310 
 4152.2855 | 08740.2141 | 18:49:28 | 220.616730 | 359.174788 
 4152.2858 | 08740.2267 | 18:49:33 | 220.605895 | 359.175049 
 4152.2859 | 08740.2309 | 18:49:34 | 220.602283 | 359.175136 
 4152.2862 | 08740.2368 | 18:49:36 | 220.597208 | 359.175442 
 4152.2870 | 08740.2400 | 18:49:37 | 220.594450 | 359.176341 
 4152.2863 | 08740.2474 | 18:49:42 | 220.588094 | 359.175487 
 4152.2869 | 08740.2500 | 18:49:44 | 220.585854 | 359.176160 
 4152.2860 | 08740.2513 | 18:49:46 | 220.584744 | 359.175116 
 4152.2858 | 08740.2519 | 18:49:47 | 220.584230 | 359.174882 
 4152.2872 | 08740.2549 | 18:49:49 | 220.581638 | 359.176472 
 4152.2815 | 08740.2622 | 18:49:50 | 220.575413 | 359.169867 
 4152.2779 | 08740.2675 | 18:49:51 | 220.570888 | 359.165691 
 4152.2744 | 08740.2723 | 18:49:52 | 220.566793 | 359.161634 
 4152.2719 | 08740.2788 | 18:49:54 | 220.561227 | 359.158715 
 4152.2698 | 08740.2835 | 18:49:55 | 220.557204 | 359.156268 
 4152.2677 | 08740.2886 | 18:49:56 | 220.552838 | 359.153819 
 4152.2670 | 08740.2974 | 18:49:59 | 220.545279 | 359.152955 
 4152.2670 | 08740.3017 | 18:50:00 | 220.541582 | 359.152927 
 4152.3057 | 08740.2936 | 18:51:01 | 220.548203 | 359.197495 
 4152.3067 | 08740.2950 | 18:51:02 | 220.546990 | 359.198636 
 4152.3072 | 08740.2955 | 18:51:04 | 220.546556 | 359.199208 
 4152.3076 | 08740.2960 | 18:51:05 | 220.546123 | 359.199665 
 4152.3073 | 08740.2961 | 18:51:06 | 220.546039 | 359.199319 
 4152.3073 | 08740.2961 | 18:51:07 | 220.546039 | 359.199319 
 4152.3073 | 08740.2961 | 18:51:08 | 220.546039 | 359.199319 
 4152.3073 | 08740.2961 | 18:51:09 | 220.546039 | 359.199319 
 4152.3068 | 08740.3106 | 18:51:13 | 220.533578 | 359.198648 
 4152.3049 | 08740.3262 | 18:51:15 | 220.520183 | 359.196359 
 4152.3052 | 08740.3302 | 18:51:16 | 220.516741 | 359.196678 
 4152.3058 | 08740.3368 | 18:51:17 | 220.511062 | 359.197324 
 4152.3044 | 08740.3414 | 18:51:18 | 220.507119 | 359.195683 
 4152.3031 | 08740.3455 | 18:51:19 | 220.503606 | 359.194161 
 4152.3004 | 08740.3571 | 18:51:22 | 220.493657 | 359.190978 
 4152.2983 | 08740.3697 | 18:51:24 | 220.482843 | 359.188480 
 4152.3020 | 08740.3776 | 18:51:25 | 220.476019 | 359.192683 
 4152.2906 | 08740.3990 | 18:51:29 | 220.457721 | 359.179429 
 4152.2884 | 08740.4050 | 18:51:30 | 220.452582 | 359.176859 
 4152.2857 | 08740.4087 | 18:51:31 | 220.449425 | 359.173728 
 4152.2840 | 08740.4173 | 18:51:34 | 220.442047 | 359.171716 
 4152.2838 | 08740.4188 | 18:51:35 | 220.440759 | 359.171476 
 4152.2847 | 08740.4210 | 18:51:36 | 220.438859 | 359.172497 
 4152.2853 | 08740.4227 | 18:51:37 | 220.437393 | 359.173176 
 4152.2847 | 08740.4243 | 18:51:38 | 220.436022 | 359.172475 
 4152.2841 | 08740.4281 | 18:51:40 | 220.432761 | 359.171760 
 4152.2832 | 08740.4294 | 18:51:41 | 220.431651 | 359.170716 
 4152.2827 | 08740.4339 | 18:51:43 | 220.427787 | 359.170111 
 4152.2837 | 08740.4361 | 18:51:44 | 220.425886 | 359.171247 
 4152.2845 | 08740.4384 | 18:51:45 | 220.423902 | 359.172152 
 4152.2843 | 08740.4401 | 18:51:46 | 220.422442 | 359.171911 
 4152.2855 | 08740.4488 | 18:51:49 | 220.414952 | 359.173234 
 4152.2851 | 08740.4532 | 18:51:50 | 220.411173 | 359.172744 
 4152.2843 | 08740.4762 | 18:51:57 | 220.391406 | 359.171672 
 4152.2910 | 08740.5023 | 18:52:00 | 220.368908 | 359.179207 
 4152.2986 | 08740.5223 | 18:52:02 | 220.351646 | 359.187817 
 4152.2958 | 08740.5324 | 18:52:03 | 220.342988 | 359.184530 
 4152.2967 | 08740.5398 | 18:52:04 | 220.336618 | 359.185516 
 4152.2965 | 08740.5477 | 18:52:05 | 220.329828 | 359.185234 
 4152.2957 | 08740.5547 | 18:52:06 | 220.323817 | 359.184268 
 4152.2949 | 08740.5607 | 18:52:07 | 220.318665 | 359.183308 
 4152.2943 | 08740.5650 | 18:52:08 | 220.314974 | 359.182590 
 4152.2916 | 08740.5668 | 18:52:09 | 220.313450 | 359.179472 
 4152.2919 | 08740.5689 | 18:52:10 | 220.311642 | 359.179803 
 4152.2921 | 08740.5704 | 18:52:11 | 220.310351 | 359.180024 
 4152.2931 | 08740.5579 | 18:52:12 | 220.321088 | 359.181256 
 4152.2933 | 08740.5606 | 18:52:13 | 220.318765 | 359.181468 
 4152.2933 | 08740.5641 | 18:52:14 | 220.315756 | 359.181445 
 4152.2932 | 08740.5675 | 18:52:15 | 220.312834 | 359.181308 
 4152.2928 | 08740.5711 | 18:52:16 | 220.309743 | 359.180824 
 4152.2924 | 08740.5746 | 18:52:17 | 220.306737 | 359.180341 
 4152.2921 | 08740.5777 | 18:52:18 | 220.304075 | 359.179976 
 4152.2987 | 08740.5701 | 18:52:19 | 220.310550 | 359.187617 
 4152.2987 | 08740.5711 | 18:52:20 | 220.309691 | 359.187611 
 4152.2985 | 08740.5717 | 18:52:21 | 220.309177 | 359.187377 
 4152.2983 | 08740.5717 | 18:52:22 | 220.309178 | 359.187147 
 4152.3001 | 08740.5697 | 18:52:23 | 220.310882 | 359.189230 
 4152.2999 | 08740.5692 | 18:52:24 | 220.311314 | 359.189003 
 4152.2991 | 08740.5683 | 18:52:25 | 220.312094 | 359.188089 
 4152.2984 | 08740.5675 | 18:52:26 | 220.312788 | 359.187289 
 4152.2976 | 08740.5665 | 18:52:27 | 220.313655 | 359.186376 
 4152.2964 | 08740.5651 | 18:52:28 | 220.314869 | 359.185005 
 4152.2952 | 08740.5639 | 18:52:29 | 220.315912 | 359.183632 
 4152.2945 | 08740.5631 | 18:52:30 | 220.316605 | 359.182832 
 4152.2936 | 08740.5622 | 18:52:31 | 220.317387 | 359.181803 
 4152.2895 | 08740.5567 | 18:52:32 | 220.322152 | 359.177123 
 4152.2895 | 08740.5567 | 18:52:33 | 220.322152 | 359.177123 
 4152.2895 | 08740.5567 | 18:52:34 | 220.322152 | 359.177123 
 4152.2895 | 08740.5567 | 18:52:35 | 220.322152 | 359.177123 
 4152.2895 | 08740.5567 | 18:52:36 | 220.322152 | 359.177123 
 4152.2895 | 08740.5567 | 18:52:37 | 220.322152 | 359.177123 
 4152.2895 | 08740.5567 | 18:52:38 | 220.322152 | 359.177123 
 4152.2895 | 08740.5567 | 18:52:39 | 220.322152 | 359.177123 
 4152.2895 | 08740.5567 | 18:52:40 | 220.322152 | 359.177123 
 4152.2895 | 08740.5567 | 18:52:41 | 220.322152 | 359.177123 
 4152.2895 | 08740.5567 | 18:52:42 | 220.322152 | 359.177123 
 4152.2895 | 08740.5567 | 18:52:44 | 220.322152 | 359.177123 
 4152.2908 | 08740.5619 | 18:52:45 | 220.317670 | 359.178584 
 4152.2909 | 08740.5635 | 18:52:46 | 220.316293 | 359.178689 
 4152.2910 | 08740.5648 | 18:52:47 | 220.315175 | 359.178795 
 4152.2911 | 08740.5669 | 18:52:48 | 220.313368 | 359.178896 
 4152.2971 | 08740.5921 | 18:52:51 | 220.291650 | 359.185632 
 4152.2977 | 08740.5974 | 18:52:52 | 220.287089 | 359.186287 
 4152.2983 | 08740.6023 | 18:52:53 | 220.282871 | 359.186945 
 4152.2990 | 08740.6070 | 18:52:54 | 220.278824 | 359.187720 
 4152.2995 | 08740.6123 | 18:52:55 | 220.274263 | 359.188260 
 4152.3000 | 08740.6175 | 18:52:56 | 220.269788 | 359.188801 
 4152.3004 | 08740.6232 | 18:52:57 | 220.264884 | 359.189223 
 4152.3006 | 08740.6291 | 18:52:58 | 220.259810 | 359.189415 
 4152.3010 | 08740.6339 | 18:52:59 | 220.255680 | 359.189843 
 4152.3007 | 08740.6389 | 18:53:00 | 220.251384 | 359.189465 
 4152.2997 | 08740.6458 | 18:53:01 | 220.245460 | 359.188270 
 4152.2992 | 08740.6506 | 18:53:02 | 220.241338 | 359.187663 
 4152.2986 | 08740.6607 | 18:53:05 | 220.232660 | 359.186907 
 4152.2977 | 08740.6637 | 18:53:06 | 220.230089 | 359.185852 
 4152.2981 | 08740.6678 | 18:53:07 | 220.226560 | 359.186285 
 4152.2977 | 08740.6711 | 18:53:08 | 220.223727 | 359.185803 
 4152.2976 | 08740.6756 | 18:53:09 | 220.219859 | 359.185658 
 4152.2971 | 08740.6794 | 18:53:10 | 220.216596 | 359.185058 
 4152.2969 | 08740.6822 | 18:53:11 | 220.214191 | 359.184810 
 4152.2968 | 08740.6859 | 18:53:12 | 220.211011 | 359.184671 
 4152.2924 | 08740.6906 | 18:53:14 | 220.207009 | 359.179579 
 4152.2901 | 08740.6976 | 18:53:16 | 220.201011 | 359.176887 
 4152.2884 | 08740.7016 | 18:53:17 | 220.197587 | 359.174906 
 4152.2868 | 08740.7062 | 18:53:18 | 220.193646 | 359.173035 
 4152.2844 | 08740.7112 | 18:53:19 | 220.189368 | 359.170242 
 4152.2821 | 08740.7166 | 18:53:20 | 220.184746 | 359.167561 
 4152.2791 | 08740.7221 | 18:53:21 | 220.180044 | 359.164074 
 4152.2754 | 08740.7276 | 18:53:22 | 220.175348 | 359.159782 
 4152.2718 | 08740.7332 | 18:53:23 | 220.170565 | 359.155604 
 4152.2687 | 08740.7388 | 18:53:24 | 220.165778 | 359.152002 
 4152.2651 | 08740.7445 | 18:53:25 | 220.160909 | 359.147823 
 4152.2586 | 08740.7511 | 18:53:26 | 220.155291 | 359.140304 
 4152.2542 | 08740.7573 | 18:53:27 | 220.150000 | 359.135202 
 4152.2498 | 08740.7637 | 18:53:28 | 220.144536 | 359.130099 
 4152.2437 | 08740.7705 | 18:53:29 | 220.138743 | 359.123038 
 4152.2391 | 08740.7774 | 18:53:30 | 220.132851 | 359.117701 
 4152.2329 | 08740.7845 | 18:53:31 | 220.126801 | 359.110523 
 4152.1971 | 08740.7995 | 18:53:32 | 220.114219 | 359.069246 
 4152.1910 | 08740.8067 | 18:53:33 | 220.108082 | 359.062182 
 4152.1852 | 08740.8138 | 18:53:34 | 220.102028 | 359.055465 
 4152.1794 | 08740.8210 | 18:53:35 | 220.095889 | 359.048746 
 4152.1739 | 08740.8286 | 18:53:36 | 220.089403 | 359.042370 
 4152.1685 | 08740.8355 | 18:53:37 | 220.083518 | 359.036113 
 4152.1629 | 08740.8422 | 18:53:38 | 220.077806 | 359.029628 
 4152.1572 | 08740.8488 | 18:53:39 | 220.072182 | 359.023029 
 4152.1516 | 08740.8556 | 18:53:40 | 220.066384 | 359.016543 
 4152.1479 | 08740.8629 | 18:53:41 | 220.060141 | 359.012239 
 4152.1426 | 08740.8701 | 18:53:42 | 220.053997 | 359.006096 
 4152.1373 | 08740.8771 | 18:53:43 | 220.048025 | 358.999954 
 4152.1320 | 08740.8821 | 18:53:44 | 220.043772 | 358.993825 
 4152.1593 | 08740.8720 | 18:53:45 | 220.052217 | 359.025293 
 4152.1576 | 08740.8593 | 18:53:46 | 220.063151 | 359.023420 
 4152.1582 | 08740.8593 | 18:53:47 | 220.063146 | 359.024110 
 4152.1584 | 08740.8598 | 18:53:48 | 220.062714 | 359.024337 
 4152.1584 | 08740.8598 | 18:53:49 | 220.062714 | 359.024337 
 4152.1584 | 08740.8598 | 18:53:50 | 220.062714 | 359.024337 
 4152.1584 | 08740.8598 | 18:53:51 | 220.062714 | 359.024337 
 4152.1584 | 08740.8598 | 18:53:52 | 220.062714 | 359.024337 
 4152.1584 | 08740.8598 | 18:53:53 | 220.062714 | 359.024337 
 4152.1604 | 08740.8579 | 18:53:54 | 220.064330 | 359.026650 
 4152.1602 | 08740.8577 | 18:53:55 | 220.064504 | 359.026421 
 4152.1600 | 08740.8578 | 18:53:56 | 220.064420 | 359.026191 
 4152.1597 | 08740.8584 | 18:53:57 | 220.063906 | 359.025842 
 4152.1595 | 08740.8588 | 18:53:58 | 220.063564 | 359.025609 
 4152.1594 | 08740.8594 | 18:53:59 | 220.063049 | 359.025490 
 4152.1593 | 08740.8598 | 18:54:00 | 220.062706 | 359.025372 
 4152.1592 | 08740.8603 | 18:54:01 | 220.062277 | 359.025254 
 4152.1590 | 08740.8608 | 18:54:02 | 220.061849 | 359.025021 
 4152.1589 | 08740.8614 | 18:54:03 | 220.061334 | 359.024902 
 4152.1587 | 08740.8621 | 18:54:04 | 220.060734 | 359.024667 
 4152.1585 | 08740.8629 | 18:54:05 | 220.060048 | 359.024432 
 4152.1581 | 08740.8639 | 18:54:06 | 220.059192 | 359.023965 
 4152.1575 | 08740.8666 | 18:54:08 | 220.056875 | 359.023257 
 4152.1570 | 08740.8688 | 18:54:09 | 220.054988 | 359.022668 
 4152.1566 | 08740.8714 | 18:54:10 | 220.052757 | 359.022191 
 4152.1562 | 08740.8740 | 18:54:11 | 220.050525 | 359.021714 
 4152.1570 | 08740.8784 | 18:54:13 | 220.046735 | 359.022605 
 4152.1493 | 08740.8879 | 18:54:14 | 220.038634 | 359.013686 
 4152.1450 | 08740.8946 | 18:54:15 | 220.032911 | 359.008696 
 4152.1393 | 08740.9081 | 18:54:16 | 220.021354 | 359.002052 
 4152.1402 | 08740.9203 | 18:54:17 | 220.010857 | 359.003008 
 4152.1371 | 08740.9284 | 18:54:18 | 220.003920 | 358.999389 
 4152.1351 | 08740.9371 | 18:54:19 | 219.996458 | 358.997032 
 4152.1351 | 08740.9485 | 18:54:20 | 219.986657 | 358.996957 
 4152.1353 | 08740.9581 | 18:54:21 | 219.978401 | 358.997125 
 4152.1338 | 08740.9667 | 18:54:22 | 219.971020 | 358.995343 
 4152.1320 | 08740.9737 | 18:54:23 | 219.965018 | 358.993227 
 4152.1296 | 08740.9863 | 18:54:25 | 219.954206 | 358.990385 
 4152.1286 | 08740.9928 | 18:54:26 | 219.948626 | 358.989192 
 4152.1283 | 08740.9991 | 18:54:27 | 219.943212 | 358.988806 
 4152.1278 | 08741.0043 | 18:54:28 | 219.938745 | 358.988197 
 4152.1266 | 08741.0098 | 18:54:29 | 219.934027 | 358.986781 
 4152.1269 | 08741.0137 | 18:54:30 | 219.930671 | 358.987101 
 4152.1260 | 08741.0189 | 18:54:31 | 219.926209 | 358.986032 
 4152.1362 | 08741.0198 | 18:54:32 | 219.925346 | 358.997758 
 4152.1359 | 08741.0239 | 18:54:33 | 219.921824 | 358.997387 
 4152.1350 | 08741.0251 | 18:54:34 | 219.920800 | 358.996344 
 4152.1347 | 08741.0251 | 18:54:35 | 219.920802 | 358.995998 
 4152.1390 | 08741.0136 | 18:54:36 | 219.930652 | 359.001019 
 4152.1366 | 08741.0124 | 18:54:37 | 219.931705 | 358.998267 
 4152.1362 | 08741.0145 | 18:54:38 | 219.929903 | 358.997793 
 4152.1388 | 08741.0040 | 18:54:39 | 219.938908 | 359.000852 
 4152.1399 | 08741.0032 | 18:54:40 | 219.939586 | 359.002122 
 4152.1411 | 08741.0026 | 18:54:41 | 219.940091 | 359.003506 
 4152.1422 | 08741.0018 | 18:54:42 | 219.940769 | 359.004777 
 4152.1432 | 08741.0011 | 18:54:43 | 219.941363 | 359.005932 
 4152.1438 | 08741.0003 | 18:54:44 | 219.942045 | 359.006627 
 4152.1446 | 08740.9995 | 18:54:45 | 219.942726 | 359.007553 
 4152.1457 | 08740.9988 | 18:54:46 | 219.943318 | 359.008822 
 4152.1458 | 08740.9981 | 18:54:47 | 219.943919 | 359.008942 
 4152.1476 | 08741.0029 | 18:54:48 | 219.939777 | 359.010981 
 4152.1477 | 08741.0037 | 18:54:49 | 219.939088 | 359.011091 
 4152.1477 | 08741.0038 | 18:54:50 | 219.939002 | 359.011090 
 4152.1453 | 08741.0031 | 18:54:51 | 219.939625 | 359.008334 
 4152.1457 | 08741.0032 | 18:54:52 | 219.939535 | 359.008794 
 4152.1459 | 08741.0032 | 18:54:53 | 219.939534 | 359.009024 
 4152.1460 | 08741.0027 | 18:54:54 | 219.939963 | 359.009142 
 4152.1463 | 08741.0025 | 18:54:55 | 219.940132 | 359.009488 
 4152.1462 | 08741.0010 | 18:54:56 | 219.941422 | 359.009383 
 4152.1463 | 08740.9979 | 18:54:57 | 219.944087 | 359.009518 
 4152.1428 | 08740.9956 | 18:54:58 | 219.946095 | 359.005507 
 4152.1425 | 08740.9939 | 18:54:59 | 219.947559 | 359.005173 
 4152.1423 | 08740.9923 | 18:55:00 | 219.948936 | 359.004954 
 4152.1420 | 08740.9911 | 18:55:01 | 219.949971 | 359.004617 
 4152.1417 | 08740.9899 | 18:55:02 | 219.951005 | 359.004279 
 4152.1414 | 08740.9884 | 18:55:03 | 219.952297 | 359.003944 
 4152.1429 | 08740.9796 | 18:55:04 | 219.959850 | 359.005727 
 4152.1418 | 08740.9789 | 18:55:05 | 219.960461 | 359.004466 
 4152.1416 | 08740.9781 | 18:55:06 | 219.961151 | 359.004241 
 4152.1413 | 08740.9770 | 18:55:07 | 219.962099 | 359.003903 
 4152.1411 | 08740.9762 | 18:55:08 | 219.962789 | 359.003678 
 4152.1408 | 08740.9758 | 18:55:09 | 219.963135 | 359.003336 
 4152.1404 | 08740.9762 | 18:55:10 | 219.962795 | 359.002873 
 4152.1401 | 08740.9758 | 18:55:11 | 219.963142 | 359.002531 
 4152.1399 | 08740.9752 | 18:55:12 | 219.963659 | 359.002305 
 4152.1400 | 08740.9734 | 18:55:13 | 219.965206 | 359.002431 
 4152.1399 | 08740.9726 | 18:55:14 | 219.965895 | 359.002322 
 4152.1396 | 08740.9702 | 18:55:15 | 219.967961 | 359.001992 
 4152.1417 | 08740.9701 | 18:55:16 | 219.968028 | 359.004408 
 4152.1418 | 08740.9693 | 18:55:17 | 219.968715 | 359.004529 
 4152.1419 | 08740.9685 | 18:55:18 | 219.969402 | 359.004649 
 4152.1419 | 08740.9677 | 18:55:19 | 219.970090 | 359.004654 
 4152.1420 | 08740.9669 | 18:55:20 | 219.970777 | 359.004774 
 4152.1411 | 08740.9661 | 18:55:21 | 219.971473 | 359.003744 
 4152.1411 | 08740.9658 | 18:55:22 | 219.971730 | 359.003746 
 4152.1412 | 08740.9660 | 18:55:23 | 219.971558 | 359.003860 
 4152.1413 | 08740.9657 | 18:55:24 | 219.971815 | 359.003977 
 4152.1412 | 08740.9657 | 18:55:25 | 219.971816 | 359.003862 
 4152.1409 | 08740.9664 | 18:55:26 | 219.971216 | 359.003512 
 4152.1408 | 08740.9664 | 18:55:27 | 219.971217 | 359.003397 
 4152.1406 | 08740.9666 | 18:55:28 | 219.971047 | 359.003166 
 4152.1406 | 08740.9666 | 18:55:29 | 219.971047 | 359.003166 
 4152.1406 | 08740.9666 | 18:55:30 | 219.971047 | 359.003166 
 4152.1397 | 08740.9665 | 18:55:32 | 219.971141 | 359.002131 
 4152.1395 | 08740.9661 | 18:55:33 | 219.971486 | 359.001904 
 4152.1392 | 08740.9666 | 18:55:34 | 219.971059 | 359.001555 
 4152.1392 | 08740.9666 | 18:55:36 | 219.971059 | 359.001555 
 4152.1392 | 08740.9666 | 18:55:37 | 219.971059 | 359.001555 
 4152.1392 | 08740.9666 | 18:55:38 | 219.971059 | 359.001555 
 4152.1392 | 08740.9666 | 18:55:39 | 219.971059 | 359.001555 
 4152.1392 | 08740.9666 | 18:55:40 | 219.971059 | 359.001555 
 4152.1392 | 08740.9666 | 18:55:41 | 219.971059 | 359.001555 
 4152.1392 | 08740.9666 | 18:55:42 | 219.971059 | 359.001555 
 4152.1392 | 08740.9666 | 18:55:43 | 219.971059 | 359.001555 
 4152.1392 | 08740.9666 | 18:55:45 | 219.971059 | 359.001555 
 4152.1392 | 08740.9666 | 18:55:46 | 219.971059 | 359.001555 
 4152.1411 | 08740.9558 | 18:55:48 | 219.980328 | 359.003811 
 4152.1413 | 08740.9542 | 18:55:49 | 219.981702 | 359.004052 
 4152.1414 | 08740.9481 | 18:55:51 | 219.986946 | 359.004207 
 4152.1414 | 08740.9469 | 18:55:52 | 219.987977 | 359.004214 
 4152.1415 | 08740.9459 | 18:55:53 | 219.988836 | 359.004336 
 4152.1415 | 08740.9448 | 18:55:54 | 219.989782 | 359.004343 
 4152.1417 | 08740.9435 | 18:55:55 | 219.990898 | 359.004582 
 4152.1424 | 08740.9418 | 18:55:56 | 219.992353 | 359.005398 
 4152.1426