 4152.2020 | 08739.1157 | 14:59:36 | 221.561820 | 359.086137 
 4152.2021 | 08739.1153 | 14:59:46 | 221.562163 | 359.086255 
 4152.2038 | 08739.1167 | 14:59:47 | 221.560944 | 359.088201 
 4152.2051 | 08739.1191 | 14:59:48 | 221.558869 | 359.089680 
 4152.2032 | 08739.1176 | 14:59:49 | 221.560176 | 359.087505 
 4152.2037 | 08739.1179 | 14:59:50 | 221.559913 | 359.088078 
 4152.2003 | 08739.1137 | 14:59:51 | 221.563555 | 359.084195 
 4152.1984 | 08739.1108 | 14:59:52 | 221.566066 | 359.082030 
 4152.1969 | 08739.1087 | 14:59:53 | 221.567885 | 359.080319 
 4152.2029 | 08739.1130 | 14:59:55 | 221.564133 | 359.087191 
 4152.1960 | 08739.1206 | 15:00:01 | 221.557662 | 359.079202 
 4152.1940 | 08739.1172 | 15:00:02 | 221.560604 | 359.076925 
 4152.1897 | 08739.1171 | 15:00:03 | 221.560729 | 359.071980 
 4152.1942 | 08739.1212 | 15:00:04 | 221.557163 | 359.077128 
 4152.2159 | 08739.1309 | 15:00:06 | 221.548625 | 359.102022 
 4152.2210 | 08739.1321 | 15:00:07 | 221.547547 | 359.107880 
 4152.2129 | 08739.1384 | 15:00:10 | 221.542205 | 359.098520 
 4152.2105 | 08739.1388 | 15:00:12 | 221.541883 | 359.095757 
 4152.2141 | 08739.1318 | 15:00:13 | 221.547868 | 359.099945 
 4152.2157 | 08739.1301 | 15:00:14 | 221.549315 | 359.101797 
 4152.2160 | 08739.1373 | 15:00:25 | 221.543122 | 359.102093 
 4152.2172 | 08739.1387 | 15:00:26 | 221.541907 | 359.103464 
 4152.2134 | 08739.1319 | 15:00:29 | 221.547788 | 359.099140 
 4152.2193 | 08739.1343 | 15:00:31 | 221.545671 | 359.105910 
 4152.2281 | 08739.1355 | 15:00:40 | 221.544559 | 359.116024 
 4152.2318 | 08739.1359 | 15:00:42 | 221.544181 | 359.120277 
 4152.2326 | 08739.1355 | 15:00:43 | 221.544518 | 359.121200 
 4152.2387 | 08739.1363 | 15:00:45 | 221.543775 | 359.128211 
 4152.2417 | 08739.1368 | 15:00:46 | 221.543317 | 359.131658 
 4152.2472 | 08739.1373 | 15:00:48 | 221.542837 | 359.137981 
 4152.2502 | 08739.1378 | 15:00:49 | 221.542380 | 359.141429 
 4152.2557 | 08739.1387 | 15:00:51 | 221.541556 | 359.147749 
 4152.2739 | 08739.1368 | 15:00:57 | 221.543023 | 359.168696 
 4152.2875 | 08739.1897 | 15:01:16 | 221.497420 | 359.183979 
 4152.2879 | 08739.2407 | 15:01:29 | 221.453570 | 359.184092 
 4152.2860 | 08739.3876 | 15:01:55 | 221.327293 | 359.180909 
 4152.2877 | 08739.4055 | 15:02:04 | 221.311888 | 359.182743 
 4152.2852 | 08739.4083 | 15:02:07 | 221.309504 | 359.179848 
 4152.2846 | 08739.4088 | 15:02:08 | 221.309079 | 359.179155 
 4152.2833 | 08739.4102 | 15:02:10 | 221.307887 | 359.177650 
 4152.2827 | 08739.4110 | 15:02:11 | 221.307205 | 359.176955 
 4152.2822 | 08739.4116 | 15:02:12 | 221.306694 | 359.176375 
 4152.2817 | 08739.4121 | 15:02:13 | 221.306268 | 359.175797 
 4152.2812 | 08739.4126 | 15:02:14 | 221.305843 | 359.175218 
 4152.2808 | 08739.4130 | 15:02:15 | 221.305503 | 359.174756 
 4152.2805 | 08739.4128 | 15:02:16 | 221.305677 | 359.174412 
 4152.2795 | 08739.4124 | 15:02:19 | 221.306030 | 359.173264 
 4152.2857 | 08739.4060 | 15:02:20 | 221.311476 | 359.180439 
 4152.3072 | 08739.4121 | 15:02:30 | 221.306037 | 359.205128 
 4152.3078 | 08739.4125 | 15:02:31 | 221.305688 | 359.205816 
 4152.3098 | 08739.4128 | 15:02:32 | 221.305412 | 359.208114 
 4152.3136 | 08739.4113 | 15:02:33 | 221.306667 | 359.212495 
 4152.3171 | 08739.4110 | 15:02:34 | 221.306893 | 359.216523 
 4152.3210 | 08739.4107 | 15:02:35 | 221.307116 | 359.221011 
 4152.3247 | 08739.4105 | 15:02:36 | 221.307254 | 359.225269 
 4152.3298 | 08739.4109 | 15:02:37 | 221.306864 | 359.231132 
 4152.3346 | 08739.4107 | 15:02:38 | 221.306992 | 359.236655 
 4152.3395 | 08739.4106 | 15:02:39 | 221.307034 | 359.242292 
 4152.3444 | 08739.4104 | 15:02:40 | 221.307161 | 359.247929 
 4152.3493 | 08739.4101 | 15:02:41 | 221.307375 | 359.253567 
 4152.3540 | 08739.4108 | 15:02:42 | 221.306731 | 359.258969 
 4152.3588 | 08739.4110 | 15:02:43 | 221.306515 | 359.264489 
 4152.3626 | 08739.4109 | 15:02:44 | 221.306567 | 359.268860 
 4152.3668 | 08739.4110 | 15:02:45 | 221.306443 | 359.273691 
 4152.3721 | 08739.4117 | 15:02:46 | 221.305793 | 359.279782 
 4152.3769 | 08739.4120 | 15:02:47 | 221.305491 | 359.285302 
 4152.3815 | 08739.4122 | 15:02:48 | 221.305278 | 359.290591 
 4152.3857 | 08739.4126 | 15:02:49 | 221.304896 | 359.295420 
 4152.3905 | 08739.4129 | 15:02:50 | 221.304594 | 359.300939 
 4152.3947 | 08739.4140 | 15:02:51 | 221.303611 | 359.305763 
 4152.3992 | 08739.4145 | 15:02:52 | 221.303140 | 359.310935 
 4152.4038 | 08739.4150 | 15:02:53 | 221.302668 | 359.316223 
 4152.4084 | 08739.4159 | 15:02:54 | 221.301853 | 359.321508 
 4152.4084 | 08739.4145 | 15:02:55 | 221.303056 | 359.321518 
 4152.4115 | 08739.4146 | 15:02:56 | 221.302942 | 359.325083 
 4152.4146 | 08739.4148 | 15:02:57 | 221.302742 | 359.328647 
 4152.4161 | 08739.4149 | 15:02:58 | 221.302643 | 359.330372 
 4152.4175 | 08739.4146 | 15:02:59 | 221.302888 | 359.331984 
 4152.4187 | 08739.4143 | 15:03:00 | 221.303135 | 359.333367 
 4152.4198 | 08739.4138 | 15:03:01 | 221.303555 | 359.334635 
 4152.4209 | 08739.4131 | 15:03:02 | 221.304147 | 359.335905 
 4152.4216 | 08739.4121 | 15:03:03 | 221.305000 | 359.336717 
 4152.4208 | 08739.4133 | 15:03:04 | 221.303976 | 359.335789 
 4152.4211 | 08739.4134 | 15:03:05 | 221.303887 | 359.336133 
 4152.4212 | 08739.4136 | 15:03:06 | 221.303714 | 359.336247 
 4152.4216 | 08739.4136 | 15:03:07 | 221.303711 | 359.336707 
 4152.4218 | 08739.4136 | 15:03:08 | 221.303709 | 359.336937 
 4152.4224 | 08739.4132 | 15:03:09 | 221.304047 | 359.337630 
 4152.4229 | 08739.4132 | 15:03:10 | 221.304043 | 359.338205 
 4152.4224 | 08739.4145 | 15:03:11 | 221.302930 | 359.337621 
 4152.4225 | 08739.4149 | 15:03:12 | 221.302585 | 359.337733 
 4152.4226 | 08739.4151 | 15:03:13 | 221.302412 | 359.337847 
 4152.4224 | 08739.4154 | 15:03:14 | 221.302156 | 359.337615 
 4152.4226 | 08739.4154 | 15:03:15 | 221.302154 | 359.337845 
 4152.4228 | 08739.4155 | 15:03:16 | 221.302066 | 359.338074 
 4152.4231 | 08739.4156 | 15:03:17 | 221.301978 | 359.338419 
 4152.4234 | 08739.4158 | 15:03:18 | 221.301803 | 359.338763 
 4152.4237 | 08739.4159 | 15:03:19 | 221.301714 | 359.339107 
 4152.4240 | 08739.4160 | 15:03:20 | 221.301626 | 359.339451 
 4152.4244 | 08739.4160 | 15:03:21 | 221.301622 | 359.339911 
 4152.4248 | 08739.4162 | 15:03:22 | 221.301446 | 359.340370 
 4152.4252 | 08739.4165 | 15:03:23 | 221.301185 | 359.340828 
 4152.4258 | 08739.4164 | 15:03:24 | 221.301265 | 359.341519 
 4152.4389 | 08739.4108 | 15:03:25 | 221.305961 | 359.356625 
 4152.4401 | 08739.4118 | 15:03:26 | 221.305090 | 359.357999 
 4152.4462 | 08739.4104 | 15:03:27 | 221.306239 | 359.365025 
 4152.4465 | 08739.4098 | 15:03:28 | 221.306752 | 359.365374 
 4152.4472 | 08739.4096 | 15:03:29 | 221.306917 | 359.366181 
 4152.4474 | 08739.4092 | 15:03:30 | 221.307259 | 359.366413 
 4152.4482 | 08739.4093 | 15:03:31 | 221.307166 | 359.367333 
 4152.4484 | 08739.4097 | 15:03:32 | 221.306820 | 359.367560 
 4152.4488 | 08739.4101 | 15:03:33 | 221.306473 | 359.368018 
 4152.4487 | 08739.4093 | 15:03:34 | 221.307162 | 359.367908 
 4152.4497 | 08739.4092 | 15:03:35 | 221.307238 | 359.369059 
 4152.4504 | 08739.4092 | 15:03:36 | 221.307232 | 359.369864 
 4152.4511 | 08739.4092 | 15:03:37 | 221.307226 | 359.370669 
 4152.4519 | 08739.4092 | 15:03:38 | 221.307219 | 359.371590 
 4152.4529 | 08739.4092 | 15:03:39 | 221.307209 | 359.372740 
 4152.4538 | 08739.4092 | 15:03:40 | 221.307201 | 359.373775 
 4152.4547 | 08739.4123 | 15:03:41 | 221.304528 | 359.374789 
 4152.4556 | 08739.4132 | 15:03:42 | 221.303746 | 359.375818 
 4152.4563 | 08739.4139 | 15:03:43 | 221.303138 | 359.376619 
 4152.4567 | 08739.4145 | 15:03:44 | 221.302619 | 359.377075 
 4152.4567 | 08739.4153 | 15:03:45 | 221.301931 | 359.377069 
 4152.4568 | 08739.4155 | 15:03:46 | 221.301758 | 359.377183 
 4152.4571 | 08739.4164 | 15:03:47 | 221.300982 | 359.377522 
 4152.4574 | 08739.4174 | 15:03:48 | 221.300119 | 359.377860 
 4152.4621 | 08739.4230 | 15:03:49 | 221.295262 | 359.383229 
 4152.4645 | 08739.4264 | 15:03:50 | 221.292318 | 359.385966 
 4152.4619 | 08739.4374 | 15:03:51 | 221.282885 | 359.382901 
 4152.4628 | 08739.4415 | 15:03:52 | 221.279352 | 359.383909 
 4152.4566 | 08739.4560 | 15:03:53 | 221.266942 | 359.376679 
 4152.4580 | 08739.4634 | 15:03:54 | 221.260568 | 359.378239 
 4152.4591 | 08739.4709 | 15:03:55 | 221.254110 | 359.379454 
 4152.4598 | 08739.4783 | 15:03:56 | 221.247742 | 359.380209 
 4152.4601 | 08739.4861 | 15:03:57 | 221.241034 | 359.380501 
 4152.4582 | 08739.4953 | 15:03:58 | 221.233142 | 359.378253 
 4152.4585 | 08739.5034 | 15:03:59 | 221.226176 | 359.378544 
 4152.4589 | 08739.5116 | 15:04:00 | 221.219123 | 359.378948 
 4152.4589 | 08739.5203 | 15:04:01 | 221.211643 | 359.378890 
 4152.4577 | 08739.5287 | 15:04:02 | 221.204433 | 359.377452 
 4152.4572 | 08739.5371 | 15:04:03 | 221.197216 | 359.376821 
 4152.4571 | 08739.5453 | 15:04:04 | 221.190167 | 359.376650 
 4152.4573 | 08739.5538 | 15:04:05 | 221.182858 | 359.376823 
 4152.4575 | 08739.5623 | 15:04:06 | 221.175549 | 359.376996 
 4152.4575 | 08739.5706 | 15:04:07 | 221.168414 | 359.376939 
 4152.4573 | 08739.5793 | 15:04:08 | 221.160936 | 359.376651 
 4152.4572 | 08739.5879 | 15:04:09 | 221.153544 | 359.376478 
 4152.4571 | 08739.5963 | 15:04:10 | 221.146323 | 359.376306 
 4152.4573 | 08739.6043 | 15:04:11 | 221.139444 | 359.376482 
 4152.4574 | 08739.6126 | 15:04:12 | 221.132307 | 359.376541 
 4152.4573 | 08739.6211 | 15:04:13 | 221.125001 | 359.376369 
 4152.4574 | 08739.6290 | 15:04:14 | 221.118208 | 359.376431 
 4152.4573 | 08739.6371 | 15:04:15 | 221.111246 | 359.376261 
 4152.4572 | 08739.6453 | 15:04:16 | 221.104197 | 359.376091 
 4152.4550 | 08739.6550 | 15:04:17 | 221.095878 | 359.373495 
 4152.4553 | 08739.6608 | 15:04:18 | 221.090889 | 359.373801 
 4152.4554 | 08739.6668 | 15:04:19 | 221.085730 | 359.373875 
 4152.4551 | 08739.6738 | 15:04:20 | 221.079715 | 359.373483 
 4152.4551 | 08739.6805 | 15:04:21 | 221.073955 | 359.373438 
 4152.4550 | 08739.6875 | 15:04:22 | 221.067938 | 359.373276 
 4152.4550 | 08739.6936 | 15:04:23 | 221.062694 | 359.373235 
 4152.4551 | 08739.6979 | 15:04:24 | 221.058996 | 359.373321 
 4152.4547 | 08739.7014 | 15:04:25 | 221.055991 | 359.372837 
 4152.4538 | 08739.7045 | 15:04:26 | 221.053334 | 359.371781 
 4152.4533 | 08739.7056 | 15:04:27 | 221.052393 | 359.371199 
 4152.4529 | 08739.7063 | 15:04:28 | 221.051795 | 359.370734 
 4152.4519 | 08739.7076 | 15:04:29 | 221.050686 | 359.369575 
 4152.4509 | 08739.7089 | 15:04:30 | 221.049578 | 359.368416 
 4152.4498 | 08739.7101 | 15:04:31 | 221.048556 | 359.367143 
 4152.4488 | 08739.7112 | 15:04:32 | 221.047619 | 359.365985 
 4152.4478 | 08739.7122 | 15:04:33 | 221.046768 | 359.364828 
 4152.4468 | 08739.7132 | 15:04:34 | 221.045918 | 359.363671 
 4152.4461 | 08739.7138 | 15:04:35 | 221.045408 | 359.362862 
 4152.4455 | 08739.7145 | 15:04:36 | 221.044812 | 359.362167 
 4152.4451 | 08739.7148 | 15:04:37 | 221.044558 | 359.361705 
 4152.4449 | 08739.7147 | 15:04:38 | 221.044645 | 359.361476 
 4152.4448 | 08739.7145 | 15:04:39 | 221.044818 | 359.361362 
 4152.4449 | 08739.7139 | 15:04:40 | 221.045333 | 359.361481 
 4152.4451 | 08739.7133 | 15:04:41 | 221.045847 | 359.361715 
 4152.4455 | 08739.7122 | 15:04:42 | 221.046789 | 359.362182 
 4152.4507 | 08739.7038 | 15:04:43 | 221.053964 | 359.368220 
 4152.4510 | 08739.7029 | 15:04:44 | 221.054735 | 359.368571 
 4152.4515 | 08739.7016 | 15:04:45 | 221.055848 | 359.369155 
 4152.4515 | 08739.7016 | 15:04:46 | 221.055848 | 359.369155 
 4152.4515 | 08739.7016 | 15:04:47 | 221.055848 | 359.369155 
 4152.4515 | 08739.7016 | 15:04:48 | 221.055848 | 359.369155 
 4152.4515 | 08739.7016 | 15:04:49 | 221.055848 | 359.369155 
 4152.4515 | 08739.7016 | 15:04:50 | 221.055848 | 359.369155 
 4152.4515 | 08739.7016 | 15:04:51 | 221.055848 | 359.369155 
 4152.4515 | 08739.7016 | 15:04:52 | 221.055848 | 359.369155 
 4152.4515 | 08739.7016 | 15:04:53 | 221.055848 | 359.369155 
 4152.4515 | 08739.7016 | 15:04:54 | 221.055848 | 359.369155 
 4152.4515 | 08739.7016 | 15:04:55 | 221.055848 | 359.369155 
 4152.4515 | 08739.7016 | 15:04:56 | 221.055848 | 359.369155 
 4152.4515 | 08739.7016 | 15:04:57 | 221.055848 | 359.369155 
 4152.4515 | 08739.7016 | 15:04:58 | 221.055848 | 359.369155 
 4152.4515 | 08739.7016 | 15:04:59 | 221.055848 | 359.369155 
 4152.4515 | 08739.7016 | 15:05:00 | 221.055848 | 359.369155 
 4152.4515 | 08739.7016 | 15:05:01 | 221.055848 | 359.369155 
 4152.4528 | 08739.7008 | 15:05:02 | 221.056524 | 359.370656 
 4152.4535 | 08739.7019 | 15:05:03 | 221.055572 | 359.371454 
 4152.4543 | 08739.7040 | 15:05:04 | 221.053759 | 359.372360 
 4152.4549 | 08739.7075 | 15:05:05 | 221.050745 | 359.373026 
 4152.4507 | 08739.7193 | 15:05:06 | 221.040639 | 359.368116 
 4152.4510 | 08739.7253 | 15:05:07 | 221.035478 | 359.368421 
 4152.4511 | 08739.7314 | 15:05:08 | 221.030233 | 359.368495 
 4152.4512 | 08739.7399 | 15:05:09 | 221.022924 | 359.368553 
 4152.4512 | 08739.7477 | 15:05:10 | 221.016219 | 359.368500 
 4152.4511 | 08739.7556 | 15:05:11 | 221.009428 | 359.368332 
 4152.4516 | 08739.7634 | 15:05:12 | 221.002718 | 359.368855 
 4152.4520 | 08739.7715 | 15:05:13 | 220.995751 | 359.369261 
 4152.4522 | 08739.7802 | 15:05:14 | 220.988270 | 359.369432 
 4152.4527 | 08739.7891 | 15:05:15 | 220.980614 | 359.369948 
 4152.4530 | 08739.7984 | 15:05:16 | 220.972616 | 359.370230 
 4152.4533 | 08739.8077 | 15:05:17 | 220.964618 | 359.370513 
 4152.4536 | 08739.8173 | 15:05:18 | 220.956363 | 359.370794 
 4152.4539 | 08739.8266 | 15:05:19 | 220.948365 | 359.371076 
 4152.4532 | 08739.8375 | 15:05:20 | 220.939000 | 359.370198 
 4152.4530 | 08739.8476 | 15:05:21 | 220.930319 | 359.369900 
 4152.4530 | 08739.8578 | 15:05:22 | 220.921550 | 359.369832 
 4152.4531 | 08739.8677 | 15:05:23 | 220.913039 | 359.369881 
 4152.4535 | 08739.8775 | 15:05:24 | 220.904610 | 359.370275 
 4152.4537 | 08739.8874 | 15:05:25 | 220.896097 | 359.370439 
 4152.4540 | 08739.8973 | 15:05:26 | 220.887584 | 359.370718 
 4152.4545 | 08739.9072 | 15:05:27 | 220.879068 | 359.371226 
 4152.4548 | 08739.9178 | 15:05:28 | 220.869953 | 359.371501 
 4152.4549 | 08739.9288 | 15:05:29 | 220.860495 | 359.371542 
 4152.4548 | 08739.9400 | 15:05:30 | 220.850868 | 359.371352 
 4152.4546 | 08739.9514 | 15:05:31 | 220.841069 | 359.371046 
 4152.4546 | 08739.9628 | 15:05:32 | 220.831268 | 359.370970 
 4152.4545 | 08739.9742 | 15:05:33 | 220.821469 | 359.370778 
 4152.4543 | 08739.9854 | 15:05:34 | 220.811842 | 359.370474 
 4152.4541 | 08739.9965 | 15:05:35 | 220.802301 | 359.370169 
 4152.4542 | 08740.0074 | 15:05:36 | 220.792930 | 359.370212 
 4152.4538 | 08740.0180 | 15:05:37 | 220.783821 | 359.369681 
 4152.4541 | 08740.0263 | 15:05:38 | 220.776682 | 359.369970 
 4152.4540 | 08740.0342 | 15:05:39 | 220.769892 | 359.369803 
 4152.4536 | 08740.0415 | 15:05:40 | 220.763620 | 359.369294 
 4152.4532 | 08740.0484 | 15:05:41 | 220.757691 | 359.368788 
 4152.4529 | 08740.0552 | 15:05:42 | 220.751848 | 359.368397 
 4152.4527 | 08740.0621 | 15:05:43 | 220.745918 | 359.368121 
 4152.4525 | 08740.0689 | 15:05:44 | 220.740074 | 359.367846 
 4152.4524 | 08740.0758 | 15:05:45 | 220.734143 | 359.367685 
 4152.4520 | 08740.0834 | 15:05:46 | 220.727613 | 359.367174 
 4152.4516 | 08740.0913 | 15:05:47 | 220.720825 | 359.366661 
 4152.4512 | 08740.0998 | 15:05:48 | 220.713521 | 359.366145 
 4152.4513 | 08740.1074 | 15:05:49 | 220.706986 | 359.366209 
 4152.4511 | 08740.1155 | 15:05:50 | 220.700025 | 359.365925 
 4152.4509 | 08740.1236 | 15:05:51 | 220.693063 | 359.365641 
 4152.4508 | 08740.1310 | 15:05:52 | 220.686702 | 359.365477 
 4152.4506 | 08740.1388 | 15:05:53 | 220.679998 | 359.365195 
 4152.4504 | 08740.1465 | 15:05:54 | 220.673380 | 359.364914 
 4152.4505 | 08740.1544 | 15:05:55 | 220.666588 | 359.364976 
 4152.4532 | 08740.1545 | 15:05:56 | 220.666478 | 359.368081 
 4152.4506 | 08740.1489 | 15:05:57 | 220.671315 | 359.365128 
 4152.4523 | 08740.1529 | 15:05:58 | 220.667861 | 359.367057 
 4152.4521 | 08740.1569 | 15:05:59 | 220.664424 | 359.366800 
 4152.4525 | 08740.1610 | 15:06:00 | 220.660896 | 359.367233 
 4152.4529 | 08740.1650 | 15:06:01 | 220.657454 | 359.367666 
 4152.4532 | 08740.1691 | 15:06:02 | 220.653926 | 359.367984 
 4152.4535 | 08740.1732 | 15:06:03 | 220.650399 | 359.368302 
 4152.4541 | 08740.1816 | 15:06:05 | 220.643172 | 359.368936 
 4152.4537 | 08740.1894 | 15:06:06 | 220.636470 | 359.368424 
 4152.4544 | 08740.1993 | 15:06:08 | 220.627953 | 359.369164 
 4152.4582 | 08740.2150 | 15:06:10 | 220.614422 | 359.373430 
 4152.4612 | 08740.2250 | 15:06:11 | 220.605799 | 359.376815 
 4152.4634 | 08740.2349 | 15:06:12 | 220.597268 | 359.379279 
 4152.4606 | 08740.2651 | 15:06:13 | 220.571330 | 359.375858 
 4152.4621 | 08740.2735 | 15:06:14 | 220.564096 | 359.377528 
 4152.4629 | 08740.2824 | 15:06:15 | 220.556437 | 359.378389 
 4152.4631 | 08740.2915 | 15:06:16 | 220.548612 | 359.378559 
 4152.4630 | 08740.3002 | 15:06:17 | 220.541134 | 359.378386 
 4152.4447 | 08740.3121 | 15:06:18 | 220.531066 | 359.357258 
 4152.4446 | 08740.3226 | 15:06:19 | 220.522040 | 359.357073 
 4152.4439 | 08740.3331 | 15:06:20 | 220.513019 | 359.356199 
 4152.4437 | 08740.3438 | 15:06:21 | 220.503822 | 359.355898 
 4152.4436 | 08740.3545 | 15:06:22 | 220.494624 | 359.355712 
 4152.4435 | 08740.3650 | 15:06:23 | 220.485599 | 359.355527 
 4152.4439 | 08740.3754 | 15:06:24 | 220.476654 | 359.355919 
 4152.4412 | 08740.3857 | 15:06:25 | 220.467823 | 359.352745 
 4152.4445 | 08740.3955 | 15:06:26 | 220.459369 | 359.356476 
 4152.4456 | 08740.4053 | 15:06:27 | 220.450934 | 359.357676 
 4152.4464 | 08740.4150 | 15:06:28 | 220.442588 | 359.358532 
 4152.4466 | 08740.4242 | 15:06:29 | 220.434677 | 359.358702 
 4152.4469 | 08740.4328 | 15:06:30 | 220.427281 | 359.358990 
 4152.4469 | 08740.4389 | 15:06:31 | 220.422037 | 359.358950 
 4152.4464 | 08740.4447 | 15:06:32 | 220.417055 | 359.358336 
 4152.4464 | 08740.4497 | 15:06:33 | 220.412757 | 359.358303 
 4152.4468 | 08740.4529 | 15:06:34 | 220.410002 | 359.358742 
 4152.4470 | 08740.4549 | 15:06:35 | 220.408281 | 359.358959 
 4152.4469 | 08740.4562 | 15:06:36 | 220.407164 | 359.358835 
 4152.4469 | 08740.4565 | 15:06:37 | 220.406906 | 359.358833 
 4152.4472 | 08740.4565 | 15:06:38 | 220.406904 | 359.359178 
 4152.4475 | 08740.4563 | 15:06:39 | 220.407073 | 359.359525 
 4152.4476 | 08740.4563 | 15:06:40 | 220.407072 | 359.359640 
 4152.4476 | 08740.4563 | 15:06:41 | 220.407072 | 359.359640 
 4152.4476 | 08740.4563 | 15:06:42 | 220.407072 | 359.359640 
 4152.4476 | 08740.4563 | 15:06:43 | 220.407072 | 359.359640 
 4152.4471 | 08740.4585 | 15:06:44 | 220.405185 | 359.359050 
 4152.4469 | 08740.4611 | 15:06:45 | 220.402952 | 359.358803 
 4152.4471 | 08740.4650 | 15:06:46 | 220.399597 | 359.359007 
 4152.4471 | 08740.4702 | 15:06:47 | 220.395127 | 359.358973 
 4152.4471 | 08740.4765 | 15:06:48 | 220.389711 | 359.358931 
 4152.4471 | 08740.4836 | 15:06:49 | 220.383607 | 359.358885 
 4152.4470 | 08740.4909 | 15:06:50 | 220.377332 | 359.358721 
 4152.4468 | 08740.4979 | 15:06:51 | 220.371316 | 359.358445 
 4152.4466 | 08740.5046 | 15:06:52 | 220.365558 | 359.358171 
 4152.4457 | 08740.5107 | 15:06:53 | 220.360322 | 359.357096 
 4152.4457 | 08740.5161 | 15:06:54 | 220.355679 | 359.357060 
 4152.4458 | 08740.5204 | 15:06:55 | 220.351982 | 359.357147 
 4152.4458 | 08740.5241 | 15:06:56 | 220.348801 | 359.357122 
 4152.4458 | 08740.5271 | 15:06:57 | 220.346222 | 359.357103 
 4152.4458 | 08740.5296 | 15:06:58 | 220.344073 | 359.357086 
 4152.4458 | 08740.5318 | 15:06:59 | 220.342181 | 359.357072 
 4152.4457 | 08740.5338 | 15:07:00 | 220.340463 | 359.356943 
 4152.4457 | 08740.5357 | 15:07:01 | 220.338829 | 359.356931 
 4152.4457 | 08740.5376 | 15:07:02 | 220.337196 | 359.356918 
 4152.4457 | 08740.5399 | 15:07:03 | 220.335219 | 359.356903 
 4152.4457 | 08740.5424 | 15:07:04 | 220.333069 | 359.356887 
 4152.4457 | 08740.5449 | 15:07:05 | 220.330920 | 359.356870 
 4152.4456 | 08740.5471 | 15:07:06 | 220.329030 | 359.356741 
 4152.4456 | 08740.5490 | 15:07:07 | 220.327396 | 359.356728 
 4152.4455 | 08740.5506 | 15:07:08 | 220.326022 | 359.356603 
 4152.4455 | 08740.5518 | 15:07:09 | 220.324990 | 359.356595 
 4152.4454 | 08740.5527 | 15:07:10 | 220.324217 | 359.356474 
 4152.4455 | 08740.5531 | 15:07:11 | 220.323872 | 359.356586 
 4152.4455 | 08740.5533 | 15:07:12 | 220.323700 | 359.356585 
 4152.4455 | 08740.5533 | 15:07:13 | 220.323700 | 359.356585 
 4152.4454 | 08740.5532 | 15:07:14 | 220.323787 | 359.356471 
 4152.4454 | 08740.5532 | 15:07:15 | 220.323787 | 359.356471 
 4152.4454 | 08740.5532 | 15:07:16 | 220.323787 | 359.356471 
 4152.4454 | 08740.5532 | 15:07:17 | 220.323787 | 359.356471 
 4152.4454 | 08740.5532 | 15:07:18 | 220.323787 | 359.356471 
 4152.4454 | 08740.5532 | 15:07:19 | 220.323787 | 359.356471 
 4152.4454 | 08740.5532 | 15:07:20 | 220.323787 | 359.356471 
 4152.4454 | 08740.5532 | 15:07:21 | 220.323787 | 359.356471 
 4152.4454 | 08740.5532 | 15:07:22 | 220.323787 | 359.356471 
 4152.4454 | 08740.5532 | 15:07:23 | 220.323787 | 359.356471 
 4152.4454 | 08740.5532 | 15:07:24 | 220.323787 | 359.356471 
 4152.4454 | 08740.5532 | 15:07:25 | 220.323787 | 359.356471 
 4152.4454 | 08740.5532 | 15:07:26 | 220.323787 | 359.356471 
 4152.4454 | 08740.5532 | 15:07:27 | 220.323787 | 359.356471 
 4152.4454 | 08740.5532 | 15:07:28 | 220.323787 | 359.356471 
 4152.4454 | 08740.5532 | 15:07:29 | 220.323787 | 359.356471 
 4152.4454 | 08740.5532 | 15:07:30 | 220.323787 | 359.356471 
 4152.4454 | 08740.5532 | 15:07:31 | 220.323787 | 359.356471 
 4152.4454 | 08740.5532 | 15:07:32 | 220.323787 | 359.356471 
 4152.4454 | 08740.5532 | 15:07:33 | 220.323787 | 359.356471 
 4152.4454 | 08740.5532 | 15:07:34 | 220.323787 | 359.356471 
 4152.4454 | 08740.5532 | 15:07:35 | 220.323787 | 359.356471 
 4152.4442 | 08740.5519 | 15:07:36 | 220.324915 | 359.355099 
 4152.4441 | 08740.5523 | 15:07:37 | 220.324572 | 359.354981 
 4152.4440 | 08740.5531 | 15:07:38 | 220.323886 | 359.354861 
 4152.4442 | 08740.5603 | 15:07:39 | 220.317694 | 359.355043 
 4152.4439 | 08740.5660 | 15:07:40 | 220.312796 | 359.354661 
 4152.4440 | 08740.5725 | 15:07:41 | 220.307208 | 359.354733 
 4152.4443 | 08740.5798 | 15:07:42 | 220.300929 | 359.355030 
 4152.4441 | 08740.5876 | 15:07:43 | 220.294225 | 359.354749 
 4152.4440 | 08740.5960 | 15:07:44 | 220.287005 | 359.354578 
 4152.4440 | 08740.6046 | 15:07:45 | 220.279611 | 359.354522 
 4152.4436 | 08740.6136 | 15:07:46 | 220.271878 | 359.354003 
 4152.4432 | 08740.6212 | 15:07:47 | 220.265347 | 359.353493 
 4152.4428 | 08740.6275 | 15:07:48 | 220.259935 | 359.352991 
 4152.4423 | 08740.6336 | 15:07:49 | 220.254695 | 359.352376 
 4152.4420 | 08740.6399 | 15:07:50 | 220.249282 | 359.351989 
 4152.4416 | 08740.6463 | 15:07:51 | 220.243783 | 359.351487 
 4152.4413 | 08740.6530 | 15:07:52 | 220.238026 | 359.351098 
 4152.4409 | 08740.6597 | 15:07:53 | 220.232269 | 359.350594 
 4152.4424 | 08740.6684 | 15:07:54 | 220.224777 | 359.352262 
 4152.4398 | 08740.6813 | 15:07:55 | 220.213710 | 359.349187 
 4152.4396 | 08740.6909 | 15:07:56 | 220.205458 | 359.348894 
 4152.4400 | 08740.6999 | 15:07:57 | 220.197718 | 359.349295 
 4152.4403 | 08740.7092 | 15:07:58 | 220.189720 | 359.349579 
 4152.4406 | 08740.7183 | 15:07:59 | 220.181894 | 359.349864 
 4152.4410 | 08740.7271 | 15:08:00 | 220.174325 | 359.350267 
 4152.4411 | 08740.7350 | 15:08:01 | 220.167533 | 359.350330 
 4152.4411 | 08740.7425 | 15:08:02 | 220.161085 | 359.350281 
 4152.4410 | 08740.7494 | 15:08:03 | 220.155154 | 359.350121 
 4152.4409 | 08740.7563 | 15:08:04 | 220.149223 | 359.349960 
 4152.4407 | 08740.7630 | 15:08:05 | 220.143465 | 359.349686 
 4152.4405 | 08740.7700 | 15:08:06 | 220.137449 | 359.349411 
 4152.4405 | 08740.7771 | 15:08:07 | 220.131345 | 359.349364 
 4152.4403 | 08740.7842 | 15:08:08 | 220.125243 | 359.349088 
 4152.4402 | 08740.7914 | 15:08:09 | 220.119054 | 359.348925 
 4152.4406 | 08740.7993 | 15:08:10 | 220.112259 | 359.349334 
 4152.4397 | 08740.8087 | 15:08:11 | 220.104185 | 359.348237 
 4152.4393 | 08740.8174 | 15:08:12 | 220.096710 | 359.347720 
 4152.4391 | 08740.8257 | 15:08:13 | 220.089576 | 359.347436 
 4152.4391 | 08740.8335 | 15:08:14 | 220.082870 | 359.347385 
 4152.4388 | 08740.8404 | 15:08:15 | 220.076941 | 359.346995 
 4152.4383 | 08740.8474 | 15:08:16 | 220.070927 | 359.346374 
 4152.4386 | 08740.8538 | 15:08:17 | 220.065423 | 359.346677 
 4152.4387 | 08740.8598 | 15:08:18 | 220.060264 | 359.346753 
 4152.4388 | 08740.8654 | 15:08:19 | 220.055449 | 359.346831 
 4152.4388 | 08740.8708 | 15:08:20 | 220.050806 | 359.346796 
 4152.4388 | 08740.8754 | 15:08:21 | 220.046852 | 359.346766 
 4152.4383 | 08740.8789 | 15:08:22 | 220.043847 | 359.346168 
 4152.4374 | 08740.8818 | 15:08:23 | 220.041362 | 359.345114 
 4152.4360 | 08740.8843 | 15:08:24 | 220.039225 | 359.343487 
 4152.4347 | 08740.8868 | 15:08:25 | 220.037087 | 359.341975 
 4152.4369 | 08740.8857 | 15:08:26 | 220.038013 | 359.344513 
 4152.4381 | 08740.8855 | 15:08:27 | 220.038175 | 359.345895 
 4152.4381 | 08740.8886 | 15:08:28 | 220.035510 | 359.345874 
 4152.4384 | 08740.8930 | 15:08:29 | 220.031724 | 359.346191 
 4152.4389 | 08740.8983 | 15:08:30 | 220.027164 | 359.346731 
 4152.4391 | 08740.9044 | 15:08:31 | 220.021918 | 359.346922 
 4152.4391 | 08740.9114 | 15:08:32 | 220.015900 | 359.346876 
 4152.4392 | 08740.9192 | 15:08:33 | 220.009193 | 359.346940 
 4152.4393 | 08740.9273 | 15:08:34 | 220.002229 | 359.347002 
 4152.4394 | 08740.9359 | 15:08:35 | 219.994835 | 359.347061 
 4152.4394 | 08740.9446 | 15:08:36 | 219.987355 | 359.347004 
 4152.4393 | 08740.9533 | 15:08:37 | 219.979877 | 359.346833 
 4152.4391 | 08740.9619 | 15:08:38 | 219.972485 | 359.346547 
 4152.4390 | 08740.9705 | 15:08:39 | 219.965093 | 359.346376 
 4152.4388 | 08740.9791 | 15:08:40 | 219.957701 | 359.346089 
 4152.4386 | 08740.9876 | 15:08:41 | 219.950396 | 359.345804 
 4152.4384 | 08740.9959 | 15:08:42 | 219.943262 | 359.345520 
 4152.4346 | 08741.0013 | 15:08:43 | 219.938653 | 359.341114 
 4152.4357 | 08741.0060 | 15:08:44 | 219.934602 | 359.342349 
 4152.4363 | 08741.0103 | 15:08:45 | 219.930900 | 359.343011 
 4152.4366 | 08741.0134 | 15:08:46 | 219.928233 | 359.343336 
 4152.4361 | 08741.0166 | 15:08:47 | 219.925486 | 359.342740 
 4152.4357 | 08741.0184 | 15:08:48 | 219.923942 | 359.342268 
 4152.4395 | 08741.0115 | 15:08:49 | 219.929841 | 359.346684 
 4152.4417 | 08741.0073 | 15:08:50 | 219.933433 | 359.349242 
 4152.4418 | 08741.0074 | 15:08:51 | 219.933346 | 359.349356 
 4152.4417 | 08741.0074 | 15:08:52 | 219.933347 | 359.349241 
 4152.4417 | 08741.0074 | 15:08:53 | 219.933347 | 359.349241 
 4152.4417 | 08741.0074 | 15:08:54 | 219.933347 | 359.349241 
 4152.4417 | 08741.0074 | 15:08:55 | 219.933347 | 359.349241 
 4152.4417 | 08741.0074 | 15:08:56 | 219.933347 | 359.349241 
 4152.4417 | 08741.0074 | 15:08:57 | 219.933347 | 359.349241 
 4152.4417 | 08741.0074 | 15:08:58 | 219.933347 | 359.349241 
 4152.4417 | 08741.0074 | 15:08:59 | 219.933347 | 359.349241 
 4152.4417 | 08741.0074 | 15:09:00 | 219.933347 | 359.349241 
 4152.4388 | 08741.0130 | 15:09:01 | 219.928558 | 359.345869 
 4152.4389 | 08741.0154 | 15:09:02 | 219.926493 | 359.345968 
 4152.4388 | 08741.0191 | 15:09:03 | 219.923313 | 359.345829 
 4152.4388 | 08741.0232 | 15:09:04 | 219.919789 | 359.345802 
 4152.4383 | 08741.0271 | 15:09:05 | 219.916440 | 359.345202 
 4152.4368 | 08741.0301 | 15:09:06 | 219.913874 | 359.343457 
 4152.4349 | 08741.0324 | 15:09:07 | 219.911913 | 359.341257 
 4152.4326 | 08741.0351 | 15:09:08 | 219.909612 | 359.338593 
 4152.4308 | 08741.0296 | 15:09:09 | 219.914356 | 359.336559 
 4152.4210 | 08741.0337 | 15:09:10 | 219.910917 | 359.325260 
 4152.4156 | 08741.0335 | 15:09:11 | 219.911136 | 359.319050 
 4152.4103 | 08741.0333 | 15:09:12 | 219.911354 | 359.312954 
 4152.4043 | 08741.0328 | 15:09:13 | 219.911836 | 359.306056 
 4152.3984 | 08741.0329 | 15:09:14 | 219.911801 | 359.299269 
 4152.3921 | 08741.0334 | 15:09:15 | 219.911426 | 359.292019 
 4152.3857 | 08741.0326 | 15:09:16 | 219.912170 | 359.284663 
 4152.3793 | 08741.0315 | 15:09:17 | 219.913171 | 359.277308 
 4152.3729 | 08741.0311 | 15:09:18 | 219.913571 | 359.269949 
 4152.3665 | 08741.0307 | 15:09:19 | 219.913970 | 359.262590 
 4152.3600 | 08741.0300 | 15:09:20 | 219.914629 | 359.255118 
 4152.3534 | 08741.0293 | 15:09:21 | 219.915288 | 359.247531 
 4152.3467 | 08741.0287 | 15:09:22 | 219.915862 | 359.239828 
 4152.3401 | 08741.0281 | 15:09:23 | 219.916435 | 359.232241 
 4152.3337 | 08741.0272 | 15:09:24 | 219.917265 | 359.224885 
 4152.3275 | 08741.0267 | 15:09:25 | 219.917749 | 359.217757 
 4152.3215 | 08741.0261 | 15:09:26 | 219.918317 | 359.210859 
 4152.3157 | 08741.0258 | 15:09:27 | 219.918625 | 359.204189 
 4152.3101 | 08741.0255 | 15:09:28 | 219.918932 | 359.197750 
 4152.3047 | 08741.0251 | 15:09:29 | 219.919323 | 359.191541 
 4152.2996 | 08741.0250 | 15:09:30 | 219.919453 | 359.185676 
 4152.2953 | 08741.0239 | 15:09:31 | 219.920436 | 359.180737 
 4152.2920 | 08741.0255 | 15:09:32 | 219.919089 | 359.176930 
 4152.2895 | 08741.0259 | 15:09:33 | 219.918767 | 359.174052 
 4152.2883 | 08741.0257 | 15:09:34 | 219.918949 | 359.172673 
 4152.2876 | 08741.0254 | 15:09:35 | 219.919213 | 359.171870 
 4152.2869 | 08741.0245 | 15:09:36 | 219.919993 | 359.171071 
 4152.2863 | 08741.0246 | 15:09:37 | 219.919913 | 359.170380 
 4152.2842 | 08741.0238 | 15:09:38 | 219.920619 | 359.167969 
 4152.2813 | 08741.0208 | 15:09:39 | 219.923223 | 359.164653 
 4152.2792 | 08741.0190 | 15:09:40 | 219.924789 | 359.162249 
 4152.2772 | 08741.0172 | 15:09:41 | 219.926354 | 359.159961 
 4152.2753 | 08741.0154 | 15:09:42 | 219.927918 | 359.157787 
 4152.2734 | 08741.0136 | 15:09:43 | 219.929482 | 359.155613 
 4152.2776 | 08741.0003 | 15:09:44 | 219.940880 | 359.160531 
 4152.2783 | 08740.9933 | 15:09:45 | 219.946892 | 359.161382 
 4152.2787 | 08740.9859 | 15:09:46 | 219.953250 | 359.161890 
 4152.2792 | 08740.9804 | 15:09:47 | 219.957974 | 359.162501 
 4152.2796 | 08740.9754 | 15:09:48 | 219.962270 | 359.162993 
 4152.2800 | 08740.9705 | 15:09:49 | 219.966479 | 359.163485 
 4152.2813 | 08740.9670 | 15:09:50 | 219.969477 | 359.165004 
 4152.2815 | 08740.9629 | 15:09:51 | 219.973000 | 359.165260 
 4152.2814 | 08740.9591 | 15:09:52 | 219.976268 | 359.165170 
 4152.2811 | 08740.9551 | 15:09:53 | 219.979709 | 359.164851 
 4152.2807 | 08740.9514 | 15:09:54 | 219.982894 | 359.164415 
 4152.2799 | 08740.9480 | 15:09:55 | 219.985824 | 359.163517 
 4152.2788 | 08740.9446 | 15:09:56 | 219.988756 | 359.162274 
 4152.2777 | 08740.9415 | 15:09:57 | 219.991431 | 359.161029 
 4152.2766 | 08740.9385 | 15:09:58 | 219.994020 | 359.159783 
 4152.2719 | 08740.9478 | 15:09:59 | 219.986065 | 359.154316 
 4152.2690 | 08740.9482 | 15:10:00 | 219.985747 | 359.150978 
 4152.2661 | 08740.9485 | 15:10:01 | 219.985514 | 359.147640 
 4152.2580 | 08740.9469 | 15:10:02 | 219.986960 | 359.138334 
 4152.2528 | 08740.9473 | 15:10:03 | 219.986662 | 359.132350 
 4152.2480 | 08740.9475 | 15:10:04 | 219.986532 | 359.126827 
 4152.2428 | 08740.9470 | 15:10:05 | 219.987007 | 359.120849 
 4152.2374 | 08740.9459 | 15:10:06 | 219.988000 | 359.114645 
 4152.2324 | 08740.9455 | 15:10:07 | 219.988387 | 359.108896 
 4152.2276 | 08740.9451 | 15:10:08 | 219.988773 | 359.103378 
 4152.2224 | 08740.9442 | 15:10:09 | 219.989592 | 359.097402 
 4152.2181 | 08740.9445 | 15:10:10 | 219.989372 | 359.092454 
 4152.2143 | 08740.9452 | 15:10:11 | 219.988803 | 359.088079 
 4152.2115 | 08740.9462 | 15:10:12 | 219.987968 | 359.084852 
 4152.2094 | 08740.9471 | 15:10:13 | 219.987212 | 359.082430 
 4152.2079 | 08740.9474 | 15:10:14 | 219.986967 | 359.080703 
 4152.2069 | 08740.9477 | 15:10:15 | 219.986718 | 359.079551 
 4152.2062 | 08740.9474 | 15:10:16 | 219.986982 | 359.078747 
 4152.2058 | 08740.9471 | 15:10:17 | 219.987244 | 359.078289 
 4152.2053 | 08740.9469 | 15:10:18 | 219.987420 | 359.077715 
 4152.2051 | 08740.9467 | 15:10:19 | 219.987594 | 359.077487 
 4152.2050 | 08740.9464 | 15:10:20 | 219.987852 | 359.077374 
 4152.2051 | 08740.9464 | 15:10:21 | 219.987852 | 359.077489 
 4152.2052 | 08740.9463 | 15:10:22 | 219.987937 | 359.077604 
 4152.2052 | 08740.9463 | 15:10:23 | 219.987937 | 359.077604 
 4152.2052 | 08740.9463 | 15:10:24 | 219.987937 | 359.077604 
 4152.2052 | 08740.9463 | 15:10:25 | 219.987937 | 359.077604 
 4152.2052 | 08740.9463 | 15:10:26 | 219.987937 | 359.077604 
 4152.2052 | 08740.9463 | 15:10:27 | 219.987937 | 359.077604 
 4152.2052 | 08740.9463 | 15:10:28 | 219.987937 | 359.077604 
 4152.2052 | 08740.9463 | 15:10:29 | 219.987937 | 359.077604 
 4152.2052 | 08740.9463 | 15:10:30 | 219.987937 | 359.077604 
 4152.2052 | 08740.9463 | 15:10:31 | 219.987937 | 359.077604 
 4152.2052 | 08740.9463 | 15:10:32 | 219.987937 | 359.077604 
 4152.2052 | 08740.9463 | 15:10:33 | 219.987937 | 359.077604 
 4152.2052 | 08740.9463 | 15:10:34 | 219.987937 | 359.077604 
 4152.2052 | 08740.9463 | 15:10:35 | 219.987937 | 359.077604 
 4152.2052 | 08740.9463 | 15:10:36 | 219.987937 | 359.077604 
 4152.2052 | 08740.9463 | 15:10:37 | 219.987937 | 359.077604 
 4152.2052 | 08740.9463 | 15:10:38 | 219.987937 | 359.077604 
 4152.2052 | 08740.9463 | 15:10:39 | 219.987937 | 359.077604 
 4152.2052 | 08740.9463 | 15:10:40 | 219.987937 | 359.077604 
 4152.2052 | 08740.9463 | 15:10:41 | 219.987937 | 359.077604 
 4152.2052 | 08740.9463 | 15:10:42 | 219.987937 | 359.077604 
 4152.2052 | 08740.9463 | 15:10:43 | 219.987937 | 359.077604 
 4152.2052 | 08740.9463 | 15:10:44 | 219.987937 | 359.077604 
 4152.2052 | 08740.9463 | 15:10:45 | 219.987937 | 359.077604 
 4152.2052 | 08740.9463 | 15:10:46 | 219.987937 | 359.077604 
 4152.2052 | 08740.9463 | 15:10:47 | 219.987937 | 359.077604 
 4152.2052 | 08740.9463 | 15:10:48 | 219.987937 | 359.077604 
 4152.2052 | 08740.9463 | 15:10:49 | 219.987937 | 359.077604 
 4152.2052 | 08740.9463 | 15:10:50 | 219.987937 | 359.077604 
 4152.2052 | 08740.9463 | 15:10:51 | 219.987937 | 359.077604 
 4152.2052 | 08740.9463 | 15:10:52 | 219.987937 | 359.077604 
 4152.2052 | 08740.9463 | 15:10:53 | 219.987937 | 359.077604 
 4152.2052 | 08740.9463 | 15:10:54 | 219.987937 | 359.077604 
 4152.2052 | 08740.9463 | 15:10:55 | 219.987937 | 359.077604 
 4152.2052 | 08740.9463 | 15:10:56 | 219.987937 | 359.077604 
 4152.2052 | 08740.9463 | 15:10:57 | 219.987937 | 359.077604 
 4152.2052 | 08740.9463 | 15:10:58 | 219.987937 | 359.077604 
 4152.2052 | 08740.9463 | 15:10:59 | 219.987937 | 359.077604 
 4152.2052 | 08740.9463 | 15:11:00 | 219.987937 | 359.077604 
 4152.2052 | 08740.9463 | 15:11:01 | 219.987937 | 359.077604 
 4152.2052 | 08740.9463 | 15:11:02 | 219.987937 | 359.077604 
 4152.2052 | 08740.9463 | 15:11:03 | 219.987937 | 359.077604 
 4152.2052 | 08740.9463 | 15:11:04 | 219.987937 | 359.077604 
 4152.2039 | 08740.9449 | 15:11:05 | 219.989152 | 359.076118 
 4152.2035 | 08740.9450 | 15:11:06 | 219.989069 | 359.075657 
 4152.2027 | 08740.9449 | 15:11:07 | 219.989162 | 359.074738 
 4152.2021 | 08740.9449 | 15:11:08 | 219.989167 | 359.074048 
 4152.2014 | 08740.9452 | 15:11:09 | 219.988916 | 359.073241 
 4152.2004 | 08740.9455 | 15:11:10 | 219.988666 | 359.072088 
 4152.1996 | 08740.9457 | 15:11:11 | 219.988501 | 359.071167 
 4152.1975 | 08740.9490 | 15:11:12 | 219.985683 | 359.068730 
 4152.1966 | 08740.9491 | 15:11:13 | 219.985604 | 359.067694 
 4152.1957 | 08740.9493 | 15:11:14 | 219.985440 | 359.066657 
 4152.1948 | 08740.9493 | 15:11:15 | 219.985448 | 359.065622 
 4152.1938 | 08740.9491 | 15:11:16 | 219.985629 | 359.064473 
 4152.1930 | 08740.9493 | 15:11:17 | 219.985464 | 359.063552 
 4152.1922 | 08740.9494 | 15:11:18 | 219.985385 | 359.062631 
 4152.1914 | 08740.9495 | 15:11:19 | 219.985306 | 359.061710 
 4152.1908 | 08740.9496 | 15:11:20 | 219.985225 | 359.061019 
 4152.1901 | 08740.9499 | 15:11:21 | 219.984973 | 359.060212 
 4152.1898 | 08740.9504 | 15:11:22 | 219.984546 | 359.059864 
 4152.1891 | 08740.9507 | 15:11:23 | 219.984294 | 359.059057 
 4152.1886 | 08740.9513 | 15:11:24 | 219.983783 | 359.058478 
 4152.1910 | 08740.9478 | 15:11:25 | 219.986771 | 359.061261 
 4152.1924 | 08740.9504 | 15:11:26 | 219.984523 | 359.062854 
 4152.1905 | 08740.9489 | 15:11:27 | 219.985830 | 359.060679 
 4152.1898 | 08740.9489 | 15:11:28 | 219.985836 | 359.059874 
 4152.1893 | 08740.9487 | 15:11:29 | 219.986012 | 359.059300 
 4152.1886 | 08740.9489 | 15:11:30 | 219.985846 | 359.058493 
 4152.1886 | 08740.9490 | 15:11:31 | 219.985760 | 359.058493 
 4152.1874 | 08740.9499 | 15:11:32 | 219.984997 | 359.057106 
 4152.1868 | 08740.9499 | 15:11:33 | 219.985002 | 359.056416 
 4152.1863 | 08740.9499 | 15:11:34 | 219.985006 | 359.055841 
 4152.1854 | 08740.9494 | 15:11:35 | 219.985444 | 359.054809 
 4152.1847 | 08740.9493 | 15:11:36 | 219.985536 | 359.054005 
 4152.1840 | 08740.9491 | 15:11:37 | 219.985714 | 359.053201 
 4152.1832 | 08740.9488 | 15:11:38 | 219.985979 | 359.052283 
