 4152.2070 | 08740.9514 | 09:33:06 | 219.983536 | 359.079642 
 4152.2061 | 08740.9537 | 09:33:16 | 219.981567 | 359.078591 
 4152.2061 | 08740.9537 | 09:33:17 | 219.981567 | 359.078591 
 4152.2061 | 08740.9537 | 09:33:18 | 219.981567 | 359.078591 
 4152.2061 | 08740.9537 | 09:33:20 | 219.981567 | 359.078591 
 4152.2061 | 08740.9537 | 09:33:21 | 219.981567 | 359.078591 
 4152.2061 | 08740.9537 | 09:33:22 | 219.981567 | 359.078591 
 4152.2061 | 08740.9537 | 09:33:23 | 219.981567 | 359.078591 
 4152.2061 | 08740.9537 | 09:33:27 | 219.981567 | 359.078591 
 4152.2061 | 08740.9537 | 09:33:29 | 219.981567 | 359.078591 
 4152.2061 | 08740.9537 | 09:33:30 | 219.981567 | 359.078591 
 4152.2061 | 08740.9537 | 09:33:31 | 219.981567 | 359.078591 
 4152.2061 | 08740.9537 | 09:33:32 | 219.981567 | 359.078591 
 4152.2061 | 08740.9537 | 09:33:33 | 219.981567 | 359.078591 
 4152.2061 | 08740.9537 | 09:33:34 | 219.981567 | 359.078591 
 4152.2061 | 08740.9537 | 09:33:35 | 219.981567 | 359.078591 
 4152.2061 | 08740.9537 | 09:33:36 | 219.981567 | 359.078591 
 4152.2061 | 08740.9537 | 09:33:37 | 219.981567 | 359.078591 
 4152.2061 | 08740.9537 | 09:33:38 | 219.981567 | 359.078591 
 4152.2061 | 08740.9537 | 09:33:39 | 219.981567 | 359.078591 
 4152.2061 | 08740.9537 | 09:33:40 | 219.981567 | 359.078591 
 4152.2061 | 08740.9537 | 09:33:41 | 219.981567 | 359.078591 
 4152.2061 | 08740.9537 | 09:33:42 | 219.981567 | 359.078591 
 4152.2061 | 08740.9537 | 09:33:43 | 219.981567 | 359.078591 
 4152.2061 | 08740.9537 | 09:33:44 | 219.981567 | 359.078591 
 4152.2061 | 08740.9537 | 09:33:45 | 219.981567 | 359.078591 
 4152.2061 | 08740.9537 | 09:33:46 | 219.981567 | 359.078591 
 4152.2061 | 08740.9537 | 09:33:47 | 219.981567 | 359.078591 
 4152.2061 | 08740.9537 | 09:33:48 | 219.981567 | 359.078591 
 4152.2061 | 08740.9537 | 09:33:49 | 219.981567 | 359.078591 
 4152.2061 | 08740.9537 | 09:33:50 | 219.981567 | 359.078591 
 4152.2061 | 08740.9537 | 09:33:51 | 219.981567 | 359.078591 
 4152.2061 | 08740.9537 | 09:33:52 | 219.981567 | 359.078591 
 4152.2061 | 08740.9537 | 09:33:53 | 219.981567 | 359.078591 
 4152.2061 | 08740.9537 | 09:33:54 | 219.981567 | 359.078591 
 4152.2061 | 08740.9537 | 09:33:55 | 219.981567 | 359.078591 
 4152.2061 | 08740.9537 | 09:33:56 | 219.981567 | 359.078591 
 4152.2061 | 08740.9537 | 09:33:57 | 219.981567 | 359.078591 
 4152.2061 | 08740.9537 | 09:33:58 | 219.981567 | 359.078591 
 4152.2061 | 08740.9537 | 09:33:59 | 219.981567 | 359.078591 
 4152.2015 | 08740.9506 | 09:34:00 | 219.984272 | 359.073320 
 4152.2006 | 08740.9509 | 09:34:01 | 219.984022 | 359.072283 
 4152.1995 | 08740.9511 | 09:34:02 | 219.983860 | 359.071017 
 4152.1987 | 08740.9509 | 09:34:03 | 219.984039 | 359.070098 
 4152.1980 | 08740.9504 | 09:34:04 | 219.984475 | 359.069296 
 4152.1983 | 08740.9497 | 09:34:05 | 219.985074 | 359.069645 
 4152.1990 | 08740.9486 | 09:34:06 | 219.986013 | 359.070458 
 4152.2028 | 08740.9475 | 09:34:07 | 219.986926 | 359.074836 
 4152.2033 | 08740.9470 | 09:34:08 | 219.987351 | 359.075414 
 4152.2043 | 08740.9464 | 09:34:09 | 219.987859 | 359.076568 
 4152.2048 | 08740.9461 | 09:34:10 | 219.988112 | 359.077146 
 4152.2052 | 08740.9459 | 09:34:11 | 219.988281 | 359.077607 
 4152.2052 | 08740.9459 | 09:34:12 | 219.988281 | 359.077607 
 4152.2052 | 08740.9459 | 09:34:13 | 219.988281 | 359.077607 
 4152.2052 | 08740.9459 | 09:34:14 | 219.988281 | 359.077607 
 4152.2052 | 08740.9459 | 09:34:15 | 219.988281 | 359.077607 
 4152.2057 | 08740.9465 | 09:34:16 | 219.987760 | 359.078178 
 4152.2058 | 08740.9469 | 09:34:17 | 219.987416 | 359.078291 
 4152.2058 | 08740.9474 | 09:34:18 | 219.986986 | 359.078287 
 4152.2056 | 08740.9478 | 09:34:19 | 219.986644 | 359.078055 
 4152.2053 | 08740.9482 | 09:34:20 | 219.986302 | 359.077707 
 4152.2052 | 08740.9483 | 09:34:21 | 219.986217 | 359.077591 
 4152.2052 | 08740.9484 | 09:34:22 | 219.986131 | 359.077591 
 4152.2053 | 08740.9482 | 09:34:23 | 219.986302 | 359.077707 
 4152.2056 | 08740.9479 | 09:34:24 | 219.986558 | 359.078054 
 4152.2062 | 08740.9476 | 09:34:25 | 219.986810 | 359.078746 
 4152.2084 | 08740.9478 | 09:34:27 | 219.986619 | 359.081275 
 4152.2101 | 08740.9481 | 09:34:28 | 219.986346 | 359.083229 
 4152.2138 | 08740.9480 | 09:34:29 | 219.986400 | 359.087485 
 4152.2153 | 08740.9482 | 09:34:30 | 219.986215 | 359.089210 
 4152.2168 | 08740.9484 | 09:34:31 | 219.986030 | 359.090934 
 4152.2249 | 08740.9481 | 09:34:32 | 219.986217 | 359.100253 
 4152.2282 | 08740.9483 | 09:34:33 | 219.986017 | 359.104047 
 4152.2316 | 08740.9484 | 09:34:34 | 219.985901 | 359.107957 
 4152.2355 | 08740.9485 | 09:34:35 | 219.985781 | 359.112443 
 4152.2396 | 08740.9488 | 09:34:36 | 219.985487 | 359.117157 
 4152.2438 | 08740.9490 | 09:34:37 | 219.985279 | 359.121986 
 4152.2479 | 08740.9493 | 09:34:38 | 219.984985 | 359.126701 
 4152.2534 | 08740.9491 | 09:34:39 | 219.985109 | 359.133028 
 4152.2575 | 08740.9490 | 09:34:40 | 219.985159 | 359.137745 
 4152.2615 | 08740.9487 | 09:34:41 | 219.985382 | 359.142348 
 4152.2652 | 08740.9488 | 09:34:42 | 219.985264 | 359.146603 
 4152.2686 | 08740.9489 | 09:34:43 | 219.985148 | 359.150513 
 4152.2714 | 08740.9491 | 09:34:44 | 219.984952 | 359.153733 
 4152.2737 | 08740.9493 | 09:34:45 | 219.984760 | 359.156377 
 4152.2757 | 08740.9495 | 09:34:46 | 219.984571 | 359.158676 
 4152.2786 | 08740.9502 | 09:34:47 | 219.983944 | 359.162007 
 4152.2811 | 08740.9513 | 09:34:48 | 219.982976 | 359.164876 
 4152.2824 | 08740.9542 | 09:34:49 | 219.980472 | 359.166352 
 4152.2835 | 08740.9577 | 09:34:50 | 219.977453 | 359.167595 
 4152.2836 | 08740.9621 | 09:34:51 | 219.973669 | 359.167681 
 4152.2837 | 08740.9669 | 09:34:52 | 219.969542 | 359.167765 
 4152.2838 | 08740.9721 | 09:34:53 | 219.965070 | 359.167846 
 4152.2832 | 08740.9777 | 09:34:54 | 219.960261 | 359.167119 
 4152.2830 | 08740.9834 | 09:34:55 | 219.955362 | 359.166852 
 4152.2829 | 08740.9891 | 09:34:56 | 219.950463 | 359.166700 
 4152.2829 | 08740.9946 | 09:34:57 | 219.945734 | 359.166664 
 4152.2828 | 08740.9999 | 09:34:58 | 219.941178 | 359.166515 
 4152.2827 | 08741.0048 | 09:34:59 | 219.936967 | 359.166368 
 4152.2825 | 08741.0096 | 09:35:00 | 219.932842 | 359.166106 
 4152.2823 | 08741.0126 | 09:35:01 | 219.930264 | 359.165857 
 4152.2827 | 08741.0146 | 09:35:02 | 219.928541 | 359.166304 
 4152.2824 | 08741.0168 | 09:35:03 | 219.926652 | 359.165945 
 4152.2816 | 08741.0194 | 09:35:04 | 219.924424 | 359.165007 
 4152.2799 | 08741.0224 | 09:35:05 | 219.921860 | 359.163033 
 4152.2774 | 08741.0237 | 09:35:06 | 219.920764 | 359.160148 
 4152.2753 | 08741.0245 | 09:35:07 | 219.920094 | 359.157728 
 4152.2713 | 08741.0250 | 09:35:08 | 219.919699 | 359.153123 
 4152.2672 | 08741.0248 | 09:35:09 | 219.919907 | 359.148409 
 4152.2604 | 08741.0247 | 09:35:10 | 219.920052 | 359.140588 
 4152.2556 | 08741.0246 | 09:35:11 | 219.920180 | 359.135067 
 4152.2506 | 08741.0245 | 09:35:12 | 219.920309 | 359.129316 
 4152.2458 | 08741.0244 | 09:35:13 | 219.920437 | 359.123796 
 4152.2409 | 08741.0246 | 09:35:14 | 219.920308 | 359.118158 
 4152.2362 | 08741.0245 | 09:35:15 | 219.920435 | 359.112753 
 4152.2304 | 08741.0244 | 09:35:16 | 219.920571 | 359.106082 
 4152.2247 | 08741.0245 | 09:35:17 | 219.920535 | 359.099525 
 4152.2191 | 08741.0245 | 09:35:18 | 219.920583 | 359.093084 
 4152.1522 | 08741.0231 | 09:35:30 | 219.922369 | 359.016141 
 4152.1410 | 08741.0238 | 09:35:34 | 219.921865 | 359.003253 
 4152.1371 | 08741.0228 | 09:35:35 | 219.922759 | 358.998774 
 4152.1424 | 08741.0193 | 09:35:36 | 219.925722 | 359.004893 
 4152.1388 | 08741.0102 | 09:35:38 | 219.933577 | 359.000811 
 4152.1399 | 08741.0047 | 09:35:39 | 219.938296 | 359.002112 
 4152.1404 | 08740.9989 | 09:35:40 | 219.943278 | 359.002725 
 4152.1406 | 08740.9926 | 09:35:41 | 219.948693 | 359.002996 
 4152.1408 | 08740.9861 | 09:35:42 | 219.954280 | 359.003269 
 4152.1407 | 08740.9793 | 09:35:43 | 219.960127 | 359.003198 
 4152.1405 | 08740.9722 | 09:35:44 | 219.966233 | 359.003014 
 4152.1405 | 08740.9649 | 09:35:45 | 219.972509 | 359.003062 
 4152.1405 | 08740.9573 | 09:35:46 | 219.979044 | 359.003111 
 4152.1405 | 08740.9497 | 09:35:47 | 219.985578 | 359.003161 
 4152.1405 | 08740.9421 | 09:35:48 | 219.992112 | 359.003210 
 4152.1406 | 08740.9344 | 09:35:49 | 219.998731 | 359.003376 
 4152.1409 | 08740.9268 | 09:35:50 | 220.005263 | 359.003770 
 4152.1410 | 08740.9194 | 09:35:51 | 220.011624 | 359.003934 
 4152.1408 | 08740.9122 | 09:35:52 | 220.017816 | 359.003751 
 4152.1406 | 08740.9052 | 09:35:53 | 220.023836 | 359.003566 
 4152.1405 | 08740.8986 | 09:35:54 | 220.029512 | 359.003494 
 4152.1403 | 08740.8922 | 09:35:55 | 220.035016 | 359.003306 
 4152.1406 | 08740.8859 | 09:35:56 | 220.040430 | 359.003692 
 4152.1406 | 08740.8798 | 09:35:57 | 220.045674 | 359.003732 
 4152.1403 | 08740.8736 | 09:35:58 | 220.051007 | 359.003427 
 4152.1403 | 08740.8671 | 09:35:59 | 220.056596 | 359.003470 
 4152.1406 | 08740.8606 | 09:36:00 | 220.062182 | 359.003857 
 4152.1409 | 08740.8539 | 09:36:01 | 220.067940 | 359.004246 
 4152.1410 | 08740.8472 | 09:36:02 | 220.073699 | 359.004405 
 4152.1409 | 08740.8406 | 09:36:03 | 220.079374 | 359.004333 
 4152.1408 | 08740.8339 | 09:36:04 | 220.085136 | 359.004262 
 4152.1407 | 08740.8271 | 09:36:05 | 220.090983 | 359.004191 
 4152.1410 | 08740.8203 | 09:36:06 | 220.096827 | 359.004581 
 4152.1411 | 08740.8134 | 09:36:07 | 220.102758 | 359.004741 
 4152.1412 | 08740.8065 | 09:36:08 | 220.108690 | 359.004901 
 4152.1411 | 08740.7995 | 09:36:09 | 220.114709 | 359.004832 
 4152.1412 | 08740.7922 | 09:36:10 | 220.120984 | 359.004995 
 4152.1414 | 08740.7847 | 09:36:11 | 220.127431 | 359.005274 
 4152.1416 | 08740.7771 | 09:36:12 | 220.133963 | 359.005554 
 4152.1416 | 08740.7694 | 09:36:13 | 220.140583 | 359.005604 
 4152.1417 | 08740.7614 | 09:36:14 | 220.147461 | 359.005772 
 4152.1417 | 08740.7533 | 09:36:15 | 220.154425 | 359.005825 
 4152.1417 | 08740.7452 | 09:36:16 | 220.161389 | 359.005878 
 4152.1417 | 08740.7369 | 09:36:17 | 220.168525 | 359.005932 
 4152.1417 | 08740.7285 | 09:36:18 | 220.175747 | 359.005987 
 4152.1419 | 08740.7199 | 09:36:19 | 220.183139 | 359.006274 
 4152.1421 | 08740.7112 | 09:36:20 | 220.190617 | 359.006561 
 4152.1421 | 08740.7026 | 09:36:21 | 220.198011 | 359.006617 
 4152.1422 | 08740.6940 | 09:36:22 | 220.205404 | 359.006789 
 4152.1423 | 08740.6858 | 09:36:23 | 220.212453 | 359.006957 
 4152.1423 | 08740.6777 | 09:36:24 | 220.219417 | 359.007011 
 4152.1423 | 08740.6698 | 09:36:25 | 220.226209 | 359.007062 
 4152.1423 | 08740.6621 | 09:36:26 | 220.232830 | 359.007113 
 4152.1423 | 08740.6546 | 09:36:27 | 220.239278 | 359.007162 
 4152.1423 | 08740.6476 | 09:36:28 | 220.245296 | 359.007208 
 4152.1424 | 08740.6410 | 09:36:29 | 220.250970 | 359.007367 
 4152.1426 | 08740.6305 | 09:36:31 | 220.259995 | 359.007666 
 4152.1428 | 08740.6268 | 09:36:32 | 220.263175 | 359.007920 
 4152.1425 | 08740.6228 | 09:36:34 | 220.266616 | 359.007601 
 4152.1422 | 08740.6221 | 09:36:35 | 220.267221 | 359.007261 
 4152.1419 | 08740.6218 | 09:36:36 | 220.267482 | 359.006918 
 4152.1419 | 08740.6217 | 09:36:37 | 220.267567 | 359.006918 
 4152.1417 | 08740.6215 | 09:36:38 | 220.267741 | 359.006690 
 4152.1414 | 08740.6212 | 09:36:39 | 220.268002 | 359.006347 
 4152.1411 | 08740.6212 | 09:36:40 | 220.268004 | 359.006001 
 4152.1410 | 08740.6213 | 09:36:41 | 220.267919 | 359.005886 
 4152.1410 | 08740.6213 | 09:36:42 | 220.267919 | 359.005886 
 4152.1407 | 08740.6210 | 09:36:43 | 220.268180 | 359.005543 
 4152.1406 | 08740.6204 | 09:36:44 | 220.268697 | 359.005432 
 4152.1402 | 08740.6172 | 09:36:46 | 220.271451 | 359.004992 
 4152.1398 | 08740.6099 | 09:36:48 | 220.277731 | 359.004580 
 4152.1397 | 08740.6050 | 09:36:49 | 220.281945 | 359.004498 
 4152.1404 | 08740.5989 | 09:36:50 | 220.287183 | 359.005343 
 4152.1405 | 08740.5925 | 09:36:51 | 220.292685 | 359.005500 
 4152.1400 | 08740.5854 | 09:36:52 | 220.298794 | 359.004972 
 4152.1397 | 08740.5782 | 09:36:53 | 220.304986 | 359.004674 
 4152.1395 | 08740.5712 | 09:36:54 | 220.311007 | 359.004490 
 4152.1394 | 08740.5645 | 09:36:55 | 220.316768 | 359.004419 
 4152.1395 | 08740.5520 | 09:36:57 | 220.327514 | 359.004616 
 4152.1396 | 08740.5405 | 09:36:59 | 220.337400 | 359.004807 
 4152.1397 | 08740.5351 | 09:37:00 | 220.342042 | 359.004958 
 4152.1429 | 08740.5216 | 09:37:02 | 220.353621 | 359.008727 
 4152.1431 | 08740.5164 | 09:37:03 | 220.358090 | 359.008992 
 4152.1435 | 08740.5111 | 09:37:04 | 220.362643 | 359.009487 
 4152.1445 | 08740.5051 | 09:37:05 | 220.367793 | 359.010677 
 4152.1451 | 08740.4992 | 09:37:06 | 220.372860 | 359.011406 
 4152.1457 | 08740.4931 | 09:37:07 | 220.378099 | 359.012136 
 4152.1462 | 08740.4869 | 09:37:08 | 220.383425 | 359.012752 
 4152.1463 | 08740.4806 | 09:37:09 | 220.388841 | 359.012909 
 4152.1465 | 08740.4746 | 09:37:10 | 220.393998 | 359.013178 
 4152.1467 | 08740.4688 | 09:37:11 | 220.398983 | 359.013447 
 4152.1467 | 08740.4633 | 09:37:12 | 220.403711 | 359.013483 
 4152.1468 | 08740.4582 | 09:37:13 | 220.408095 | 359.013632 
 4152.1470 | 08740.4533 | 09:37:14 | 220.412306 | 359.013894 
 4152.1472 | 08740.4485 | 09:37:15 | 220.416431 | 359.014156 
 4152.1472 | 08740.4440 | 09:37:16 | 220.420300 | 359.014185 
 4152.1473 | 08740.4398 | 09:37:17 | 220.423910 | 359.014328 
 4152.1474 | 08740.4361 | 09:37:18 | 220.427091 | 359.014468 
 4152.1474 | 08740.4330 | 09:37:19 | 220.429756 | 359.014488 
 4152.1474 | 08740.4304 | 09:37:20 | 220.431991 | 359.014505 
 4152.1474 | 08740.4287 | 09:37:21 | 220.433453 | 359.014516 
 4152.1474 | 08740.4276 | 09:37:22 | 220.434399 | 359.014524 
 4152.1475 | 08740.4264 | 09:37:23 | 220.435429 | 359.014647 
 4152.1475 | 08740.4246 | 09:37:24 | 220.436977 | 359.014659 
 4152.1477 | 08740.4219 | 09:37:25 | 220.439297 | 359.014906 
 4152.1478 | 08740.4186 | 09:37:26 | 220.442133 | 359.015043 
 4152.1477 | 08740.4146 | 09:37:27 | 220.445573 | 359.014955 
 4152.1481 | 08740.4099 | 09:37:28 | 220.449610 | 359.015446 
 4152.1480 | 08740.4045 | 09:37:29 | 220.454254 | 359.015367 
 4152.1484 | 08740.3986 | 09:37:30 | 220.459323 | 359.015866 
 4152.1487 | 08740.3921 | 09:37:31 | 220.464909 | 359.016254 
 4152.1491 | 08740.3852 | 09:37:32 | 220.470837 | 359.016759 
 4152.1491 | 08740.3779 | 09:37:33 | 220.477114 | 359.016808 
 4152.1493 | 08740.3705 | 09:37:34 | 220.483474 | 359.017087 
 4152.1495 | 08740.3629 | 09:37:35 | 220.490007 | 359.017367 
 4152.1496 | 08740.3551 | 09:37:36 | 220.496712 | 359.017534 
 4152.1496 | 08740.3475 | 09:37:37 | 220.503246 | 359.017584 
 4152.1495 | 08740.3402 | 09:37:38 | 220.509523 | 359.017517 
 4152.1496 | 08740.3336 | 09:37:39 | 220.515197 | 359.017676 
 4152.1498 | 08740.3280 | 09:37:40 | 220.520010 | 359.017943 
 4152.1501 | 08740.3197 | 09:37:42 | 220.527143 | 359.018343 
 4152.1500 | 08740.3168 | 09:37:43 | 220.529637 | 359.018247 
 4152.1498 | 08740.3142 | 09:37:44 | 220.531874 | 359.018035 
 4152.1499 | 08740.3119 | 09:37:45 | 220.533851 | 359.018165 
 4152.1500 | 08740.3097 | 09:37:46 | 220.535741 | 359.018294 
 4152.1500 | 08740.3075 | 09:37:47 | 220.537633 | 359.018309 
 4152.1522 | 08740.3027 | 09:37:50 | 220.541740 | 359.020871 
 4152.1538 | 08740.3041 | 09:37:51 | 220.540522 | 359.022702 
 4152.1566 | 08740.3057 | 09:37:52 | 220.539122 | 359.025913 
 4152.1587 | 08740.3068 | 09:37:53 | 220.538158 | 359.028321 
 4152.1603 | 08740.3075 | 09:37:54 | 220.537542 | 359.030157 
 4152.1622 | 08740.3048 | 09:37:55 | 220.539846 | 359.032360 
 4152.1638 | 08740.3033 | 09:37:56 | 220.541121 | 359.034210 
 4152.1599 | 08740.3032 | 09:37:58 | 220.541242 | 359.029725 
 4152.1524 | 08740.3020 | 09:37:59 | 220.542340 | 359.021106 
 4152.1513 | 08740.2975 | 09:38:00 | 220.546219 | 359.019871 
 4152.1513 | 08740.2975 | 09:38:01 | 220.546219 | 359.019871 
 4152.1495 | 08740.2926 | 09:38:03 | 220.550448 | 359.017833 
 4152.1499 | 08740.2920 | 09:38:04 | 220.550960 | 359.018297 
 4152.1505 | 08740.2908 | 09:38:05 | 220.551986 | 359.018995 
 4152.1496 | 08740.2831 | 09:38:06 | 220.558615 | 359.018011 
 4152.1491 | 08740.2772 | 09:38:07 | 220.563692 | 359.017475 
 4152.1487 | 08740.2712 | 09:38:08 | 220.568854 | 359.017054 
 4152.1486 | 08740.2647 | 09:38:09 | 220.574443 | 359.016982 
 4152.1484 | 08740.2575 | 09:38:10 | 220.580635 | 359.016800 
 4152.1483 | 08740.2499 | 09:38:11 | 220.587170 | 359.016735 
 4152.1482 | 08740.2419 | 09:38:12 | 220.594049 | 359.016674 
 4152.1479 | 08740.2337 | 09:38:13 | 220.601102 | 359.016383 
 4152.1477 | 08740.2254 | 09:38:14 | 220.608240 | 359.016208 
 4152.1470 | 08740.2163 | 09:38:15 | 220.616070 | 359.015463 
 4152.1466 | 08740.2078 | 09:38:16 | 220.623381 | 359.015060 
 4152.1464 | 08740.1997 | 09:38:17 | 220.630347 | 359.014883 
 4152.1463 | 08740.1845 | 09:38:19 | 220.643416 | 359.014869 
 4152.1464 | 08740.1772 | 09:38:20 | 220.649692 | 359.015033 
 4152.1464 | 08740.1699 | 09:38:21 | 220.655968 | 359.015081 
 4152.1464 | 08740.1626 | 09:38:22 | 220.662244 | 359.015130 
 4152.1464 | 08740.1553 | 09:38:23 | 220.668520 | 359.015178 
 4152.1475 | 08740.1572 | 09:38:24 | 220.666877 | 359.016431 
 4152.1476 | 08740.1532 | 09:38:25 | 220.670315 | 359.016573 
 4152.1481 | 08740.1510 | 09:38:26 | 220.672202 | 359.017162 
 4152.1495 | 08740.1493 | 09:38:27 | 220.673651 | 359.018784 
 4152.1499 | 08740.1480 | 09:38:28 | 220.674765 | 359.019253 
 4152.1501 | 08740.1469 | 09:38:29 | 220.675709 | 359.019490 
 4152.1507 | 08740.1463 | 09:38:30 | 220.676220 | 359.020184 
 4152.1510 | 08740.1462 | 09:38:31 | 220.676303 | 359.020530 
 4152.1508 | 08740.1448 | 09:38:33 | 220.677509 | 359.020309 
 4152.1511 | 08740.1422 | 09:38:34 | 220.679741 | 359.020672 
 4152.1514 | 08740.1384 | 09:38:35 | 220.683006 | 359.021042 
 4152.1515 | 08740.1342 | 09:38:36 | 220.686616 | 359.021185 
 4152.1518 | 08740.1289 | 09:38:37 | 220.691170 | 359.021565 
 4152.1522 | 08740.1229 | 09:38:38 | 220.696325 | 359.022065 
 4152.1525 | 08740.1163 | 09:38:39 | 220.701997 | 359.022454 
 4152.1528 | 08740.1093 | 09:38:40 | 220.708012 | 359.022846 
 4152.1530 | 08740.1021 | 09:38:41 | 220.714201 | 359.023124 
 4152.1531 | 08740.0946 | 09:38:42 | 220.720648 | 359.023289 
 4152.1531 | 08740.0796 | 09:38:44 | 220.733545 | 359.023389 
 4152.1532 | 08740.0507 | 09:38:48 | 220.758391 | 359.023697 
 4152.1532 | 08740.0445 | 09:38:49 | 220.763721 | 359.023738 
 4152.1531 | 08740.0388 | 09:38:50 | 220.768623 | 359.023661 
 4152.1530 | 08740.0338 | 09:38:51 | 220.772922 | 359.023579 
 4152.1529 | 08740.0295 | 09:38:52 | 220.776620 | 359.023493 
 4152.1533 | 08740.0258 | 09:38:53 | 220.779798 | 359.023978 
 4152.1548 | 08740.0226 | 09:38:54 | 220.782536 | 359.025725 
 4152.1549 | 08740.0201 | 09:38:55 | 220.784684 | 359.025856 
 4152.1550 | 08740.0182 | 09:38:56 | 220.786317 | 359.025984 
 4152.1524 | 08740.0165 | 09:38:58 | 220.787802 | 359.023005 
 4152.1523 | 08740.0160 | 09:38:59 | 220.788232 | 359.022893 
 4152.1526 | 08740.0158 | 09:39:00 | 220.788402 | 359.023239 
 4152.1521 | 08740.0160 | 09:39:01 | 220.788234 | 359.022663 
 4152.1522 | 08740.0161 | 09:39:02 | 220.788147 | 359.022777 
 4152.1522 | 08740.0161 | 09:39:03 | 220.788147 | 359.022777 
 4152.1522 | 08740.0161 | 09:39:04 | 220.788147 | 359.022777 
 4152.1522 | 08740.0161 | 09:39:05 | 220.788147 | 359.022777 
 4152.1522 | 08740.0161 | 09:39:06 | 220.788147 | 359.022777 
 4152.1522 | 08740.0161 | 09:39:07 | 220.788147 | 359.022777 
 4152.1522 | 08740.0161 | 09:39:08 | 220.788147 | 359.022777 
 4152.1522 | 08740.0161 | 09:39:09 | 220.788147 | 359.022777 
 4152.1522 | 08740.0161 | 09:39:10 | 220.788147 | 359.022777 
 4152.1522 | 08740.0161 | 09:39:11 | 220.788147 | 359.022777 
 4152.1522 | 08740.0161 | 09:39:12 | 220.788147 | 359.022777 
 4152.1522 | 08740.0161 | 09:39:13 | 220.788147 | 359.022777 
 4152.1522 | 08740.0161 | 09:39:14 | 220.788147 | 359.022777 
 4152.1522 | 08740.0161 | 09:39:15 | 220.788147 | 359.022777 
 4152.1522 | 08740.0161 | 09:39:16 | 220.788147 | 359.022777 
 4152.1522 | 08740.0161 | 09:39:17 | 220.788147 | 359.022777 
 4152.1522 | 08740.0161 | 09:39:18 | 220.788147 | 359.022777 
 4152.1522 | 08740.0161 | 09:39:19 | 220.788147 | 359.022777 
 4152.1527 | 08740.0166 | 09:39:20 | 220.787713 | 359.023349 
 4152.1530 | 08740.0153 | 09:39:21 | 220.788828 | 359.023703 
 4152.1534 | 08740.0137 | 09:39:22 | 220.790200 | 359.024174 
 4152.1536 | 08740.0124 | 09:39:23 | 220.791316 | 359.024412 
 4152.1537 | 08740.0112 | 09:39:24 | 220.792347 | 359.024535 
 4152.1539 | 08740.0102 | 09:39:25 | 220.793205 | 359.024772 
 4152.1538 | 08740.0095 | 09:39:26 | 220.793807 | 359.024662 
 4152.1533 | 08740.0089 | 09:39:27 | 220.794328 | 359.024091 
 4152.1531 | 08740.0080 | 09:39:28 | 220.795103 | 359.023867 
 4152.1528 | 08740.0066 | 09:39:29 | 220.796310 | 359.023531 
 4152.1525 | 08740.0043 | 09:39:30 | 220.798290 | 359.023201 
 4152.1526 | 08740.0012 | 09:39:31 | 220.800954 | 359.023337 
 4152.1526 | 08739.9976 | 09:39:32 | 220.804049 | 359.023361 
 4152.1528 | 08739.9933 | 09:39:33 | 220.807744 | 359.023620 
 4152.1528 | 08739.9887 | 09:39:34 | 220.811699 | 359.023650 
 4152.1528 | 08739.9840 | 09:39:35 | 220.815740 | 359.023682 
 4152.1528 | 08739.9792 | 09:39:36 | 220.819867 | 359.023714 
 4152.1526 | 08739.9738 | 09:39:37 | 220.824512 | 359.023520 
 4152.1523 | 08739.9680 | 09:39:38 | 220.829501 | 359.023214 
 4152.1521 | 08739.9618 | 09:39:39 | 220.834833 | 359.023025 
 4152.1522 | 08739.9553 | 09:39:40 | 220.840421 | 359.023183 
 4152.1524 | 08739.9486 | 09:39:41 | 220.846179 | 359.023458 
 4152.1535 | 08739.9415 | 09:39:42 | 220.852274 | 359.024771 
 4152.1544 | 08739.9342 | 09:39:43 | 220.858542 | 359.025855 
 4152.1551 | 08739.9269 | 09:39:44 | 220.864812 | 359.026709 
 4152.1555 | 08739.9195 | 09:39:45 | 220.871171 | 359.027219 
 4152.1558 | 08739.9120 | 09:39:46 | 220.877616 | 359.027614 
 4152.1561 | 08739.9046 | 09:39:47 | 220.883976 | 359.028009 
 4152.1561 | 08739.8974 | 09:39:48 | 220.890166 | 359.028057 
 4152.1560 | 08739.8904 | 09:39:49 | 220.896185 | 359.027989 
 4152.1564 | 08739.8839 | 09:39:50 | 220.901770 | 359.028492 
 4152.1565 | 08739.8781 | 09:39:51 | 220.906756 | 359.028646 
 4152.1565 | 08739.8733 | 09:39:52 | 220.910882 | 359.028678 
 4152.1565 | 08739.8693 | 09:39:53 | 220.914321 | 359.028705 
 4152.1564 | 08739.8661 | 09:39:54 | 220.917074 | 359.028611 
 4152.1562 | 08739.8635 | 09:39:55 | 220.919311 | 359.028399 
 4152.1562 | 08739.8614 | 09:39:56 | 220.921116 | 359.028413 
 4152.1561 | 08739.8597 | 09:39:57 | 220.922579 | 359.028309 
 4152.1558 | 08739.8582 | 09:39:58 | 220.923871 | 359.027974 
 4152.1555 | 08739.8567 | 09:39:59 | 220.925163 | 359.027639 
 4152.1551 | 08739.8551 | 09:40:00 | 220.926543 | 359.027190 
 4152.1550 | 08739.8537 | 09:40:01 | 220.927747 | 359.027084 
 4152.1549 | 08739.8521 | 09:40:02 | 220.929124 | 359.026980 
 4152.1567 | 08739.8495 | 09:40:03 | 220.931343 | 359.029068 
 4152.1564 | 08739.8460 | 09:40:04 | 220.934355 | 359.028746 
 4152.1565 | 08739.8416 | 09:40:05 | 220.938137 | 359.028891 
 4152.1564 | 08739.8366 | 09:40:06 | 220.942436 | 359.028809 
 4152.1571 | 08739.8309 | 09:40:07 | 220.947331 | 359.029653 
 4152.1571 | 08739.8248 | 09:40:08 | 220.952575 | 359.029693 
 4152.1571 | 08739.8181 | 09:40:09 | 220.958336 | 359.029738 
 4152.1569 | 08739.8111 | 09:40:10 | 220.964356 | 359.029555 
 4152.1569 | 08739.8038 | 09:40:11 | 220.970632 | 359.029604 
 4152.1568 | 08739.7964 | 09:40:12 | 220.976995 | 359.029539 
 4152.1567 | 08739.7887 | 09:40:13 | 220.983616 | 359.029476 
 4152.1563 | 08739.7809 | 09:40:14 | 220.990326 | 359.029068 
 4152.1566 | 08739.7729 | 09:40:15 | 220.997201 | 359.029467 
 4152.1561 | 08739.7571 | 09:40:17 | 221.010790 | 359.028998 
 4152.1559 | 08739.7491 | 09:40:18 | 221.017670 | 359.028821 
 4152.1556 | 08739.7410 | 09:40:19 | 221.024637 | 359.028531 
 4152.1552 | 08739.7327 | 09:40:20 | 221.031776 | 359.028126 
 4152.1547 | 08739.7243 | 09:40:21 | 221.039003 | 359.027608 
 4152.1542 | 08739.7156 | 09:40:22 | 221.046487 | 359.027091 
 4152.1536 | 08739.7065 | 09:40:23 | 221.054316 | 359.026462 
 4152.1537 | 08739.6972 | 09:40:24 | 221.062311 | 359.026640 
 4152.1541 | 08739.6880 | 09:40:25 | 221.070217 | 359.027162 
 4152.1541 | 08739.6790 | 09:40:26 | 221.077955 | 359.027222 
 4152.1584 | 08739.6696 | 09:40:27 | 221.085998 | 359.032232 
 4152.1590 | 08739.6605 | 09:40:28 | 221.093817 | 359.032983 
 4152.1591 | 08739.6513 | 09:40:29 | 221.101725 | 359.033160 
 4152.1591 | 08739.6419 | 09:40:30 | 221.109807 | 359.033223 
 4152.1590 | 08739.6326 | 09:40:31 | 221.117804 | 359.033171 
 4152.1586 | 08739.6234 | 09:40:32 | 221.125717 | 359.032773 
 4152.1585 | 08739.6142 | 09:40:33 | 221.133628 | 359.032720 
 4152.1583 | 08739.6051 | 09:40:34 | 221.141454 | 359.032551 
 4152.1588 | 08739.5960 | 09:40:35 | 221.149273 | 359.033188 
 4152.1586 | 08739.5869 | 09:40:36 | 221.157098 | 359.033019 
 4152.1584 | 08739.5780 | 09:40:37 | 221.164752 | 359.032849 
 4152.1585 | 08739.5691 | 09:40:38 | 221.172403 | 359.033024 
 4152.1587 | 08739.5602 | 09:40:39 | 221.180053 | 359.033314 
 4152.1594 | 08739.5514 | 09:40:40 | 221.187613 | 359.034179 
 4152.1599 | 08739.5429 | 09:40:41 | 221.194916 | 359.034811 
 4152.1603 | 08739.5346 | 09:40:42 | 221.202048 | 359.035328 
 4152.1607 | 08739.5265 | 09:40:43 | 221.209009 | 359.035842 
 4152.1608 | 08739.5184 | 09:40:44 | 221.215972 | 359.036012 
 4152.1609 | 08739.5103 | 09:40:45 | 221.222935 | 359.036182 
 4152.1611 | 08739.5022 | 09:40:46 | 221.229897 | 359.036467 
 4152.1614 | 08739.4943 | 09:40:47 | 221.236687 | 359.036865 
 4152.1618 | 08739.4864 | 09:40:48 | 221.243475 | 359.037379 
 4152.1621 | 08739.4785 | 09:40:49 | 221.250265 | 359.037777 
 4152.1621 | 08739.4709 | 09:40:50 | 221.256799 | 359.037829 
 4152.1621 | 08739.4637 | 09:40:51 | 221.262989 | 359.037877 
 4152.1622 | 08739.4570 | 09:40:52 | 221.268748 | 359.038038 
 4152.1622 | 08739.4510 | 09:40:53 | 221.273907 | 359.038078 
 4152.1622 | 08739.4459 | 09:40:54 | 221.278292 | 359.038113 
 4152.1621 | 08739.4415 | 09:40:55 | 221.282076 | 359.038028 
 4152.1622 | 08739.4378 | 09:40:56 | 221.285256 | 359.038168 
 4152.1621 | 08739.4349 | 09:40:57 | 221.287750 | 359.038072 
 4152.1623 | 08739.4331 | 09:40:58 | 221.289296 | 359.038314 
 4152.1622 | 08739.4325 | 09:40:59 | 221.289812 | 359.038204 
 4152.1624 | 08739.4325 | 09:41:00 | 221.289811 | 359.038434 
 4152.1623 | 08739.4325 | 09:41:01 | 221.289812 | 359.038319 
 4152.1623 | 08739.4325 | 09:41:02 | 221.289812 | 359.038319 
 4152.1623 | 08739.4325 | 09:41:03 | 221.289812 | 359.038319 
 4152.1620 | 08739.4319 | 09:41:04 | 221.290330 | 359.037978 
 4152.1618 | 08739.4312 | 09:41:05 | 221.290934 | 359.037752 
 4152.1616 | 08739.4298 | 09:41:06 | 221.292139 | 359.037532 
 4152.1613 | 08739.4282 | 09:41:07 | 221.293518 | 359.037197 
 4152.1610 | 08739.4266 | 09:41:08 | 221.294896 | 359.036863 
 4152.1610 | 08739.4255 | 09:41:09 | 221.295842 | 359.036871 
 4152.1611 | 08739.4249 | 09:41:10 | 221.296357 | 359.036990 
 4152.1612 | 08739.4248 | 09:41:11 | 221.296442 | 359.037105 
 4152.1617 | 08739.4248 | 09:41:12 | 221.296437 | 359.037681 
 4152.1617 | 08739.4248 | 09:41:13 | 221.296437 | 359.037681 
 4152.1617 | 08739.4248 | 09:41:14 | 221.296437 | 359.037681 
 4152.1611 | 08739.4243 | 09:41:15 | 221.296872 | 359.036994 
 4152.1609 | 08739.4236 | 09:41:16 | 221.297476 | 359.036768 
 4152.1613 | 08739.4227 | 09:41:17 | 221.298246 | 359.037235 
 4152.1614 | 08739.4216 | 09:41:18 | 221.299191 | 359.037357 
 4152.1616 | 08739.4201 | 09:41:19 | 221.300479 | 359.037597 
 4152.1618 | 08739.4180 | 09:41:20 | 221.302283 | 359.037842 
 4152.1616 | 08739.4151 | 09:41:21 | 221.304778 | 359.037631 
 4152.1618 | 08739.4110 | 09:41:22 | 221.308301 | 359.037889 
 4152.1617 | 08739.4061 | 09:41:23 | 221.312515 | 359.037807 
 4152.1615 | 08739.4005 | 09:41:24 | 221.317331 | 359.037615 
 4152.1614 | 08739.3944 | 09:41:25 | 221.322577 | 359.037541 
 4152.1621 | 08739.3878 | 09:41:26 | 221.328245 | 359.038391 
 4152.1622 | 08739.3810 | 09:41:27 | 221.334090 | 359.038552 
 4152.1622 | 08739.3740 | 09:41:28 | 221.340108 | 359.038600 
 4152.1621 | 08739.3668 | 09:41:29 | 221.346299 | 359.038534 
 4152.1621 | 08739.3594 | 09:41:30 | 221.352662 | 359.038584 
 4152.1636 | 08739.3518 | 09:41:31 | 221.359182 | 359.040361 
 4152.1637 | 08739.3441 | 09:41:32 | 221.365801 | 359.040528 
 4152.1637 | 08739.3364 | 09:41:33 | 221.372422 | 359.040580 
 4152.1637 | 08739.3286 | 09:41:34 | 221.379128 | 359.040633 
 4152.1637 | 08739.3207 | 09:41:35 | 221.385920 | 359.040687 
 4152.1636 | 08739.3129 | 09:41:36 | 221.392627 | 359.040625 
 4152.1634 | 08739.3049 | 09:41:37 | 221.399507 | 359.040449 
 4152.1656 | 08739.2968 | 09:41:38 | 221.406451 | 359.043035 
 4152.1659 | 08739.2887 | 09:41:39 | 221.413412 | 359.043435 
 4152.1660 | 08739.2805 | 09:41:40 | 221.420461 | 359.043606 
 4152.1658 | 08739.2723 | 09:41:41 | 221.427513 | 359.043431 
 4152.1655 | 08739.2641 | 09:41:42 | 221.434566 | 359.043142 
 4152.1654 | 08739.2562 | 09:41:43 | 221.441359 | 359.043081 
 4152.1651 | 08739.2486 | 09:41:44 | 221.447896 | 359.042787 
 4152.1649 | 08739.2414 | 09:41:45 | 221.454088 | 359.042606 
 4152.1647 | 08739.2342 | 09:41:46 | 221.460280 | 359.042425 
 4152.1644 | 08739.2269 | 09:41:47 | 221.466559 | 359.042130 
 4152.1641 | 08739.2194 | 09:41:48 | 221.473010 | 359.041836 
 4152.1648 | 08739.2117 | 09:41:49 | 221.479623 | 359.042693 
 4152.1645 | 08739.2039 | 09:41:50 | 221.486332 | 359.042402 
 4152.1641 | 08739.1960 | 09:41:51 | 221.493128 | 359.041995 
 4152.1633 | 08739.1880 | 09:41:52 | 221.500013 | 359.041130 
 4152.1626 | 08739.1803 | 09:41:53 | 221.506640 | 359.040377 
 4152.1622 | 08739.1729 | 09:41:54 | 221.513006 | 359.039967 
 4152.1614 | 08739.1659 | 09:41:55 | 221.519031 | 359.039095 
 4152.1608 | 08739.1590 | 09:41:56 | 221.524969 | 359.038452 
 4152.1602 | 08739.1524 | 09:41:57 | 221.530649 | 359.037806 
 4152.1598 | 08739.1462 | 09:41:58 | 221.535983 | 359.037389 
 4152.1596 | 08739.1409 | 09:41:59 | 221.540542 | 359.037195 
 4152.1675 | 08739.1370 | 09:42:00 | 221.543823 | 359.046308 
 4152.1679 | 08739.1348 | 09:42:01 | 221.545710 | 359.046783 
 4152.1679 | 08739.1338 | 09:42:02 | 221.546570 | 359.046790 
 4152.1679 | 08739.1332 | 09:42:03 | 221.547086 | 359.046794 
 4152.1682 | 08739.1325 | 09:42:04 | 221.547685 | 359.047144 
 4152.1685 | 08739.1318 | 09:42:05 | 221.548284 | 359.047494 
 4152.1687 | 08739.1311 | 09:42:06 | 221.548884 | 359.047729 
 4152.1691 | 08739.1304 | 09:42:07 | 221.549482 | 359.048194 
 4152.1702 | 08739.1297 | 09:42:08 | 221.550074 | 359.049464 
 4152.1724 | 08739.1294 | 09:42:09 | 221.550312 | 359.051996 
 4152.1750 | 08739.1295 | 09:42:10 | 221.550202 | 359.054986 
 4152.1779 | 08739.1298 | 09:42:11 | 221.549918 | 359.058320 
 4152.1811 | 08739.1301 | 09:42:12 | 221.549631 | 359.061999 
 4152.1848 | 08739.1305 | 09:42:13 | 221.549253 | 359.066252 
 4152.1888 | 08739.1309 | 09:42:14 | 221.548873 | 359.070850 
 4152.1932 | 08739.1312 | 09:42:15 | 221.548575 | 359.075909 
 4152.1978 | 08739.1312 | 09:42:16 | 221.548533 | 359.081200 
 4152.2017 | 08739.1318 | 09:42:17 | 221.547981 | 359.085682 
 4152.2058 | 08739.1327 | 09:42:18 | 221.547170 | 359.090392 
 4152.2100 | 08739.1327 | 09:42:19 | 221.547132 | 359.095223 
 4152.2138 | 08739.1331 | 09:42:20 | 221.546753 | 359.099592 
 4152.2177 | 08739.1336 | 09:42:21 | 221.546288 | 359.104074 
 4152.2217 | 08739.1339 | 09:42:22 | 221.545993 | 359.108673 
 4152.2257 | 08739.1343 | 09:42:23 | 221.545613 | 359.113271 
 4152.2297 | 08739.1346 | 09:42:24 | 221.545318 | 359.117870 
 4152.2337 | 08739.1349 | 09:42:25 | 221.545024 | 359.122469 
 4152.2374 | 08739.1349 | 09:42:26 | 221.544990 | 359.126725 
 4152.2408 | 08739.1338 | 09:42:27 | 221.545905 | 359.130644 
 4152.2448 | 08739.1335 | 09:42:28 | 221.546126 | 359.135247 
 4152.2487 | 08739.1331 | 09:42:29 | 221.546434 | 359.139735 
 4152.2523 | 08739.1327 | 09:42:30 | 221.546746 | 359.143879 
 4152.2555 | 08739.1321 | 09:42:31 | 221.547232 | 359.147564 
 4152.2583 | 08739.1313 | 09:42:32 | 221.547894 | 359.150790 
 4152.2609 | 08739.1305 | 09:42:33 | 221.548558 | 359.153786 
 4152.2506 | 08739.1315 | 09:42:34 | 221.547793 | 359.141932 
 4152.2410 | 08739.1321 | 09:42:35 | 221.547364 | 359.130885 
 4152.2412 | 08739.1323 | 09:42:36 | 221.547191 | 359.131114 
 4152.2414 | 08739.1324 | 09:42:37 | 221.547103 | 359.131343 
 4152.2414 | 08739.1324 | 09:42:39 | 221.547103 | 359.131343 
 4152.2414 | 08739.1324 | 09:42:40 | 221.547103 | 359.131343 
 4152.2414 | 08739.1324 | 09:42:41 | 221.547103 | 359.131343 
 4152.2414 | 08739.1324 | 09:42:42 | 221.547103 | 359.131343 
 4152.2410 | 08739.1324 | 09:42:43 | 221.547107 | 359.130883 
 4152.2409 | 08739.1321 | 09:42:44 | 221.547365 | 359.130770 
 4152.2398 | 08739.1322 | 09:42:45 | 221.547289 | 359.129504 
 4152.2388 | 08739.1322 | 09:42:46 | 221.547299 | 359.128354 
 4152.2402 | 08739.1292 | 09:42:47 | 221.549865 | 359.129985 
 4152.2417 | 08739.1263 | 09:42:48 | 221.552345 | 359.131730 
 4152.2431 | 08739.1235 | 09:42:49 | 221.554739 | 359.133359 
 4152.2417 | 08739.1255 | 09:42:50 | 221.553032 | 359.131735 
 4152.2406 | 08739.1268 | 09:42:51 | 221.551925 | 359.130461 
 4152.2404 | 08739.1270 | 09:42:52 | 221.551755 | 359.130230 
 4152.2403 | 08739.1271 | 09:42:53 | 221.551670 | 359.130114 
 4152.2400 | 08739.1281 | 09:42:54 | 221.550813 | 359.129762 
 4152.2400 | 08739.1281 | 09:42:55 | 221.550813 | 359.129762 
 4152.2400 | 08739.1281 | 09:42:56 | 221.550813 | 359.129762 
 4152.2400 | 08739.1281 | 09:42:57 | 221.550813 | 359.129762 
 4152.2400 | 08739.1281 | 09:42:58 | 221.550813 | 359.129762 
 4152.2400 | 08739.1281 | 09:42:59 | 221.550813 | 359.129762 
 4152.2400 | 08739.1281 | 09:43:00 | 221.550813 | 359.129762 
 4152.2400 | 08739.1281 | 09:43:01 | 221.550813 | 359.129762 
 4152.2400 | 08739.1281 | 09:43:02 | 221.550813 | 359.129762 
 4152.2400 | 08739.1281 | 09:43:03 | 221.550813 | 359.129762 
 4152.2400 | 08739.1281 | 09:43:04 | 221.550813 | 359.129762 
 4152.2400 | 08739.1281 | 09:43:05 | 221.550813 | 359.129762 
 4152.2400 | 08739.1281 | 09:43:06 | 221.550813 | 359.129762 
 4152.2400 | 08739.1281 | 09:43:07 | 221.550813 | 359.129762 
 4152.2400 | 08739.1281 | 09:43:08 | 221.550813 | 359.129762 
 4152.2400 | 08739.1281 | 09:43:09 | 221.550813 | 359.129762 
 4152.2400 | 08739.1281 | 09:43:10 | 221.550813 | 359.129762 
 4152.2400 | 08739.1281 | 09:43:11 | 221.550813 | 359.129762 
 4152.2400 | 08739.1281 | 09:43:12 | 221.550813 | 359.129762 
 4152.2400 | 08739.1281 | 09:43:13 | 221.550813 | 359.129762 
 4152.2400 | 08739.1281 | 09:43:14 | 221.550813 | 359.129762 
 4152.2400 | 08739.1281 | 09:43:15 | 221.550813 | 359.129762 
 4152.2400 | 08739.1281 | 09:43:16 | 221.550813 | 359.129762 
 4152.2400 | 08739.1281 | 09:43:17 | 221.550813 | 359.129762 
 4152.2400 | 08739.1281 | 09:43:18 | 221.550813 | 359.129762 
 4152.2400 | 08739.1281 | 09:43:19 | 221.550813 | 359.129762 
 4152.2400 | 08739.1281 | 09:43:20 | 221.550813 | 359.129762 
 4152.2400 | 08739.1281 | 09:43:21 | 221.550813 | 359.129762 
 4152.2400 | 08739.1281 | 09:43:22 | 221.550813 | 359.129762 
 4152.2400 | 08739.1281 | 09:43:23 | 221.550813 | 359.129762 
 4152.2400 | 08739.1281 | 09:43:24 | 221.550813 | 359.129762 
 4152.2400 | 08739.1281 | 09:43:25 | 221.550813 | 359.129762 
 4152.2400 | 08739.1281 | 09:43:26 | 221.550813 | 359.129762 
 4152.2400 | 08739.1281 | 09:43:27 | 221.550813 | 359.129762 
 4152.2400 | 08739.1281 | 09:43:28 | 221.550813 | 359.129762 
 4152.2400 | 08739.1281 | 09:43:29 | 221.550813 | 359.129762 
 4152.2400 | 08739.1281 | 09:43:30 | 221.550813 | 359.129762 
 4152.2400 | 08739.1281 | 09:43:31 | 221.550813 | 359.129762 
 4152.2400 | 08739.1281 | 09:43:32 | 221.550813 | 359.129762 
 4152.2400 | 08739.1281 | 09:43:33 | 221.550813 | 359.129762 
 4152.2400 | 08739.1281 | 09:43:34 | 221.550813 | 359.129762 
 4152.2400 | 08739.1281 | 09:43:35 | 221.550813 | 359.129762 
 4152.2400 | 08739.1281 | 09:43:36 | 221.550813 | 359.129762 
 4152.2400 | 08739.1281 | 09:43:37 | 221.550813 | 359.129762 
 4152.2400 | 08739.1281 | 09:43:38 | 221.550813 | 359.129762 
 4152.2400 | 08739.1281 | 09:43:39 | 221.550813 | 359.129762 
 4152.2400 | 08739.1281 | 09:43:40 | 221.550813 | 359.129762 
 4152.2400 | 08739.1281 | 09:43:41 | 221.550813 | 359.129762 
 4152.2400 | 08739.1281 | 09:43:42 | 221.550813 | 359.129762 
 4152.2400 | 08739.1281 | 09:43:43 | 221.550813 | 359.129762 
 4152.2400 | 08739.1281 | 09:43:44 | 221.550813 | 359.129762 
 4152.2247 | 08739.1350 | 09:43:45 | 221.545020 | 359.112116 
 4152.2243 | 08739.1351 | 09:43:46 | 221.544938 | 359.111656 
 4152.2238 | 08739.1353 | 09:43:47 | 221.544770 | 359.111079 
 4152.2235 | 08739.1353 | 09:43:48 | 221.544773 | 359.110734 
 4152.2235 | 08739.1353 | 09:43:49 | 221.544773 | 359.110734 
 4152.2235 | 08739.1353 | 09:43:50 | 221.544773 | 359.110734 
 4152.2235 | 08739.1353 | 09:43:52 | 221.544773 | 359.110734 
 4152.2235 | 08739.1353 | 09:43:53 | 221.544773 | 359.110734 
 4152.2235 | 08739.1353 | 09:43:54 | 221.544773 | 359.110734 
 4152.2235 | 08739.1353 | 09:43:56 | 221.544773 | 359.110734 
 4152.2233 | 08739.1351 | 09:43:57 | 221.544947 | 359.110505 
 4152.2231 | 08739.1351 | 09:43:58 | 221.544949 | 359.110275 
 4152.2228 | 08739.1352 | 09:43:59 | 221.544865 | 359.109929 
 4152.2225 | 08739.1352 | 09:44:00 | 221.544868 | 359.109584 
 4152.2225 | 08739.1352 | 09:44:01 | 221.544868 | 359.109584 
 4152.2225 | 08739.1352 | 09:44:02 | 221.544868 | 359.109584 
 4152.2225 | 08739.1352 | 09:44:03 | 221.544868 | 359.109584 
 4152.2225 | 08739.1352 | 09:44:04 | 221.544868 | 359.109584 
 4152.2225 | 08739.1352 | 09:44:06 | 221.544868 | 359.109584 
 4152.2222 | 08739.1352 | 09:44:07 | 221.544871 | 359.109239 
 4152.2211 | 08739.1353 | 09:44:10 | 221.544795 | 359.107973 
 4152.2207 | 08739.1353 | 09:44:11 | 221.544799 | 359.107513 
 4152.2193 | 08739.1347 | 09:44:14 | 221.545327 | 359.105907 
 4152.2190 | 08739.1338 | 09:44:16 | 221.546104 | 359.105568 
 4152.2186 | 08739.1336 | 09:44:17 | 221.546279 | 359.105109 
 4152.2236 | 08739.1335 | 09:44:18 | 221.546320 | 359.110861 
 4152.2243 | 08739.1345 | 09:44:19 | 221.545454 | 359.111660 
 4152.2244 | 08739.1347 | 09:44:21 | 221.545281 | 359.111773 
 4152.2244 | 08739.1347 | 09:44:22 | 221.545281 | 359.111773 
 4152.2244 | 08739.1347 | 09:44:23 | 221.545281 | 359.111773 
 4152.2244 | 08739.1347 | 09:44:25 | 221.545281 | 359.111773 
 4152.2244 | 08739.1347 | 09:44:26 | 221.545281 | 359.111773 
 4152.2244 | 08739.1347 | 09:44:27 | 221.545281 | 359.111773 
 4152.2244 | 08739.1347 | 09:44:28 | 221.545281 | 359.111773 
 4152.2244 | 08739.1347 | 09:44:30 | 221.545281 | 359.111773 
 4152.2244 | 08739.1347 | 09:44:33 | 221.545281 | 359.111773 
 4152.2244 | 08739.1347 | 09:44:34 | 221.545281 | 359.111773 
 4152.2244 | 08739.1347 | 09:44:35 | 221.545281 | 359.111773 
 4152.2244 | 08739.1347 | 09:44:36 | 221.545281 | 359.111773 
 4152.2244 | 08739.1347 | 09:44:37 | 221.545281 | 359.111773 
 4152.2244 | 08739.1347 | 09:44:38 | 221.545281 | 359.111773 
 4152.2244 | 08739.1347 | 09:44:39 | 221.545281 | 359.111773 
 4152.2244 | 08739.1347 | 09:44:40 | 221.545281 | 359.111773 
 4152.2244 | 08739.1347 | 09:44:43 | 221.545281 | 359.111773 
 4152.2244 | 08739.1347 | 09:44:44 | 221.545281 | 359.111773 
 4152.2244 | 08739.1347 | 09:44:45 | 221.545281 | 359.111773 
 4152.2244 | 08739.1347 | 09:44:46 | 221.545281 | 359.111773 
 4152.2244 | 08739.1347 | 09:44:50 | 221.545281 | 359.111773 
 4152.2244 | 08739.1347 | 09:44:52 | 221.545281 | 359.111773 
 4152.2244 | 08739.1347 | 09:44:53 | 221.545281 | 359.111773 
 4152.2244 | 08739.1347 | 09:44:54 | 221.545281 | 359.111773 
 4152.2244 | 08739.1347 | 09:44:55 | 221.545281 | 359.111773 
 4152.2244 | 08739.1347 | 09:44:56 | 221.545281 | 359.111773 
 4152.2056 | 08739.1313 | 09:44:57 | 221.548375 | 359.090172 
 4152.2055 | 08739.1303 | 09:44:58 | 221.549236 | 359.090064 
 4152.2067 | 08739.1292 | 09:44:59 | 221.550171 | 359.091451 
 4152.2104 | 08739.1303 | 09:45:01 | 221.549191 | 359.095700 
 4152.2114 | 08739.1307 | 09:45:02 | 221.548838 | 359.096847 
 4152.2123 | 08739.1310 | 09:45:03 | 221.548572 | 359.097880 
 4152.2133 | 08739.1314 | 09:45:04 | 221.548219 | 359.099028 
 4152.2151 | 08739.1325 | 09:45:06 | 221.547257 | 359.101091 
 4152.2183 | 08739.1343 | 09:45:08 | 221.545680 | 359.104759 
 4152.2193 | 08739.1351 | 09:45:09 | 221.544983 | 359.105904 
 4152.2207 | 08739.1366 | 09:45:10 | 221.543681 | 359.107504 
 4152.2220 | 08739.1374 | 09:45:11 | 221.542981 | 359.108994 
 4152.2250 | 08739.1378 | 09:45:13 | 221.542610 | 359.112442 
 4152.2262 | 08739.1379 | 09:45:14 | 221.542513 | 359.113822 
 4152.2402 | 08739.1372 | 09:45:24 | 221.542987 | 359.129930 
 4152.2408 | 08739.1376 | 09:45:25 | 221.542638 | 359.130618 
 4152.2399 | 08739.1364 | 09:45:26 | 221.543678 | 359.129591 
 4152.2400 | 08739.1361 | 09:45:28 | 221.543935 | 359.129708 
 4152.2400 | 08739.1361 | 09:45:29 | 221.543935 | 359.129708 
 4152.2400 | 08739.1361 | 09:45:31 | 221.543935 | 359.129708 
 4152.2400 | 08739.1361 | 09:45:32 | 221.543935 | 359.129708 
 4152.2400 | 08739.1361 | 09:45:35 | 221.543935 | 359.129708 
 4152.2400 | 08739.1361 | 09:45:36 | 221.543935 | 359.129708 
 4152.2400 | 08739.1361 | 09:45:37 | 221.543935 | 359.129708 
 4152.2365 | 08739.1336 | 09:45:38 | 221.546116 | 359.125699 
 4152.2359 | 08739.1333 | 09:45:39 | 221.546379 | 359.125011 
 4152.2351 | 08739.1329 | 09:45:40 | 221.546731 | 359.124093 
 4152.2344 | 08739.1325 | 09:45:41 | 221.547081 | 359.123291 
 4152.2337 | 08739.1323 | 09:45:42 | 221.547259 | 359.122487 
 4152.2330 | 08739.1320 | 09:45:43 | 221.547523 | 359.121684 
 4152.2322 | 08739.1319 | 09:45:44 | 221.547617 | 359.120764 
 4152.2315 | 08739.1317 | 09:45:45 | 221.547795 | 359.119961 
 4152.2308 | 08739.1315 | 09:45:46 | 221.547973 | 359.119157 
 4152.2301 | 08739.1314 | 09:45:47 | 221.548066 | 359.118352 
 4152.2292 | 08739.1314 | 09:45:48 | 221.548074 | 359.117317 
 4152.2285 | 08739.1314 | 09:45:49 | 221.548080 | 359.116512 
 4152.2280 | 08739.1314 | 09:45:50 | 221.548085 | 359.115937 
 4152.2280 | 08739.1315 | 09:45:52 | 221.547999 | 359.115936 
 4152.2283 | 08739.1316 | 09:45:53 | 221.547910 | 359.116280 
 4152.2273 | 08739.1308 | 09:45:54 | 221.548607 | 359.115136 
 4152.2268 | 08739.1311 | 09:45:55 | 221.548354 | 359.114558 
 4152.2254 | 08739.1306 | 09:45:56 | 221.548796 | 359.112952 
 4152.2240 | 08739.1305 | 09:45:57 | 221.548895 | 359.111342 
 4152.2228 | 08739.1304 | 09:45:59 | 221.548992 | 359.109962 
 4152.2235 | 08739.1307 | 09:46:00 | 221.548728 | 359.110765 
 4152.2233 | 08739.1306 | 09:46:02 | 221.548816 | 359.110536 
 4152.2224 | 08739.1309 | 09:46:03 | 221.548566 | 359.109499 
 4152.2215 | 08739.1311 | 09:46:04 | 221.548402 | 359.108462 
 4152.2209 | 08739.1362 | 09:46:09 | 221.544023 | 359.107737 
 4152.2216 | 08739.1373 | 09:46:11 | 221.543071 | 359.108535 
 4152.2222 | 08739.1381 | 09:46:12 | 221.542378 | 359.109220 
 4152.2230 | 08739.1430 | 09:46:19 | 221.538158 | 359.110106 
 4152.2259 | 08739.1451 | 09:46:21 | 221.536326 | 359.113428 
 4152.2270 | 08739.1454 | 09:46:22 | 221.536058 | 359.114691 
 4152.2281 | 08739.1451 | 09:46:23 | 221.536306 | 359.115958 
 4152.2321 | 08739.1463 | 09:46:25 | 221.535237 | 359.120551 
 4152.2352 | 08739.1482 | 09:46:26 | 221.533576 | 359.124104 
 4152.2371 | 08739.1489 | 09:46:27 | 221.532956 | 359.126285 
 4152.2399 | 08739.1496 | 09:46:28 | 221.532329 | 359.129501 
 4152.2419 | 08739.1505 | 09:46:29 | 221.531537 | 359.131795 
 4152.2481 | 08739.1512 | 09:46:32 | 221.530879 | 359.138922 
 4152.2492 | 08739.1500 | 09:46:33 | 221.531900 | 359.140195 
 4152.2529 | 08739.1473 | 09:46:35 | 221.534188 | 359.144470 
 4152.2554 | 08739.1458 | 09:46:37 | 221.535455 | 359.147355 
 4152.2567 | 08739.1460 | 09:46:38 | 221.535271 | 359.148849 
 4152.2609 | 08739.1494 | 09:46:39 | 221.532309 | 359.153657 
 4152.2633 | 08739.1509 | 09:46:40 | 221.530998 | 359.156408 
 4152.2648 | 08739.1513 | 09:46:41 | 221.530640 | 359.158130 
 4152.2649 | 08739.1497 | 09:46:42 | 221.532015 | 359.158256 
 4152.2581 | 08739.1354 | 09:46:43 | 221.544371 | 359.150532 
 4152.2583 | 08739.1346 | 09:46:44 | 221.545057 | 359.150768 
 4152.2586 | 08739.1340 | 09:46:46 | 221.545570 | 359.151117 
 4152.2603 | 08739.1337 | 09:46:47 | 221.545813 | 359.153074 
 4152.2615 | 08739.1334 | 09:46:48 | 221.546060 | 359.154457 
 4152.2638 | 08739.1352 | 09:46:50 | 221.544491 | 359.157090 
 4152.2645 | 08739.1352 | 09:46:51 | 221.544485 | 359.157895 
 4152.2652 | 08739.1352 | 09:46:52 | 221.544478 | 359.158700 
 4152.2671 | 08739.1358 | 09:46:53 | 221.543945 | 359.160882 
 4152.2681 | 08739.1357 | 09:46:54 | 221.544022 | 359.162032 
 4152.2698 | 08739.1388 | 09:46:56 | 221.541341 | 359.163967 
 4152.2706 | 08739.1391 | 09:46:57 | 221.541076 | 359.164885 
 4152.2720 | 08739.1562 | 09:46:58 | 221.526362 | 359.166379 
 4152.2738 | 08739.1611 | 09:47:00 | 221.522133 | 359.168416 
 4152.2770 | 08739.1639 | 09:47:03 | 221.519696 | 359.172077 
 4152.2828 | 08739.1708 | 09:47:08 | 221.513711 | 359.178702 
 4152.2840 | 08739.1708 | 09:47:09 | 221.513700 | 359.180082 
 4152.2883 | 08739.1674 | 09:47:14 | 221.516584 | 359.185051 
 4152.2868 | 08739.1639 | 09:47:15 | 221.519607 | 359.183350 
 4152.2870 | 08739.1634 | 09:47:16 | 221.520035 | 359.183583 
 4152.2831 | 08739.1596 | 09:47:17 | 221.523338 | 359.179123 
 4152.2834 | 08739.1595 | 09:47:18 | 221.523421 | 359.179469 
 4152.2855 | 08739.1602 | 09:47:21 | 221.522800 | 359.181880 
 4152.2872 | 08739.1612 | 09:47:23 | 221.521925 | 359.183828 
 4152.2883 | 08739.1626 | 09:47:24 | 221.520711 | 359.185084 
 4152.2899 | 08739.1638 | 09:47:25 | 221.519665 | 359.186916 
 4152.2915 | 08739.1664 | 09:47:26 | 221.517415 | 359.188739 
 4152.2923 | 08739.1665 | 09:47:27 | 221.517322 | 359.189659 
 4152.2933 | 08739.1640 | 09:47:28 | 221.519462 | 359.190826 
 4152.2947 | 08739.1599 | 09:47:29 | 221.522974 | 359.192464 
 4152.2888 | 08739.1277 | 09:47:30 | 221.550711 | 359.185897 
 4152.2916 | 08739.1234 | 09:47:32 | 221.554382 | 359.189147 
 4152.2938 | 08739.1222 | 09:47:33 | 221.555394 | 359.191686 
 4152.2787 | 08739.1204 | 09:47:34 | 221.557079 | 359.174330 
 4152.2815 | 08739.1169 | 09:47:35 | 221.560063 | 359.177574 
 4152.2825 | 08739.1164 | 09:47:36 | 221.560483 | 359.178728 
 4152.2844 | 08739.1161 | 09:47:37 | 221.560724 | 359.180915 
 4152.2834 | 08739.1072 | 09:47:38 | 221.568385 | 359.179826 
 4152.2848 | 08739.1050 | 09:47:39 | 221.570263 | 359.181451 
 4152.2877 | 08739.1029 | 09:47:40 | 221.572042 | 359.184801 
 4152.2894 | 08739.1009 | 09:47:41 | 221.573746 | 359.186770 
 4152.2905 | 08739.0997 | 09:47:42 | 221.574768 | 359.188044 
 4152.2927 | 08739.0989 | 09:47:43 | 221.575436 | 359.190580 
 4152.2958 | 08739.0975 | 09:47:44 | 221.576611 | 359.194155 
 4152.2977 | 08739.0957 | 09:47:45 | 221.578141 | 359.196353 
 4152.2990 | 08739.0939 | 09:47:46 | 221.579677 | 359.197861 
 4152.3009 | 08739.0937 | 09:47:47 | 221.579831 | 359.200047 
 4152.2959 | 08739.0887 | 09:47:48 | 221.584176 | 359.194330 
 4152.2966 | 08739.0868 | 09:47:49 | 221.585803 | 359.195148 
 4152.2967 | 08739.0870 | 09:47:50 | 221.585630 | 359.195262 
 4152.2971 | 08739.0870 | 09:47:51 | 221.585626 | 359.195722 
 4152.3006 | 08739.0860 | 09:47:52 | 221.586454 | 359.199755 
 4152.3006 | 08739.0870 | 09:47:53 | 221.585594 | 359.199748 
 4152.3009 | 08739.0864 | 09:47:54 | 221.586107 | 359.200097 
 4152.3010 | 08739.0850 | 09:47:55 | 221.587310 | 359.200222 
 4152.3007 | 08739.0839 | 09:47:56 | 221.588258 | 359.199884 
 4152.3007 | 08739.0828 | 09:47:57 | 221.589204 | 359.199892 
 4152.3010 | 08739.0831 | 09:47:58 | 221.588943 | 359.200235 
 4152.2992 | 08739.0835 | 09:47:59 | 221.588616 | 359.198162 
 4152.2994 | 08739.0853 | 09:48:00 | 221.587067 | 359.198379 
 4152.3011 | 08739.0883 | 09:48:01 | 221.584472 | 359.200314 
 4152.3017 | 08739.0908 | 09:48:02 | 221.582317 | 359.200987 
 4152.3021 | 08739.0925 | 09:48:03 | 221.580852 | 359.201436 
 4152.3023 | 08739.0928 | 09:48:04 | 221.580592 | 359.201664 
 4152.3029 | 08739.0939 | 09:48:05 | 221.579641 | 359.202347 
 4152.3048 | 08739.0924 | 09:48:06 | 221.580913 | 359.204542 
 4152.3050 | 08739.0936 | 09:48:07 | 221.579880 | 359.204764 
 4152.2979 | 08739.0918 | 09:48:08 | 221.581492 | 359.196610 
 4152.2976 | 08739.0927 | 09:48:09 | 221.580721 | 359.196258 
 4152.2953 | 08739.0864 | 09:48:11 | 221.586158 | 359.193656 
 4152.2944 | 08739.0862 | 09:48:12 | 221.586339 | 359.192622 
 4152.2942 | 08739.0858 | 09:48:13 | 221.586684 | 359.192395 
 4152.2939 | 08739.0851 | 09:48:14 | 221.587289 | 359.192054 
 4152.2932 | 08739.0842 | 09:48:16 | 221.588069 | 359.191255 
 4152.2929 | 08739.0849 | 09:48:18 | 221.587470 | 359.190906 
 4152.2928 | 08739.0842 | 09:48:19 | 221.588073 | 359.190795 
 4152.2932 | 08739.0836 | 09:48:20 | 221.588585 | 359.191259 
 4152.2949 | 08739.0844 | 09:48:22 | 221.587882 | 359.193209 
 4152.2973 | 08739.0832 | 09:48:23 | 221.588891 | 359.195978 
 4152.2993 | 08739.0821 | 09:48:24 | 221.589819 | 359.198286 
 4152.3007 | 08739.0814 | 09:48:25 | 221.590408 | 359.199901 
 4152.3019 | 08739.0808 | 09:48:26 | 221.590913 | 359.201286 
 4152.3029 | 08739.0804 | 09:48:27 | 221.591247 | 359.202439 
 4152.3039 | 08739.0797 | 09:48:28 | 221.591840 | 359.203594 
 4152.3053 | 08739.0784 | 09:48:30 | 221.592945 | 359.205213 
 4152.3072 | 08739.0775 | 09:48:31 | 221.593701 | 359.207405 
 4152.3081 | 08739.0769 | 09:48:32 | 221.594209 | 359.208444 
 4152.3079 | 08739.0757 | 09:48:33 | 221.595242 | 359.208222 
 4152.3082 | 08739.0748 | 09:48:34 | 221.596013 | 359.208573 
 4152.3085 | 08739.0740 | 09:48:35 | 221.596698 | 359.208924 
 4152.3087 | 08739.0726 | 09:48:36 | 221.597900 | 359.209164 
 4152.3090 | 08739.0718 | 09:48:37 | 221.598585 | 359.209514 
 4152.3078 | 08739.0710 | 09:48:38 | 221.599284 | 359.208139 
 4152.3080 | 08739.0699 | 09:48:39 | 221.600228 | 359.208377 
 4152.3082 | 08739.0685 | 09:48:40 | 221.601430 | 359.208616 
 4152.3085 | 08739.0677 | 09:48:41 | 221.602115 | 359.208967 
 4152.3070 | 08739.0688 | 09:48:42 | 221.601183 | 359.207234 
 4152.3061 | 08739.0675 | 09:48:43 | 221.602309 | 359.206208 
 4152.3061 | 08739.0672 | 09:48:44 | 221.602566 | 359.206210 
 4152.3061 | 08739.0672 | 09:48:45 | 221.602566 | 359.206210 
 4152.3061 | 08739.0672 | 09:48:46 | 221.602566 | 359.206210 
 4152.3061 | 08739.0672 | 09:48:47 | 221.602566 | 359.206210 
 4152.3046 | 08739.0655 | 09:48:48 | 221.604042 | 359.204496 
 4152.3042 | 08739.0648 | 09:48:49 | 221.604647 | 359.204041 
 4152.3040 | 08739.0640 | 09:48:50 | 221.605337 | 359.203816 
 4152.3047 | 08739.0594 | 09:48:51 | 221.609285 | 359.204653 
 4152.3059 | 08739.0572 | 09:48:52 | 221.611166 | 359.206048 
 4152.3062 | 08739.0558 | 09:48:53 | 221.612366 | 359.206403 
 4152.3062 | 08739.0546 | 09:48:54 | 221.613398 | 359.206411 
 4152.3060 | 08739.0544 | 09:48:55 | 221.613572 | 359.206182 
 4152.3059 | 08739.0532 | 09:48:56 | 221.614604 | 359.206075 
 4152.3064 | 08739.0523 | 09:48:57 | 221.615374 | 359.206657 
 4152.3064 | 08739.0511 | 09:48:58 | 221.616405 | 359.206665 
 4152.3064 | 08739.0496 | 09:48:59 | 221.617695 | 359.206675 
 4152.3064 | 08739.0482 | 09:49:00 | 221.618899 | 359.206685 
 4152.3062 | 08739.0467 | 09:49:01 | 221.620190 | 359.206465 
 4152.3026 | 08739.0524 | 09:49:02 | 221.615322 | 359.202285 
 4152.3022 | 08739.0524 | 09:49:03 | 221.615326 | 359.201825 
 4152.3021 | 08739.0517 | 09:49:04 | 221.615929 | 359.201715 
 4152.3021 | 08739.0517 | 09:49:05 | 221.615929 | 359.201715 
 4152.3022 | 08739.0485 | 09:49:08 | 221.618679 | 359.201852 
 4152.3022 | 08739.0477 | 09:49:09 | 221.619367 | 359.201857 
 4152.3022 | 08739.0469 | 09:49:10 | 221.620055 | 359.201863 
 4152.3022 | 08739.0461 | 09:49:11 | 221.620742 | 359.201868 
 4152.3023 | 08739.0453 | 09:49:12 | 221.621429 | 359.201988 
 4152.3015 | 08739.0450 | 09:49:13 | 221.621694 | 359.201070 
 4152.3014 | 08739.0441 | 09:49:14 | 221.622469 | 359.200961 
 4152.3013 | 08739.0431 | 09:49:15 | 221.623330 | 359.200853 
 4152.3012 | 08739.0398 | 09:49:19 | 221.626168 | 359.200761 
 4152.3010 | 08739.0387 | 09:49:20 | 221.627115 | 359.200538 
 4152.3009 | 08739.0375 | 09:49:21 | 221.628148 | 359.200431 
 4152.3006 | 08739.0363 | 09:49:22 | 221.629182 | 359.200095 
 4152.2981 | 08739.0347 | 09:49:23 | 221.630581 | 359.197230 
 4152.2973 | 08739.0341 | 09:49:24 | 221.631104 | 359.196314 
 4152.2963 | 08739.0328 | 09:49:26 | 221.632231 | 359.195172 
 4152.2957 | 08739.0325 | 09:49:27 | 221.632494 | 359.194484 
 4152.2964 | 08739.0328 | 09:49:28 | 221.632230 | 359.195287 
 4152.2958 | 08739.0317 | 09:49:30 | 221.633181 | 359.194605 
 4152.2954 | 08739.0310 | 09:49:31 | 221.633786 | 359.194150 
 4152.2951 | 08739.0301 | 09:49:32 | 221.634563 | 359.193811 
 4152.2948 | 08739.0291 | 09:49:33 | 221.635425 | 359.193472 
 4152.2942 | 08739.0277 | 09:49:35 | 221.636635 | 359.192792 
 4152.2928 | 08739.0240 | 09:49:39 | 221.639828 | 359.191207 
 4152.2920 | 08739.0223 | 09:49:40 | 221.641297 | 359.190298 
 4152.2906 | 08739.0275 | 09:49:43 | 221.636839 | 359.188652 
 4152.2895 | 08739.0263 | 09:49:44 | 221.637881 | 359.187395 
 4152.2880 | 08739.0249 | 09:49:46 | 221.639099 | 359.185679 
 4152.2854 | 08739.0248 | 09:49:47 | 221.639208 | 359.182689 
 4152.2843 | 08739.0239 | 09:49:48 | 221.639992 | 359.181430 
 4152.2848 | 08739.0306 | 09:49:49 | 221.634227 | 359.181960 
 4152.2839 | 08739.0301 | 09:49:50 | 221.634665 | 359.180928 
 4152.2829 | 08739.0294 | 09:49:51 | 221.635276 | 359.179782 
 4152.2828 | 08739.0332 | 09:49:52 | 221.632010 | 359.179641 
 4152.2829 | 08739.0377 | 09:49:53 | 221.628141 | 359.179726 
 4152.2818 | 08739.0362 | 09:49:54 | 221.629440 | 359.178471 
 4152.2829 | 08739.0429 | 09:49:55 | 221.623670 | 359.179690 
 4152.2820 | 08739.0427 | 09:49:56 | 221.623850 | 359.178656 
 4152.2809 | 08739.0423 | 09:49:57 | 221.624204 | 359.177394 
 4152.2797 | 08739.0421 | 09:49:58 | 221.624387 | 359.176015 
 4152.2781 | 08739.0418 | 09:49:59 | 221.624660 | 359.174176 
 4152.2730 | 08739.0425 | 09:50:03 | 221.624104 | 359.168305 
 4152.2688 | 08739.0388 | 09:50:08 | 221.627324 | 359.163499 
 4152.2727 | 08739.0381 | 09:50:12 | 221.627890 | 359.167990 
 4152.2746 | 08739.0309 | 09:50:25 | 221.634063 | 359.170225 
 4152.2752 | 08739.0272 | 09:50:29 | 221.637238 | 359.170940 
 4152.2753 | 08739.0242 | 09:50:31 | 221.639817 | 359.171076 
 4152.2761 | 08739.0232 | 09:50:32 | 221.640669 | 359.172003 
 4152.2773 | 08739.0210 | 09:50:34 | 221.642549 | 359.173398 
 4152.2782 | 08739.0202 | 09:50:35 | 221.643229 | 359.174439 
 4152.2789 | 08739.0194 | 09:50:36 | 221.643910 | 359.175250 
 4152.2796 | 08739.0177 | 09:50:38 | 221.645365 | 359.176067 
 4152.2783 | 08739.0127 | 09:50:39 | 221.649676 | 359.174605 
 4152.2782 | 08739.0117 | 09:50:42 | 221.650537 | 359.174497 
 4152.2777 | 08739.0098 | 09:50:44 | 221.652175 | 359.173935 
 4152.2774 | 08739.0091 | 09:50:45 | 221.652779 | 359.173595 
 4152.2767 | 08739.0077 | 09:50:46 | 221.653989 | 359.172799 
 4152.2757 | 08739.0069 | 09:50:47 | 221.654686 | 359.171654 
 4152.2727 | 08739.0068 | 09:50:48 | 221.654800 | 359.168204 
 4152.2724 | 08739.0057 | 09:50:49 | 221.655748 | 359.167867 
 4152.2720 | 08739.0046 | 09:50:50 | 221.656698 | 359.167414 
 4152.2717 | 08739.0037 | 09:50:51 | 221.657474 | 359.167075 
 4152.2713 | 08739.0026 | 09:50:52 | 221.658423 | 359.166623 
 4152.2708 | 08739.0015 | 09:50:53 | 221.659374 | 359.166055 
 4152.2703 | 08738.9998 | 09:50:54 | 221.660840 | 359.165492 
 4152.2676 | 08738.9993 | 09:50:55 | 221.661294 | 359.162389 
 4152.2671 | 08738.9980 | 09:50:56 | 221.662417 | 359.161823 
 4152.2686 | 08738.9969 | 09:50:57 | 221.663349 | 359.163556 
 4152.2683 | 08738.9953 | 09:50:58 | 221.664727 | 359.163222 
 4152.2681 | 08738.9942 | 09:50:59 | 221.665674 | 359.162999 
 4152.2671 | 08738.9896 | 09:51:00 | 221.669638 | 359.161881 
 4152.2667 | 08738.9887 | 09:51:01 | 221.670416 | 359.161427 
 4152.2664 | 08738.9879 | 09:51:02 | 221.671106 | 359.161087 
 4152.2660 | 08738.9870 | 09:51:03 | 221.671884 | 359.160633 
 4152.2656 | 08738.9861 | 09:51:04 | 221.672661 | 359.160179 
 4152.2675 | 08738.9842 | 09:51:06 | 221.674277 | 359.162378 
 4152.2674 | 08738.9832 | 09:51:07 | 221.675138 | 359.162270 
 4152.2674 | 08738.9820 | 09:51:08 | 221.676170 | 359.162278 
 4152.2674 | 08738.9804 | 09:51:09 | 221.677545 | 359.162289 
 4152.2674 | 08738.9801 | 09:51:10 | 221.677803 | 359.162291 
 4152.2672 | 08738.9793 | 09:51:11 | 221.678493 | 359.162066 
 4152.2673 | 08738.9772 | 09:51:13 | 221.680297 | 359.162196 
 4152.2676 | 08738.9749 | 09:51:14 | 221.682272 | 359.162556 
 4152.2676 | 08738.9739 | 09:51:15 | 221.683132 | 359.162563 
 4152.2675 | 08738.9728 | 09:51:16 | 221.684078 | 359.162456 
 4152.2672 | 08738.9719 | 09:51:17 | 221.684855 | 359.162117 
 4152.2670 | 08738.9709 | 09:51:18 | 221.685716 | 359.161894 
 4152.2667 | 08738.9702 | 09:51:19 | 221.686321 | 359.161553 
 4152.2666 | 08738.9693 | 09:51:20 | 221.687096 | 359.161445 
 4152.2658 | 08738.9694 | 09:51:21 | 221.687017 | 359.160524 
 4152.2653 | 08738.9690 | 09:51:22 | 221.687365 | 359.159951 
 4152.2617 | 08738.9701 | 09:51:25 | 221.686453 | 359.155803 
 4152.2606 | 08738.9707 | 09:51:26 | 221.685947 | 359.154533 
 4152.2601 | 08738.9706 | 09:51:27 | 221.686037 | 359.153959 
 4152.2589 | 08738.9713 | 09:51:28 | 221.685447 | 359.152574 
