 4152.1692 | 08740.9371 | 10:27:06 | 219.996160 | 359.036255 
 4152.1703 | 08740.9369 | 10:27:17 | 219.996323 | 359.037522 
 4152.1703 | 08740.9369 | 10:27:18 | 219.996323 | 359.037522 
 4152.1703 | 08740.9369 | 10:27:19 | 219.996323 | 359.037522 
 4152.1703 | 08740.9369 | 10:27:20 | 219.996323 | 359.037522 
 4152.1703 | 08740.9369 | 10:27:21 | 219.996323 | 359.037522 
 4152.1703 | 08740.9369 | 10:27:22 | 219.996323 | 359.037522 
 4152.1703 | 08740.9369 | 10:27:23 | 219.996323 | 359.037522 
 4152.1745 | 08740.9425 | 10:27:24 | 219.991472 | 359.042316 
 4152.1750 | 08740.9432 | 10:27:25 | 219.990865 | 359.042887 
 4152.1757 | 08740.9438 | 10:27:26 | 219.990343 | 359.043688 
 4152.1767 | 08740.9441 | 10:27:27 | 219.990077 | 359.044837 
 4152.1778 | 08740.9442 | 10:27:28 | 219.989981 | 359.046101 
 4152.1789 | 08740.9441 | 10:27:29 | 219.990058 | 359.047367 
 4152.1800 | 08740.9441 | 10:27:30 | 219.990048 | 359.048632 
 4152.1809 | 08740.9441 | 10:27:31 | 219.990040 | 359.049668 
 4152.1818 | 08740.9441 | 10:27:32 | 219.990032 | 359.050703 
 4152.1829 | 08740.9442 | 10:27:33 | 219.989937 | 359.051967 
 4152.1842 | 08740.9443 | 10:27:34 | 219.989839 | 359.053462 
 4152.1858 | 08740.9445 | 10:27:35 | 219.989653 | 359.055301 
 4152.1875 | 08740.9447 | 10:27:36 | 219.989467 | 359.057255 
 4152.1891 | 08740.9449 | 10:27:37 | 219.989281 | 359.059094 
 4152.1907 | 08740.9451 | 10:27:38 | 219.989095 | 359.060934 
 4152.1923 | 08740.9453 | 10:27:39 | 219.988909 | 359.062773 
 4152.1940 | 08740.9459 | 10:27:40 | 219.988378 | 359.064724 
 4152.1958 | 08740.9462 | 10:27:41 | 219.988105 | 359.066793 
 4152.1976 | 08740.9465 | 10:27:42 | 219.987831 | 359.068861 
 4152.1995 | 08740.9466 | 10:27:43 | 219.987729 | 359.071046 
 4152.2017 | 08740.9466 | 10:27:44 | 219.987709 | 359.073577 
 4152.2040 | 08740.9467 | 10:27:45 | 219.987603 | 359.076221 
 4152.2065 | 08740.9466 | 10:27:46 | 219.987667 | 359.079098 
 4152.2094 | 08740.9465 | 10:27:47 | 219.987728 | 359.082434 
 4152.2127 | 08740.9464 | 10:27:48 | 219.987785 | 359.086231 
 4152.2162 | 08740.9465 | 10:27:49 | 219.987669 | 359.090256 
 4152.2199 | 08740.9467 | 10:27:50 | 219.987465 | 359.094510 
 4152.2238 | 08740.9469 | 10:27:51 | 219.987259 | 359.098995 
 4152.2278 | 08740.9471 | 10:27:52 | 219.987052 | 359.103595 
 4152.2318 | 08740.9473 | 10:27:53 | 219.986845 | 359.108195 
 4152.2360 | 08740.9474 | 10:27:54 | 219.986722 | 359.113025 
 4152.2402 | 08740.9475 | 10:27:55 | 219.986600 | 359.117855 
 4152.2444 | 08740.9477 | 10:27:56 | 219.986391 | 359.122685 
 4152.2486 | 08740.9480 | 10:27:57 | 219.986097 | 359.127514 
 4152.2525 | 08740.9481 | 10:27:58 | 219.985977 | 359.132000 
 4152.2564 | 08740.9483 | 10:27:59 | 219.985771 | 359.136484 
 4152.2602 | 08740.9484 | 10:28:00 | 219.985652 | 359.140855 
 4152.2639 | 08740.9485 | 10:28:01 | 219.985533 | 359.145110 
 4152.2676 | 08740.9486 | 10:28:02 | 219.985415 | 359.149365 
 4152.2711 | 08740.9486 | 10:28:03 | 219.985385 | 359.153391 
 4152.2743 | 08740.9487 | 10:28:04 | 219.985271 | 359.157071 
 4152.2768 | 08740.9485 | 10:28:05 | 219.985421 | 359.159948 
 4152.2787 | 08740.9482 | 10:28:06 | 219.985662 | 359.162135 
 4152.2798 | 08740.9485 | 10:28:07 | 219.985395 | 359.163399 
 4152.2815 | 08740.9501 | 10:28:08 | 219.984004 | 359.165344 
 4152.2830 | 08740.9527 | 10:28:09 | 219.981756 | 359.167052 
 4152.2840 | 08740.9564 | 10:28:10 | 219.978566 | 359.168178 
 4152.2841 | 08740.9608 | 10:28:11 | 219.974782 | 359.168265 
 4152.2842 | 08740.9658 | 10:28:12 | 219.970483 | 359.168347 
 4152.2838 | 08740.9714 | 10:28:13 | 219.965672 | 359.167851 
 4152.2834 | 08740.9774 | 10:28:14 | 219.960517 | 359.167351 
 4152.2831 | 08740.9840 | 10:28:15 | 219.954845 | 359.166963 
 4152.2829 | 08740.9907 | 10:28:16 | 219.949087 | 359.166690 
 4152.2828 | 08740.9972 | 10:28:17 | 219.943500 | 359.166532 
 4152.2827 | 08741.0031 | 10:28:18 | 219.938428 | 359.166379 
 4152.2827 | 08741.0082 | 10:28:19 | 219.934043 | 359.166346 
 4152.2827 | 08741.0120 | 10:28:20 | 219.930776 | 359.166321 
 4152.2826 | 08741.0146 | 10:28:21 | 219.928542 | 359.166189 
 4152.2825 | 08741.0165 | 10:28:22 | 219.926909 | 359.166062 
 4152.2819 | 08741.0187 | 10:28:23 | 219.925023 | 359.165357 
 4152.2807 | 08741.0213 | 10:28:24 | 219.922798 | 359.163960 
 4152.2789 | 08741.0236 | 10:28:25 | 219.920837 | 359.161874 
 4152.2763 | 08741.0248 | 10:28:26 | 219.919828 | 359.158876 
 4152.2733 | 08741.0251 | 10:28:27 | 219.919596 | 359.155423 
 4152.2698 | 08741.0249 | 10:28:28 | 219.919798 | 359.151399 
 4152.2658 | 08741.0247 | 10:28:29 | 219.920005 | 359.146799 
 4152.2614 | 08741.0246 | 10:28:30 | 219.920129 | 359.141739 
 4152.2566 | 08741.0245 | 10:28:31 | 219.920257 | 359.136218 
 4152.2514 | 08741.0242 | 10:28:32 | 219.920560 | 359.130239 
 4152.2458 | 08741.0239 | 10:28:33 | 219.920867 | 359.123799 
 4152.2400 | 08741.0236 | 10:28:34 | 219.921175 | 359.117130 
 4152.2341 | 08741.0235 | 10:28:35 | 219.921313 | 359.110344 
 4152.2280 | 08741.0233 | 10:28:36 | 219.921538 | 359.103329 
 4152.2217 | 08741.0231 | 10:28:37 | 219.921764 | 359.096083 
 4152.2154 | 08741.0228 | 10:28:38 | 219.922077 | 359.088839 
 4152.2091 | 08741.0225 | 10:28:39 | 219.922390 | 359.081594 
 4152.2028 | 08741.0223 | 10:28:40 | 219.922617 | 359.074349 
 4152.1966 | 08741.0220 | 10:28:41 | 219.922929 | 359.067219 
 4152.1905 | 08741.0219 | 10:28:42 | 219.923068 | 359.060203 
 4152.1844 | 08741.0218 | 10:28:43 | 219.923207 | 359.053187 
 4152.1783 | 08741.0216 | 10:28:44 | 219.923432 | 359.046172 
 4152.1724 | 08741.0214 | 10:28:45 | 219.923655 | 359.039387 
 4152.1668 | 08741.0212 | 10:28:46 | 219.923876 | 359.032947 
 4152.1617 | 08741.0211 | 10:28:47 | 219.924006 | 359.027081 
 4152.1571 | 08741.0209 | 10:28:48 | 219.924218 | 359.021791 
 4152.1532 | 08741.0208 | 10:28:49 | 219.924338 | 359.017306 
 4152.1502 | 08741.0206 | 10:28:50 | 219.924536 | 359.013857 
 4152.1483 | 08741.0205 | 10:28:51 | 219.924639 | 359.011672 
 4152.1474 | 08741.0204 | 10:28:52 | 219.924733 | 359.010637 
 4152.1472 | 08741.0203 | 10:28:53 | 219.924820 | 359.010408 
 4152.1474 | 08741.0203 | 10:28:54 | 219.924819 | 359.010638 
 4152.1475 | 08741.0203 | 10:28:55 | 219.924818 | 359.010753 
 4152.1475 | 08741.0203 | 10:28:56 | 219.924818 | 359.010753 
 4152.1475 | 08741.0203 | 10:28:57 | 219.924818 | 359.010753 
 4152.1475 | 08741.0203 | 10:28:58 | 219.924818 | 359.010753 
 4152.1475 | 08741.0203 | 10:28:59 | 219.924818 | 359.010753 
 4152.1475 | 08741.0203 | 10:29:00 | 219.924818 | 359.010753 
 4152.1475 | 08741.0203 | 10:29:01 | 219.924818 | 359.010753 
 4152.1475 | 08741.0203 | 10:29:02 | 219.924818 | 359.010753 
 4152.1475 | 08741.0203 | 10:29:03 | 219.924818 | 359.010753 
 4152.1475 | 08741.0203 | 10:29:04 | 219.924818 | 359.010753 
 4152.1475 | 08741.0203 | 10:29:05 | 219.924818 | 359.010753 
 4152.1475 | 08741.0203 | 10:29:06 | 219.924818 | 359.010753 
 4152.1475 | 08741.0203 | 10:29:07 | 219.924818 | 359.010753 
 4152.1475 | 08741.0203 | 10:29:08 | 219.924818 | 359.010753 
 4152.1475 | 08741.0203 | 10:29:09 | 219.924818 | 359.010753 
 4152.1475 | 08741.0203 | 10:29:10 | 219.924818 | 359.010753 
 4152.1475 | 08741.0203 | 10:29:11 | 219.924818 | 359.010753 
 4152.1475 | 08741.0203 | 10:29:12 | 219.924818 | 359.010753 
 4152.1475 | 08741.0203 | 10:29:13 | 219.924818 | 359.010753 
 4152.1475 | 08741.0203 | 10:29:14 | 219.924818 | 359.010753 
 4152.1475 | 08741.0203 | 10:29:15 | 219.924818 | 359.010753 
 4152.1475 | 08741.0203 | 10:29:16 | 219.924818 | 359.010753 
 4152.1475 | 08741.0203 | 10:29:17 | 219.924818 | 359.010753 
 4152.1475 | 08741.0203 | 10:29:18 | 219.924818 | 359.010753 
 4152.1458 | 08741.0181 | 10:29:19 | 219.926724 | 359.008812 
 4152.1447 | 08741.0179 | 10:29:20 | 219.926906 | 359.007548 
 4152.1431 | 08741.0171 | 10:29:21 | 219.927607 | 359.005713 
 4152.1412 | 08741.0154 | 10:29:22 | 219.929085 | 359.003538 
 4152.1396 | 08741.0126 | 10:29:23 | 219.931507 | 359.001716 
 4152.1387 | 08741.0087 | 10:29:24 | 219.934868 | 359.000706 
 4152.1385 | 08741.0041 | 10:29:25 | 219.938824 | 359.000506 
 4152.1384 | 08740.9990 | 10:29:26 | 219.943210 | 359.000424 
 4152.1385 | 08740.9934 | 10:29:27 | 219.948024 | 359.000576 
 4152.1386 | 08740.9876 | 10:29:28 | 219.953009 | 359.000729 
 4152.1386 | 08740.9816 | 10:29:29 | 219.958168 | 359.000768 
 4152.1389 | 08740.9756 | 10:29:30 | 219.963324 | 359.001152 
 4152.1390 | 08740.9694 | 10:29:31 | 219.968654 | 359.001307 
 4152.1392 | 08740.9632 | 10:29:32 | 219.973982 | 359.001578 
 4152.1393 | 08740.9572 | 10:29:33 | 219.979140 | 359.001732 
 4152.1394 | 08740.9514 | 10:29:34 | 219.984126 | 359.001885 
 4152.1395 | 08740.9459 | 10:29:35 | 219.988854 | 359.002035 
 4152.1396 | 08740.9406 | 10:29:36 | 219.993410 | 359.002185 
 4152.1397 | 08740.9357 | 10:29:37 | 219.997621 | 359.002332 
 4152.1398 | 08740.9311 | 10:29:38 | 220.001576 | 359.002477 
 4152.1399 | 08740.9271 | 10:29:39 | 220.005014 | 359.002618 
 4152.1399 | 08740.9233 | 10:29:40 | 220.008281 | 359.002643 
 4152.1400 | 08740.9198 | 10:29:41 | 220.011289 | 359.002781 
 4152.1401 | 08740.9164 | 10:29:42 | 220.014211 | 359.002918 
 4152.1402 | 08740.9129 | 10:29:43 | 220.017220 | 359.003056 
 4152.1403 | 08740.9091 | 10:29:44 | 220.020486 | 359.003196 
 4152.1404 | 08740.9046 | 10:29:45 | 220.024354 | 359.003340 
 4152.1405 | 08740.8997 | 10:29:46 | 220.028566 | 359.003487 
 4152.1406 | 08740.8948 | 10:29:47 | 220.032778 | 359.003634 
 4152.1406 | 08740.8899 | 10:29:48 | 220.036991 | 359.003666 
 4152.1405 | 08740.8851 | 10:29:49 | 220.041118 | 359.003582 
 4152.1404 | 08740.8806 | 10:29:50 | 220.044988 | 359.003497 
 4152.1405 | 08740.8764 | 10:29:51 | 220.048598 | 359.003639 
 4152.1406 | 08740.8727 | 10:29:52 | 220.051779 | 359.003778 
 4152.1407 | 08740.8699 | 10:29:53 | 220.054185 | 359.003912 
 4152.1407 | 08740.8679 | 10:29:54 | 220.055905 | 359.003925 
 4152.1407 | 08740.8668 | 10:29:55 | 220.056850 | 359.003932 
 4152.1408 | 08740.8664 | 10:29:56 | 220.057193 | 359.004050 
 4152.1409 | 08740.8665 | 10:29:57 | 220.057107 | 359.004164 
 4152.1410 | 08740.8666 | 10:29:58 | 220.057020 | 359.004278 
 4152.1410 | 08740.8666 | 10:29:59 | 220.057020 | 359.004278 
 4152.1410 | 08740.8666 | 10:30:00 | 220.057020 | 359.004278 
 4152.1410 | 08740.8666 | 10:30:01 | 220.057020 | 359.004278 
 4152.1410 | 08740.8666 | 10:30:02 | 220.057020 | 359.004278 
 4152.1410 | 08740.8669 | 10:30:03 | 220.056762 | 359.004276 
 4152.1410 | 08740.8662 | 10:30:04 | 220.057364 | 359.004281 
 4152.1409 | 08740.8646 | 10:30:05 | 220.058740 | 359.004176 
 4152.1409 | 08740.8618 | 10:30:06 | 220.061147 | 359.004195 
 4152.1409 | 08740.8581 | 10:30:07 | 220.064329 | 359.004219 
 4152.1409 | 08740.8536 | 10:30:08 | 220.068197 | 359.004248 
 4152.1409 | 08740.8486 | 10:30:09 | 220.072496 | 359.004281 
 4152.1410 | 08740.8431 | 10:30:10 | 220.077224 | 359.004432 
 4152.1412 | 08740.8373 | 10:30:11 | 220.082209 | 359.004700 
 4152.1413 | 08740.8311 | 10:30:12 | 220.087539 | 359.004855 
 4152.1413 | 08740.8246 | 10:30:13 | 220.093127 | 359.004898 
 4152.1414 | 08740.8177 | 10:30:14 | 220.099059 | 359.005058 
 4152.1415 | 08740.8103 | 10:30:15 | 220.105420 | 359.005221 
 4152.1417 | 08740.8026 | 10:30:16 | 220.112038 | 359.005502 
 4152.1419 | 08740.7947 | 10:30:17 | 220.118829 | 359.005784 
 4152.1421 | 08740.7865 | 10:30:18 | 220.125877 | 359.006067 
 4152.1422 | 08740.7780 | 10:30:19 | 220.133184 | 359.006238 
 4152.1423 | 08740.7695 | 10:30:20 | 220.140491 | 359.006409 
 4152.1423 | 08740.7608 | 10:30:21 | 220.147971 | 359.006466 
 4152.1424 | 08740.7522 | 10:30:22 | 220.155364 | 359.006637 
 4152.1425 | 08740.7435 | 10:30:23 | 220.162843 | 359.006809 
 4152.1425 | 08740.7348 | 10:30:24 | 220.170323 | 359.006866 
 4152.1426 | 08740.7260 | 10:30:25 | 220.177888 | 359.007039 
 4152.1426 | 08740.7172 | 10:30:26 | 220.185454 | 359.007097 
 4152.1427 | 08740.7083 | 10:30:27 | 220.193105 | 359.007270 
 4152.1428 | 08740.6993 | 10:30:28 | 220.200842 | 359.007444 
 4152.1429 | 08740.6902 | 10:30:29 | 220.208665 | 359.007619 
 4152.1430 | 08740.6812 | 10:30:30 | 220.216402 | 359.007793 
 4152.1430 | 08740.6721 | 10:30:31 | 220.224226 | 359.007853 
 4152.1432 | 08740.6633 | 10:30:32 | 220.231790 | 359.008140 
 4152.1432 | 08740.6549 | 10:30:33 | 220.239012 | 359.008196 
 4152.1432 | 08740.6467 | 10:30:34 | 220.246062 | 359.008249 
 4152.1432 | 08740.6388 | 10:30:35 | 220.252854 | 359.008301 
 4152.1433 | 08740.6313 | 10:30:36 | 220.259301 | 359.008466 
 4152.1435 | 08740.6243 | 10:30:37 | 220.265318 | 359.008742 
 4152.1435 | 08740.6180 | 10:30:38 | 220.270735 | 359.008783 
 4152.1434 | 08740.6123 | 10:30:39 | 220.275636 | 359.008706 
 4152.1430 | 08740.6077 | 10:30:40 | 220.279594 | 359.008276 
 4152.1426 | 08740.6039 | 10:30:41 | 220.282865 | 359.007841 
 4152.1422 | 08740.6009 | 10:30:42 | 220.285448 | 359.007400 
 4152.1421 | 08740.5984 | 10:30:43 | 220.287598 | 359.007302 
 4152.1420 | 08740.5965 | 10:30:44 | 220.289233 | 359.007199 
 4152.1420 | 08740.5954 | 10:30:45 | 220.290178 | 359.007206 
 4152.1420 | 08740.5947 | 10:30:46 | 220.290780 | 359.007211 
 4152.1420 | 08740.5944 | 10:30:47 | 220.291038 | 359.007213 
 4152.1420 | 08740.5944 | 10:30:48 | 220.291038 | 359.007213 
 4152.1421 | 08740.5946 | 10:30:49 | 220.290865 | 359.007327 
 4152.1421 | 08740.5946 | 10:30:50 | 220.290865 | 359.007327 
 4152.1421 | 08740.5946 | 10:30:51 | 220.290865 | 359.007327 
 4152.1421 | 08740.5951 | 10:30:52 | 220.290435 | 359.007323 
 4152.1421 | 08740.5942 | 10:30:53 | 220.291209 | 359.007329 
 4152.1421 | 08740.5920 | 10:30:54 | 220.293101 | 359.007344 
 4152.1419 | 08740.5888 | 10:30:55 | 220.295854 | 359.007135 
 4152.1408 | 08740.5854 | 10:30:56 | 220.298787 | 359.005892 
 4152.1385 | 08740.5825 | 10:30:57 | 220.301300 | 359.003265 
 4152.1351 | 08740.5807 | 10:30:58 | 220.302878 | 358.999366 
 4152.1310 | 08740.5797 | 10:30:59 | 220.303773 | 358.994657 
 4152.1262 | 08740.5793 | 10:31:00 | 220.304160 | 358.989138 
 4152.1209 | 08740.5791 | 10:31:01 | 220.304378 | 358.983043 
 4152.1152 | 08740.5787 | 10:31:02 | 220.304772 | 358.976489 
 4152.1092 | 08740.5783 | 10:31:03 | 220.305169 | 358.969591 
 4152.1031 | 08740.5781 | 10:31:04 | 220.305395 | 358.962575 
 4152.0969 | 08740.5779 | 10:31:05 | 220.305621 | 358.955445 
 4152.0905 | 08740.5777 | 10:31:06 | 220.305850 | 358.948085 
 4152.0843 | 08740.5777 | 10:31:07 | 220.305904 | 358.940953 
 4152.0781 | 08740.5779 | 10:31:08 | 220.305787 | 358.933820 
 4152.0719 | 08740.5781 | 10:31:09 | 220.305669 | 358.926687 
 4152.0659 | 08740.5783 | 10:31:10 | 220.305550 | 358.919785 
 4152.0600 | 08740.5783 | 10:31:11 | 220.305602 | 358.912998 
 4152.0542 | 08740.5781 | 10:31:12 | 220.305825 | 358.906328 
 4152.0487 | 08740.5775 | 10:31:13 | 220.306389 | 358.900006 
 4152.0432 | 08740.5770 | 10:31:14 | 220.306868 | 358.893683 
 4152.0383 | 08740.5766 | 10:31:15 | 220.307255 | 358.888049 
 4152.0340 | 08740.5764 | 10:31:16 | 220.307465 | 358.883104 
 4152.0303 | 08740.5762 | 10:31:17 | 220.307669 | 358.878850 
 4152.0280 | 08740.5751 | 10:31:18 | 220.308635 | 358.876211 
 4152.0257 | 08740.5751 | 10:31:19 | 220.308655 | 358.873566 
 4152.0243 | 08740.5752 | 10:31:20 | 220.308582 | 358.871955 
 4152.0235 | 08740.5754 | 10:31:21 | 220.308417 | 358.871033 
 4152.0232 | 08740.5754 | 10:31:22 | 220.308420 | 358.870688 
 4152.0232 | 08740.5754 | 10:31:23 | 220.308420 | 358.870688 
 4152.0239 | 08740.5760 | 10:31:24 | 220.307898 | 358.871489 
 4152.0243 | 08740.5762 | 10:31:25 | 220.307722 | 358.871948 
 4152.0243 | 08740.5762 | 10:31:26 | 220.307722 | 358.871948 
 4152.0243 | 08740.5762 | 10:31:27 | 220.307722 | 358.871948 
 4152.0236 | 08740.5761 | 10:31:28 | 220.307814 | 358.871144 
 4152.0219 | 08740.5759 | 10:31:29 | 220.308001 | 358.869189 
 4152.0192 | 08740.5754 | 10:31:30 | 220.308455 | 358.866087 
 4152.0157 | 08740.5747 | 10:31:31 | 220.309087 | 358.862066 
 4152.0120 | 08740.5730 | 10:31:32 | 220.310582 | 358.857821 
 4152.0084 | 08740.5701 | 10:31:33 | 220.313107 | 358.853699 
 4152.0051 | 08740.5658 | 10:31:34 | 220.316833 | 358.849932 
 4152.0030 | 08740.5602 | 10:31:35 | 220.321666 | 358.847553 
 4152.0019 | 08740.5538 | 10:31:36 | 220.327179 | 358.846330 
 4152.0015 | 08740.5468 | 10:31:37 | 220.333201 | 358.845916 
 4152.0012 | 08740.5392 | 10:31:38 | 220.339738 | 358.845621 
 4152.0012 | 08740.5310 | 10:31:39 | 220.346788 | 358.845675 
 4152.0013 | 08740.5225 | 10:31:40 | 220.354095 | 358.845846 
 4152.0013 | 08740.5136 | 10:31:41 | 220.361748 | 358.845905 
 4152.0014 | 08740.5047 | 10:31:42 | 220.369399 | 358.846078 
 4152.0015 | 08740.4955 | 10:31:43 | 220.377308 | 358.846254 
 4152.0016 | 08740.4858 | 10:31:44 | 220.385647 | 358.846433 
 4152.0016 | 08740.4758 | 10:31:45 | 220.394245 | 358.846499 
 4152.0017 | 08740.4654 | 10:31:46 | 220.403186 | 358.846683 
 4152.0019 | 08740.4547 | 10:31:47 | 220.412384 | 358.846983 
 4152.0021 | 08740.4437 | 10:31:48 | 220.421840 | 358.847286 
 4152.0023 | 08740.4324 | 10:31:49 | 220.431554 | 358.847591 
 4152.0024 | 08740.4208 | 10:31:50 | 220.441527 | 358.847782 
 4152.0026 | 08740.4091 | 10:31:51 | 220.451584 | 358.848090 
 4152.0027 | 08740.3973 | 10:31:52 | 220.461729 | 358.848283 
 4152.0028 | 08740.3854 | 10:31:53 | 220.471960 | 358.848476 
 4152.0029 | 08740.3733 | 10:31:54 | 220.482362 | 358.848671 
 4152.0032 | 08740.3613 | 10:31:55 | 220.492677 | 358.849096 
 4152.0033 | 08740.3491 | 10:31:56 | 220.503166 | 358.849292 
 4152.0034 | 08740.3368 | 10:31:57 | 220.513740 | 358.849488 
 4152.0034 | 08740.3244 | 10:31:58 | 220.524402 | 358.849570 
 4152.0035 | 08740.3119 | 10:31:59 | 220.535148 | 358.849768 
 4152.0037 | 08740.2994 | 10:32:00 | 220.545894 | 358.850081 
 4152.0038 | 08740.2868 | 10:32:01 | 220.556727 | 358.850279 
 4152.0040 | 08740.2742 | 10:32:02 | 220.567558 | 358.850593 
 4152.0042 | 08740.2615 | 10:32:03 | 220.578476 | 358.850907 
 4152.0044 | 08740.2487 | 10:32:04 | 220.589479 | 358.851222 
 4152.0046 | 08740.2358 | 10:32:05 | 220.600569 | 358.851538 
 4152.0047 | 08740.2229 | 10:32:06 | 220.611659 | 358.851739 
 4152.0047 | 08740.2098 | 10:32:07 | 220.622923 | 358.851826 
 4152.0047 | 08740.1968 | 10:32:08 | 220.634100 | 358.851912 
 4152.0049 | 08740.1838 | 10:32:09 | 220.645275 | 358.852228 
 4152.0051 | 08740.1708 | 10:32:10 | 220.656451 | 358.852545 
 4152.0051 | 08740.1578 | 10:32:11 | 220.667628 | 358.852631 
 4152.0050 | 08740.1449 | 10:32:12 | 220.678720 | 358.852602 
 4152.0049 | 08740.1319 | 10:32:13 | 220.689899 | 358.852574 
 4152.0047 | 08740.1193 | 10:32:14 | 220.700734 | 358.852427 
 4152.0046 | 08740.1071 | 10:32:15 | 220.711224 | 358.852394 
 4152.0045 | 08740.0952 | 10:32:16 | 220.721457 | 358.852358 
 4152.0043 | 08740.0836 | 10:32:17 | 220.731432 | 358.852205 
 4152.0043 | 08740.0727 | 10:32:18 | 220.740804 | 358.852278 
 4152.0044 | 08740.0627 | 10:32:19 | 220.749401 | 358.852459 
 4152.0045 | 08740.0536 | 10:32:20 | 220.757224 | 358.852635 
 4152.0047 | 08740.0453 | 10:32:21 | 220.764358 | 358.852920 
 4152.0048 | 08740.0377 | 10:32:22 | 220.770892 | 358.853086 
 4152.0049 | 08740.0306 | 10:32:23 | 220.776996 | 358.853249 
 4152.0050 | 08740.0247 | 10:32:24 | 220.782067 | 358.853403 
 4152.0051 | 08740.0200 | 10:32:25 | 220.786108 | 358.853549 
 4152.0053 | 08740.0164 | 10:32:26 | 220.789201 | 358.853803 
 4152.0053 | 08740.0141 | 10:32:27 | 220.791179 | 358.853819 
 4152.0053 | 08740.0127 | 10:32:28 | 220.792382 | 358.853828 
 4152.0052 | 08740.0121 | 10:32:29 | 220.792899 | 358.853717 
 4152.0052 | 08740.0120 | 10:32:30 | 220.792985 | 358.853718 
 4152.0052 | 08740.0119 | 10:32:31 | 220.793071 | 358.853718 
 4152.0052 | 08740.0120 | 10:32:32 | 220.792985 | 358.853718 
 4152.0052 | 08740.0120 | 10:32:33 | 220.792985 | 358.853718 
 4152.0052 | 08740.0120 | 10:32:34 | 220.792985 | 358.853718 
 4152.0052 | 08740.0120 | 10:32:35 | 220.792985 | 358.853718 
 4152.0052 | 08740.0120 | 10:32:36 | 220.792985 | 358.853718 
 4152.0052 | 08740.0120 | 10:32:37 | 220.792985 | 358.853718 
 4152.0052 | 08740.0120 | 10:32:38 | 220.792985 | 358.853718 
 4152.0052 | 08740.0120 | 10:32:39 | 220.792985 | 358.853718 
 4152.0052 | 08740.0120 | 10:32:40 | 220.792985 | 358.853718 
 4152.0052 | 08740.0120 | 10:32:41 | 220.792985 | 358.853718 
 4152.0052 | 08740.0120 | 10:32:42 | 220.792985 | 358.853718 
 4152.0052 | 08740.0120 | 10:32:43 | 220.792985 | 358.853718 
 4152.0052 | 08740.0120 | 10:32:44 | 220.792985 | 358.853718 
 4152.0052 | 08740.0120 | 10:32:45 | 220.792985 | 358.853718 
 4152.0052 | 08740.0120 | 10:32:46 | 220.792985 | 358.853718 
 4152.0052 | 08740.0120 | 10:32:47 | 220.792985 | 358.853718 
 4152.0052 | 08740.0120 | 10:32:48 | 220.792985 | 358.853718 
 4152.0052 | 08740.0120 | 10:32:49 | 220.792985 | 358.853718 
 4152.0052 | 08740.0120 | 10:32:50 | 220.792985 | 358.853718 
 4152.0052 | 08740.0120 | 10:32:51 | 220.792985 | 358.853718 
 4152.0057 | 08740.0142 | 10:32:52 | 220.791089 | 358.854278 
 4152.0057 | 08740.0137 | 10:32:53 | 220.791519 | 358.854282 
 4152.0056 | 08740.0132 | 10:32:54 | 220.791950 | 358.854170 
 4152.0056 | 08740.0130 | 10:32:55 | 220.792122 | 358.854171 
 4152.0056 | 08740.0130 | 10:32:56 | 220.792122 | 358.854171 
 4152.0056 | 08740.0131 | 10:32:57 | 220.792036 | 358.854171 
 4152.0056 | 08740.0131 | 10:32:58 | 220.792036 | 358.854171 
 4152.0056 | 08740.0131 | 10:32:59 | 220.792036 | 358.854171 
 4152.0056 | 08740.0131 | 10:33:00 | 220.792036 | 358.854171 
 4152.0056 | 08740.0131 | 10:33:01 | 220.792036 | 358.854171 
 4152.0056 | 08740.0131 | 10:33:02 | 220.792036 | 358.854171 
 4152.0057 | 08740.0125 | 10:33:03 | 220.792551 | 358.854290 
 4152.0057 | 08740.0121 | 10:33:04 | 220.792895 | 358.854292 
 4152.0057 | 08740.0117 | 10:33:05 | 220.793239 | 358.854295 
 4152.0057 | 08740.0111 | 10:33:06 | 220.793754 | 358.854299 
 4152.0057 | 08740.0097 | 10:33:07 | 220.794958 | 358.854308 
 4152.0058 | 08740.0072 | 10:33:08 | 220.797107 | 358.854440 
 4152.0059 | 08740.0034 | 10:33:09 | 220.800373 | 358.854580 
 4152.0060 | 08739.9989 | 10:33:10 | 220.804241 | 358.854725 
 4152.0061 | 08739.9939 | 10:33:11 | 220.808539 | 358.854874 
 4152.0061 | 08739.9882 | 10:33:12 | 220.813440 | 358.854912 
 4152.0062 | 08739.9819 | 10:33:13 | 220.818856 | 358.855069 
 4152.0063 | 08739.9749 | 10:33:14 | 220.824874 | 358.855231 
 4152.0064 | 08739.9672 | 10:33:15 | 220.831493 | 358.855397 
 4152.0065 | 08739.9592 | 10:33:16 | 220.838370 | 358.855566 
 4152.0066 | 08739.9510 | 10:33:17 | 220.845420 | 358.855736 
 4152.0067 | 08739.9426 | 10:33:18 | 220.852641 | 358.855907 
 4152.0069 | 08739.9338 | 10:33:19 | 220.860206 | 358.856196 
 4152.0071 | 08739.9246 | 10:33:20 | 220.868114 | 358.856487 
 4152.0073 | 08739.9152 | 10:33:21 | 220.876194 | 358.856780 
 4152.0074 | 08739.9056 | 10:33:22 | 220.884447 | 358.856959 
 4152.0074 | 08739.8958 | 10:33:23 | 220.892873 | 358.857025 
 4152.0075 | 08739.8861 | 10:33:24 | 220.901212 | 358.857205 
 4152.0077 | 08739.8763 | 10:33:25 | 220.909637 | 358.857501 
 4152.0079 | 08739.8666 | 10:33:26 | 220.917975 | 358.857796 
 4152.0080 | 08739.8568 | 10:33:27 | 220.926400 | 358.857976 
 4152.0081 | 08739.8469 | 10:33:28 | 220.934911 | 358.858158 
 4152.0082 | 08739.8369 | 10:33:29 | 220.943508 | 358.858340 
 4152.0084 | 08739.8266 | 10:33:30 | 220.952362 | 358.858639 
 4152.0086 | 08739.8160 | 10:33:31 | 220.961474 | 358.858940 
 4152.0087 | 08739.8052 | 10:33:32 | 220.970759 | 358.859128 
 4152.0089 | 08739.7942 | 10:33:33 | 220.980215 | 358.859431 
 4152.0091 | 08739.7829 | 10:33:34 | 220.989929 | 358.859737 
 4152.0092 | 08739.7715 | 10:33:35 | 220.999729 | 358.859929 
 4152.0094 | 08739.7602 | 10:33:36 | 221.009443 | 358.860235 
 4152.0095 | 08739.7488 | 10:33:37 | 221.019244 | 358.860426 
 4152.0097 | 08739.7375 | 10:33:38 | 221.028958 | 358.860732 
 4152.0099 | 08739.7261 | 10:33:39 | 221.038757 | 358.861039 
 4152.0102 | 08739.7147 | 10:33:40 | 221.048556 | 358.861461 
 4152.0104 | 08739.7034 | 10:33:41 | 221.058270 | 358.861767 
 4152.0106 | 08739.6922 | 10:33:42 | 221.067898 | 358.862072 
 4152.0108 | 08739.6811 | 10:33:43 | 221.077440 | 358.862377 
 4152.0110 | 08739.6699 | 10:33:44 | 221.087068 | 358.862683 
 4152.0111 | 08739.6588 | 10:33:45 | 221.096611 | 358.862872 
 4152.0113 | 08739.6478 | 10:33:46 | 221.106067 | 358.863176 
 4152.0115 | 08739.6370 | 10:33:47 | 221.115350 | 358.863479 
 4152.0117 | 08739.6262 | 10:33:48 | 221.124634 | 358.863782 
 4152.0118 | 08739.6153 | 10:33:49 | 221.134005 | 358.863971 
 4152.0120 | 08739.6042 | 10:33:50 | 221.143547 | 358.864275 
 4152.0121 | 08739.5932 | 10:33:51 | 221.153004 | 358.864465 
 4152.0124 | 08739.5823 | 10:33:52 | 221.162373 | 358.864883 
 4152.0126 | 08739.5713 | 10:33:53 | 221.171829 | 358.865188 
 4152.0128 | 08739.5604 | 10:33:54 | 221.181199 | 358.865491 
 4152.0130 | 08739.5495 | 10:33:55 | 221.190569 | 358.865795 
 4152.0132 | 08739.5387 | 10:33:56 | 221.199853 | 358.866098 
 4152.0134 | 08739.5282 | 10:33:57 | 221.208879 | 358.866399 
 4152.0135 | 08739.5177 | 10:33:58 | 221.217906 | 358.866585 
 4152.0135 | 08739.5075 | 10:33:59 | 221.226675 | 358.866654 
 4152.0137 | 08739.4976 | 10:34:00 | 221.235185 | 358.866951 
 4152.0138 | 08739.4879 | 10:34:01 | 221.243525 | 358.867131 
 4152.0140 | 08739.4784 | 10:34:02 | 221.251691 | 358.867426 
 4152.0141 | 08739.4698 | 10:34:03 | 221.259084 | 358.867599 
 4152.0142 | 08739.4629 | 10:34:04 | 221.265016 | 358.867760 
 4152.0144 | 08739.4572 | 10:34:05 | 221.269915 | 358.868029 
 4152.0145 | 08739.4519 | 10:34:06 | 221.274471 | 358.868180 
 4152.0145 | 08739.4471 | 10:34:07 | 221.278598 | 358.868212 
 4152.0147 | 08739.4432 | 10:34:08 | 221.281949 | 358.868469 
 4152.0147 | 08739.4400 | 10:34:09 | 221.284700 | 358.868491 
 4152.0149 | 08739.4375 | 10:34:10 | 221.286848 | 358.868738 
 4152.0149 | 08739.4354 | 10:34:11 | 221.288654 | 358.868752 
 4152.0149 | 08739.4339 | 10:34:12 | 221.289943 | 358.868762 
 4152.0149 | 08739.4326 | 10:34:13 | 221.291061 | 358.868771 
 4152.0149 | 08739.4314 | 10:34:14 | 221.292093 | 358.868779 
 4152.0149 | 08739.4297 | 10:34:15 | 221.293554 | 358.868790 
 4152.0150 | 08739.4270 | 10:34:16 | 221.295875 | 358.868924 
 4152.0151 | 08739.4233 | 10:34:17 | 221.299055 | 358.869064 
 4152.0152 | 08739.4185 | 10:34:18 | 221.303181 | 358.869211 
 4152.0152 | 08739.4131 | 10:34:19 | 221.307824 | 358.869248 
 4152.0153 | 08739.4073 | 10:34:20 | 221.312810 | 358.869402 
 4152.0153 | 08739.4011 | 10:34:21 | 221.318141 | 358.869444 
 4152.0154 | 08739.3945 | 10:34:22 | 221.323815 | 358.869604 
 4152.0155 | 08739.3875 | 10:34:23 | 221.329832 | 358.869766 
 4152.0157 | 08739.3801 | 10:34:24 | 221.336193 | 358.870047 
 4152.0158 | 08739.3723 | 10:34:25 | 221.342898 | 358.870215 
 4152.0159 | 08739.3642 | 10:34:26 | 221.349862 | 358.870385 
 4152.0160 | 08739.3558 | 10:34:27 | 221.357083 | 358.870557 
 4152.0162 | 08739.3471 | 10:34:28 | 221.364561 | 358.870846 
 4152.0163 | 08739.3382 | 10:34:29 | 221.372213 | 358.871021 
 4152.0165 | 08739.3290 | 10:34:30 | 221.380121 | 358.871314 
 4152.0167 | 08739.3198 | 10:34:31 | 221.388029 | 358.871606 
 4152.0168 | 08739.3103 | 10:34:32 | 221.396196 | 358.871786 
 4152.0170 | 08739.3007 | 10:34:33 | 221.404448 | 358.872081 
 4152.0172 | 08739.2909 | 10:34:34 | 221.412872 | 358.872378 
 4152.0174 | 08739.2809 | 10:34:35 | 221.421469 | 358.872676 
 4152.0176 | 08739.2709 | 10:34:36 | 221.430065 | 358.872974 
 4152.0178 | 08739.2611 | 10:34:37 | 221.438489 | 358.873270 
 4152.0180 | 08739.2514 | 10:34:38 | 221.446827 | 358.873566 
 4152.0184 | 08739.2416 | 10:34:39 | 221.455249 | 358.874093 
 4152.0186 | 08739.2315 | 10:34:40 | 221.463931 | 358.874392 
 4152.0188 | 08739.2213 | 10:34:41 | 221.472699 | 358.874691 
 4152.0189 | 08739.2108 | 10:34:42 | 221.481726 | 358.874878 
 4152.0190 | 08739.2002 | 10:34:43 | 221.490839 | 358.875065 
 4152.0192 | 08739.1896 | 10:34:44 | 221.499951 | 358.875367 
 4152.0194 | 08739.1789 | 10:34:45 | 221.509149 | 358.875670 
 4152.0196 | 08739.1682 | 10:34:46 | 221.518347 | 358.875973 
 4152.0197 | 08739.1573 | 10:34:47 | 221.527718 | 358.876163 
 4152.0200 | 08739.1463 | 10:34:48 | 221.537173 | 358.876583 
 4152.0202 | 08739.1351 | 10:34:49 | 221.546800 | 358.876889 
 4152.0204 | 08739.1237 | 10:34:50 | 221.556600 | 358.877197 
 4152.0206 | 08739.1124 | 10:34:51 | 221.566314 | 358.877504 
 4152.0207 | 08739.1013 | 10:34:52 | 221.575857 | 358.877695 
 4152.0209 | 08739.0904 | 10:34:53 | 221.585227 | 358.877999 
 4152.0211 | 08739.0796 | 10:34:54 | 221.594510 | 358.878303 
 4152.0212 | 08739.0687 | 10:34:55 | 221.603881 | 358.878493 
 4152.0214 | 08739.0577 | 10:34:56 | 221.613337 | 358.878798 
 4152.0216 | 08739.0467 | 10:34:57 | 221.622793 | 358.879103 
 4152.0218 | 08739.0356 | 10:34:58 | 221.632335 | 358.879409 
 4152.0218 | 08739.0244 | 10:34:59 | 221.641964 | 358.879486 
 4152.0220 | 08739.0132 | 10:35:00 | 221.651592 | 358.879792 
 4152.0221 | 08739.0020 | 10:35:01 | 221.661221 | 358.879984 
 4152.0223 | 08738.9907 | 10:35:02 | 221.670935 | 358.880291 
 4152.0225 | 08738.9794 | 10:35:03 | 221.680648 | 358.880599 
 4152.0227 | 08738.9680 | 10:35:04 | 221.690448 | 358.880907 
 4152.0228 | 08738.9565 | 10:35:05 | 221.700335 | 358.881101 
 4152.0231 | 08738.9451 | 10:35:06 | 221.710134 | 358.881524 
 4152.0232 | 08738.9339 | 10:35:07 | 221.719762 | 358.881716 
 4152.0234 | 08738.9226 | 10:35:08 | 221.729476 | 358.882023 
 4152.0236 | 08738.9113 | 10:35:09 | 221.739190 | 358.882331 
 4152.0238 | 08738.9000 | 10:35:10 | 221.748904 | 358.882638 
 4152.0240 | 08738.8886 | 10:35:11 | 221.758704 | 358.882947 
 4152.0242 | 08738.8773 | 10:35:12 | 221.768417 | 358.883254 
 4152.0244 | 08738.8663 | 10:35:13 | 221.777873 | 358.883560 
 4152.0246 | 08738.8556 | 10:35:14 | 221.787071 | 358.883863 
 4152.0247 | 08738.8457 | 10:35:15 | 221.795582 | 358.884046 
 4152.0246 | 08738.8370 | 10:35:16 | 221.803063 | 358.883991 
 4152.0244 | 08738.8292 | 10:35:17 | 221.809771 | 358.883815 
 4152.0242 | 08738.8213 | 10:35:18 | 221.816566 | 358.883639 
 4152.0236 | 08738.8134 | 10:35:19 | 221.823363 | 358.883003 
 4152.0210 | 08738.8168 | 10:35:20 | 221.820464 | 358.879989 
 4152.0180 | 08738.8151 | 10:35:21 | 221.821953 | 358.876550 
 4152.0142 | 08738.8142 | 10:35:22 | 221.822762 | 358.872185 
 4152.0096 | 08738.8139 | 10:35:23 | 221.823062 | 358.866896 
 4152.0045 | 08738.8135 | 10:35:24 | 221.823453 | 358.861033 
 4151.9989 | 08738.8130 | 10:35:25 | 221.823934 | 358.854595 
 4151.9930 | 08738.8127 | 10:35:26 | 221.824247 | 358.847810 
 4151.9870 | 08738.8124 | 10:35:27 | 221.824560 | 358.840911 
 4151.9808 | 08738.8119 | 10:35:28 | 221.825047 | 358.833783 
 4151.9744 | 08738.8114 | 10:35:29 | 221.825535 | 358.826424 
 4151.9678 | 08738.8110 | 10:35:30 | 221.825940 | 358.818835 
 4151.9609 | 08738.8108 | 10:35:31 | 221.826176 | 358.810900 
 4151.9540 | 08738.8107 | 10:35:32 | 221.826325 | 358.802964 
 4151.9471 | 08738.8105 | 10:35:33 | 221.826560 | 358.795029 
 4151.9401 | 08738.8103 | 10:35:34 | 221.826797 | 358.786978 
 4151.9331 | 08738.8101 | 10:35:35 | 221.827033 | 358.778928 
 4151.9261 | 08738.8100 | 10:35:36 | 221.827183 | 358.770877 
 4151.9191 | 08738.8097 | 10:35:37 | 221.827506 | 358.762827 
 4151.9120 | 08738.8096 | 10:35:38 | 221.827657 | 358.754661 
 4151.9049 | 08738.8094 | 10:35:39 | 221.827894 | 358.746496 
 4151.8978 | 08738.8092 | 10:35:40 | 221.828132 | 358.738330 
 4151.8906 | 08738.8090 | 10:35:41 | 221.828370 | 358.730050 
 4151.8836 | 08738.8090 | 10:35:42 | 221.828434 | 358.721998 
 4151.8756 | 08738.8073 | 10:35:43 | 221.829970 | 358.712808 
 4151.8679 | 08738.8074 | 10:35:44 | 221.829954 | 358.703950 
 4151.8604 | 08738.8074 | 10:35:45 | 221.830023 | 358.695323 
 4151.8528 | 08738.8071 | 10:35:46 | 221.830351 | 358.686583 
 4151.8452 | 08738.8070 | 10:35:47 | 221.830507 | 358.677842 
 4151.8373 | 08738.8069 | 10:35:48 | 221.830666 | 358.668756 
 4151.8295 | 08738.8067 | 10:35:49 | 221.830909 | 358.659785 
 4151.8216 | 08738.8065 | 10:35:50 | 221.831154 | 358.650700 
 4151.8137 | 08738.8066 | 10:35:51 | 221.831141 | 358.641612 
 4151.8057 | 08738.8066 | 10:35:52 | 221.831214 | 358.632410 
 4151.7978 | 08738.8065 | 10:35:53 | 221.831373 | 358.623324 
 4151.7898 | 08738.8064 | 10:35:54 | 221.831533 | 358.614122 
 4151.7818 | 08738.8062 | 10:35:55 | 221.831778 | 358.604922 
 4151.7738 | 08738.8061 | 10:35:56 | 221.831938 | 358.595720 
 4151.7657 | 08738.8059 | 10:35:57 | 221.832184 | 358.586405 
 4151.7577 | 08738.8059 | 10:35:58 | 221.832258 | 358.577203 
 4151.7496 | 08738.8057 | 10:35:59 | 221.832504 | 358.567887 
 4151.7417 | 08738.8055 | 10:36:00 | 221.832749 | 358.558801 
 4151.7338 | 08738.8053 | 10:36:01 | 221.832994 | 358.549716 
 4151.7259 | 08738.8050 | 10:36:02 | 221.833324 | 358.540631 
 4151.7181 | 08738.8048 | 10:36:03 | 221.833568 | 358.531660 
 4151.7102 | 08738.8046 | 10:36:04 | 221.833813 | 358.522575 
 4151.7023 | 08738.8045 | 10:36:05 | 221.833971 | 358.513488 
 4151.6941 | 08738.8043 | 10:36:06 | 221.834219 | 358.504058 
 4151.6859 | 08738.8041 | 10:36:07 | 221.834466 | 358.494627 
 4151.6776 | 08738.8038 | 10:36:08 | 221.834800 | 358.485082 
 4151.6693 | 08738.8037 | 10:36:09 | 221.834963 | 358.475536 
 4151.6610 | 08738.8036 | 10:36:10 | 221.835125 | 358.465989 
 4151.6526 | 08738.8034 | 10:36:11 | 221.835374 | 358.456329 
 4151.6442 | 08738.8033 | 10:36:12 | 221.835538 | 358.446667 
 4151.5821 | 08738.8179 | 10:36:34 | 221.823554 | 358.375136 
 4151.5815 | 08738.8171 | 10:36:35 | 221.824248 | 358.374452 
 4151.5815 | 08738.8168 | 10:36:36 | 221.824506 | 358.374454 
 4151.5708 | 08738.8395 | 10:36:38 | 221.805085 | 358.361990 
 4151.6005 | 08738.8021 | 10:36:39 | 221.836971 | 358.396409 
 4151.5955 | 08738.8025 | 10:36:40 | 221.836673 | 358.390655 
 4151.5926 | 08738.8023 | 10:36:41 | 221.836872 | 358.387321 
 4151.5855 | 08738.7999 | 10:36:42 | 221.839001 | 358.379171 
 4151.5809 | 08738.8002 | 10:36:43 | 221.838785 | 358.373878 
 4151.5758 | 08738.7999 | 10:36:44 | 221.839090 | 358.368013 
 4151.5706 | 08738.7997 | 10:36:45 | 221.839310 | 358.362033 
 4151.5646 | 08738.7991 | 10:36:46 | 221.839881 | 358.355136 
 4151.5588 | 08738.7988 | 10:36:47 | 221.840193 | 358.348467 
 4151.5526 | 08738.7986 | 10:36:48 | 221.840422 | 358.341337 
 4151.5465 | 08738.7985 | 10:36:49 | 221.840564 | 358.334321 
 4151.5404 | 08738.7984 | 10:36:50 | 221.840706 | 358.327305 
 4151.5343 | 08738.7982 | 10:36:51 | 221.840934 | 358.320290 
 4151.5283 | 08738.7979 | 10:36:52 | 221.841247 | 358.313390 
 4151.5229 | 08738.7977 | 10:36:53 | 221.841469 | 358.307180 
 4151.5180 | 08738.7976 | 10:36:54 | 221.841600 | 358.301545 
 4151.5139 | 08738.7977 | 10:36:55 | 221.841552 | 358.296828 
 4151.5104 | 08738.7980 | 10:36:56 | 221.841326 | 358.292800 
 4151.5075 | 08738.7981 | 10:36:57 | 221.841266 | 358.289464 
 4151.5050 | 08738.7982 | 10:36:58 | 221.841203 | 358.286587 
 4151.5030 | 08738.7982 | 10:36:59 | 221.841222 | 358.284287 
 4151.5017 | 08738.7984 | 10:37:00 | 221.841062 | 358.282790 
 4151.5013 | 08738.7985 | 10:37:01 | 221.840980 | 358.282329 
 4151.5008 | 08738.7985 | 10:37:02 | 221.840984 | 358.281754 
 4151.5008 | 08738.7985 | 10:37:03 | 221.840984 | 358.281754 
 4151.5005 | 08738.7987 | 10:37:04 | 221.840815 | 358.281408 
 4151.5000 | 08738.7985 | 10:37:05 | 221.840992 | 358.280834 
 4151.5000 | 08738.7985 | 10:37:06 | 221.840992 | 358.280834 
 4151.4997 | 08738.7985 | 10:37:07 | 221.840994 | 358.280489 
 4151.4995 | 08738.7985 | 10:37:08 | 221.840996 | 358.280259 
 4151.4992 | 08738.7985 | 10:37:09 | 221.840999 | 358.279914 
 4151.4991 | 08738.7984 | 10:37:10 | 221.841086 | 358.279800 
 4151.4991 | 08738.7984 | 10:37:11 | 221.841086 | 358.279800 
 4151.4992 | 08738.7985 | 10:37:12 | 221.840999 | 358.279914 
 4151.4992 | 08738.7985 | 10:37:13 | 221.840999 | 358.279914 
 4151.4992 | 08738.7985 | 10:37:14 | 221.840999 | 358.279914 
 4151.4992 | 08738.7985 | 10:37:15 | 221.840999 | 358.279914 
 4151.4992 | 08738.7985 | 10:37:16 | 221.840999 | 358.279914 
 4151.4992 | 08738.7985 | 10:37:17 | 221.840999 | 358.279914 
 4151.4988 | 08738.7984 | 10:37:18 | 221.841089 | 358.279454 
 4151.4976 | 08738.7985 | 10:37:19 | 221.841014 | 358.278073 
 4151.4955 | 08738.7986 | 10:37:20 | 221.840947 | 358.275657 
 4151.4930 | 08738.7987 | 10:37:21 | 221.840884 | 358.272781 
 4151.4898 | 08738.7988 | 10:37:22 | 221.840827 | 358.269099 
 4151.4862 | 08738.7989 | 10:37:23 | 221.840775 | 358.264958 
 4151.4823 | 08738.7989 | 10:37:24 | 221.840810 | 358.260472 
 4151.4779 | 08738.7989 | 10:37:25 | 221.840851 | 358.255411 
 4151.4732 | 08738.7990 | 10:37:26 | 221.840808 | 358.250004 
 4151.4680 | 08738.7989 | 10:37:27 | 221.840942 | 358.244023 
 4151.4623 | 08738.7988 | 10:37:28 | 221.841080 | 358.237468 
 4151.4565 | 08738.7986 | 10:37:29 | 221.841306 | 358.230797 
 4151.4505 | 08738.7984 | 10:37:30 | 221.841533 | 358.223897 
 4151.4442 | 08738.7980 | 10:37:31 | 221.841935 | 358.216654 
 4151.4376 | 08738.7975 | 10:37:32 | 221.842425 | 358.209065 
 4151.4309 | 08738.7968 | 10:37:33 | 221.843089 | 358.201363 
 4151.4239 | 08738.7963 | 10:37:34 | 221.843583 | 358.193315 
 4151.4168 | 08738.7958 | 10:37:35 | 221.844079 | 358.185152 
 4151.4096 | 08738.7954 | 10:37:36 | 221.844489 | 358.176873 
 4151.4023 | 08738.7950 | 10:37:37 | 221.844900 | 358.168479 
 4151.3950 | 08738.7946 | 10:37:38 | 221.845311 | 358.160085 
 4151.3875 | 08738.7942 | 10:37:39 | 221.845724 | 358.151460 
 4151.3799 | 08738.7938 | 10:37:40 | 221.846138 | 358.142721 
 4151.3723 | 08738.7935 | 10:37:41 | 221.846466 | 358.133982 
 4151.3646 | 08738.7932 | 10:37:42 | 221.846795 | 358.125127 
 4151.3571 | 08738.7929 | 10:37:43 | 221.847122 | 358.116502 
 4151.3498 | 08738.7928 | 10:37:44 | 221.847275 | 358.108106 
 4151.3427 | 08738.7927 | 10:37:45 | 221.847426 | 358.099940 
 4151.3358 | 08738.7925 | 10:37:46 | 221.847662 | 358.092004 
 4151.3291 | 08738.7924 | 10:37:47 | 221.847809 | 358.084298 
 4151.3227 | 08738.7917 | 10:37:48 | 221.848470 | 358.076942 
 4151.3169 | 08738.7917 | 10:37:49 | 221.848524 | 358.070270 
 4151.3123 | 08738.7924 | 10:37:50 | 221.847964 | 358.064974 
 4151.3093 | 08738.7930 | 10:37:51 | 221.847476 | 358.061519 
 4151.3076 | 08738.7935 | 10:37:52 | 221.847061 | 358.059560 
 4151.3070 | 08738.7938 | 10:37:53 | 221.846809 | 358.058868 
 4151.3067 | 08738.7937 | 10:37:54 | 221.846897 | 358.058524 
 4151.3067 | 08738.7941 | 10:37:55 | 221.846554 | 358.058521 
 4151.3068 | 08738.7944 | 10:37:56 | 221.846295 | 358.058634 
 4151.3068 | 08738.7944 | 10:37:57 | 221.846295 | 358.058634 
 4151.3068 | 08738.7948 | 10:37:58 | 221.845951 | 358.058631 
 4151.3062 | 08738.7951 | 10:37:59 | 221.845698 | 358.057939 
 4151.3039 | 08738.7942 | 10:38:00 | 221.846493 | 358.055300 
 4151.3014 | 08738.7942 | 10:38:01 | 221.846516 | 358.052424 
 4151.2982 | 08738.7943 | 10:38:02 | 221.846460 | 358.048743 
 4151.2944 | 08738.7941 | 10:38:03 | 221.846667 | 358.044373 
 4151.2902 | 08738.7939 | 10:38:04 | 221.846877 | 358.039543 
 4151.2856 | 08738.7936 | 10:38:05 | 221.847178 | 358.034254 
 4151.2805 | 08738.7934 | 10:38:06 | 221.847397 | 358.028389 
 4151.2755 | 08738.7934 | 10:38:07 | 221.847443 | 358.022638 
 4151.2701 | 08738.7931 | 10:38:08 | 221.847750 | 358.016429 
 4151.2649 | 08738.7929 | 10:38:09 | 221.847970 | 358.010449 
 4151.2603 | 08738.7928 | 10:38:10 | 221.848098 | 358.005158 
 4151.2565 | 08738.7925 | 10:38:11 | 221.848391 | 358.000789 
 4151.2532 | 08738.7922 | 10:38:12 | 221.848680 | 357.996996 
 4151.2499 | 08738.7919 | 10:38:13 | 221.848968 | 357.993202 
 4151.2464 | 08738.7916 | 10:38:14 | 221.849258 | 357.989178 
 4151.2425 | 08738.7913 | 10:38:15 | 221.849552 | 357.984694 
 4151.2382 | 08738.7912 | 10:38:16 | 221.849678 | 357.979749 
 4151.2332 | 08738.7909 | 10:38:17 | 221.849982 | 357.974000 
 4151.2280 | 08738.7907 | 10:38:18 | 221.850201 | 357.968020 
 4151.2225 | 08738.7905 | 10:38:19 | 221.850424 | 357.961695 
 4151.2168 | 08738.7904 | 10:38:20 | 221.850562 | 357.955139 
 4151.2108 | 08738.7902 | 10:38:21 | 221.850790 | 357.948239 
 4151.2048 | 08738.7901 | 10:38:22 | 221.850931 | 357.941338 
 4151.1987 | 08738.7900 | 10:38:23 | 221.851073 | 357.934322 
 4151.1925 | 08738.7898 | 10:38:24 | 221.851302 | 357.927192 
 4151.1861 | 08738.7896 | 10:38:25 | 221.851533 | 357.919832 
 4151.1794 | 08738.7896 | 10:38:26 | 221.851595 | 357.912125 
 4151.1725 | 08738.7897 | 10:38:27 | 221.851572 | 357.904188 
 4151.1655 | 08738.7897 | 10:38:28 | 221.851636 | 357.896136 
 4151.1585 | 08738.7897 | 10:38:29 | 221.851701 | 357.888084 
 4151.1514 | 08738.7895 | 10:38:30 | 221.851938 | 357.879919 
 4151.1442 | 08738.7891 | 10:38:31 | 221.852348 | 357.871640 
 4151.1369 | 08738.7888 | 10:38:32 | 221.852674 | 357.863245 
 4151.1296 | 08738.7885 | 10:38:33 | 221.852999 | 357.854850 
 4151.1222 | 08738.7880 | 10:38:34 | 221.853497 | 357.846342 
 4151.1147 | 08738.7875 | 10:38:35 | 221.853996 | 357.837719 
 4151.1070 | 08738.7872 | 10:38:36 | 221.854325 | 357.828864 
 4151.0993 | 08738.7870 | 10:38:37 | 221.854567 | 357.820008 
 4151.0915 | 08738.7868 | 10:38:38 | 221.854811 | 357.811038 
 4151.0837 | 08738.7864 | 10:38:39 | 221.855227 | 357.802068 
 4151.0758 | 08738.7862 | 10:38:40 | 221.855472 | 357.792983 
 4151.0677 | 08738.7860 | 10:38:41 | 221.855718 | 357.783667 
 4151.0595 | 08738.7859 | 10:38:42 | 221.855880 | 357.774236 
 4151.0511 | 08738.7855 | 10:38:43 | 221.856301 | 357.764576 
 4151.0426 | 08738.7852 | 10:38:44 | 221.856637 | 357.754801 
 4151.0339 | 08738.7848 | 10:38:45 | 221.857061 | 357.744797 
 4151.0252 | 08738.7845 | 10:38:46 | 221.857399 | 357.734792 
 4151.0163 | 08738.7843 | 10:38:47 | 221.857653 | 357.724556 
 4151.0077 | 08738.7846 | 10:38:48 | 221.857474 | 357.714662 
 4150.9995 | 08738.7855 | 10:38:49 | 221.856776 | 357.705224 
 4150.9918 | 08738.7865 | 10:38:50 | 221.855987 | 357.696360 
 4150.9846 | 08738.7874 | 10:38:51 | 221.855279 | 357.688072 
 4150.9779 | 08738.7878 | 10:38:52 | 221.854996 | 357.680362 
 4150.9718 | 08738.7880 | 10:38:53 | 221.854881 | 357.673345 
 4150.9660 | 08738.7882 | 10:38:54 | 221.854762 | 357.666672 
 4150.9603 | 08738.7882 | 10:38:55 | 221.854814 | 357.660115 
 4150.9547 | 08738.7882 | 10:38:56 | 221.854866 | 357.653674 
 4150.9492 | 08738.7882 | 10:38:57 | 221.854916 | 357.647348 
 4150.9436 | 08738.7882 | 10:38:58 | 221.854968 | 357.640906 
 4150.9380 | 08738.7883 | 10:38:59 | 221.854934 | 357.634464 
 4150.9322 | 08738.7883 | 10:39:00 | 221.854987 | 357.627793 
 4150.9262 | 08738.7883 | 10:39:01 | 221.855042 | 357.620891 
 4150.9197 | 08738.7883 | 10:39:02 | 221.855102 | 357.613415 
 4150.9129 | 08738.7884 | 10:39:03 | 221.855078 | 357.605592 
 4150.9058 | 08738.7887 | 10:39:04 | 221.854886 | 357.597423 
 4150.8985 | 08738.7893 | 10:39:05 | 221.854437 | 357.589022 
 4150.8910 | 08738.7899 | 10:39:06 | 221.853990 | 357.580391 
 4150.8834 | 08738.7904 | 10:39:07 | 221.853630 | 357.571646 
 4150.8759 | 08738.7907 | 10:39:08 | 221.853441 | 357.563017 
 4150.8683 | 08738.7909 | 10:39:09 | 221.853339 | 357.554274 
 4150.8608 | 08738.7912 | 10:39:10 | 221.853150 | 357.545645 
 4150.8532 | 08738.7914 | 10:39:11 | 221.853048 | 357.536902 
 4150.8463 | 08738.7919 | 10:39:12 | 221.852681 | 357.528962 
 4150.8402 | 08738.7936 | 10:39:13 | 221.851275 | 357.521933 
 4150.8484 | 08738.7912 | 10:39:14 | 221.853264 | 357.531382 
 4150.8468 | 08738.7912 | 10:39:15 | 221.853278 | 357.529542 
 4150.8455 | 08738.7913 | 10:39:16 | 221.853204 | 357.528046 
 4150.8449 | 08738.7913 | 10:39:17 | 221.853210 | 357.527355 
 4150.8450 | 08738.7913 | 10:39:18 | 221.853209 | 357.527470 
 4150.8452 | 08738.7912 | 10:39:19 | 221.853293 | 357.527701 
 4150.8454 | 08738.7911 | 10:39:20 | 221.853377 | 357.527932 
 4150.8454 | 08738.7911 | 10:39:21 | 221.853377 | 357.527932 
 4150.8454 | 08738.7911 | 10:39:22 | 221.853377 | 357.527932 
 4150.8454 | 08738.7911 | 10:39:23 | 221.853377 | 357.527932 
 4150.8454 | 08738.7911 | 10:39:24 | 221.853377 | 357.527932 
 4150.8454 | 08738.7911 | 10:39:25 | 221.853377 | 357.527932 
 4150.8454 | 08738.7911 | 10:39:26 | 221.853377 | 357.527932 
 4150.8454 | 08738.7911 | 10:39:27 | 221.853377 | 357.527932 
 4150.8454 | 08738.7911 | 10:39:28 | 221.853377 | 357.527932 
 4150.8454 | 08738.7911 | 10:39:29 | 221.853377 | 357.527932 
 4150.8454 | 08738.7911 | 10:39:30 | 221.853377 | 357.527932 
 4150.8454 | 08738.7911 | 10:39:31 | 221.853377 | 357.527932 
 4150.8454 | 08738.7911 | 10:39:32 | 221.853377 | 357.527932 
 4150.8454 | 08738.7911 | 10:39:33 | 221.853377 | 357.527932 
 4150.8454 | 08738.7911 | 10:39:34 | 221.853377 | 357.527932 
 4150.8454 | 08738.7911 | 10:39:35 | 221.853377 | 357.527932 
 4150.8454 | 08738.7911 | 10:39:36 | 221.853377 | 357.527932 
 4150.8454 | 08738.7911 | 10:39:37 | 221.853377 | 357.527932 
 4150.8454 | 08738.7911 | 10:39:38 | 221.853377 | 357.527932 
 4150.8454 | 08738.7911 | 10:39:39 | 221.853377 | 357.527932 
 4150.8454 | 08738.7911 | 10:39:40 | 221.853377 | 357.527932 
 4150.8454 | 08738.7911 | 10:39:41 | 221.853377 | 357.527932 
 4150.8454 | 08738.7911 | 10:39:42 | 221.853377 | 357.527932 
 4150.8454 | 08738.7911 | 10:39:43 | 221.853377 | 357.527932 
 4150.8454 | 08738.7911 | 10:39:44 | 221.853377 | 357.527932 
 4150.8454 | 08738.7911 | 10:39:45 | 221.853377 | 357.527932 
 4150.8454 | 08738.7911 | 10:39:46 | 221.853377 | 357.527932 
 4150.8454 | 08738.7911 | 10:39:47 | 221.853377 | 357.527932 
 4150.8454 | 08738.7911 | 10:39:48 | 221.853377 | 357.527932 
 4150.8454 | 08738.7911 | 10:39:49 | 221.853377 | 357.527932 
 4150.8454 | 08738.7911 | 10:39:50 | 221.853377 | 357.527932 
 4150.8454 | 08738.7911 | 10:39:51 | 221.853377 | 357.527932 
 4150.8454 | 08738.7911 | 10:39:52 | 221.853377 | 357.527932 
 4150.8454 | 08738.7911 | 10:39:53 | 221.853377 | 357.527932 
 4150.8454 | 08738.7911 | 10:39:54 | 221.853377 | 357.527932 
 4150.8454 | 08738.7911 | 10:39:55 | 221.853377 | 357.527932 
 4150.8454 | 08738.7911 | 10:39:56 | 221.853377 | 357.527932 
 4150.8454 | 08738.7911 | 10:39:57 | 221.853377 | 357.527932 
 4150.8454 | 08738.7911 | 10:39:58 | 221.853377 | 357.527932 
 4150.8454 | 08738.7911 | 10:39:59 | 221.853377 | 357.527932 
 4150.8459 | 08738.7901 | 10:40:00 | 221.854233 | 357.528514 
 4150.8444 | 08738.7901 | 10:40:01 | 221.854247 | 357.526789 
 4150.8418 | 08738.7900 | 10:40:02 | 221.854356 | 357.523799 
 4150.8384 | 08738.7899 | 10:40:03 | 221.854474 | 357.519888 
 4150.8346 | 08738.7897 | 10:40:04 | 221.854681 | 357.515519 
 4150.8308 | 08738.7895 | 10:40:05 | 221.854888 | 357.511149 
 4150.8267 | 08738.7892 | 10:40:06 | 221.855183 | 357.506435 
 4150.8223 | 08738.7889 | 10:40:07 | 221.855482 | 357.501376 
 4150.8173 | 08738.7886 | 10:40:08 | 221.855786 | 357.495627 
 4150.8118 | 08738.7881 | 10:40:09 | 221.856267 | 357.489304 
 4150.8062 | 08738.7877 | 10:40:10 | 221.856662 | 357.482866 
 4150.8006 | 08738.7873 | 10:40:11 | 221.857058 | 357.476427 
 4150.7949 | 08738.7870 | 10:40:12 | 221.857368 | 357.469873 
 4150.7891 | 08738.7869 | 10:40:13 | 221.857507 | 357.463202 
 4150.7833 | 08738.7868 | 10:40:14 | 221.857647 | 357.456531 
 4150.7772 | 08738.7868 | 10:40:15 | 221.857703 | 357.449515 
 4150.7711 | 08738.7867 | 10:40:16 | 221.857845 | 357.442499 
 4150.7650 | 08738.7866 | 10:40:17 | 221.857987 | 357.435483 
 4150.7588 | 08738.7865 | 10:40:18 | 221.858130 | 357.428352 
 4150.7527 | 08738.7864 | 10:40:19 | 221.858272 | 357.421336 
 4150.7466 | 08738.7863 | 10:40:20 | 221.858415 | 357.414320 
 4150.7404 | 08738.7862 | 10:40:21 | 221.858558 | 357.407190 
 4150.7343 | 08738.7860 | 10:40:22 | 221.858786 | 357.400174 
 4150.7223 | 08738.7859 | 10:40:24 | 221.858982 | 357.386372 
 4150.7217 | 08738.7877 | 10:40:25 | 221.857439 | 357.385670 
 4150.7226 | 08738.8054 | 10:40:27 | 221.842208 | 357.386583 
 4150.7184 | 08738.8108 | 10:40:28 | 221.837602 | 357.381715 
 4150.7154 | 08738.8154 | 10:40:29 | 221.833673 | 357.378233 
 4150.7129 | 08738.8191 | 10:40:30 | 221.830514 | 357.375332 
 4150.7102 | 08738.8232 | 10:40:31 | 221.827012 | 357.372198 
 4150.7080 | 08738.8267 | 10:40:32 | 221.824022 | 357.369643 
 4150.7062 | 08738.8296 | 10:40:33 | 221.821545 | 357.367553 
 4150.7041 | 08738.8332 | 10:40:34 | 221.818468 | 357.365112 
 4150.7031 | 08738.8351 | 10:40:35 | 221.816843 | 357.363949 
 4150.7021 | 08738.8370 | 10:40:36 | 221.815218 | 357.362786 
 4150.7013 | 08738.8385 | 10:40:37 | 221.813935 | 357.361855 
 4150.7005 | 08738.8402 | 10:40:38 | 221.812480 | 357.360923 
 4150.6996 | 08738.8420 | 10:40:39 | 221.810940 | 357.359876 
 4150.6995 | 08738.8426 | 10:40:40 | 221.810425 | 357.359757 
 4150.7003 | 08738.8414 | 10:40:41 | 221.811450 | 357.360685 
 4150.7012 | 08738.8401 | 10:40:42 | 221.812560 | 357.361729 
 4150.7020 | 08738.8389 | 10:40:43 | 221.813584 | 357.362658 
 4150.7030 | 08738.8371 | 10:40:44 | 221.815123 | 357.363820 
 4150.7023 | 08738.8382 | 10:40:45 | 221.814184 | 357.363008 
 4150.7042 | 08738.8353 | 10:40:46 | 221.816661 | 357.365213 
 4150.7061 | 08738.8322 | 10:40:47 | 221.819309 | 357.367420 
 4150.7079 | 08738.8289 | 10:40:48 | 221.822131 | 357.369513 
 4150.7092 | 08738.8267 | 10:40:49 | 221.824011 | 357.371023 
 4150.7102 | 08738.8247 | 10:40:50 | 221.825722 | 357.372187 
 4150.7110 | 08738.8213 | 10:40:51 | 221.828639 | 357.373131 
 4150.7145 | 08738.8113 | 10:40:52 | 221.837208 | 357.377226 
 4150.7211 | 08738.7880 | 10:40:53 | 221.857187 | 357.384977 
 4150.7180 | 08738.7875 | 10:40:54 | 221.857646 | 357.381415 
 4150.7138 | 08738.7873 | 10:40:55 | 221.857856 | 357.376585 
 4150.7090 | 08738.7870 | 10:40:56 | 221.858158 | 357.371066 
 4150.7040 | 08738.7869 | 10:40:57 | 221.858290 | 357.365316 
 4150.6982 | 08738.7867 | 10:40:58 | 221.858516 | 357.358646 
 4150.6923 | 08738.7867 | 10:40:59 | 221.858570 | 357.351859 
 4150.6862 | 08738.7865 | 10:41:00 | 221.858798 | 357.344844 
 4150.6800 | 08738.7865 | 10:41:01 | 221.858855 | 357.337713 
 4150.6736 | 08738.7864 | 10:41:02 | 221.859000 | 357.330352 
 4150.6673 | 08738.7864 | 10:41:03 | 221.859058 | 357.323105 
 4150.6607 | 08738.7862 | 10:41:04 | 221.859291 | 357.315515 
 4150.6540 | 08738.7860 | 10:41:05 | 221.859524 | 357.307810 
 4150.6472 | 08738.7858 | 10:41:06 | 221.859759 | 357.299989 
 4150.6401 | 08738.7856 | 10:41:07 | 221.859996 | 357.291824 
 4150.6329 | 08738.7854 | 10:41:08 | 221.860235 | 357.283543 
 4150.6256 | 08738.7852 | 10:41:09 | 221.860474 | 357.275148 
 4150.6181 | 08738.7851 | 10:41:10 | 221.860629 | 357.266522 
 4150.6104 | 08738.7848 | 10:41:11 | 221.860958 | 357.257667 
 4150.6032 | 08738.7851 | 10:41:12 | 221.860766 | 357.249383 
 4150.5955 | 08738.7850 | 10:41:13 | 221.860923 | 357.240527 
 4150.5877 | 08738.7850 | 10:41:14 | 221.860995 | 357.231555 
 4150.5796 | 08738.7850 | 10:41:15 | 221.861069 | 357.222238 
 4150.5715 | 08738.7849 | 10:41:16 | 221.861230 | 357.212922 
 4150.5635 | 08738.7846 | 10:41:17 | 221.861561 | 357.203722 
 4150.5557 | 08738.7844 | 10:41:18 | 221.861805 | 357.194751 
 4150.5481 | 08738.7841 | 10:41:19 | 221.862133 | 357.186011 
 4150.5409 | 08738.7838 | 10:41:20 | 221.862457 | 357.177732 
 4150.5344 | 08738.7836 | 10:41:21 | 221.862689 | 357.170256 
 4150.5286 | 08738.7835 | 10:41:22 | 221.862828 | 357.163586 
 4150.5239 | 08738.7832 | 10:41:23 | 221.863130 | 357.158182 
 4150.5201 | 08738.7831 | 10:41:24 | 221.863251 | 357.153811 
 4150.5171 | 08738.7830 | 10:41:25 | 221.863364 | 357.150361 
 4150.5148 | 08738.7829 | 10:41:26 | 221.863471 | 357.147716 
 4150.5133 | 08738.7829 | 10:41:27 | 221.863485 | 357.145991 
 4150.5124 | 08738.7828 | 10:41:28 | 221.863580 | 357.144957 
 4150.5117 | 08738.7828 | 10:41:29 | 221.863586 | 357.144151 
 4150.5109 | 08738.7828 | 10:41:30 | 221.863593 | 357.143231 
 4150.5097 | 08738.7827 | 10:41:31 | 221.863690 | 357.141852 
 4150.5080 | 08738.7825 | 10:41:32 | 221.863878 | 357.139898 
 4150.5059 | 08738.7823 | 10:41:33 | 221.864069 | 357.137483 
 4150.5036 | 08738.7820 | 10:41:34 | 221.864349 | 357.134840 
 4150.5009 | 08738.7817 | 10:41:35 | 221.864631 | 357.131736 
 4150.4976 | 08738.7815 | 10:41:36 | 221.864834 | 357.127942 
 4150.4937 | 08738.7814 | 10:41:37 | 221.864956 | 357.123457 
 4150.4893 | 08738.7812 | 10:41:38 | 221.865168 | 357.118397 
 4150.4844 | 08738.7810 | 10:41:39 | 221.865385 | 357.112762 
 4150.4790 | 08738.7809 | 10:41:40 | 221.865521 | 357.106551 
 4150.4732 | 08738.7808 | 10:41:41 | 221.865660 | 357.099881 
 4150.4673 | 08738.7807 | 10:41:42 | 221.865801 | 357.093095 
 4150.4611 | 08738.7805 | 10:41:43 | 221.866030 | 357.085965 
 4150.4548 | 08738.7804 | 10:41:44 | 221.866174 | 357.078719 
 4150.4482 | 08738.7802 | 10:41:45 | 221.866407 | 357.071129 
 4150.4415 | 08738.7801 | 10:41:46 | 221.866554 | 357.063423 
 4150.4348 | 08738.7801 | 10:41:47 | 221.866616 | 357.055716 
 4150.4282 | 08738.7800 | 10:41:48 | 221.866763 | 357.048125 
 4150.4219 | 08738.7800 | 10:41:49 | 221.866821 | 357.040878 
 4150.4158 | 08738.7801 | 10:41:50 | 221.866791 | 357.033861 
 4150.4101 | 08738.7802 | 10:41:51 | 221.866757 | 357.027304 
 4150.4047 | 08738.7804 | 10:41:52 | 221.866635 | 357.021091 
 4150.3998 | 08738.7807 | 10:41:53 | 221.866422 | 357.015453 
 4150.3955 | 08738.7811 | 10:41:54 | 221.866117 | 357.010504 
 4150.3920 | 08738.7813 | 10:41:55 | 221.865977 | 357.006477 
 4150.3894 | 08738.7815 | 10:41:56 | 221.865829 | 357.003485 
 4150.3877 | 08738.7818 | 10:41:57 | 221.865587 | 357.001528 
 4150.3866 | 08738.7825 | 10:41:58 | 221.864995 | 357.000258 
 4150.3860 | 08738.7835 | 10:41:59 | 221.864140 | 356.999561 
 4150.3857 | 08738.7848 | 10:42:00 | 221.863025 | 356.999207 
 4150.3854 | 08738.7866 | 10:42:01 | 221.861479 | 356.998849 
 4150.3853 | 08738.7891 | 10:42:02 | 221.859330 | 356.998717 
 4150.3852 | 08738.7921 | 10:42:03 | 221.856750 | 356.998581 
 4150.3852 | 08738.7950 | 10:42:04 | 221.854256 | 356.998561 
 4150.3849 | 08738.7978 | 10:42:05 | 221.851850 | 356.998197 
 4150.3841 | 08738.8004 | 10:42:06 | 221.849621 | 356.997259 
 4150.3827 | 08738.8023 | 10:42:07 | 221.848000 | 356.995635 
 4150.3812 | 08738.8034 | 10:42:08 | 221.847067 | 356.993903 
 4150.3797 | 08738.8039 | 10:42:09 | 221.846651 | 356.992174 
 4150.3783 | 08738.8040 | 10:42:10 | 221.846578 | 356.990563 
 4150.3771 | 08738.8040 | 10:42:11 | 221.846589 | 356.989182 
 4150.3758 | 08738.8041 | 10:42:12 | 221.846515 | 356.987686 
 4150.3745 | 08738.8041 | 10:42:13 | 221.846527 | 356.986191 
 4150.3734 | 08738.8039 | 10:42:14 | 221.846709 | 356.984927 
 4150.3722 | 08738.8037 | 10:42:15 | 221.846892 | 356.983548 
 4150.3710 | 08738.8037 | 10:42:16 | 221.846903 | 356.982168 
 4150.3699 | 08738.8037 | 10:42:17 | 221.846913 | 356.980903 
 4150.3687 | 08738.8038 | 10:42:18 | 221.846838 | 356.979522 
 4150.3677 | 08738.8039 | 10:42:19 | 221.846761 | 356.978371 
 4150.3667 | 08738.8041 | 10:42:20 | 221.846599 | 356.977219 
 4150.3659 | 08738.8042 | 10:42:21 | 221.846520 | 356.976298 
 4150.3649 | 08738.8042 | 10:42:22 | 221.846529 | 356.975148 
 4150.3637 | 08738.8041 | 10:42:23 | 221.846626 | 356.973768 
 4150.3623 | 08738.8038 | 10:42:24 | 221.846897 | 356.972160 
 4150.3609 | 08738.8034 | 10:42:25 | 221.847254 | 356.970553 
 4150.3597 | 08738.8033 | 10:42:26 | 221.847351 | 356.969173 
 4150.3587 | 08738.8032 | 10:42:27 | 221.847446 | 356.968023 
 4150.3578 | 08738.8030 | 10:42:28 | 221.847627 | 356.966989 
 4150.3571 | 08738.8026 | 10:42:29 | 221.847977 | 356.966187 
 4150.3565 | 08738.8019 | 10:42:30 | 221.848585 | 356.965502 
 4150.3562 | 08738.8009 | 10:42:31 | 221.849448 | 356.965164 
 4150.3560 | 08738.8001 | 10:42:32 | 221.850138 | 356.964939 
 4150.3558 | 08738.7994 | 10:42:33 | 221.850742 | 356.964714 
 4150.3557 | 08738.7989 | 10:42:34 | 221.851173 | 356.964602 
 4150.3556 | 08738.7986 | 10:42:35 | 221.851432 | 356.964489 
 4150.3556 | 08738.7984 | 10:42:36 | 221.851604 | 356.964491 
 4150.3556 | 08738.7984 | 10:42:37 | 221.851604 | 356.964491 
 4150.3557 | 08738.7984 | 10:42:38 | 221.851603 | 356.964606 
 4150.3557 | 08738.7984 | 10:42:39 | 221.851603 | 356.964606 
 4150.3560 | 08738.7984 | 10:42:40 | 221.851600 | 356.964951 
 4150.3564 | 08738.7986 | 10:42:41 | 221.851424 | 356.965409 
 4150.3565 | 08738.7986 | 10:42:42 | 221.851423 | 356.965524 
 4150.3564 | 08738.7988 | 10:42:43 | 221.851252 | 356.965408 
 4150.3564 | 08738.7991 | 10:42:44 | 221.850994 | 356.965406 
 4150.3564 | 08738.7991 | 10:42:45 | 221.850994 | 356.965406 
 4150.3564 | 08738.7991 | 10:42:46 | 221.850994 | 356.965406 
 4150.3564 | 08738.7991 | 10:42:47 | 221.850994 | 356.965406 
 4150.3564 | 08738.7991 | 10:42:48 | 221.850994 | 356.965406 
 4150.3564 | 08738.7991 | 10:42:49 | 221.850994 | 356.965406 
 4150.3564 | 08738.7991 | 10:42:50 | 221.850994 | 356.965406 
 4150.3564 | 08738.7991 | 10:42:51 | 221.850994 | 356.965406 
 4150.3564 | 08738.7991 | 10:42:52 | 221.850994 | 356.965406 
 4150.3564 | 08738.7991 | 10:42:53 | 221.850994 | 356.965406 
 4150.3564 | 08738.7991 | 10:42:54 | 221.850994 | 356.965406 
 4150.3549 | 08738.8016 | 10:42:55 | 221.848857 | 356.963663 
 4150.3548 | 08738.8020 | 10:42:56 | 221.848514 | 356.963546 
 4150.3545 | 08738.8025 | 10:42:57 | 221.848087 | 356.963197 
 4150.3544 | 08738.8028 | 10:42:58 | 221.847830 | 356.963080 
 4150.3542 | 08738.8033 | 10:42:59 | 221.847402 | 356.962847 
 4150.3540 | 08738.8036 | 10:43:00 | 221.847145 | 356.962614 
 4150.3539 | 08738.8040 | 10:43:01 | 221.846802 | 356.962497 
 4150.3537 | 08738.8044 | 10:43:02 | 221.846460 | 356.962264 
 4150.3536 | 08738.8047 | 10:43:03 | 221.846203 | 356.962147 
 4150.3531 | 08738.8054 | 10:43:05 | 221.845605 | 356.96