 4150.3720 | 08738.7674 | 11:33:23 | 221.878118 | 356.983568 
 4150.3714 | 08738.7597 | 11:33:33 | 221.884746 | 356.982931 
 4150.3715 | 08738.7599 | 11:33:34 | 221.884573 | 356.983044 
 4150.3715 | 08738.7596 | 11:33:35 | 221.884831 | 356.983046 
 4150.3715 | 08738.7594 | 11:33:36 | 221.885003 | 356.983048 
 4150.3715 | 08738.7594 | 11:33:37 | 221.885003 | 356.983048 
 4150.3715 | 08738.7594 | 11:33:38 | 221.885003 | 356.983048 
 4150.3715 | 08738.7594 | 11:33:39 | 221.885003 | 356.983048 
 4150.3715 | 08738.7594 | 11:33:40 | 221.885003 | 356.983048 
 4150.3715 | 08738.7594 | 11:33:41 | 221.885003 | 356.983048 
 4150.3715 | 08738.7594 | 11:33:42 | 221.885003 | 356.983048 
 4150.3715 | 08738.7594 | 11:33:43 | 221.885003 | 356.983048 
 4150.3715 | 08738.7594 | 11:33:44 | 221.885003 | 356.983048 
 4150.3715 | 08738.7594 | 11:33:45 | 221.885003 | 356.983048 
 4150.3715 | 08738.7594 | 11:33:46 | 221.885003 | 356.983048 
 4150.3715 | 08738.7586 | 11:33:47 | 221.885692 | 356.983053 
 4150.3714 | 08738.7581 | 11:33:48 | 221.886123 | 356.982942 
 4150.3712 | 08738.7580 | 11:33:49 | 221.886210 | 356.982712 
 4150.3712 | 08738.7583 | 11:33:50 | 221.885952 | 356.982710 
 4150.3713 | 08738.7581 | 11:33:51 | 221.886124 | 356.982827 
 4150.3713 | 08738.7581 | 11:33:52 | 221.886124 | 356.982827 
 4150.3713 | 08738.7581 | 11:33:53 | 221.886124 | 356.982827 
 4150.3713 | 08738.7581 | 11:33:54 | 221.886124 | 356.982827 
 4150.3713 | 08738.7581 | 11:33:55 | 221.886124 | 356.982827 
 4150.3713 | 08738.7581 | 11:33:56 | 221.886124 | 356.982827 
 4150.3713 | 08738.7581 | 11:33:57 | 221.886124 | 356.982827 
 4150.3713 | 08738.7581 | 11:33:58 | 221.886124 | 356.982827 
 4150.3713 | 08738.7581 | 11:33:59 | 221.886124 | 356.982827 
 4150.3713 | 08738.7581 | 11:34:00 | 221.886124 | 356.982827 
 4150.3713 | 08738.7581 | 11:34:01 | 221.886124 | 356.982827 
 4150.3713 | 08738.7581 | 11:34:02 | 221.886124 | 356.982827 
 4150.3713 | 08738.7581 | 11:34:03 | 221.886124 | 356.982827 
 4150.3713 | 08738.7581 | 11:34:04 | 221.886124 | 356.982827 
 4150.3713 | 08738.7581 | 11:34:05 | 221.886124 | 356.982827 
 4150.3713 | 08738.7581 | 11:34:06 | 221.886124 | 356.982827 
 4150.3713 | 08738.7581 | 11:34:07 | 221.886124 | 356.982827 
 4150.3713 | 08738.7581 | 11:34:08 | 221.886124 | 356.982827 
 4150.3713 | 08738.7581 | 11:34:09 | 221.886124 | 356.982827 
 4150.3713 | 08738.7581 | 11:34:10 | 221.886124 | 356.982827 
 4150.3713 | 08738.7581 | 11:34:11 | 221.886124 | 356.982827 
 4150.3713 | 08738.7581 | 11:34:12 | 221.886124 | 356.982827 
 4150.3713 | 08738.7581 | 11:34:13 | 221.886124 | 356.982827 
 4150.3728 | 08738.7594 | 11:34:14 | 221.884992 | 356.984543 
 4150.3726 | 08738.7603 | 11:34:15 | 221.884219 | 356.984307 
 4150.3725 | 08738.7610 | 11:34:16 | 221.883618 | 356.984187 
 4150.3725 | 08738.7617 | 11:34:17 | 221.883016 | 356.984182 
 4150.3725 | 08738.7623 | 11:34:18 | 221.882500 | 356.984178 
 4150.3725 | 08738.7630 | 11:34:19 | 221.881898 | 356.984173 
 4150.3724 | 08738.7637 | 11:34:20 | 221.881297 | 356.984053 
 4150.3722 | 08738.7642 | 11:34:21 | 221.880868 | 356.983820 
 4150.3721 | 08738.7643 | 11:34:22 | 221.880783 | 356.983704 
 4150.3721 | 08738.7643 | 11:34:23 | 221.880783 | 356.983704 
 4150.3721 | 08738.7643 | 11:34:24 | 221.880783 | 356.983704 
 4150.3723 | 08738.7640 | 11:34:25 | 221.881039 | 356.983936 
 4150.3730 | 08738.7638 | 11:34:26 | 221.881205 | 356.984743 
 4150.3745 | 08738.7637 | 11:34:27 | 221.881277 | 356.986469 
 4150.3763 | 08738.7634 | 11:34:28 | 221.881519 | 356.988541 
 4150.3779 | 08738.7625 | 11:34:29 | 221.882278 | 356.990388 
 4150.3790 | 08738.7610 | 11:34:30 | 221.883558 | 356.991664 
 4150.3795 | 08738.7586 | 11:34:31 | 221.885618 | 356.992255 
 4150.3795 | 08738.7557 | 11:34:32 | 221.888112 | 356.992275 
 4150.3785 | 08738.7532 | 11:34:33 | 221.890272 | 356.991142 
 4150.3766 | 08738.7516 | 11:34:34 | 221.891666 | 356.988968 
 4150.3743 | 08738.7509 | 11:34:35 | 221.892289 | 356.986327 
 4150.3717 | 08738.7506 | 11:34:36 | 221.892571 | 356.983338 
 4150.3693 | 08738.7505 | 11:34:37 | 221.892679 | 356.980579 
 4150.3673 | 08738.7506 | 11:34:38 | 221.892612 | 356.978277 
 4150.3661 | 08738.7507 | 11:34:39 | 221.892537 | 356.976896 
 4150.3653 | 08738.7507 | 11:34:40 | 221.892544 | 356.975976 
 4150.3650 | 08738.7507 | 11:34:41 | 221.892547 | 356.975631 
 4150.3650 | 08738.7508 | 11:34:42 | 221.892461 | 356.975630 
 4150.3650 | 08738.7509 | 11:34:43 | 221.892375 | 356.975630 
 4150.3650 | 08738.7509 | 11:34:44 | 221.892375 | 356.975630 
 4150.3640 | 08738.7510 | 11:34:45 | 221.892298 | 356.974479 
 4150.3628 | 08738.7511 | 11:34:46 | 221.892223 | 356.973098 
 4150.3611 | 08738.7513 | 11:34:47 | 221.892067 | 356.971141 
 4150.3571 | 08738.7517 | 11:34:48 | 221.891759 | 356.966537 
 4150.3564 | 08738.7526 | 11:34:49 | 221.890992 | 356.965726 
 4150.3553 | 08738.7543 | 11:34:50 | 221.889539 | 356.964449 
 4150.3549 | 08738.7565 | 11:34:51 | 221.887651 | 356.963974 
 4150.3547 | 08738.7589 | 11:34:52 | 221.885588 | 356.963727 
 4150.3549 | 08738.7618 | 11:34:53 | 221.883092 | 356.963937 
 4150.3553 | 08738.7636 | 11:34:54 | 221.881540 | 356.964385 
 4150.3557 | 08738.7638 | 11:34:55 | 221.881364 | 356.964844 
 4150.3559 | 08738.7636 | 11:34:56 | 221.881534 | 356.965075 
 4150.3561 | 08738.7632 | 11:34:57 | 221.881877 | 356.965308 
 4150.3561 | 08738.7632 | 11:34:58 | 221.881877 | 356.965308 
 4150.3561 | 08738.7632 | 11:34:59 | 221.881877 | 356.965308 
 4150.3561 | 08738.7632 | 11:35:00 | 221.881877 | 356.965308 
 4150.3561 | 08738.7632 | 11:35:01 | 221.881877 | 356.965308 
 4150.3561 | 08738.7632 | 11:35:02 | 221.881877 | 356.965308 
 4150.3568 | 08738.7622 | 11:35:03 | 221.882730 | 356.966120 
 4150.3568 | 08738.7632 | 11:35:04 | 221.881870 | 356.966113 
 4150.3568 | 08738.7650 | 11:35:05 | 221.880322 | 356.966101 
 4150.3568 | 08738.7669 | 11:35:06 | 221.878688 | 356.966088 
 4150.3555 | 08738.7684 | 11:35:07 | 221.877409 | 356.964582 
 4150.3558 | 08738.7697 | 11:35:08 | 221.876288 | 356.964918 
 4150.3560 | 08738.7708 | 11:35:09 | 221.875340 | 356.965141 
 4150.3562 | 08738.7715 | 11:35:10 | 221.874736 | 356.965366 
 4150.3564 | 08738.7722 | 11:35:11 | 221.874132 | 356.965591 
 4150.3572 | 08738.7731 | 11:35:12 | 221.873351 | 356.966505 
 4150.3587 | 08738.7739 | 11:35:13 | 221.872649 | 356.968225 
 4150.3609 | 08738.7743 | 11:35:14 | 221.872285 | 356.970753 
 4150.3643 | 08738.7748 | 11:35:15 | 221.871823 | 356.974660 
 4150.3680 | 08738.7751 | 11:35:16 | 221.871531 | 356.978914 
 4150.3716 | 08738.7753 | 11:35:17 | 221.871326 | 356.983053 
 4150.3749 | 08738.7755 | 11:35:18 | 221.871124 | 356.986848 
 4150.3777 | 08738.7755 | 11:35:19 | 221.871098 | 356.990069 
 4150.3801 | 08738.7756 | 11:35:20 | 221.870990 | 356.992828 
 4150.3822 | 08738.7756 | 11:35:21 | 221.870970 | 356.995244 
 4150.3844 | 08738.7756 | 11:35:22 | 221.870950 | 356.997775 
 4150.3871 | 08738.7756 | 11:35:23 | 221.870925 | 357.000880 
 4150.3906 | 08738.7756 | 11:35:24 | 221.870893 | 357.004906 
 4150.3946 | 08738.7756 | 11:35:25 | 221.870856 | 357.009507 
 4150.3991 | 08738.7757 | 11:35:26 | 221.870729 | 357.014682 
 4150.4041 | 08738.7758 | 11:35:27 | 221.870597 | 357.020433 
 4150.4095 | 08738.7760 | 11:35:28 | 221.870375 | 357.026643 
 4150.4152 | 08738.7763 | 11:35:29 | 221.870065 | 357.033197 
 4150.4210 | 08738.7766 | 11:35:30 | 221.869753 | 357.039867 
 4150.4269 | 08738.7768 | 11:35:31 | 221.869527 | 357.046652 
 4150.4332 | 08738.7769 | 11:35:32 | 221.869383 | 357.053898 
 4150.4397 | 08738.7770 | 11:35:33 | 221.869237 | 357.061374 
 4150.4463 | 08738.7774 | 11:35:34 | 221.868832 | 357.068962 
 4150.4533 | 08738.7776 | 11:35:35 | 221.868596 | 357.077013 
 4150.4608 | 08738.7777 | 11:35:36 | 221.868441 | 357.085639 
 4150.4683 | 08738.7777 | 11:35:37 | 221.868372 | 357.094266 
 4150.4757 | 08738.7778 | 11:35:38 | 221.868218 | 357.102777 
 4150.4832 | 08738.7780 | 11:35:39 | 221.867977 | 357.111402 
 4150.4908 | 08738.7781 | 11:35:40 | 221.867821 | 357.120144 
 4150.4986 | 08738.7783 | 11:35:41 | 221.867577 | 357.129114 
 4150.5065 | 08738.7786 | 11:35:42 | 221.867246 | 357.138199 
 4150.5143 | 08738.7789 | 11:35:43 | 221.866917 | 357.147169 
 4150.5221 | 08738.7792 | 11:35:44 | 221.866587 | 357.156139 
 4150.5301 | 08738.7792 | 11:35:45 | 221.866513 | 357.165341 
 4150.5379 | 08738.7793 | 11:35:46 | 221.866355 | 357.174312 
 4150.5459 | 08738.7794 | 11:35:47 | 221.866196 | 357.183513 
 4150.5539 | 08738.7795 | 11:35:48 | 221.866036 | 357.192715 
 4150.5620 | 08738.7797 | 11:35:49 | 221.865790 | 357.202030 
 4150.5702 | 08738.7799 | 11:35:50 | 221.865542 | 357.211461 
 4150.5783 | 08738.7800 | 11:35:51 | 221.865382 | 357.220777 
 4150.5862 | 08738.7802 | 11:35:52 | 221.865137 | 357.229863 
 4150.5942 | 08738.7804 | 11:35:53 | 221.864891 | 357.239063 
 4150.6019 | 08738.7806 | 11:35:54 | 221.864648 | 357.247919 
 4150.6099 | 08738.7808 | 11:35:55 | 221.864403 | 357.257119 
 4150.6180 | 08738.7808 | 11:35:56 | 221.864328 | 357.266436 
 4150.6258 | 08738.7810 | 11:35:57 | 221.864084 | 357.275407 
 4150.6335 | 08738.7814 | 11:35:58 | 221.863670 | 357.284261 
 4150.6411 | 08738.7818 | 11:35:59 | 221.863256 | 357.293000 
 4150.6487 | 08738.7820 | 11:36:00 | 221.863014 | 357.301741 
 4150.6562 | 08738.7822 | 11:36:01 | 221.862773 | 357.310366 
 4150.6636 | 08738.7823 | 11:36:02 | 221.862618 | 357.318877 
 4150.6711 | 08738.7824 | 11:36:03 | 221.862463 | 357.327504 
 4150.6778 | 08738.7821 | 11:36:04 | 221.862660 | 357.335212 
 4150.6804 | 08738.7827 | 11:36:05 | 221.862120 | 357.338199 
 4150.6847 | 08738.7832 | 11:36:06 | 221.861650 | 357.343141 
 4150.6880 | 08738.7833 | 11:36:07 | 221.861534 | 357.346937 
 4150.6912 | 08738.7832 | 11:36:08 | 221.861590 | 357.350618 
 4150.6931 | 08738.7834 | 11:36:09 | 221.861401 | 357.352802 
 4150.6947 | 08738.7838 | 11:36:10 | 221.861042 | 357.354640 
 4150.6961 | 08738.7840 | 11:36:11 | 221.860857 | 357.356249 
 4150.6980 | 08738.7841 | 11:36:12 | 221.860754 | 357.358434 
 4150.6999 | 08738.7841 | 11:36:13 | 221.860736 | 357.360619 
 4150.7022 | 08738.7844 | 11:36:14 | 221.860457 | 357.363262 
 4150.7045 | 08738.7847 | 11:36:15 | 221.860178 | 357.365906 
 4150.7068 | 08738.7852 | 11:36:16 | 221.859727 | 357.368548 
 4150.7157 | 08738.7847 | 11:36:17 | 221.860075 | 357.378789 
 4150.7207 | 08738.7847 | 11:36:18 | 221.860029 | 357.384540 
 4150.7258 | 08738.7847 | 11:36:19 | 221.859982 | 357.390406 
 4150.7308 | 08738.7847 | 11:36:20 | 221.859936 | 357.396157 
 4150.7453 | 08738.7847 | 11:36:23 | 221.859803 | 357.412836 
 4150.7502 | 08738.7847 | 11:36:24 | 221.859758 | 357.418472 
 4150.7601 | 08738.7846 | 11:36:26 | 221.859752 | 357.429860 
 4150.7651 | 08738.7846 | 11:36:27 | 221.859706 | 357.435612 
 4150.7701 | 08738.7846 | 11:36:28 | 221.859660 | 357.441363 
 4150.7750 | 08738.7846 | 11:36:29 | 221.859615 | 357.446999 
 4150.7801 | 08738.7845 | 11:36:30 | 221.859654 | 357.452866 
 4150.7838 | 08738.7849 | 11:36:31 | 221.859276 | 357.457119 
 4150.7890 | 08738.7860 | 11:36:32 | 221.858282 | 357.463093 
 4150.7925 | 08738.7864 | 11:36:33 | 221.857906 | 357.467116 
 4150.7963 | 08738.7877 | 11:36:34 | 221.856753 | 357.471478 
 4150.7989 | 08738.7878 | 11:36:35 | 221.856643 | 357.474468 
 4150.8011 | 08738.7878 | 11:36:36 | 221.856623 | 357.476999 
 4150.8033 | 08738.7875 | 11:36:37 | 221.856861 | 357.479531 
 4150.8055 | 08738.7873 | 11:36:38 | 221.857013 | 357.482063 
 4150.8078 | 08738.7869 | 11:36:39 | 221.857335 | 357.484711 
 4150.8098 | 08738.7867 | 11:36:40 | 221.857489 | 357.487013 
 4150.8115 | 08738.7867 | 11:36:41 | 221.857473 | 357.488969 
 4150.8129 | 08738.7868 | 11:36:42 | 221.857375 | 357.490578 
 4150.8143 | 08738.7869 | 11:36:43 | 221.857276 | 357.492188 
 4150.8156 | 08738.7868 | 11:36:44 | 221.857350 | 357.493684 
 4150.8170 | 08738.7870 | 11:36:45 | 221.857165 | 357.495293 
 4150.8182 | 08738.7871 | 11:36:46 | 221.857068 | 357.496673 
 4150.8194 | 08738.7872 | 11:36:47 | 221.856971 | 357.498052 
 4150.8207 | 08738.7874 | 11:36:48 | 221.856787 | 357.499546 
 4150.8226 | 08738.7876 | 11:36:49 | 221.856597 | 357.501730 
 4150.8244 | 08738.7881 | 11:36:50 | 221.856151 | 357.503797 
 4150.8266 | 08738.7890 | 11:36:51 | 221.855356 | 357.506322 
 4150.8295 | 08738.7894 | 11:36:52 | 221.854986 | 357.509655 
 4150.8321 | 08738.7894 | 11:36:53 | 221.854962 | 357.512645 
 4150.8356 | 08738.7891 | 11:36:54 | 221.855188 | 357.516673 
 4150.8400 | 08738.7887 | 11:36:55 | 221.855491 | 357.521737 
 4150.8452 | 08738.7884 | 11:36:56 | 221.855701 | 357.527720 
 4150.8509 | 08738.7885 | 11:36:57 | 221.855563 | 357.534276 
 4150.8572 | 08738.7888 | 11:36:58 | 221.855247 | 357.541521 
 4150.8636 | 08738.7890 | 11:36:59 | 221.855016 | 357.548881 
 4150.8700 | 08738.7892 | 11:37:00 | 221.854785 | 357.556241 
 4150.8768 | 08738.7894 | 11:37:01 | 221.854551 | 357.564061 
 4150.8914 | 08738.7917 | 11:37:03 | 221.852438 | 357.580839 
 4150.8984 | 08738.7902 | 11:37:04 | 221.853664 | 357.588901 
 4150.9054 | 08738.7899 | 11:37:05 | 221.853857 | 357.596955 
 4150.9123 | 08738.7893 | 11:37:06 | 221.854310 | 357.604896 
 4150.9243 | 08738.7864 | 11:37:07 | 221.856694 | 357.618719 
 4150.9322 | 08738.7855 | 11:37:08 | 221.857395 | 357.627812 
 4150.9394 | 08738.7850 | 11:37:09 | 221.857759 | 357.636097 
 4150.9462 | 08738.7850 | 11:37:10 | 221.857696 | 357.643919 
 4150.9524 | 08738.7851 | 11:37:11 | 221.857553 | 357.651050 
 4150.9592 | 08738.7851 | 11:37:12 | 221.857491 | 357.658871 
 4150.9681 | 08738.7862 | 11:37:13 | 221.856463 | 357.669101 
 4150.9753 | 08738.7867 | 11:37:14 | 221.855966 | 357.677379 
 4150.9800 | 08738.7865 | 11:37:15 | 221.856095 | 357.682787 
 4150.9870 | 08738.7859 | 11:37:16 | 221.856547 | 357.690843 
 4150.9944 | 08738.7849 | 11:37:17 | 221.857339 | 357.699362 
 4151.0024 | 08738.7842 | 11:37:18 | 221.857867 | 357.708568 
 4151.0102 | 08738.7840 | 11:37:19 | 221.857967 | 357.717542 
 4151.0184 | 08738.7837 | 11:37:20 | 221.858150 | 357.726976 
 4151.0264 | 08738.7835 | 11:37:21 | 221.858248 | 357.736179 
 4151.0345 | 08738.7837 | 11:37:22 | 221.858002 | 357.745495 
 4151.0432 | 08738.7838 | 11:37:23 | 221.857836 | 357.755501 
 4151.0511 | 08738.7840 | 11:37:24 | 221.857591 | 357.764587 
 4151.0587 | 08738.7841 | 11:37:25 | 221.857435 | 357.773328 
 4151.0660 | 08738.7842 | 11:37:26 | 221.857282 | 357.781724 
 4151.0731 | 08738.7842 | 11:37:27 | 221.857217 | 357.789891 
 4151.0801 | 08738.7843 | 11:37:28 | 221.857066 | 357.797942 
 4151.0870 | 08738.7845 | 11:37:29 | 221.856831 | 357.805877 
 4151.0937 | 08738.7847 | 11:37:30 | 221.856597 | 357.813583 
 4151.1002 | 08738.7849 | 11:37:31 | 221.856365 | 357.821058 
 4151.1065 | 08738.7849 | 11:37:32 | 221.856307 | 357.828304 
 4151.1122 | 08738.7849 | 11:37:33 | 221.856255 | 357.834861 
 4151.1168 | 08738.7849 | 11:37:34 | 221.856212 | 357.840152 
 4151.1206 | 08738.7849 | 11:37:35 | 221.856177 | 357.844523 
 4151.1237 | 08738.7847 | 11:37:36 | 221.856321 | 357.848090 
 4151.1262 | 08738.7847 | 11:37:37 | 221.856298 | 357.850966 
 4151.1276 | 08738.7847 | 11:37:38 | 221.856285 | 357.852576 
 4151.1281 | 08738.7846 | 11:37:39 | 221.856366 | 357.853152 
 4151.1276 | 08738.7846 | 11:37:40 | 221.856371 | 357.852577 
 4151.1274 | 08738.7845 | 11:37:41 | 221.856459 | 357.852347 
 4151.1274 | 08738.7845 | 11:37:42 | 221.856459 | 357.852347 
 4151.1274 | 08738.7845 | 11:37:43 | 221.856459 | 357.852347 
 4151.1274 | 08738.7845 | 11:37:44 | 221.856459 | 357.852347 
 4151.1274 | 08738.7845 | 11:37:45 | 221.856459 | 357.852347 
 4151.1274 | 08738.7845 | 11:37:46 | 221.856459 | 357.852347 
 4151.1274 | 08738.7845 | 11:37:47 | 221.856459 | 357.852347 
 4151.1274 | 08738.7845 | 11:37:48 | 221.856459 | 357.852347 
 4151.1274 | 08738.7845 | 11:37:49 | 221.856459 | 357.852347 
 4151.1274 | 08738.7845 | 11:37:50 | 221.856459 | 357.852347 
 4151.1257 | 08738.7834 | 11:37:51 | 221.857421 | 357.850400 
 4151.1265 | 08738.7834 | 11:37:52 | 221.857413 | 357.851320 
 4151.1282 | 08738.7834 | 11:37:53 | 221.857398 | 357.853275 
 4151.1309 | 08738.7834 | 11:37:54 | 221.857373 | 357.856381 
 4151.1344 | 08738.7834 | 11:37:55 | 221.857340 | 357.860407 
 4151.1382 | 08738.7833 | 11:37:56 | 221.857392 | 357.864778 
 4151.1427 | 08738.7833 | 11:37:57 | 221.857350 | 357.869954 
 4151.1474 | 08738.7833 | 11:37:58 | 221.857307 | 357.875361 
 4151.1523 | 08738.7834 | 11:37:59 | 221.857176 | 357.880996 
 4151.1575 | 08738.7834 | 11:38:00 | 221.857128 | 357.886977 
 4151.1626 | 08738.7836 | 11:38:01 | 221.856909 | 357.892842 
 4151.1680 | 08738.7839 | 11:38:02 | 221.856601 | 357.899052 
 4151.1736 | 08738.7842 | 11:38:03 | 221.856292 | 357.905491 
 4151.1793 | 08738.7846 | 11:38:04 | 221.855895 | 357.912045 
 4151.1853 | 08738.7850 | 11:38:05 | 221.855496 | 357.918943 
 4151.1915 | 08738.7853 | 11:38:06 | 221.855181 | 357.926073 
 4151.1979 | 08738.7855 | 11:38:07 | 221.854950 | 357.933433 
 4151.2046 | 08738.7858 | 11:38:08 | 221.854631 | 357.941138 
 4151.2115 | 08738.7861 | 11:38:09 | 221.854309 | 357.949072 
 4151.2185 | 08738.7863 | 11:38:10 | 221.854073 | 357.957123 
 4151.2257 | 08738.7867 | 11:38:11 | 221.853662 | 357.965402 
 4151.2329 | 08738.7870 | 11:38:12 | 221.853338 | 357.973681 
 4151.2403 | 08738.7871 | 11:38:13 | 221.853184 | 357.982193 
 4151.2473 | 08738.7872 | 11:38:14 | 221.853034 | 357.990244 
 4151.2536 | 08738.7872 | 11:38:15 | 221.852976 | 357.997490 
 4151.2594 | 08738.7870 | 11:38:16 | 221.853094 | 358.004163 
 4151.2644 | 08738.7869 | 11:38:17 | 221.853134 | 358.009915 
 4151.2684 | 08738.7870 | 11:38:18 | 221.853012 | 358.014515 
 4151.2715 | 08738.7871 | 11:38:19 | 221.852897 | 358.018080 
 4151.2737 | 08738.7871 | 11:38:20 | 221.852877 | 358.020611 
 4151.2749 | 08738.7872 | 11:38:21 | 221.852780 | 358.021991 
 4151.2755 | 08738.7873 | 11:38:22 | 221.852688 | 358.022680 
 4151.2756 | 08738.7873 | 11:38:23 | 221.852687 | 358.022795 
 4151.2752 | 08738.7883 | 11:38:24 | 221.851831 | 358.022328 
 4151.2749 | 08738.7887 | 11:38:25 | 221.851490 | 358.021980 
 4151.2749 | 08738.7887 | 11:38:26 | 221.851490 | 358.021980 
 4151.2749 | 08738.7887 | 11:38:27 | 221.851490 | 358.021980 
 4151.2749 | 08738.7887 | 11:38:28 | 221.851490 | 358.021980 
 4151.2749 | 08738.7887 | 11:38:29 | 221.851490 | 358.021980 
 4151.2749 | 08738.7887 | 11:38:30 | 221.851490 | 358.021980 
 4151.2749 | 08738.7887 | 11:38:31 | 221.851490 | 358.021980 
 4151.2749 | 08738.7887 | 11:38:32 | 221.851490 | 358.021980 
 4151.2749 | 08738.7887 | 11:38:33 | 221.851490 | 358.021980 
 4151.2749 | 08738.7887 | 11:38:34 | 221.851490 | 358.021980 
 4151.2749 | 08738.7887 | 11:38:35 | 221.851490 | 358.021980 
 4151.2749 | 08738.7887 | 11:38:36 | 221.851490 | 358.021980 
 4151.2749 | 08738.7887 | 11:38:37 | 221.851490 | 358.021980 
 4151.2749 | 08738.7887 | 11:38:38 | 221.851490 | 358.021980 
 4151.2749 | 08738.7887 | 11:38:39 | 221.851490 | 358.021980 
 4151.2749 | 08738.7887 | 11:38:40 | 221.851490 | 358.021980 
 4151.2749 | 08738.7887 | 11:38:41 | 221.851490 | 358.021980 
 4151.2749 | 08738.7887 | 11:38:42 | 221.851490 | 358.021980 
 4151.2749 | 08738.7887 | 11:38:43 | 221.851490 | 358.021980 
 4151.2749 | 08738.7887 | 11:38:44 | 221.851490 | 358.021980 
 4151.2749 | 08738.7887 | 11:38:45 | 221.851490 | 358.021980 
 4151.2749 | 08738.7887 | 11:38:46 | 221.851490 | 358.021980 
 4151.2749 | 08738.7887 | 11:38:47 | 221.851490 | 358.021980 
 4151.2749 | 08738.7887 | 11:38:48 | 221.851490 | 358.021980 
 4151.2745 | 08738.7899 | 11:38:49 | 221.850462 | 358.021512 
 4151.2762 | 08738.7899 | 11:38:50 | 221.850446 | 358.023467 
 4151.2788 | 08738.7900 | 11:38:51 | 221.850336 | 358.026457 
 4151.2823 | 08738.7902 | 11:38:52 | 221.850132 | 358.030482 
 4151.2863 | 08738.7904 | 11:38:53 | 221.849923 | 358.035081 
 4151.2908 | 08738.7904 | 11:38:54 | 221.849882 | 358.040257 
 4151.2956 | 08738.7905 | 11:38:55 | 221.849751 | 358.045778 
 4151.3010 | 08738.7907 | 11:38:56 | 221.849530 | 358.051988 
 4151.3067 | 08738.7910 | 11:38:57 | 221.849219 | 358.058542 
 4151.3126 | 08738.7913 | 11:38:58 | 221.848907 | 358.065327 
 4151.3188 | 08738.7917 | 11:38:59 | 221.848506 | 358.072456 
 4151.3251 | 08738.7920 | 11:39:00 | 221.848190 | 358.079700 
 4151.3317 | 08738.7921 | 11:39:01 | 221.848043 | 358.087291 
 4151.3588 | 08738.7929 | 11:39:05 | 221.847106 | 358.118457 
 4151.3655 | 08738.7931 | 11:39:06 | 221.846872 | 358.126163 
 4151.3720 | 08738.7933 | 11:39:07 | 221.846641 | 358.133638 
 4151.3784 | 08738.7935 | 11:39:08 | 221.846410 | 358.140998 
 4151.3844 | 08738.7936 | 11:39:09 | 221.846269 | 358.147899 
 4151.3900 | 08738.7935 | 11:39:10 | 221.846303 | 358.154341 
 4151.3951 | 08738.7936 | 11:39:11 | 221.846170 | 358.160207 
 4151.3993 | 08738.7938 | 11:39:12 | 221.845960 | 358.165036 
 4151.4035 | 08738.7935 | 11:39:13 | 221.846179 | 358.169869 
 4151.4067 | 08738.7936 | 11:39:14 | 221.846063 | 358.173549 
 4151.4092 | 08738.7937 | 11:39:15 | 221.845954 | 358.176424 
 4151.4110 | 08738.7940 | 11:39:16 | 221.845680 | 358.178493 
 4151.4125 | 08738.7941 | 11:39:17 | 221.845580 | 358.180217 
 4151.4135 | 08738.7941 | 11:39:18 | 221.845571 | 358.181368 
 4151.4142 | 08738.7941 | 11:39:19 | 221.845565 | 358.182173 
 4151.4145 | 08738.7940 | 11:39:20 | 221.845648 | 358.182519 
 4151.4147 | 08738.7937 | 11:39:21 | 221.845904 | 358.182751 
 4151.4147 | 08738.7936 | 11:39:22 | 221.845990 | 358.182751 
 4151.4147 | 08738.7936 | 11:39:23 | 221.845990 | 358.182751 
 4151.4147 | 08738.7936 | 11:39:24 | 221.845990 | 358.182751 
 4151.4147 | 08738.7936 | 11:39:25 | 221.845990 | 358.182751 
 4151.4147 | 08738.7936 | 11:39:26 | 221.845990 | 358.182751 
 4151.4147 | 08738.7936 | 11:39:27 | 221.845990 | 358.182751 
 4151.4147 | 08738.7936 | 11:39:28 | 221.845990 | 358.182751 
 4151.4147 | 08738.7936 | 11:39:29 | 221.845990 | 358.182751 
 4151.4147 | 08738.7936 | 11:39:30 | 221.845990 | 358.182751 
 4151.4147 | 08738.7936 | 11:39:31 | 221.845990 | 358.182751 
 4151.4147 | 08738.7936 | 11:39:32 | 221.845990 | 358.182751 
 4151.4147 | 08738.7936 | 11:39:33 | 221.845990 | 358.182751 
 4151.4147 | 08738.7936 | 11:39:34 | 221.845990 | 358.182751 
 4151.4147 | 08738.7936 | 11:39:35 | 221.845990 | 358.182751 
 4151.4147 | 08738.7936 | 11:39:36 | 221.845990 | 358.182751 
 4151.4147 | 08738.7936 | 11:39:37 | 221.845990 | 358.182751 
 4151.4147 | 08738.7936 | 11:39:38 | 221.845990 | 358.182751 
 4151.4147 | 08738.7936 | 11:39:39 | 221.845990 | 358.182751 
 4151.4155 | 08738.7913 | 11:39:40 | 221.847960 | 358.183687 
 4151.4163 | 08738.7914 | 11:39:41 | 221.847867 | 358.184607 
 4151.4179 | 08738.7914 | 11:39:42 | 221.847852 | 358.186447 
 4151.4202 | 08738.7916 | 11:39:43 | 221.847659 | 358.189092 
 4151.4229 | 08738.7920 | 11:39:44 | 221.847290 | 358.192194 
 4151.4257 | 08738.7920 | 11:39:45 | 221.847265 | 358.195415 
 4151.4287 | 08738.7919 | 11:39:46 | 221.847323 | 358.198867 
 4151.4318 | 08738.7918 | 11:39:47 | 221.847380 | 358.202433 
 4151.4350 | 08738.7918 | 11:39:48 | 221.847351 | 358.206114 
 4151.4385 | 08738.7918 | 11:39:49 | 221.847319 | 358.210140 
 4151.4422 | 08738.7917 | 11:39:50 | 221.847371 | 358.214396 
 4151.4463 | 08738.7917 | 11:39:51 | 221.847333 | 358.219112 
 4151.4505 | 08738.7919 | 11:39:52 | 221.847122 | 358.223942 
 4151.4545 | 08738.7923 | 11:39:53 | 221.846742 | 358.228540 
 4151.4581 | 08738.7933 | 11:39:54 | 221.845849 | 358.232674 
 4151.4620 | 08738.7934 | 11:39:55 | 221.845727 | 358.237160 
 4151.4662 | 08738.7933 | 11:39:56 | 221.845774 | 358.241991 
 4151.4712 | 08738.7931 | 11:39:57 | 221.845900 | 358.247744 
 4151.4767 | 08738.7930 | 11:39:58 | 221.845935 | 358.254071 
 4151.4826 | 08738.7931 | 11:39:59 | 221.845795 | 358.260857 
 4151.4887 | 08738.7934 | 11:40:00 | 221.845481 | 358.267871 
 4151.4949 | 08738.7937 | 11:40:01 | 221.845166 | 358.275001 
 4151.5013 | 08738.7942 | 11:40:02 | 221.844677 | 358.282359 
 4151.5077 | 08738.7948 | 11:40:03 | 221.844102 | 358.289716 
 4151.5140 | 08738.7956 | 11:40:04 | 221.843356 | 358.296957 
 4151.5201 | 08738.7962 | 11:40:05 | 221.842784 | 358.303970 
 4151.5259 | 08738.7966 | 11:40:06 | 221.842387 | 358.310639 
 4151.5314 | 08738.7968 | 11:40:07 | 221.842164 | 358.316964 
 4151.5382 | 08738.8011 | 11:40:08 | 221.838404 | 358.324756 
 4151.5428 | 08738.8017 | 11:40:09 | 221.837846 | 358.330043 
 4151.5474 | 08738.8019 | 11:40:10 | 221.837632 | 358.335333 
 4151.5516 | 08738.8020 | 11:40:11 | 221.837507 | 358.340163 
 4151.5547 | 08738.8014 | 11:40:12 | 221.837995 | 358.343733 
 4151.5580 | 08738.8014 | 11:40:13 | 221.837964 | 358.347529 
 4151.5607 | 08738.8016 | 11:40:14 | 221.837767 | 358.350633 
 4151.5626 | 08738.8018 | 11:40:15 | 221.837578 | 358.352817 
 4151.5636 | 08738.8018 | 11:40:16 | 221.837569 | 358.353967 
 4151.5634 | 08738.8017 | 11:40:17 | 221.837657 | 358.353738 
 4151.5632 | 08738.8017 | 11:40:18 | 221.837658 | 358.353508 
 4151.5632 | 08738.8016 | 11:40:19 | 221.837744 | 358.353509 
 4151.5632 | 08738.8016 | 11:40:20 | 221.837744 | 358.353509 
 4151.5632 | 08738.8016 | 11:40:21 | 221.837744 | 358.353509 
 4151.5632 | 08738.8016 | 11:40:22 | 221.837744 | 358.353509 
 4151.5632 | 08738.8016 | 11:40:23 | 221.837744 | 358.353509 
 4151.5632 | 08738.8016 | 11:40:24 | 221.837744 | 358.353509 
 4151.5632 | 08738.8016 | 11:40:25 | 221.837744 | 358.353509 
 4151.5632 | 08738.8016 | 11:40:26 | 221.837744 | 358.353509 
 4151.5632 | 08738.8016 | 11:40:27 | 221.837744 | 358.353509 
 4151.5632 | 08738.8016 | 11:40:28 | 221.837744 | 358.353509 
 4151.5632 | 08738.8016 | 11:40:29 | 221.837744 | 358.353509 
 4151.5632 | 08738.8016 | 11:40:30 | 221.837744 | 358.353509 
 4151.5632 | 08738.8016 | 11:40:31 | 221.837744 | 358.353509 
 4151.5632 | 08738.8016 | 11:40:32 | 221.837744 | 358.353509 
 4151.5632 | 08738.8016 | 11:40:33 | 221.837744 | 358.353509 
 4151.5632 | 08738.8016 | 11:40:34 | 221.837744 | 358.353509 
 4151.5632 | 08738.8016 | 11:40:35 | 221.837744 | 358.353509 
 4151.5632 | 08738.8016 | 11:40:36 | 221.837744 | 358.353509 
 4151.5632 | 08738.8016 | 11:40:37 | 221.837744 | 358.353509 
 4151.5627 | 08738.8032 | 11:40:38 | 221.836373 | 358.352922 
 4151.5634 | 08738.8030 | 11:40:39 | 221.836539 | 358.353729 
 4151.5650 | 08738.8030 | 11:40:40 | 221.836524 | 358.355569 
 4151.5676 | 08738.8029 | 11:40:41 | 221.836586 | 358.358561 
 4151.5708 | 08738.8029 | 11:40:42 | 221.836557 | 358.362242 
 4151.5745 | 08738.8028 | 11:40:43 | 221.836609 | 358.366498 
 4151.5783 | 08738.8027 | 11:40:44 | 221.836660 | 358.370870 
 4151.5825 | 08738.8026 | 11:40:45 | 221.836707 | 358.375702 
 4151.5872 | 08738.8024 | 11:40:46 | 221.836836 | 358.381109 
 4151.5925 | 08738.8023 | 11:40:47 | 221.836873 | 358.387206 
 4151.5981 | 08738.8018 | 11:40:48 | 221.837251 | 358.393651 
 4151.6608 | 08738.8030 | 11:40:58 | 221.835643 | 358.465763 
 4151.6671 | 08738.8010 | 11:40:59 | 221.837305 | 358.473024 
 4151.6735 | 08738.8023 | 11:41:00 | 221.836128 | 358.480376 
 4151.6786 | 08738.8039 | 11:41:01 | 221.834705 | 358.486232 
 4151.6852 | 08738.8037 | 11:41:02 | 221.834816 | 358.493825 
 4151.6912 | 08738.8036 | 11:41:03 | 221.834847 | 358.500727 
 4151.6971 | 08738.8036 | 11:41:04 | 221.834793 | 358.507513 
 4151.7027 | 08738.8035 | 11:41:05 | 221.834827 | 358.513955 
 4151.7082 | 08738.8036 | 11:41:06 | 221.834691 | 358.520281 
 4151.7137 | 08738.8040 | 11:41:07 | 221.834296 | 358.526605 
 4151.7191 | 08738.8042 | 11:41:08 | 221.834075 | 358.532815 
 4151.7246 | 08738.8048 | 11:41:09 | 221.833508 | 358.539137 
 4151.7305 | 08738.8055 | 11:41:10 | 221.832852 | 358.545919 
 4151.7358 | 08738.8072 | 11:41:11 | 221.831341 | 358.552003 
 4151.7419 | 08738.8076 | 11:41:12 | 221.830941 | 358.559017 
 4151.7480 | 08738.8073 | 11:41:13 | 221.831143 | 358.566036 
 4151.7543 | 08738.8069 | 11:41:14 | 221.831429 | 358.573285 
 4151.7605 | 08738.8069 | 11:41:15 | 221.831372 | 358.580417 
 4151.7669 | 08738.8069 | 11:41:16 | 221.831313 | 358.587778 
 4151.7739 | 08738.8069 | 11:41:17 | 221.831249 | 358.595830 
 4151.7808 | 08738.8073 | 11:41:18 | 221.830842 | 358.603764 
 4151.7879 | 08738.8074 | 11:41:19 | 221.830690 | 358.611930 
 4151.7952 | 08738.8077 | 11:41:20 | 221.830365 | 358.620325 
 4151.8027 | 08738.8081 | 11:41:21 | 221.829952 | 358.628949 
 4151.8103 | 08738.8082 | 11:41:22 | 221.829796 | 358.637690 
 4151.8177 | 08738.8082 | 11:41:23 | 221.829728 | 358.646202 
 4151.8251 | 08738.8082 | 11:41:24 | 221.829660 | 358.654714 
 4151.8323 | 08738.8083 | 11:41:25 | 221.829508 | 358.662995 
 4151.8395 | 08738.8086 | 11:41:26 | 221.829184 | 358.671275 
 4151.8467 | 08738.8090 | 11:41:27 | 221.828774 | 358.679554 
 4151.8541 | 08738.8092 | 11:41:28 | 221.828534 | 358.688064 
 4151.8616 | 08738.8094 | 11:41:29 | 221.828293 | 358.696690 
 4151.8693 | 08738.8096 | 11:41:30 | 221.828050 | 358.705545 
 4151.8769 | 08738.8097 | 11:41:31 | 221.827894 | 358.714287 
 4151.8845 | 08738.8098 | 11:41:32 | 221.827738 | 358.723028 
 4151.8921 | 08738.8099 | 11:41:33 | 221.827582 | 358.731769 
 4151.8991 | 08738.8103 | 11:41:34 | 221.827174 | 358.739818 
 4151.9064 | 08738.8104 | 11:41:35 | 221.827021 | 358.748214 
 4151.9139 | 08738.8105 | 11:41:36 | 221.826866 | 358.756840 
 4151.9214 | 08738.8106 | 11:41:37 | 221.826711 | 358.765467 
 4151.9289 | 08738.8107 | 11:41:38 | 221.826556 | 358.774093 
 4151.9362 | 08738.8108 | 11:41:39 | 221.826403 | 358.782489 
 4151.9435 | 08738.8109 | 11:41:40 | 221.826250 | 358.790885 
 4151.9508 | 08738.8110 | 11:41:41 | 221.826096 | 358.799281 
 4151.9580 | 08738.8112 | 11:41:42 | 221.825858 | 358.807562 
 4151.9651 | 08738.8114 | 11:41:43 | 221.825621 | 358.815727 
 4151.9720 | 08738.8115 | 11:41:44 | 221.825472 | 358.823663 
 4151.9785 | 08738.8114 | 11:41:45 | 221.825498 | 358.831140 
 4151.9842 | 08738.8111 | 11:41:46 | 221.825703 | 358.837699 
 4151.9893 | 08738.8109 | 11:41:47 | 221.825828 | 358.843567 
 4151.9938 | 08738.8108 | 11:41:48 | 221.825873 | 358.848743 
 4151.9977 | 08738.8109 | 11:41:49 | 221.825751 | 358.853229 
 4152.0017 | 08738.8109 | 11:41:50 | 221.825714 | 358.857830 
 4152.0053 | 08738.8103 | 11:41:51 | 221.826197 | 358.861975 
 4152.0088 | 08738.8098 | 11:41:52 | 221.826595 | 358.866004 
 4152.0123 | 08738.8097 | 11:41:53 | 221.826649 | 358.870031 
 4152.0155 | 08738.8096 | 11:41:54 | 221.826705 | 358.873712 
 4152.0185 | 08738.8095 | 11:41:55 | 221.826763 | 358.877164 
 4152.0209 | 08738.8093 | 11:41:56 | 221.826913 | 358.879926 
 4152.0223 | 08738.8091 | 11:41:57 | 221.827072 | 358.881537 
 4152.0230 | 08738.8089 | 11:41:58 | 221.827238 | 358.882344 
 4152.0233 | 08738.8088 | 11:41:59 | 221.827321 | 358.882690 
 4152.0234 | 08738.8086 | 11:42:00 | 221.827492 | 358.882806 
 4152.0234 | 08738.8085 | 11:42:01 | 221.827578 | 358.882807 
 4152.0234 | 08738.8085 | 11:42:02 | 221.827578 | 358.882807 
 4152.0239 | 08738.8080 | 11:42:03 | 221.828003 | 358.883385 
 4152.0249 | 08738.8063 | 11:42:04 | 221.829456 | 358.884547 
 4152.0257 | 08738.8026 | 11:42:05 | 221.832630 | 358.885493 
 4152.0260 | 08738.7972 | 11:42:06 | 221.837270 | 358.885875 
 4152.0261 | 08738.7912 | 11:42:07 | 221.842428 | 358.886031 
 4152.0261 | 08738.7849 | 11:42:08 | 221.847844 | 358.886075 
 4152.0261 | 08738.7779 | 11:42:09 | 221.853863 | 358.886123 
 4152.0263 | 08738.7698 | 11:42:10 | 221.860825 | 358.886409 
 4152.0269 | 08738.7611 | 11:42:11 | 221.868300 | 358.887159 
 4152.0277 | 08738.7520 | 11:42:12 | 221.876117 | 358.888142 
 4152.0282 | 08738.7426 | 11:42:13 | 221.884194 | 358.888781 
 4152.0285 | 08738.7329 | 11:42:14 | 221.892531 | 358.889193 
 4152.0286 | 08738.7228 | 11:42:15 | 221.901214 | 358.889378 
 4152.0288 | 08738.7123 | 11:42:16 | 221.910240 | 358.889680 
 4152.0287 | 08738.7013 | 11:42:17 | 221.919699 | 358.889641 
 4152.0286 | 08738.6905 | 11:42:18 | 221.928985 | 358.889601 
 4152.0285 | 08738.6804 | 11:42:19 | 221.937670 | 358.889555 
 4152.0285 | 08738.6710 | 11:42:20 | 221.945752 | 358.889620 
 4152.0285 | 08738.6624 | 11:42:21 | 221.953146 | 358.889679 
 4152.0286 | 08738.6540 | 11:42:22 | 221.960368 | 358.889852 
 4152.0288 | 08738.6456 | 11:42:23 | 221.967588 | 358.890140 
 4152.0292 | 08738.6373 | 11:42:24 | 221.974720 | 358.890658 
 4152.0296 | 08738.6291 | 11:42:25 | 221.981767 | 358.891174 
 4152.0299 | 08738.6210 | 11:42:26 | 221.988729 | 358.891576 
 4152.0302 | 08738.6128 | 11:42:27 | 221.995776 | 358.891977 
 4152.0306 | 08738.6046 | 11:42:28 | 222.002823 | 358.892494 
 4152.0309 | 08738.5964 | 11:42:29 | 222.009870 | 358.892896 
 4152.0310 | 08738.5884 | 11:42:30 | 222.016747 | 358.893066 
 4152.0311 | 08738.5803 | 11:42:31 | 222.023711 | 358.893237 
 4152.0312 | 08738.5724 | 11:42:32 | 222.030502 | 358.893407 
 4152.0313 | 08738.5650 | 11:42:33 | 222.036864 | 358.893573 
 4152.0315 | 08738.5582 | 11:42:34 | 222.042708 | 358.893850 
 4152.0318 | 08738.5515 | 11:42:35 | 222.048466 | 358.894241 
 4152.0322 | 08738.5445 | 11:42:36 | 222.054481 | 358.894750 
 4152.0324 | 08738.5369 | 11:42:37 | 222.061013 | 358.895033 
 4152.0302 | 08738.5267 | 11:42:38 | 222.069804 | 358.892573 
 4152.0301 | 08738.5187 | 11:42:39 | 222.076683 | 358.892513 
 4152.0306 | 08738.5109 | 11:42:40 | 222.083385 | 358.893142 
 4152.0303 | 08738.5028 | 11:42:41 | 222.090352 | 358.892853 
 4152.0305 | 08738.4941 | 11:42:42 | 222.097830 | 358.893144 
 4152.0307 | 08738.4858 | 11:42:43 | 222.104964 | 358.893431 
 4152.0313 | 08738.4787 | 11:42:44 | 222.111063 | 358.894170 
 4152.0320 | 08738.4726 | 11:42:45 | 222.116301 | 358.895018 
 4152.0314 | 08738.4686 | 11:42:46 | 222.119746 | 358.894355 
 4152.0323 | 08738.4591 | 11:42:48 | 222.127906 | 358.895457 
 4152.0327 | 08738.4544 | 11:42:49 | 222.131943 | 358.895949 
 4152.0312 | 08738.4513 | 11:42:50 | 222.134622 | 358.894245 
 4152.0312 | 08738.4487 | 11:42:51 | 222.136858 | 358.894263 
 4152.0312 | 08738.4465 | 11:42:52 | 222.138749 | 358.894279 
 4152.0313 | 08738.4447 | 11:42:53 | 222.140296 | 358.894406 
 4152.0314 | 08738.4427 | 11:42:54 | 222.142015 | 358.894535 
 4152.0314 | 08738.4406 | 11:42:55 | 222.143820 | 358.894550 
 4152.0314 | 08738.4387 | 11:42:56 | 222.145454 | 358.894563 
 4152.0185 | 08738.4426 | 11:42:57 | 222.142220 | 358.879698 
 4152.0141 | 08738.4423 | 11:42:58 | 222.142519 | 358.874639 
 4152.0093 | 08738.4420 | 11:42:59 | 222.142822 | 358.869119 
 4152.0040 | 08738.4409 | 11:43:00 | 222.143817 | 358.863031 
 4151.9980 | 08738.4416 | 11:43:01 | 222.143270 | 358.856124 
 4151.9919 | 08738.4416 | 11:43:02 | 222.143327 | 358.849108 
 4151.9857 | 08738.4416 | 11:43:03 | 222.143385 | 358.841976 
 4151.9797 | 08738.4416 | 11:43:04 | 222.143440 | 358.835075 
 4151.9733 | 08738.4416 | 11:43:05 | 222.143500 | 358.827713 
 4151.9667 | 08738.4415 | 11:43:06 | 222.143647 | 358.820122 
 4151.9595 | 08738.4415 | 11:43:07 | 222.143714 | 358.811840 
 4151.9525 | 08738.4414 | 11:43:08 | 222.143865 | 358.803789 
 4151.9451 | 08738.4414 | 11:43:09 | 222.143933 | 358.795277 
 4151.9380 | 08738.4412 | 11:43:10 | 222.144171 | 358.787112 
 4151.9313 | 08738.4410 | 11:43:11 | 222.144405 | 358.779407 
 4151.9247 | 08738.4408 | 11:43:12 | 222.144639 | 358.771816 
 4151.9183 | 08738.4406 | 11:43:13 | 222.144870 | 358.764456 
 4151.9119 | 08738.4407 | 11:43:14 | 222.144843 | 358.757094 
 4151.9060 | 08738.4406 | 11:43:15 | 222.144984 | 358.750308 
 4151.9004 | 08738.4404 | 11:43:16 | 222.145208 | 358.743868 
 4151.8950 | 08738.4402 | 11:43:17 | 222.145430 | 358.737658 
 4151.8898 | 08738.4400 | 11:43:18 | 222.145650 | 358.731678 
 4151.8848 | 08738.4398 | 11:43:19 | 222.145869 | 358.725928 
 4151.8800 | 08738.4397 | 11:43:20 | 222.145999 | 358.720408 
 4151.8758 | 08738.4392 | 11:43:21 | 222.146468 | 358.715580 
 4151.8723 | 08738.4381 | 11:43:22 | 222.147446 | 358.711562 
 4151.8698 | 08738.4358 | 11:43:23 | 222.149447 | 358.708702 
 4151.8682 | 08738.4329 | 11:43:24 | 222.151956 | 358.706882 
 4151.8675 | 08738.4299 | 11:43:25 | 222.154541 | 358.706098 
 4151.8671 | 08738.4271 | 11:43:26 | 222.156953 | 358.705657 
 4151.8666 | 08738.4244 | 11:43:27 | 222.159279 | 358.705101 
 4151.8668 | 08738.4215 | 11:43:28 | 222.161771 | 358.705351 
 4151.8665 | 08738.4183 | 11:43:29 | 222.164525 | 358.705028 
 4151.8686 | 08738.4089 | 11:43:31 | 222.172588 | 358.707509 
 4151.8690 | 08738.4042 | 11:43:32 | 222.176625 | 358.708001 
 4151.8692 | 08738.4000 | 11:43:33 | 222.180234 | 358.708261 
 4151.8694 | 08738.3959 | 11:43:34 | 222.183758 | 358.708519 
 4151.8702 | 08738.3917 | 11:43:35 | 222.187362 | 358.709469 
 4151.8706 | 08738.3877 | 11:43:36 | 222.190797 | 358.709956 
 4151.8714 | 08738.3839 | 11:43:37 | 222.194057 | 358.710903 
 4151.8719 | 08738.3803 | 11:43:38 | 222.197148 | 358.711503 
 4151.8722 | 08738.3769 | 11:43:39 | 222.200068 | 358.711872 
 4151.8739 | 08738.3778 | 11:43:40 | 222.199279 | 358.713821 
 4151.8763 | 08738.3773 | 11:43:41 | 222.199686 | 358.716585 
 4151.8784 | 08738.3770 | 11:43:42 | 222.199925 | 358.719003 
 4151.8787 | 08738.3778 | 11:43:43 | 222.199234 | 358.719342 
 4151.8809 | 08738.3782 | 11:43:44 | 222.198870 | 358.721870 
 4151.8833 | 08738.3788 | 11:43:45 | 222.198332 | 358.724626 
 4151.8854 | 08738.3793 | 11:43:46 | 222.197882 | 358.727038 
 4151.8870 | 08738.3796 | 11:43:47 | 222.197609 | 358.728877 
 4151.8886 | 08738.3798 | 11:43:48 | 222.197423 | 358.730716 
 4151.8900 | 08738.3800 | 11:43:49 | 222.197238 | 358.732325 
 4151.8913 | 08738.3802 | 11:43:50 | 222.197054 | 358.733819 
 4151.8925 | 08738.3803 | 11:43:51 | 222.196956 | 358.735198 
 4151.8938 | 08738.3804 | 11:43:52 | 222.196858 | 358.736693 
 4151.8948 | 08738.3805 | 11:43:53 | 222.196763 | 358.737843 
 4151.8955 | 08738.3800 | 11:43:54 | 222.197186 | 358.738651 
 4151.8958 | 08738.3794 | 11:43:55 | 222.197700 | 358.739000 
 4151.8959 | 08738.3789 | 11:43:56 | 222.198129 | 358.739119 
 4151.8958 | 08738.3785 | 11:43:57 | 222.198473 | 358.739007 
 4151.8958 | 08738.3780 | 11:43:58 | 222.198903 | 358.739010 
 4151.8956 | 08738.3775 | 11:43:59 | 222.199335 | 358.738784 
 4151.8956 | 08738.3769 | 11:44:00 | 222.199851 | 358.738788 
 4151.8956 | 08738.3763 | 11:44:01 | 222.200367 | 358.738792 
 4151.8956 | 08738.3759 | 11:44:02 | 222.200711 | 358.738795 
 4151.8956 | 08738.3756 | 11:44:03 | 222.200969 | 358.738797 
 4151.8956 | 08738.3754 | 11:44:04 | 222.201141 | 358.738798 
 4151.8956 | 08738.3753 | 11:44:05 | 222.201227 | 358.738799 
 4151.8956 | 08738.3753 | 11:44:06 | 222.201227 | 358.738799 
 4151.8956 | 08738.3753 | 11:44:07 | 222.201227 | 358.738799 
 4151.8956 | 08738.3753 | 11:44:08 | 222.201227 | 358.738799 
 4151.8956 | 08738.3753 | 11:44:09 | 222.201227 | 358.738799 
 4151.8956 | 08738.3753 | 11:44:10 | 222.201227 | 358.738799 
 4151.8956 | 08738.3753 | 11:44:11 | 222.201227 | 358.738799 
 4151.8956 | 08738.3753 | 11:44:12 | 222.201227 | 358.738799 
 4151.8956 | 08738.3753 | 11:44:13 | 222.201227 | 358.738799 
 4151.8956 | 08738.3753 | 11:44:14 | 222.201227 | 358.738799 
 4151.8956 | 08738.3753 | 11:44:15 | 222.201227 | 358.738799 
 4151.8946 | 08738.3758 | 11:44:16 | 222.200806 | 358.737645 
 4151.8940 | 08738.3766 | 11:44:17 | 222.200124 | 358.736949 
 4151.8935 | 08738.3773 | 11:44:18 | 222.199527 | 358.736369 
 4151.8932 | 08738.3775 | 11:44:19 | 222.199357 | 358.736023 
 4151.8932 | 08738.3778 | 11:44:20 | 222.199099 | 358.736021 
 4151.8929 | 08738.3782 | 11:44:21 | 222.198758 | 358.735673 
 4151.8926 | 08738.3783 | 11:44:22 | 222.198675 | 358.735327 
 4151.8922 | 08738.3785 | 11:44:23 | 222.198507 | 358.734866 
 4151.8919 | 08738.3787 | 11:44:24 | 222.198338 | 358.734519 
 4151.8916 | 08738.3790 | 11:44:25 | 222.198083 | 358.734172 
 4151.8912 | 08738.3792 | 11:44:26 | 222.197914 | 358.733711 
 4151.8909 | 08738.3792 | 11:44:27 | 222.197917 | 358.733366 
 4151.8905 | 08738.3793 | 11:44:28 | 222.197835 | 358.732905 
 4151.8901 | 08738.3792 | 11:44:29 | 222.197925 | 358.732445 
 4151.8898 | 08738.3791 | 11:44:30 | 222.198013 | 358.732101 
 4151.8886 | 08738.3791 | 11:44:31 | 222.198024 | 358.730721 
 4151.8880 | 08738.3790 | 11:44:32 | 222.198116 | 358.730031 
 4151.8875 | 08738.3787 | 11:44:33 | 222.198379 | 358.729458 
 4151.8869 | 08738.3786 | 11:44:34 | 222.198470 | 358.728769 
 4151.8862 | 08738.3784 | 11:44:35 | 222.198649 | 358.727965 
 4151.8856 | 08738.3782 | 11:44:36 | 222.198826 | 358.727276 
 4151.8850 | 08738.3780 | 11:44:37 | 222.199004 | 358.726587 
 4151.8845 | 08738.3777 | 11:44:38 | 222.199266 | 358.726014 
 4151.8839 | 08738.3776 | 11:44:39 | 222.199358 | 358.725325 
 4151.8832 | 08738.3775 | 11:44:40 | 222.199450 | 358.724520 
 4151.8826 | 08738.3776 | 11:44:41 | 222.199370 | 358.723830 
 4151.8819 | 08738.3776 | 11:44:42 | 222.199376 | 358.723024 
 4151.8815 | 08738.3778 | 11:44:43 | 222.199208 | 358.722563 
 4151.8811 | 08738.3779 | 11:44:44 | 222.199126 | 358.722102 
 4151.8806 | 08738.3779 | 11:44:45 | 222.199131 | 358.721527 
 4151.8801 | 08738.3779 | 11:44:46 | 222.199135 | 358.720952 
 4151.8793 | 08738.3777 | 11:44:47 | 222.199315 | 358.720033 
 4151.8787 | 08738.3774 | 11:44:48 | 222.199578 | 358.719345 
 4151.8781 | 08738.3772 | 11:44:49 | 222.199756 | 358.718656 
 4151.8772 | 08738.3771 | 11:44:50 | 222