 4147.5376 | 08806.6573 | 16:12:58 | 197.896947 | 353.596323 
 4147.5445 | 08806.6705 | 16:13:09 | 197.885564 | 353.604230 
 4147.5453 | 08806.6711 | 16:13:10 | 197.885045 | 353.605149 
 4147.5455 | 08806.6709 | 16:13:11 | 197.885217 | 353.605379 
 4147.5455 | 08806.6705 | 16:13:12 | 197.885561 | 353.605380 
 4147.5456 | 08806.6705 | 16:13:13 | 197.885561 | 353.605495 
 4147.5458 | 08806.6708 | 16:13:14 | 197.885302 | 353.605725 
 4147.5461 | 08806.6713 | 16:13:15 | 197.884870 | 353.606069 
 4147.5464 | 08806.6719 | 16:13:16 | 197.884353 | 353.606412 
 4147.5467 | 08806.6724 | 16:13:17 | 197.883922 | 353.606756 
 4147.5463 | 08806.6702 | 16:13:18 | 197.885817 | 353.606301 
 4147.5461 | 08806.6687 | 16:13:19 | 197.887108 | 353.606074 
 4147.5458 | 08806.6671 | 16:13:20 | 197.888487 | 353.605733 
 4147.5457 | 08806.6654 | 16:13:21 | 197.889950 | 353.605622 
 4147.5527 | 08806.6578 | 16:13:22 | 197.896471 | 353.613690 
 4147.5529 | 08806.6539 | 16:13:23 | 197.899828 | 353.613929 
 4147.5534 | 08806.6493 | 16:13:24 | 197.903786 | 353.614514 
 4147.5544 | 08806.6444 | 16:13:25 | 197.908001 | 353.615675 
 4147.5560 | 08806.6393 | 16:13:26 | 197.912386 | 353.617527 
 4147.5578 | 08806.6340 | 16:13:27 | 197.916943 | 353.619609 
 4147.5597 | 08806.6287 | 16:13:28 | 197.921499 | 353.621807 
 4147.5611 | 08806.6234 | 16:13:29 | 197.926057 | 353.623429 
 4147.5609 | 08806.6166 | 16:13:30 | 197.931911 | 353.623214 
 4147.5621 | 08806.6114 | 16:13:31 | 197.936384 | 353.624606 
 4147.5630 | 08806.6060 | 16:13:32 | 197.941029 | 353.625653 
 4147.5641 | 08806.6010 | 16:13:33 | 197.945330 | 353.626930 
 4147.5649 | 08806.5966 | 16:13:34 | 197.949115 | 353.627860 
 4147.5662 | 08806.5931 | 16:13:35 | 197.952124 | 353.629363 
 4147.5681 | 08806.5895 | 16:13:36 | 197.955217 | 353.631556 
 4147.5696 | 08806.5860 | 16:13:37 | 197.958225 | 353.633289 
 4147.5724 | 08806.5841 | 16:13:38 | 197.959852 | 353.636514 
 4147.5748 | 08806.5820 | 16:13:39 | 197.961652 | 353.639280 
 4147.5852 | 08806.5855 | 16:13:40 | 197.958609 | 353.651234 
 4147.5896 | 08806.5894 | 16:13:41 | 197.955238 | 353.656286 
 4147.5947 | 08806.5911 | 16:13:42 | 197.953760 | 353.662149 
 4147.6062 | 08806.5942 | 16:13:44 | 197.951057 | 353.675369 
 4147.6121 | 08806.5951 | 16:13:45 | 197.950265 | 353.682154 
 4147.6183 | 08806.5960 | 16:13:46 | 197.949472 | 353.689283 
 4147.6249 | 08806.5962 | 16:13:47 | 197.949280 | 353.696874 
 4147.6317 | 08806.5973 | 16:13:48 | 197.948312 | 353.704693 
 4147.6378 | 08806.5990 | 16:13:49 | 197.946831 | 353.711706 
 4147.6445 | 08806.5997 | 16:13:50 | 197.946208 | 353.719411 
 4147.6512 | 08806.6006 | 16:13:51 | 197.945414 | 353.727115 
 4147.6578 | 08806.6013 | 16:13:52 | 197.944791 | 353.734705 
 4147.6643 | 08806.6021 | 16:13:53 | 197.944083 | 353.742180 
 4147.6709 | 08806.6029 | 16:13:54 | 197.943375 | 353.749770 
 4147.6773 | 08806.6045 | 16:13:55 | 197.941979 | 353.757128 
 4147.6963 | 08806.6066 | 16:13:58 | 197.940114 | 353.778977 
 4147.7029 | 08806.6082 | 16:13:59 | 197.938718 | 353.786565 
 4147.7093 | 08806.6094 | 16:14:00 | 197.937666 | 353.793924 
 4147.7155 | 08806.6101 | 16:14:01 | 197.937045 | 353.801054 
 4147.7213 | 08806.6111 | 16:14:02 | 197.936166 | 353.807723 
 4147.7276 | 08806.6118 | 16:14:03 | 197.935545 | 353.814968 
 4147.7338 | 08806.6124 | 16:14:04 | 197.935010 | 353.822098 
 4147.7403 | 08806.6130 | 16:14:05 | 197.934474 | 353.829573 
 4147.7467 | 08806.6135 | 16:14:06 | 197.934025 | 353.836933 
 4147.7532 | 08806.6142 | 16:14:07 | 197.933403 | 353.844408 
 4147.7595 | 08806.6146 | 16:14:08 | 197.933040 | 353.851654 
 4147.7660 | 08806.6152 | 16:14:09 | 197.932504 | 353.859129 
 4147.7716 | 08806.6152 | 16:14:10 | 197.932487 | 353.865570 
 4147.7742 | 08806.6133 | 16:14:11 | 197.934115 | 353.868565 
 4147.7781 | 08806.6123 | 16:14:12 | 197.934964 | 353.873053 
 4147.7808 | 08806.6104 | 16:14:13 | 197.936591 | 353.876163 
 4147.7835 | 08806.6082 | 16:14:14 | 197.938477 | 353.879274 
 4147.7864 | 08806.6059 | 16:14:15 | 197.940448 | 353.882615 
 4147.7891 | 08806.6038 | 16:14:16 | 197.942247 | 353.885725 
 4147.7918 | 08806.6019 | 16:14:17 | 197.943875 | 353.888835 
 4147.7901 | 08806.6138 | 16:14:18 | 197.933637 | 353.886853 
 4147.7916 | 08806.6146 | 16:14:19 | 197.932944 | 353.888576 
 4147.7931 | 08806.6154 | 16:14:20 | 197.932251 | 353.890300 
 4147.7945 | 08806.6162 | 16:14:21 | 197.931558 | 353.891908 
 4147.7957 | 08806.6168 | 16:14:22 | 197.931038 | 353.893287 
 4147.7965 | 08806.6172 | 16:14:23 | 197.930692 | 353.894207 
 4147.7834 | 08806.6097 | 16:14:24 | 197.937186 | 353.879155 
 4147.7832 | 08806.6092 | 16:14:25 | 197.937617 | 353.878926 
 4147.7833 | 08806.6095 | 16:14:26 | 197.937359 | 353.879041 
 4147.7833 | 08806.6095 | 16:14:27 | 197.937359 | 353.879041 
 4147.7833 | 08806.6095 | 16:14:28 | 197.937359 | 353.879041 
 4147.7833 | 08806.6095 | 16:14:29 | 197.937359 | 353.879041 
 4147.7833 | 08806.6095 | 16:14:30 | 197.937359 | 353.879041 
 4147.7833 | 08806.6095 | 16:14:31 | 197.937359 | 353.879041 
 4147.7827 | 08806.6111 | 16:14:32 | 197.935983 | 353.878347 
 4147.7826 | 08806.6102 | 16:14:33 | 197.936758 | 353.878234 
 4147.7837 | 08806.6071 | 16:14:34 | 197.939423 | 353.879506 
 4147.7829 | 08806.6043 | 16:14:35 | 197.941835 | 353.878592 
 4147.7827 | 08806.6014 | 16:14:36 | 197.944332 | 353.878369 
 4147.7850 | 08806.5910 | 16:14:37 | 197.953277 | 353.881038 
 4147.7846 | 08806.5832 | 16:14:38 | 197.959992 | 353.880595 
 4147.7845 | 08806.5752 | 16:14:39 | 197.966878 | 353.880498 
 4147.7843 | 08806.5668 | 16:14:40 | 197.974109 | 353.880287 
 4147.7846 | 08806.5580 | 16:14:41 | 197.981682 | 353.880651 
 4147.7848 | 08806.5488 | 16:14:42 | 197.989600 | 353.880902 
 4147.7846 | 08806.5393 | 16:14:43 | 197.997778 | 353.880693 
 4147.7844 | 08806.5295 | 16:14:44 | 198.006214 | 353.880485 
 4147.7841 | 08806.5193 | 16:14:45 | 198.014994 | 353.880163 
 4147.7838 | 08806.5091 | 16:14:46 | 198.023774 | 353.879841 
 4147.7835 | 08806.4985 | 16:14:47 | 198.032899 | 353.879520 
 4147.7834 | 08806.4877 | 16:14:48 | 198.042195 | 353.879429 
 4147.7894 | 08806.4733 | 16:14:49 | 198.054571 | 353.886363 
 4147.7899 | 08806.4624 | 16:14:50 | 198.063952 | 353.886963 
 4147.7907 | 08806.4516 | 16:14:51 | 198.073245 | 353.887907 
 4147.7910 | 08806.4411 | 16:14:52 | 198.082282 | 353.888276 
 4147.7921 | 08806.4304 | 16:14:53 | 198.091488 | 353.889566 
 4147.7942 | 08806.4190 | 16:14:54 | 198.101294 | 353.892007 
 4147.7952 | 08806.4082 | 16:14:55 | 198.110587 | 353.893182 
 4147.7962 | 08806.3974 | 16:14:56 | 198.119880 | 353.894356 
 4147.7971 | 08806.3863 | 16:14:57 | 198.129431 | 353.895417 
 4147.7981 | 08806.3750 | 16:14:58 | 198.139154 | 353.896593 
 4147.7990 | 08806.3635 | 16:14:59 | 198.149050 | 353.897654 
 4147.7999 | 08806.3517 | 16:15:00 | 198.159204 | 353.898716 
 4147.8010 | 08806.3395 | 16:15:01 | 198.169701 | 353.900009 
 4147.8083 | 08806.3244 | 16:15:02 | 198.182676 | 353.908440 
 4147.8127 | 08806.3099 | 16:15:03 | 198.195143 | 353.913535 
 4147.8152 | 08806.2965 | 16:15:04 | 198.206669 | 353.916441 
 4147.8177 | 08806.2828 | 16:15:05 | 198.218453 | 353.919348 
 4147.8203 | 08806.2688 | 16:15:06 | 198.230496 | 353.922370 
 4147.8229 | 08806.2545 | 16:15:07 | 198.242796 | 353.925394 
 4147.8261 | 08806.2399 | 16:15:08 | 198.255353 | 353.929108 
 4147.8290 | 08806.2254 | 16:15:09 | 198.267824 | 353.932477 
 4147.8318 | 08806.2109 | 16:15:10 | 198.280296 | 353.935731 
 4147.8345 | 08806.1963 | 16:15:11 | 198.292854 | 353.938870 
 4147.8372 | 08806.1817 | 16:15:12 | 198.305412 | 353.942009 
 4147.8437 | 08806.1641 | 16:15:13 | 198.320541 | 353.949527 
 4147.8466 | 08806.1500 | 16:15:14 | 198.332668 | 353.952895 
 4147.8490 | 08806.1369 | 16:15:15 | 198.343936 | 353.955686 
 4147.8521 | 08806.1232 | 16:15:16 | 198.355718 | 353.959283 
 4147.8542 | 08806.1105 | 16:15:17 | 198.366643 | 353.961728 
 4147.8567 | 08806.0974 | 16:15:18 | 198.377910 | 353.964634 
 4147.8588 | 08806.0844 | 16:15:19 | 198.389093 | 353.967080 
 4147.8609 | 08806.0714 | 16:15:20 | 198.400276 | 353.969525 
 4147.8631 | 08806.0584 | 16:15:21 | 198.411458 | 353.972086 
 4147.8655 | 08806.0453 | 16:15:22 | 198.422726 | 353.974877 
 4147.8680 | 08806.0324 | 16:15:23 | 198.433821 | 353.977783 
 4147.8702 | 08806.0193 | 16:15:24 | 198.445090 | 353.980344 
 4147.8724 | 08806.0064 | 16:15:25 | 198.456186 | 353.982904 
 4147.8747 | 08805.9940 | 16:15:26 | 198.466852 | 353.985579 
 4147.8770 | 08805.9816 | 16:15:27 | 198.477517 | 353.988253 
 4147.8793 | 08805.9690 | 16:15:28 | 198.488355 | 353.990928 
 4147.8818 | 08805.9563 | 16:15:29 | 198.499278 | 353.993834 
 4147.8843 | 08805.9442 | 16:15:30 | 198.509685 | 353.996738 
 4147.8870 | 08805.9313 | 16:15:31 | 198.520780 | 353.999873 
 4147.8898 | 08805.9179 | 16:15:32 | 198.532304 | 354.003126 
 4147.8925 | 08805.9041 | 16:15:33 | 198.544173 | 354.006264 
 4147.8951 | 08805.8902 | 16:15:34 | 198.556129 | 354.009287 
 4147.8977 | 08805.8763 | 16:15:35 | 198.568085 | 354.012310 
 4147.9004 | 08805.8622 | 16:15:36 | 198.580212 | 354.015449 
 4147.9031 | 08805.8482 | 16:15:37 | 198.592253 | 354.018588 
 4147.9057 | 08805.8339 | 16:15:38 | 198.604553 | 354.021612 
 4147.9083 | 08805.8196 | 16:15:39 | 198.616853 | 354.024637 
 4147.9109 | 08805.8054 | 16:15:40 | 198.629067 | 354.027661 
 4147.9137 | 08805.7914 | 16:15:41 | 198.641108 | 354.030915 
 4147.9164 | 08805.7775 | 16:15:42 | 198.653063 | 354.034053 
 4147.9190 | 08805.7634 | 16:15:43 | 198.665190 | 354.037077 
 4147.9217 | 08805.7498 | 16:15:44 | 198.676887 | 354.040215 
 4147.9243 | 08805.7363 | 16:15:45 | 198.688499 | 354.043238 
 4147.9270 | 08805.7264 | 16:15:46 | 198.697011 | 354.046367 
 4147.9296 | 08805.7123 | 16:15:47 | 198.709138 | 354.049391 
 4147.9321 | 08805.6983 | 16:15:48 | 198.721180 | 354.052300 
 4147.9347 | 08805.6844 | 16:15:49 | 198.733136 | 354.055324 
 4147.9372 | 08805.6706 | 16:15:50 | 198.745005 | 354.058233 
 4147.9378 | 08805.6576 | 16:15:51 | 198.756192 | 354.058954 
 4147.9399 | 08805.6439 | 16:15:52 | 198.767977 | 354.061402 
 4147.9421 | 08805.6303 | 16:15:53 | 198.779675 | 354.063965 
 4147.9443 | 08805.6168 | 16:15:54 | 198.791288 | 354.066528 
 4147.9470 | 08805.6045 | 16:15:55 | 198.801866 | 354.069663 
 4147.9494 | 08805.5909 | 16:15:56 | 198.813563 | 354.072457 
 4147.9518 | 08805.5774 | 16:15:57 | 198.825175 | 354.075250 
 4147.9542 | 08805.5639 | 16:15:58 | 198.836787 | 354.078043 
 4147.9566 | 08805.5502 | 16:15:59 | 198.848570 | 354.080836 
 4147.9590 | 08805.5365 | 16:16:00 | 198.860354 | 354.083630 
 4147.9612 | 08805.5223 | 16:16:01 | 198.872569 | 354.086195 
 4147.9638 | 08805.5086 | 16:16:02 | 198.884352 | 354.089218 
 4147.9669 | 08805.4965 | 16:16:03 | 198.894756 | 354.092813 
 4147.9694 | 08805.4830 | 16:16:04 | 198.906367 | 354.095722 
 4147.9727 | 08805.4715 | 16:16:05 | 198.916254 | 354.099545 
 4147.9748 | 08805.4597 | 16:16:06 | 198.926404 | 354.101989 
 4147.9768 | 08805.4472 | 16:16:07 | 198.937156 | 354.104320 
 4147.9789 | 08805.4348 | 16:16:08 | 198.947822 | 354.106766 
 4147.9794 | 08805.4197 | 16:16:09 | 198.960816 | 354.107378 
 4147.9811 | 08805.4060 | 16:16:10 | 198.972602 | 354.109366 
 4147.9828 | 08805.3922 | 16:16:11 | 198.984474 | 354.111355 
 4147.9845 | 08805.3783 | 16:16:12 | 198.996432 | 354.113345 
 4147.9862 | 08805.3643 | 16:16:13 | 199.008476 | 354.115334 
 4147.9879 | 08805.3503 | 16:16:14 | 199.020520 | 354.117324 
 4147.9896 | 08805.3361 | 16:16:15 | 199.032736 | 354.119314 
 4147.9912 | 08805.3219 | 16:16:16 | 199.044953 | 354.121189 
 4147.9946 | 08805.3068 | 16:16:17 | 199.057938 | 354.125137 
 4147.9969 | 08805.2920 | 16:16:18 | 199.070668 | 354.127819 
 4147.9989 | 08805.2770 | 16:16:19 | 199.083572 | 354.130156 
 4148.0007 | 08805.2620 | 16:16:20 | 199.096476 | 354.132263 
 4148.0014 | 08805.2477 | 16:16:21 | 199.108782 | 354.133104 
 4148.0028 | 08805.2326 | 16:16:22 | 199.121773 | 354.134751 
 4148.0042 | 08805.2175 | 16:16:23 | 199.134765 | 354.136399 
 4148.0056 | 08805.2023 | 16:16:24 | 199.147843 | 354.138047 
 4148.0071 | 08805.1871 | 16:16:25 | 199.160920 | 354.139810 
 4148.0085 | 08805.1720 | 16:16:26 | 199.173912 | 354.141457 
 4148.0100 | 08805.1568 | 16:16:27 | 199.186989 | 354.143220 
 4148.0115 | 08805.1418 | 16:16:28 | 199.199894 | 354.144983 
 4148.0129 | 08805.1268 | 16:16:29 | 199.212800 | 354.146630 
 4148.0143 | 08805.1117 | 16:16:30 | 199.225791 | 354.148278 
 4148.0157 | 08805.0966 | 16:16:31 | 199.238783 | 354.149926 
 4148.0172 | 08805.0816 | 16:16:32 | 199.251688 | 354.151689 
 4148.0186 | 08805.0667 | 16:16:33 | 199.264508 | 354.153336 
 4148.0200 | 08805.0517 | 16:16:34 | 199.277413 | 354.154984 
 4148.0214 | 08805.0366 | 16:16:35 | 199.290405 | 354.156632 
 4148.0228 | 08805.0213 | 16:16:36 | 199.303568 | 354.158280 
 4148.0242 | 08805.0059 | 16:16:37 | 199.316818 | 354.159929 
 4148.0257 | 08804.9905 | 16:16:38 | 199.330067 | 354.161693 
 4148.0271 | 08804.9751 | 16:16:39 | 199.343317 | 354.163342 
 4148.0287 | 08804.9596 | 16:16:40 | 199.356652 | 354.165221 
 4148.0302 | 08804.9442 | 16:16:41 | 199.369902 | 354.166985 
 4148.0316 | 08804.9288 | 16:16:42 | 199.383151 | 354.168634 
 4148.0330 | 08804.9133 | 16:16:43 | 199.396487 | 354.170284 
 4148.0343 | 08804.8980 | 16:16:44 | 199.409651 | 354.171817 
 4148.0358 | 08804.8828 | 16:16:45 | 199.422728 | 354.173581 
 4148.0373 | 08804.8676 | 16:16:46 | 199.435805 | 354.175345 
 4148.0388 | 08804.8526 | 16:16:47 | 199.448710 | 354.177108 
 4148.0402 | 08804.8379 | 16:16:48 | 199.461357 | 354.178756 
 4148.0417 | 08804.8232 | 16:16:49 | 199.474004 | 354.180518 
 4148.0429 | 08804.8086 | 16:16:50 | 199.486566 | 354.181935 
 4148.0439 | 08804.7940 | 16:16:51 | 199.499128 | 354.183123 
 4148.0447 | 08804.7795 | 16:16:52 | 199.511605 | 354.184080 
 4148.0456 | 08804.7653 | 16:16:53 | 199.523824 | 354.185151 
 4148.0467 | 08804.7515 | 16:16:54 | 199.535697 | 354.186451 
 4148.0476 | 08804.7384 | 16:16:55 | 199.546969 | 354.187520 
 4148.0486 | 08804.7254 | 16:16:56 | 199.558154 | 354.188703 
 4148.0496 | 08804.7125 | 16:16:57 | 199.569254 | 354.189886 
 4148.0507 | 08804.6998 | 16:16:58 | 199.580180 | 354.191184 
 4148.0522 | 08804.6878 | 16:16:59 | 199.590503 | 354.192940 
 4148.0540 | 08804.6767 | 16:17:00 | 199.600051 | 354.195039 
 4148.0551 | 08804.6650 | 16:17:01 | 199.610117 | 354.196334 
 4148.0563 | 08804.6535 | 16:17:02 | 199.620010 | 354.197744 
 4148.0574 | 08804.6420 | 16:17:03 | 199.629904 | 354.199038 
 4148.0584 | 08804.6303 | 16:17:04 | 199.639970 | 354.200219 
 4148.0595 | 08804.6189 | 16:17:05 | 199.649778 | 354.201513 
 4148.0605 | 08804.6074 | 16:17:06 | 199.659673 | 354.202693 
 4148.0615 | 08804.5961 | 16:17:07 | 199.669395 | 354.203872 
 4148.0625 | 08804.5849 | 16:17:08 | 199.679031 | 354.205051 
 4148.0634 | 08804.5736 | 16:17:09 | 199.688753 | 354.206115 
 4148.0643 | 08804.5623 | 16:17:10 | 199.698476 | 354.207180 
 4148.0653 | 08804.5510 | 16:17:11 | 199.708198 | 354.208359 
 4148.0663 | 08804.5397 | 16:17:12 | 199.717920 | 354.209538 
 4148.0673 | 08804.5286 | 16:17:13 | 199.727470 | 354.210717 
 4148.0683 | 08804.5178 | 16:17:14 | 199.736761 | 354.211895 
 4148.0693 | 08804.5079 | 16:17:15 | 199.745279 | 354.213071 
 4148.0702 | 08804.4990 | 16:17:16 | 199.752935 | 354.214129 
 4148.0708 | 08804.4913 | 16:17:17 | 199.759560 | 354.214840 
 4148.0713 | 08804.4845 | 16:17:18 | 199.765411 | 354.215432 
 4148.0716 | 08804.4777 | 16:17:19 | 199.771263 | 354.215795 
 4148.0718 | 08804.4707 | 16:17:20 | 199.777287 | 354.216043 
 4148.0715 | 08804.4647 | 16:17:21 | 199.782452 | 354.215714 
 4148.0547 | 08804.4748 | 16:17:22 | 199.773817 | 354.196364 
 4148.0491 | 08804.4756 | 16:17:23 | 199.773148 | 354.189920 
 4148.0440 | 08804.4759 | 16:17:24 | 199.772907 | 354.184053 
 4148.0386 | 08804.4762 | 16:17:25 | 199.772668 | 354.177841 
 4148.0335 | 08804.4761 | 16:17:26 | 199.772772 | 354.171975 
 4148.0284 | 08804.4772 | 16:17:27 | 199.771843 | 354.166106 
 4148.0229 | 08804.4791 | 16:17:28 | 199.770226 | 354.159775 
 4148.0178 | 08804.4803 | 16:17:29 | 199.769211 | 354.153906 
 4148.0139 | 08804.4818 | 16:17:30 | 199.767934 | 354.149416 
 4148.0091 | 08804.4811 | 16:17:31 | 199.768553 | 354.143897 
 4148.0047 | 08804.4802 | 16:17:32 | 199.769343 | 354.138838 
 4148.0007 | 08804.4792 | 16:17:33 | 199.770217 | 354.134240 
 4147.9968 | 08804.4785 | 16:17:34 | 199.770833 | 354.129756 
 4147.9927 | 08804.4770 | 16:17:35 | 199.772138 | 354.125044 
 4147.9888 | 08804.4760 | 16:17:36 | 199.773012 | 354.120560 
 4147.9872 | 08804.4745 | 16:17:37 | 199.774309 | 354.118724 
 4147.9897 | 08804.4761 | 16:17:38 | 199.772923 | 354.121595 
 4147.9885 | 08804.4753 | 16:17:39 | 199.773616 | 354.120217 
 4147.9869 | 08804.4753 | 16:17:40 | 199.773622 | 354.118377 
 4147.9828 | 08804.4776 | 16:17:41 | 199.771656 | 354.113655 
 4147.9793 | 08804.4776 | 16:17:42 | 199.771668 | 354.109629 
 4147.9747 | 08804.4769 | 16:17:43 | 199.772287 | 354.104340 
 4147.9695 | 08804.4758 | 16:17:44 | 199.773251 | 354.098361 
 4147.9640 | 08804.4762 | 16:17:45 | 199.772926 | 354.092034 
 4147.9587 | 08804.4758 | 16:17:46 | 199.773289 | 354.085939 
 4147.9531 | 08804.4757 | 16:17:47 | 199.773394 | 354.079498 
 4147.9472 | 08804.4755 | 16:17:48 | 199.773587 | 354.072712 
 4147.9413 | 08804.4757 | 16:17:49 | 199.773435 | 354.065925 
 4147.9349 | 08804.4747 | 16:17:50 | 199.774318 | 354.058566 
 4147.9287 | 08804.4740 | 16:17:51 | 199.774942 | 354.051437 
 4147.9184 | 08804.4728 | 16:17:52 | 199.776010 | 354.039592 
 4147.9108 | 08804.4719 | 16:17:53 | 199.776811 | 354.030853 
 4147.9035 | 08804.4714 | 16:17:54 | 199.777267 | 354.022458 
 4147.8964 | 08804.4709 | 16:17:55 | 199.777722 | 354.014292 
 4147.8894 | 08804.4703 | 16:17:56 | 199.778263 | 354.006242 
 4147.8824 | 08804.4699 | 16:17:57 | 199.778631 | 353.998192 
 4147.8751 | 08804.4687 | 16:17:58 | 199.779689 | 353.989798 
 4147.8679 | 08804.4678 | 16:17:59 | 199.780489 | 353.981519 
 4147.8604 | 08804.4669 | 16:18:00 | 199.781289 | 353.972894 
 4147.8529 | 08804.4662 | 16:18:01 | 199.781918 | 353.964269 
 4147.8310 | 08804.4638 | 16:18:04 | 199.784060 | 353.939086 
 4147.8278 | 08804.4669 | 16:18:05 | 199.781402 | 353.935397 
 4147.8213 | 08804.4670 | 16:18:06 | 199.781339 | 353.927920 
 4147.8188 | 08804.4618 | 16:18:07 | 199.785823 | 353.925058 
 4147.8130 | 08804.4595 | 16:18:08 | 199.787823 | 353.918393 
 4147.8079 | 08804.4569 | 16:18:09 | 199.790079 | 353.912533 
 4147.8033 | 08804.4540 | 16:18:10 | 199.792591 | 353.907250 
 4147.7994 | 08804.4508 | 16:18:11 | 199.795358 | 353.902772 
 4147.7962 | 08804.4472 | 16:18:12 | 199.798468 | 353.899101 
 4147.7932 | 08804.4435 | 16:18:13 | 199.801663 | 353.895660 
 4147.7912 | 08804.4392 | 16:18:14 | 199.805371 | 353.893370 
 4147.7910 | 08804.4323 | 16:18:15 | 199.811311 | 353.893158 
 4147.8206 | 08804.4027 | 16:18:16 | 199.836686 | 353.927282 
 4147.8219 | 08804.3959 | 16:18:17 | 199.842534 | 353.928795 
 4147.8226 | 08804.3870 | 16:18:18 | 199.850192 | 353.929623 
 4147.8264 | 08804.3840 | 16:18:19 | 199.852761 | 353.934002 
 4147.8274 | 08804.3783 | 16:18:20 | 199.857664 | 353.935167 
 4147.8280 | 08804.3684 | 16:18:21 | 199.866183 | 353.935883 
 4147.8454 | 08804.3518 | 16:18:22 | 199.880410 | 353.955940 
 4147.8465 | 08804.3433 | 16:18:23 | 199.887722 | 353.957228 
 4147.8480 | 08804.3346 | 16:18:24 | 199.895205 | 353.958976 
 4147.8490 | 08804.3259 | 16:18:25 | 199.902690 | 353.960149 
 4147.8500 | 08804.3170 | 16:18:26 | 199.910347 | 353.961322 
 4147.8521 | 08804.3074 | 16:18:27 | 199.918602 | 353.963763 
 4147.8531 | 08804.2986 | 16:18:28 | 199.926173 | 353.964936 
 4147.8541 | 08804.2897 | 16:18:29 | 199.933830 | 353.966110 
 4147.8551 | 08804.2810 | 16:18:30 | 199.941314 | 353.967283 
 4147.8529 | 08804.2709 | 16:18:31 | 199.950015 | 353.964779 
 4147.8528 | 08804.2616 | 16:18:32 | 199.958020 | 353.964688 
 4147.8526 | 08804.2520 | 16:18:33 | 199.966284 | 353.964483 
 4147.8525 | 08804.2424 | 16:18:34 | 199.974547 | 353.964394 
 4147.8523 | 08804.2313 | 16:18:35 | 199.984102 | 353.964193 
 4147.8522 | 08804.2204 | 16:18:36 | 199.993484 | 353.964106 
 4147.8521 | 08804.1994 | 16:18:38 | 200.011559 | 353.964047 
 4147.8521 | 08804.1889 | 16:18:39 | 200.020597 | 353.964074 
 4147.8522 | 08804.1782 | 16:18:40 | 200.029806 | 353.964218 
 4147.8523 | 08804.1675 | 16:18:41 | 200.039015 | 353.964361 
 4147.8524 | 08804.1569 | 16:18:42 | 200.048138 | 353.964504 
 4147.8524 | 08804.1464 | 16:18:43 | 200.057176 | 353.964532 
 4147.8525 | 08804.1361 | 16:18:44 | 200.066041 | 353.964674 
 4147.8525 | 08804.1261 | 16:18:45 | 200.074648 | 353.964701 
 4147.8530 | 08804.1167 | 16:18:46 | 200.082737 | 353.965301 
 4147.8533 | 08804.1079 | 16:18:47 | 200.090310 | 353.965669 
 4147.8534 | 08804.1000 | 16:18:48 | 200.097110 | 353.965805 
 4147.8535 | 08804.0929 | 16:18:49 | 200.103220 | 353.965939 
 4147.8534 | 08804.0863 | 16:18:50 | 200.108901 | 353.965841 
 4147.8530 | 08804.0797 | 16:18:51 | 200.114583 | 353.965399 
 4147.8526 | 08804.0730 | 16:18:52 | 200.120352 | 353.964956 
 4147.8523 | 08804.0663 | 16:18:53 | 200.126119 | 353.964629 
 4147.8521 | 08804.0611 | 16:18:54 | 200.130596 | 353.964413 
 4147.8410 | 08804.0674 | 16:18:55 | 200.125213 | 353.951629 
 4147.8369 | 08804.0684 | 16:18:56 | 200.124367 | 353.946910 
 4147.8328 | 08804.0684 | 16:18:57 | 200.124381 | 353.942194 
 4147.8289 | 08804.0684 | 16:18:58 | 200.124395 | 353.937708 
 4147.8248 | 08804.0677 | 16:18:59 | 200.125012 | 353.932994 
 4147.8211 | 08804.0666 | 16:19:00 | 200.125972 | 353.928741 
 4147.8142 | 08804.0634 | 16:19:02 | 200.128751 | 353.920813 
 4147.8105 | 08804.0619 | 16:19:03 | 200.130055 | 353.916561 
 4147.8034 | 08804.0589 | 16:19:05 | 200.132663 | 353.908403 
 4147.8127 | 08804.0608 | 16:19:06 | 200.130994 | 353.919095 
 4147.8109 | 08804.0579 | 16:19:07 | 200.133497 | 353.917032 
 4147.8095 | 08804.0557 | 16:19:08 | 200.135395 | 353.915428 
 4147.8075 | 08804.0406 | 16:19:09 | 200.148399 | 353.913167 
 4147.8058 | 08804.0371 | 16:19:10 | 200.151418 | 353.911221 
 4147.8036 | 08804.0361 | 16:19:11 | 200.152286 | 353.908693 
 4147.8011 | 08804.0336 | 16:19:12 | 200.154447 | 353.905824 
 4147.8028 | 08804.0386 | 16:19:13 | 200.150137 | 353.907766 
 4147.8014 | 08804.0377 | 16:19:14 | 200.150917 | 353.906159 
 4147.7999 | 08804.0367 | 16:19:15 | 200.151783 | 353.904436 
 4147.7997 | 08804.0360 | 16:19:16 | 200.152386 | 353.904208 
 4147.7987 | 08804.0349 | 16:19:17 | 200.153337 | 353.903060 
 4147.7981 | 08804.0341 | 16:19:18 | 200.154027 | 353.902372 
 4147.7974 | 08804.0332 | 16:19:19 | 200.154805 | 353.901570 
 4147.7970 | 08804.0347 | 16:19:20 | 200.153515 | 353.901106 
 4147.7961 | 08804.0346 | 16:19:21 | 200.153604 | 353.900071 
 4147.7948 | 08804.0348 | 16:19:23 | 200.153437 | 353.898575 
 4147.7942 | 08804.0348 | 16:19:24 | 200.153439 | 353.897885 
 4147.7938 | 08804.0347 | 16:19:25 | 200.153526 | 353.897425 
 4147.7934 | 08804.0343 | 16:19:26 | 200.153872 | 353.896966 
 4147.7931 | 08804.0339 | 16:19:27 | 200.154217 | 353.896622 
 4147.7927 | 08804.0335 | 16:19:28 | 200.154563 | 353.896163 
 4147.7948 | 08804.0354 | 16:19:29 | 200.152920 | 353.898573 
 4147.7948 | 08804.0356 | 16:19:30 | 200.152748 | 353.898573 
 4147.7947 | 08804.0357 | 16:19:31 | 200.152662 | 353.898457 
 4147.7947 | 08804.0357 | 16:19:32 | 200.152662 | 353.898457 
 4147.7947 | 08804.0357 | 16:19:33 | 200.152662 | 353.898457 
 4147.7947 | 08804.0357 | 16:19:34 | 200.152662 | 353.898457 
 4147.7947 | 08804.0357 | 16:19:35 | 200.152662 | 353.898457 
 4147.7947 | 08804.0357 | 16:19:36 | 200.152662 | 353.898457 
 4147.7947 | 08804.0357 | 16:19:37 | 200.152662 | 353.898457 
 4147.7947 | 08804.0357 | 16:19:38 | 200.152662 | 353.898457 
 4147.7947 | 08804.0357 | 16:19:39 | 200.152662 | 353.898457 
 4147.7947 | 08804.0357 | 16:19:40 | 200.152662 | 353.898457 
 4147.7947 | 08804.0357 | 16:19:41 | 200.152662 | 353.898457 
 4147.7947 | 08804.0357 | 16:19:42 | 200.152662 | 353.898457 
 4147.7947 | 08804.0357 | 16:19:43 | 200.152662 | 353.898457 
 4147.7947 | 08804.0357 | 16:19:44 | 200.152662 | 353.898457 
 4147.7947 | 08804.0357 | 16:19:45 | 200.152662 | 353.898457 
 4147.7947 | 08804.0357 | 16:19:46 | 200.152662 | 353.898457 
 4147.7947 | 08804.0357 | 16:19:47 | 200.152662 | 353.898457 
 4147.7947 | 08804.0357 | 16:19:48 | 200.152662 | 353.898457 
 4147.7947 | 08804.0357 | 16:19:49 | 200.152662 | 353.898457 
 4147.7962 | 08804.0374 | 16:19:50 | 200.151194 | 353.900178 
 4147.7964 | 08804.0377 | 16:19:51 | 200.150935 | 353.900407 
 4147.7968 | 08804.0377 | 16:19:52 | 200.150933 | 353.900868 
 4147.7971 | 08804.0378 | 16:19:53 | 200.150846 | 353.901212 
 4147.7973 | 08804.0383 | 16:19:54 | 200.150415 | 353.901441 
 4147.7970 | 08804.0373 | 16:19:55 | 200.151277 | 353.901099 
 4147.7969 | 08804.0367 | 16:19:56 | 200.151794 | 353.900985 
 4147.7965 | 08804.0363 | 16:19:57 | 200.152140 | 353.900526 
 4147.7965 | 08804.0363 | 16:19:58 | 200.152140 | 353.900526 
 4147.7965 | 08804.0363 | 16:19:59 | 200.152140 | 353.900526 
 4147.7951 | 08804.0350 | 16:20:00 | 200.153263 | 353.898919 
 4147.7957 | 08804.0348 | 16:20:01 | 200.153433 | 353.899610 
 4147.7958 | 08804.0351 | 16:20:02 | 200.153175 | 353.899724 
 4147.7957 | 08804.0352 | 16:20:03 | 200.153089 | 353.899609 
 4147.7957 | 08804.0352 | 16:20:04 | 200.153089 | 353.899609 
 4147.7957 | 08804.0352 | 16:20:05 | 200.153089 | 353.899609 
 4147.7957 | 08804.0352 | 16:20:06 | 200.153089 | 353.899609 
 4147.7957 | 08804.0352 | 16:20:07 | 200.153089 | 353.899609 
 4147.7957 | 08804.0352 | 16:20:08 | 200.153089 | 353.899609 
 4147.7957 | 08804.0352 | 16:20:09 | 200.153089 | 353.899609 
 4147.7957 | 08804.0352 | 16:20:10 | 200.153089 | 353.899609 
 4147.7957 | 08804.0352 | 16:20:11 | 200.153089 | 353.899609 
 4147.7957 | 08804.0352 | 16:20:12 | 200.153089 | 353.899609 
 4147.7957 | 08804.0352 | 16:20:13 | 200.153089 | 353.899609 
 4147.7957 | 08804.0352 | 16:20:14 | 200.153089 | 353.899609 
 4147.7957 | 08804.0352 | 16:20:15 | 200.153089 | 353.899609 
 4147.7957 | 08804.0352 | 16:20:16 | 200.153089 | 353.899609 
 4147.7957 | 08804.0352 | 16:20:17 | 200.153089 | 353.899609 
 4147.7957 | 08804.0352 | 16:20:18 | 200.153089 | 353.899609 
 4147.7957 | 08804.0352 | 16:20:19 | 200.153089 | 353.899609 
 4147.7957 | 08804.0352 | 16:20:20 | 200.153089 | 353.899609 
 4147.7957 | 08804.0352 | 16:20:21 | 200.153089 | 353.899609 
 4147.7957 | 08804.0352 | 16:20:22 | 200.153089 | 353.899609 
 4147.7957 | 08804.0352 | 16:20:23 | 200.153089 | 353.899609 
 4147.7957 | 08804.0352 | 16:20:24 | 200.153089 | 353.899609 
 4147.7957 | 08804.0352 | 16:20:25 | 200.153089 | 353.899609 
 4147.7957 | 08804.0352 | 16:20:26 | 200.153089 | 353.899609 
 4147.7957 | 08804.0352 | 16:20:27 | 200.153089 | 353.899609 
 4147.7957 | 08804.0352 | 16:20:28 | 200.153089 | 353.899609 
 4147.7957 | 08804.0352 | 16:20:29 | 200.153089 | 353.899609 
 4147.7957 | 08804.0352 | 16:20:30 | 200.153089 | 353.899609 
 4147.7957 | 08804.0352 | 16:20:31 | 200.153089 | 353.899609 
 4147.7957 | 08804.0352 | 16:20:32 | 200.153089 | 353.899609 
 4147.7957 | 08804.0352 | 16:20:33 | 200.153089 | 353.899609 
 4147.7957 | 08804.0352 | 16:20:34 | 200.153089 | 353.899609 
 4147.7957 | 08804.0352 | 16:20:35 | 200.153089 | 353.899609 
 4147.7957 | 08804.0352 | 16:20:36 | 200.153089 | 353.899609 
 4147.7957 | 08804.0352 | 16:20:37 | 200.153089 | 353.899609 
 4147.7957 | 08804.0352 | 16:20:38 | 200.153089 | 353.899609 
 4147.7957 | 08804.0352 | 16:20:39 | 200.153089 | 353.899609 
 4147.7957 | 08804.0352 | 16:20:40 | 200.153089 | 353.899609 
 4147.7957 | 08804.0352 | 16:20:41 | 200.153089 | 353.899609 
 4147.7957 | 08804.0352 | 16:20:42 | 200.153089 | 353.899609 
 4147.7957 | 08804.0352 | 16:20:43 | 200.153089 | 353.899609 
 4147.7957 | 08804.0352 | 16:20:44 | 200.153089 | 353.899609 
 4147.7957 | 08804.0352 | 16:20:45 | 200.153089 | 353.899609 
 4147.7957 | 08804.0352 | 16:20:46 | 200.153089 | 353.899609 
 4147.7957 | 08804.0352 | 16:20:47 | 200.153089 | 353.899609 
 4147.7957 | 08804.0352 | 16:20:48 | 200.153089 | 353.899609 
 4147.7957 | 08804.0352 | 16:20:49 | 200.153089 | 353.899609 
 4147.7957 | 08804.0352 | 16:20:50 | 200.153089 | 353.899609 
 4147.7954 | 08804.0383 | 16:20:51 | 200.150422 | 353.899256 
 4147.7948 | 08804.0384 | 16:20:52 | 200.150338 | 353.898565 
 4147.7943 | 08804.0385 | 16:20:53 | 200.150254 | 353.897990 
 4147.7938 | 08804.0386 | 16:20:54 | 200.150169 | 353.897414 
 4147.7959 | 08804.0357 | 16:20:55 | 200.152658 | 353.899838 
 4147.7951 | 08804.0343 | 16:20:56 | 200.153866 | 353.898921 
 4147.7951 | 08804.0343 | 16:20:57 | 200.153866 | 353.898921 
 4147.7951 | 08804.0343 | 16:20:58 | 200.153866 | 353.898921 
 4147.7953 | 08804.0358 | 16:20:59 | 200.152574 | 353.899147 
 4147.7956 | 08804.0364 | 16:21:00 | 200.152057 | 353.899491 
 4147.7960 | 08804.0370 | 16:21:01 | 200.151539 | 353.899949 
 4147.7968 | 08804.0388 | 16:21:02 | 200.149987 | 353.900865 
 4147.7969 | 08804.0381 | 16:21:03 | 200.150589 | 353.900981 
 4147.7973 | 08804.0383 | 16:21:04 | 200.150415 | 353.901441 
 4147.7977 | 08804.0386 | 16:21:05 | 200.150156 | 353.901900 
 4147.7975 | 08804.0389 | 16:21:06 | 200.149898 | 353.901669 
 4147.7970 | 08804.0392 | 16:21:07 | 200.149642 | 353.901094 
 4147.7970 | 08804.0399 | 16:21:08 | 200.149039 | 353.901092 
 4147.7966 | 08804.0402 | 16:21:09 | 200.148782 | 353.900631 
 4147.7966 | 08804.0402 | 16:21:10 | 200.148782 | 353.900631 
 4147.7966 | 08804.0402 | 16:21:11 | 200.148782 | 353.900631 
 4147.7966 | 08804.0402 | 16:21:12 | 200.148782 | 353.900631 
 4147.7966 | 08804.0402 | 16:21:13 | 200.148782 | 353.900631 
 4147.7949 | 08804.0399 | 16:21:14 | 200.149047 | 353.898676 
 4147.7954 | 08804.0391 | 16:21:15 | 200.149733 | 353.899253 
 4147.7954 | 08804.0392 | 16:21:16 | 200.149647 | 353.899253 
 4147.7954 | 08804.0392 | 16:21:17 | 200.149647 | 353.899253 
 4147.7954 | 08804.0392 | 16:21:18 | 200.149647 | 353.899253 
 4147.7954 | 08804.0392 | 16:21:19 | 200.149647 | 353.899253 
 4147.7954 | 08804.0392 | 16:21:20 | 200.149647 | 353.899253 
 4147.7954 | 08804.0392 | 16:21:21 | 200.149647 | 353.899253 
 4147.7954 | 08804.0392 | 16:21:22 | 200.149647 | 353.899253 
 4147.7954 | 08804.0392 | 16:21:23 | 200.149647 | 353.899253 
 4147.7954 | 08804.0392 | 16:21:24 | 200.149647 | 353.899253 
 4147.7954 | 08804.0392 | 16:21:25 | 200.149647 | 353.899253 
 4147.7954 | 08804.0392 | 16:21:26 | 200.149647 | 353.899253 
 4147.7954 | 08804.0392 | 16:21:27 | 200.149647 | 353.899253 
 4147.7954 | 08804.0392 | 16:21:28 | 200.149647 | 353.899253 
 4147.7954 | 08804.0392 | 16:21:29 | 200.149647 | 353.899253 
 4147.7954 | 08804.0392 | 16:21:30 | 200.149647 | 353.899253 
