 4152.2058 | 08738.9112 | 20:12:54 | 221.737604 | 359.091907 
 4152.2022 | 08738.9072 | 20:13:04 | 221.741076 | 359.087794 
 4152.2017 | 08738.9074 | 20:13:05 | 221.740909 | 359.087217 
 4152.1999 | 08738.9068 | 20:13:07 | 221.741441 | 359.085151 
 4152.1991 | 08738.9063 | 20:13:08 | 221.741878 | 359.084234 
 4152.1978 | 08738.9082 | 20:13:10 | 221.740257 | 359.082726 
 4152.1989 | 08738.9044 | 20:13:13 | 221.743514 | 359.084017 
 4152.2031 | 08738.9051 | 20:13:14 | 221.742873 | 359.088844 
 4152.2016 | 08738.9059 | 20:13:15 | 221.742199 | 359.087113 
 4152.1991 | 08738.9110 | 20:13:17 | 221.737838 | 359.084202 
 4152.2025 | 08738.9132 | 20:13:18 | 221.735915 | 359.088098 
 4152.2046 | 08738.9116 | 20:13:20 | 221.737271 | 359.090524 
 4152.2046 | 08738.9102 | 20:13:21 | 221.738475 | 359.090534 
 4152.2055 | 08738.9110 | 20:13:23 | 221.737779 | 359.091564 
 4152.2060 | 08738.9088 | 20:13:24 | 221.739666 | 359.092154 
 4152.2032 | 08738.9091 | 20:13:25 | 221.739433 | 359.088931 
 4152.1991 | 08738.9107 | 20:13:26 | 221.738095 | 359.084204 
 4152.1998 | 08738.9112 | 20:13:27 | 221.737659 | 359.085006 
 4152.2030 | 08738.9082 | 20:13:37 | 221.740209 | 359.088707 
 4152.2059 | 08738.9072 | 20:13:38 | 221.741042 | 359.092050 
 4152.2068 | 08738.9121 | 20:13:39 | 221.736821 | 359.093051 
 4152.2020 | 08738.9141 | 20:13:41 | 221.735146 | 359.087517 
 4152.2013 | 08738.9110 | 20:13:42 | 221.737817 | 359.086733 
 4152.2015 | 08738.9089 | 20:13:43 | 221.739621 | 359.086977 
 4152.2023 | 08738.9101 | 20:13:44 | 221.738582 | 359.087889 
 4152.2063 | 08738.9061 | 20:13:47 | 221.741984 | 359.092518 
 4152.2042 | 08738.9109 | 20:13:49 | 221.737877 | 359.090069 
 4152.2015 | 08738.9132 | 20:13:50 | 221.735924 | 359.086948 
 4152.1991 | 08738.9125 | 20:13:51 | 221.736548 | 359.084192 
 4152.2026 | 08738.9126 | 20:13:52 | 221.736430 | 359.088217 
 4152.2052 | 08738.9142 | 20:13:53 | 221.735030 | 359.091197 
 4152.2076 | 08738.9111 | 20:13:55 | 221.737674 | 359.093979 
 4152.2163 | 08738.9091 | 20:14:01 | 221.739313 | 359.103999 
 4152.2056 | 08738.9119 | 20:14:03 | 221.737004 | 359.091673 
 4152.2088 | 08738.9133 | 20:14:04 | 221.735771 | 359.095344 
 4152.2103 | 08738.9163 | 20:14:05 | 221.733178 | 359.097049 
 4152.2114 | 08738.9164 | 20:14:06 | 221.733082 | 359.098313 
 4152.2117 | 08738.9148 | 20:14:09 | 221.734455 | 359.098669 
 4152.2112 | 08738.9142 | 20:14:10 | 221.734975 | 359.098098 
 4152.2017 | 08738.9153 | 20:14:13 | 221.734117 | 359.087163 
 4152.2015 | 08738.9168 | 20:14:14 | 221.732829 | 359.086923 
 4152.2016 | 08738.9176 | 20:14:15 | 221.732140 | 359.087032 
 4152.2015 | 08738.9152 | 20:14:16 | 221.734205 | 359.086934 
 4152.2003 | 08738.9159 | 20:14:17 | 221.733614 | 359.085549 
 4152.2025 | 08738.9103 | 20:14:18 | 221.738408 | 359.088118 
 4152.2035 | 08738.9136 | 20:14:19 | 221.735562 | 359.089245 
 4152.2072 | 08738.9139 | 20:14:20 | 221.735270 | 359.093499 
 4152.2117 | 08738.9163 | 20:14:22 | 221.733165 | 359.098659 
 4152.2130 | 08738.9154 | 20:14:23 | 221.733927 | 359.100160 
 4152.2124 | 08738.9147 | 20:14:24 | 221.734534 | 359.099475 
 4152.2132 | 08738.9151 | 20:14:25 | 221.734183 | 359.100393 
 4152.2113 | 08738.9146 | 20:14:26 | 221.734630 | 359.098210 
 4152.2123 | 08738.9149 | 20:14:27 | 221.734363 | 359.099359 
 4152.2128 | 08738.9134 | 20:14:28 | 221.735648 | 359.099944 
 4152.2166 | 08738.9181 | 20:14:30 | 221.731573 | 359.104283 
 4152.2132 | 08738.9181 | 20:14:31 | 221.731604 | 359.100372 
 4152.2140 | 08738.9164 | 20:14:32 | 221.733058 | 359.101304 
 4152.2110 | 08738.9171 | 20:14:33 | 221.732484 | 359.097848 
 4152.2104 | 08738.9171 | 20:14:34 | 221.732489 | 359.097158 
 4152.2095 | 08738.9138 | 20:14:35 | 221.735335 | 359.096145 
 4152.2088 | 08738.9190 | 20:14:38 | 221.730871 | 359.095305 
 4152.2120 | 08738.9168 | 20:14:41 | 221.732733 | 359.099001 
 4152.2127 | 08738.9143 | 20:14:42 | 221.734876 | 359.099823 
 4152.2118 | 08738.9137 | 20:14:43 | 221.735400 | 359.098792 
 4152.2087 | 08738.9152 | 20:14:44 | 221.734138 | 359.095216 
 4152.2037 | 08738.9154 | 20:14:45 | 221.734012 | 359.089463 
 4152.2030 | 08738.9144 | 20:14:46 | 221.734879 | 359.088665 
 4152.2081 | 08738.9125 | 20:14:47 | 221.736465 | 359.094544 
 4152.2082 | 08738.9154 | 20:14:48 | 221.733971 | 359.094639 
 4152.2111 | 08738.9128 | 20:14:50 | 221.736180 | 359.097993 
 4152.2086 | 08738.9120 | 20:14:51 | 221.736891 | 359.095123 
 4152.2090 | 08738.9136 | 20:14:52 | 221.735511 | 359.095572 
 4152.2080 | 08738.9149 | 20:14:53 | 221.734403 | 359.094413 
 4152.2118 | 08738.9122 | 20:14:54 | 221.736689 | 359.098802 
 4152.2104 | 08738.9114 | 20:14:55 | 221.737390 | 359.097197 
 4152.2119 | 08738.9106 | 20:14:56 | 221.738064 | 359.098928 
 4152.2095 | 08738.9109 | 20:14:57 | 221.737828 | 359.096165 
 4152.2078 | 08738.9119 | 20:14:58 | 221.736984 | 359.094203 
 4152.2058 | 08738.9115 | 20:14:59 | 221.737346 | 359.091905 
 4152.2093 | 08738.9145 | 20:15:02 | 221.734735 | 359.095911 
 4152.2087 | 08738.9156 | 20:15:04 | 221.733795 | 359.095213 
 4152.2064 | 08738.9136 | 20:15:05 | 221.735535 | 359.092581 
 4152.2103 | 08738.9111 | 20:15:07 | 221.737649 | 359.097084 
 4152.2109 | 08738.9100 | 20:15:08 | 221.738589 | 359.097782 
 4152.2112 | 08738.9125 | 20:15:09 | 221.736437 | 359.098110 
 4152.2097 | 08738.9160 | 20:15:10 | 221.733442 | 359.096360 
 4152.2090 | 08738.9152 | 20:15:11 | 221.734136 | 359.095561 
 4152.2105 | 08738.9144 | 20:15:12 | 221.734810 | 359.097292 
 4152.2130 | 08738.9163 | 20:15:13 | 221.733153 | 359.100154 
 4152.2152 | 08738.9165 | 20:15:14 | 221.732961 | 359.102683 
 4152.2141 | 08738.9154 | 20:15:15 | 221.733917 | 359.101426 
 4152.2124 | 08738.9156 | 20:15:16 | 221.733761 | 359.099469 
 4152.2167 | 08738.9147 | 20:15:18 | 221.734495 | 359.104421 
 4152.2154 | 08738.9121 | 20:15:19 | 221.736742 | 359.102944 
 4152.2134 | 08738.9106 | 20:15:20 | 221.738050 | 359.100653 
 4152.2111 | 08738.9118 | 20:15:21 | 221.737040 | 359.098000 
 4152.2125 | 08738.9115 | 20:15:22 | 221.737285 | 359.099612 
 4152.2126 | 08738.9113 | 20:15:23 | 221.737456 | 359.099728 
 4152.2154 | 08738.9121 | 20:15:24 | 221.736742 | 359.102944 
 4152.2124 | 08738.9131 | 20:15:25 | 221.735910 | 359.099486 
 4152.2131 | 08738.9145 | 20:15:28 | 221.734700 | 359.100282 
 4152.2128 | 08738.9150 | 20:15:29 | 221.734273 | 359.099933 
 4152.2133 | 08738.9136 | 20:15:30 | 221.735472 | 359.100518 
 4152.2127 | 08738.9139 | 20:15:32 | 221.735219 | 359.099826 
 4152.2134 | 08738.9139 | 20:15:33 | 221.735213 | 359.100631 
 4152.1910 | 08738.9070 | 20:15:35 | 221.741351 | 359.074912 
 4152.1932 | 08738.9094 | 20:15:36 | 221.739267 | 359.077427 
 4152.1882 | 08738.9106 | 20:15:38 | 221.738281 | 359.071667 
 4152.1923 | 08738.9096 | 20:15:39 | 221.739104 | 359.076390 
 4152.1991 | 08738.9139 | 20:15:41 | 221.735344 | 359.084182 
 4152.2070 | 08738.9133 | 20:15:42 | 221.735788 | 359.093273 
 4152.2115 | 08738.9152 | 20:15:45 | 221.734113 | 359.098436 
 4152.2186 | 08738.9167 | 20:15:46 | 221.732758 | 359.106593 
 4152.2163 | 08738.9166 | 20:15:47 | 221.732865 | 359.103948 
 4152.2061 | 08738.9170 | 20:15:48 | 221.732615 | 359.092213 
 4152.2133 | 08738.9171 | 20:15:50 | 221.732463 | 359.100494 
 4152.2133 | 08738.9176 | 20:15:51 | 221.732033 | 359.100490 
 4152.1824 | 08738.9005 | 20:15:54 | 221.747018 | 359.065065 
 4152.1837 | 08738.9024 | 20:15:55 | 221.745373 | 359.066547 
 4152.1835 | 08738.9033 | 20:15:56 | 221.744601 | 359.066311 
 4152.1848 | 08738.9031 | 20:15:57 | 221.744761 | 359.067808 
 4152.1855 | 08738.9027 | 20:15:58 | 221.745098 | 359.068616 
 4152.1853 | 08738.9028 | 20:15:59 | 221.745014 | 359.068385 
 4152.1843 | 08738.9031 | 20:16:00 | 221.744765 | 359.067233 
 4152.1834 | 08738.9031 | 20:16:01 | 221.744774 | 359.066197 
 4152.1828 | 08738.9030 | 20:16:02 | 221.744865 | 359.065508 
 4152.1824 | 08738.9030 | 20:16:03 | 221.744869 | 359.065048 
 4152.1823 | 08738.9030 | 20:16:04 | 221.744870 | 359.064933 
 4152.1822 | 08738.9023 | 20:16:05 | 221.745472 | 359.064822 
 4152.1821 | 08738.9020 | 20:16:06 | 221.745731 | 359.064710 
 4152.1826 | 08738.9018 | 20:16:07 | 221.745899 | 359.065286 
 4152.1832 | 08738.9016 | 20:16:08 | 221.746065 | 359.065978 
 4152.1836 | 08738.9015 | 20:16:09 | 221.746147 | 359.066438 
 4152.1836 | 08738.9014 | 20:16:10 | 221.746233 | 359.066439 
 4152.1829 | 08738.9010 | 20:16:11 | 221.746584 | 359.065637 
 4152.1838 | 08738.9010 | 20:16:12 | 221.746575 | 359.066672 
 4152.1843 | 08738.9009 | 20:16:13 | 221.746657 | 359.067248 
 4152.1848 | 08738.9009 | 20:16:14 | 221.746652 | 359.067823 
 4152.1848 | 08738.9009 | 20:16:15 | 221.746652 | 359.067823 
 4152.1848 | 08738.9014 | 20:16:16 | 221.746222 | 359.067819 
 4152.1848 | 08738.9010 | 20:16:17 | 221.746566 | 359.067822 
 4152.1849 | 08738.9004 | 20:16:18 | 221.747081 | 359.067941 
 4152.1850 | 08738.8995 | 20:16:19 | 221.747854 | 359.068062 
 4152.1850 | 08738.8992 | 20:16:20 | 221.748112 | 359.068064 
 4152.1851 | 08738.8988 | 20:16:21 | 221.748455 | 359.068182 
 4152.1850 | 08738.8988 | 20:16:22 | 221.748456 | 359.068067 
 4152.1850 | 08738.8984 | 20:16:23 | 221.748800 | 359.068070 
 4152.1851 | 08738.8986 | 20:16:24 | 221.748627 | 359.068184 
 4152.1851 | 08738.8984 | 20:16:25 | 221.748799 | 359.068185 
 4152.1842 | 08738.8982 | 20:16:26 | 221.748979 | 359.067151 
 4152.1843 | 08738.9005 | 20:16:27 | 221.747001 | 359.067250 
 4152.1831 | 08738.8989 | 20:16:28 | 221.748387 | 359.065881 
 4152.1831 | 08738.8988 | 20:16:29 | 221.748473 | 359.065882 
 4152.1829 | 08738.8988 | 20:16:30 | 221.748475 | 359.065652 
 4152.1816 | 08738.8958 | 20:16:31 | 221.751066 | 359.064177 
 4152.1813 | 08738.8952 | 20:16:32 | 221.751585 | 359.063836 
 4152.1806 | 08738.8945 | 20:16:33 | 221.752193 | 359.063036 
 4152.1807 | 08738.8945 | 20:16:34 | 221.752192 | 359.063151 
 4152.1776 | 08738.8941 | 20:16:35 | 221.752565 | 359.059588 
 4152.1760 | 08738.8942 | 20:16:36 | 221.752493 | 359.057746 
 4152.1747 | 08738.8939 | 20:16:37 | 221.752763 | 359.056253 
 4152.1734 | 08738.8938 | 20:16:38 | 221.752861 | 359.054759 
 4152.1722 | 08738.8938 | 20:16:39 | 221.752872 | 359.053378 
 4152.1719 | 08738.8938 | 20:16:40 | 221.752875 | 359.053033 
 4152.1717 | 08738.8937 | 20:16:41 | 221.752963 | 359.052804 
 4152.1723 | 08738.8943 | 20:16:42 | 221.752441 | 359.053490 
 4152.1751 | 08738.8954 | 20:16:43 | 221.751470 | 359.056703 
 4152.1770 | 08738.8962 | 20:16:44 | 221.750765 | 359.058883 
 4152.1770 | 08738.8963 | 20:16:45 | 221.750679 | 359.058882 
 4152.1785 | 08738.8971 | 20:16:47 | 221.749977 | 359.060602 
 4152.1785 | 08738.8972 | 20:16:48 | 221.749891 | 359.060602 
 4152.1786 | 08738.8974 | 20:16:50 | 221.749718 | 359.060715 
 4152.1786 | 08738.8975 | 20:16:51 | 221.749632 | 359.060715 
 4152.1784 | 08738.8974 | 20:16:52 | 221.749720 | 359.060485 
 4152.1784 | 08738.8974 | 20:16:53 | 221.749720 | 359.060485 
 4152.1784 | 08738.8974 | 20:16:54 | 221.749720 | 359.060485 
 4152.1784 | 08738.8974 | 20:16:55 | 221.749720 | 359.060485 
 4152.1784 | 08738.8974 | 20:16:56 | 221.749720 | 359.060485 
 4152.1691 | 08738.8979 | 20:16:57 | 221.749376 | 359.049784 
 4152.1683 | 08738.8982 | 20:16:58 | 221.749125 | 359.048862 
 4152.1677 | 08738.8984 | 20:16:59 | 221.748959 | 359.048171 
 4152.1670 | 08738.8986 | 20:17:00 | 221.748793 | 359.047364 
 4152.1663 | 08738.8987 | 20:17:01 | 221.748714 | 359.046558 
 4152.1674 | 08738.8953 | 20:17:02 | 221.751627 | 359.047847 
 4152.1730 | 08738.8970 | 20:17:03 | 221.750114 | 359.054277 
 4152.1745 | 08738.8967 | 20:17:04 | 221.750358 | 359.056004 
 4152.1745 | 08738.8967 | 20:17:05 | 221.750358 | 359.056004 
 4152.1745 | 08738.8967 | 20:17:06 | 221.750358 | 359.056004 
 4152.1745 | 08738.8967 | 20:17:07 | 221.750358 | 359.056004 
 4152.1745 | 08738.8967 | 20:17:08 | 221.750358 | 359.056004 
 4152.1745 | 08738.8967 | 20:17:09 | 221.750358 | 359.056004 
 4152.1745 | 08738.8967 | 20:17:10 | 221.750358 | 359.056004 
 4152.1745 | 08738.8967 | 20:17:11 | 221.750358 | 359.056004 
 4152.1745 | 08738.8967 | 20:17:12 | 221.750358 | 359.056004 
 4152.1745 | 08738.8967 | 20:17:13 | 221.750358 | 359.056004 
 4152.1745 | 08738.8967 | 20:17:14 | 221.750358 | 359.056004 
 4152.1745 | 08738.8967 | 20:17:15 | 221.750358 | 359.056004 
 4152.1745 | 08738.8967 | 20:17:16 | 221.750358 | 359.056004 
 4152.1745 | 08738.8967 | 20:17:17 | 221.750358 | 359.056004 
 4152.1745 | 08738.8967 | 20:17:18 | 221.750358 | 359.056004 
 4152.1745 | 08738.8967 | 20:17:19 | 221.750358 | 359.056004 
 4152.1745 | 08738.8967 | 20:17:20 | 221.750358 | 359.056004 
 4152.1745 | 08738.8967 | 20:17:21 | 221.750358 | 359.056004 
 4152.1745 | 08738.8967 | 20:17:22 | 221.750358 | 359.056004 
 4152.1745 | 08738.8967 | 20:17:23 | 221.750358 | 359.056004 
 4152.1745 | 08738.8967 | 20:17:24 | 221.750358 | 359.056004 
 4152.1745 | 08738.8967 | 20:17:25 | 221.750358 | 359.056004 
 4152.1745 | 08738.8967 | 20:17:26 | 221.750358 | 359.056004 
 4152.1745 | 08738.8967 | 20:17:27 | 221.750358 | 359.056004 
 4152.1745 | 08738.8967 | 20:17:28 | 221.750358 | 359.056004 
 4152.1745 | 08738.8967 | 20:17:29 | 221.750358 | 359.056004 
 4152.1745 | 08738.8967 | 20:17:30 | 221.750358 | 359.056004 
 4152.1745 | 08738.8967 | 20:17:31 | 221.750358 | 359.056004 
 4152.1745 | 08738.8967 | 20:17:32 | 221.750358 | 359.056004 
 4152.1745 | 08738.8967 | 20:17:33 | 221.750358 | 359.056004 
 4152.1745 | 08738.8967 | 20:17:34 | 221.750358 | 359.056004 
 4152.1745 | 08738.8967 | 20:17:35 | 221.750358 | 359.056004 
 4152.1745 | 08738.8967 | 20:17:36 | 221.750358 | 359.056004 
 4152.1745 | 08738.8967 | 20:17:37 | 221.750358 | 359.056004 
 4152.1745 | 08738.8967 | 20:17:38 | 221.750358 | 359.056004 
 4152.1745 | 08738.8967 | 20:17:39 | 221.750358 | 359.056004 
 4152.1745 | 08738.8967 | 20:17:40 | 221.750358 | 359.056004 
 4152.1745 | 08738.8967 | 20:17:41 | 221.750358 | 359.056004 
 4152.1745 | 08738.8967 | 20:17:43 | 221.750358 | 359.056004 
 4152.1745 | 08738.8967 | 20:17:44 | 221.750358 | 359.056004 
 4152.1745 | 08738.8967 | 20:17:45 | 221.750358 | 359.056004 
 4152.1745 | 08738.8967 | 20:17:46 | 221.750358 | 359.056004 
 4152.1745 | 08738.8967 | 20:17:47 | 221.750358 | 359.056004 
 4152.1745 | 08738.8967 | 20:17:48 | 221.750358 | 359.056004 
 4152.1745 | 08738.8967 | 20:17:49 | 221.750358 | 359.056004 
 4152.1745 | 08738.8967 | 20:17:50 | 221.750358 | 359.056004 
 4152.1745 | 08738.8967 | 20:17:51 | 221.750358 | 359.056004 
 4152.1745 | 08738.8967 | 20:17:52 | 221.750358 | 359.056004 
 4152.1745 | 08738.8967 | 20:17:53 | 221.750358 | 359.056004 
 4152.1745 | 08738.8967 | 20:17:54 | 221.750358 | 359.056004 
 4152.1745 | 08738.8967 | 20:17:55 | 221.750358 | 359.056004 
 4152.1745 | 08738.8967 | 20:17:56 | 221.750358 | 359.056004 
 4152.1745 | 08738.8967 | 20:17:57 | 221.750358 | 359.056004 
 4152.1745 | 08738.8967 | 20:17:58 | 221.750358 | 359.056004 
 4152.1745 | 08738.8967 | 20:17:59 | 221.750358 | 359.056004 
 4152.1745 | 08738.8967 | 20:18:01 | 221.750358 | 359.056004 
 4152.1745 | 08738.8967 | 20:18:02 | 221.750358 | 359.056004 
 4152.1745 | 08738.8967 | 20:18:03 | 221.750358 | 359.056004 
 4152.1745 | 08738.8967 | 20:18:04 | 221.750358 | 359.056004 
 4152.1745 | 08738.8967 | 20:18:05 | 221.750358 | 359.056004 
 4152.1745 | 08738.8967 | 20:18:06 | 221.750358 | 359.056004 
 4152.1745 | 08738.8967 | 20:18:07 | 221.750358 | 359.056004 
 4152.1745 | 08738.8967 | 20:18:08 | 221.750358 | 359.056004 
 4152.1745 | 08738.8967 | 20:18:09 | 221.750358 | 359.056004 
 4152.1745 | 08738.8967 | 20:18:10 | 221.750358 | 359.056004 
 4152.1745 | 08738.8967 | 20:18:11 | 221.750358 | 359.056004 
 4152.1745 | 08738.8967 | 20:18:12 | 221.750358 | 359.056004 
 4152.1745 | 08738.8967 | 20:18:13 | 221.750358 | 359.056004 
 4152.1745 | 08738.8967 | 20:18:14 | 221.750358 | 359.056004 
 4152.1745 | 08738.8967 | 20:18:15 | 221.750358 | 359.056004 
 4152.1745 | 08738.8967 | 20:18:16 | 221.750358 | 359.056004 
 4152.1745 | 08738.8967 | 20:18:18 | 221.750358 | 359.056004 
 4152.1745 | 08738.8967 | 20:18:19 | 221.750358 | 359.056004 
 4152.1745 | 08738.8967 | 20:18:20 | 221.750358 | 359.056004 
 4152.1745 | 08738.8967 | 20:18:21 | 221.750358 | 359.056004 
 4152.1745 | 08738.8967 | 20:18:22 | 221.750358 | 359.056004 
 4152.1745 | 08738.8967 | 20:18:23 | 221.750358 | 359.056004 
 4152.1745 | 08738.8967 | 20:18:24 | 221.750358 | 359.056004 
 4152.1745 | 08738.8967 | 20:18:25 | 221.750358 | 359.056004 
 4152.1745 | 08738.8967 | 20:18:26 | 221.750358 | 359.056004 
 4152.1745 | 08738.8967 | 20:18:27 | 221.750358 | 359.056004 
 4152.1745 | 08738.8967 | 20:18:28 | 221.750358 | 359.056004 
 4152.1745 | 08738.8967 | 20:18:29 | 221.750358 | 359.056004 
 4152.1745 | 08738.8967 | 20:18:30 | 221.750358 | 359.056004 
 4152.1745 | 08738.8967 | 20:18:31 | 221.750358 | 359.056004 
 4152.1745 | 08738.8967 | 20:18:32 | 221.750358 | 359.056004 
 4152.1745 | 08738.8967 | 20:18:33 | 221.750358 | 359.056004 
 4152.1745 | 08738.8967 | 20:18:34 | 221.750358 | 359.056004 
 4152.1745 | 08738.8967 | 20:18:35 | 221.750358 | 359.056004 
 4152.1745 | 08738.8967 | 20:18:36 | 221.750358 | 359.056004 
 4152.1745 | 08738.8967 | 20:18:37 | 221.750358 | 359.056004 
 4152.1745 | 08738.8967 | 20:18:38 | 221.750358 | 359.056004 
 4152.1745 | 08738.8967 | 20:18:39 | 221.750358 | 359.056004 
 4152.1745 | 08738.8967 | 20:18:40 | 221.750358 | 359.056004 
 4152.1745 | 08738.8967 | 20:18:41 | 221.750358 | 359.056004 
 4152.1745 | 08738.8967 | 20:18:42 | 221.750358 | 359.056004 
 4152.1745 | 08738.8967 | 20:18:43 | 221.750358 | 359.056004 
 4152.1745 | 08738.8967 | 20:18:44 | 221.750358 | 359.056004 
 4152.1745 | 08738.8967 | 20:18:45 | 221.750358 | 359.056004 
 4152.1745 | 08738.8967 | 20:18:46 | 221.750358 | 359.056004 
 4152.1745 | 08738.8967 | 20:18:47 | 221.750358 | 359.056004 
 4152.1745 | 08738.8967 | 20:18:48 | 221.750358 | 359.056004 
 4152.1745 | 08738.8967 | 20:18:49 | 221.750358 | 359.056004 
 4152.1745 | 08738.8967 | 20:18:50 | 221.750358 | 359.056004 
 4152.1745 | 08738.8967 | 20:18:51 | 221.750358 | 359.056004 
 4152.1745 | 08738.8967 | 20:18:52 | 221.750358 | 359.056004 
 4152.1735 | 08738.8999 | 20:18:53 | 221.747616 | 359.054832 
 4152.1739 | 08738.9001 | 20:18:54 | 221.747440 | 359.055290 
 4152.1743 | 08738.9003 | 20:18:55 | 221.747264 | 359.055749 
 4152.1747 | 08738.9004 | 20:18:56 | 221.747175 | 359.056209 
 4152.1751 | 08738.9006 | 20:18:57 | 221.746999 | 359.056667 
 4152.1754 | 08738.9006 | 20:18:58 | 221.746996 | 359.057012 
 4152.1758 | 08738.9009 | 20:18:59 | 221.746735 | 359.057470 
 4152.1762 | 08738.9012 | 20:19:00 | 221.746473 | 359.057929 
 4152.1765 | 08738.9011 | 20:19:01 | 221.746556 | 359.058274 
 4152.1769 | 08738.9014 | 20:19:02 | 221.746295 | 359.058732 
 4152.1773 | 08738.9019 | 20:19:03 | 221.745861 | 359.059189 
 4152.1773 | 08738.9018 | 20:19:04 | 221.745947 | 359.059190 
 4152.1774 | 08738.9014 | 20:19:05 | 221.746290 | 359.059307 
 4152.1781 | 08738.9015 | 20:19:06 | 221.746198 | 359.060112 
 4152.1789 | 08738.9052 | 20:19:07 | 221.743009 | 359.061007 
 4152.1788 | 08738.9047 | 20:19:08 | 221.743440 | 359.060895 
 4152.1791 | 08738.9049 | 20:19:09 | 221.743266 | 359.061239 
 4152.1794 | 08738.9052 | 20:19:10 | 221.743005 | 359.061582 
 4152.1797 | 08738.9053 | 20:19:11 | 221.742916 | 359.061926 
 4152.1799 | 08738.9054 | 20:19:12 | 221.742828 | 359.062156 
 4152.1800 | 08738.9055 | 20:19:13 | 221.742741 | 359.062270 
 4152.1801 | 08738.9054 | 20:19:14 | 221.742827 | 359.062386 
 4152.1804 | 08738.9056 | 20:19:15 | 221.742652 | 359.062729 
 4152.1804 | 08738.9053 | 20:19:16 | 221.742910 | 359.062731 
 4152.1805 | 08738.9048 | 20:19:17 | 221.743339 | 359.062850 
 4152.1803 | 08738.9041 | 20:19:18 | 221.743942 | 359.062625 
 4152.1800 | 08738.9032 | 20:19:19 | 221.744719 | 359.062286 
 4152.1799 | 08738.9022 | 20:19:20 | 221.745580 | 359.062178 
 4152.1799 | 08738.9022 | 20:19:21 | 221.745580 | 359.062178 
 4152.1846 | 08738.8913 | 20:19:22 | 221.754908 | 359.067659 
 4152.1851 | 08738.8878 | 20:19:23 | 221.757912 | 359.068258 
 4152.1850 | 08738.8836 | 20:19:24 | 221.761524 | 359.068172 
 4152.1812 | 08738.8677 | 20:19:25 | 221.775229 | 359.063910 
 4152.1806 | 08738.8645 | 20:19:26 | 221.777986 | 359.063242 
 4152.1804 | 08738.8614 | 20:19:27 | 221.780653 | 359.063033 
 4152.1811 | 08738.8527 | 20:19:28 | 221.788126 | 359.063898 
 4152.1817 | 08738.8462 | 20:19:30 | 221.793709 | 359.064632 
 4152.1821 | 08738.8447 | 20:19:31 | 221.794995 | 359.065103 
 4152.1825 | 08738.8442 | 20:19:32 | 221.795421 | 359.065566 
 4152.1829 | 08738.8440 | 20:19:33 | 221.795590 | 359.066028 
 4152.1833 | 08738.8440 | 20:19:34 | 221.795586 | 359.066488 
 4152.1836 | 08738.8439 | 20:19:35 | 221.795669 | 359.066834 
 4152.1840 | 08738.8436 | 20:19:36 | 221.795923 | 359.067296 
 4152.1839 | 08738.8434 | 20:19:37 | 221.796096 | 359.067182 
 4152.1848 | 08738.8425 | 20:19:38 | 221.796862 | 359.068224 
 4152.1845 | 08738.8361 | 20:19:39 | 221.802367 | 359.067923 
 4152.1849 | 08738.8329 | 20:19:40 | 221.805115 | 359.068405 
 4152.1852 | 08738.8304 | 20:19:41 | 221.807261 | 359.068767 
 4152.1858 | 08738.8285 | 20:19:42 | 221.808889 | 359.069470 
 4152.1866 | 08738.8265 | 20:19:44 | 221.810601 | 359.070404 
 4152.1877 | 08738.8255 | 20:19:47 | 221.811451 | 359.071676 
 4152.1882 | 08738.8255 | 20:19:48 | 221.811446 | 359.072251 
 4152.1887 | 08738.8254 | 20:19:49 | 221.811528 | 359.072827 
 4152.1895 | 08738.8253 | 20:19:50 | 221.811606 | 359.073748 
 4152.1897 | 08738.8251 | 20:19:51 | 221.811776 | 359.073980 
 4152.1903 | 08738.8248 | 20:19:52 | 221.812029 | 359.074672 
 4152.1906 | 08738.8248 | 20:19:53 | 221.812026 | 359.075017 
 4152.1894 | 08738.8248 | 20:19:54 | 221.812037 | 359.073636 
 4152.1891 | 08738.8248 | 20:19:55 | 221.812040 | 359.073291 
 4152.1877 | 08738.8239 | 20:19:56 | 221.812827 | 359.071687 
 4152.1877 | 08738.8237 | 20:19:57 | 221.812999 | 359.071689 
 4152.1883 | 08738.8233 | 20:19:58 | 221.813337 | 359.072382 
 4152.1903 | 08738.8234 | 20:19:59 | 221.813233 | 359.074681 
 4152.1917 | 08738.8231 | 20:20:00 | 221.813478 | 359.076294 
 4152.1935 | 08738.8227 | 20:20:01 | 221.813805 | 359.078367 
 4152.2098 | 08738.8398 | 20:20:02 | 221.798953 | 359.096999 
 4152.2075 | 08738.8443 | 20:20:03 | 221.795106 | 359.094322 
 4152.2097 | 08738.8476 | 20:20:04 | 221.792248 | 359.096830 
 4152.2125 | 08738.8507 | 20:20:05 | 221.789557 | 359.100029 
 4152.2161 | 08738.8535 | 20:20:06 | 221.787117 | 359.104151 
 4152.2195 | 08738.8559 | 20:20:07 | 221.785022 | 359.108045 
 4152.2234 | 08738.8588 | 20:20:08 | 221.782493 | 359.112511 
 4152.2274 | 08738.8616 | 20:20:09 | 221.780049 | 359.117093 
 4152.2314 | 08738.8646 | 20:20:10 | 221.777433 | 359.121674 
 4152.2353 | 08738.8667 | 20:20:11 | 221.775592 | 359.126145 
 4152.2428 | 08738.8718 | 20:20:13 | 221.771138 | 359.134737 
 4152.2475 | 08738.8735 | 20:20:14 | 221.769634 | 359.140132 
 4152.2520 | 08738.8755 | 20:20:15 | 221.767873 | 359.145294 
 4152.2584 | 08738.8746 | 20:20:16 | 221.768588 | 359.152662 
 4152.2653 | 08738.8729 | 20:20:17 | 221.769986 | 359.160610 
 4152.2717 | 08738.8720 | 20:20:18 | 221.770701 | 359.167978 
 4152.2766 | 08738.8732 | 20:20:19 | 221.769624 | 359.173606 
 4152.2821 | 08738.8738 | 20:20:20 | 221.769058 | 359.179928 
 4152.2874 | 08738.8738 | 20:20:21 | 221.769009 | 359.186025 
 4152.2923 | 08738.8735 | 20:20:22 | 221.769222 | 359.191663 
 4152.2990 | 08738.8712 | 20:20:23 | 221.771138 | 359.199385 
 4152.3123 | 08738.8627 | 20:20:24 | 221.778323 | 359.214742 
 4152.3168 | 08738.8626 | 20:20:25 | 221.778368 | 359.219919 
 4152.3226 | 08738.8588 | 20:20:26 | 221.781582 | 359.226617 
 4152.3309 | 08738.8530 | 20:20:27 | 221.786492 | 359.236203 
 4152.3381 | 08738.8487 | 20:20:28 | 221.790122 | 359.244515 
 4152.3446 | 08738.8451 | 20:20:29 | 221.793158 | 359.252016 
 4152.3505 | 08738.8417 | 20:20:30 | 221.796026 | 359.258826 
 4152.3560 | 08738.8390 | 20:20:31 | 221.798297 | 359.265171 
 4152.3612 | 08738.8363 | 20:20:32 | 221.800571 | 359.271171 
 4152.3659 | 08738.8340 | 20:20:33 | 221.802505 | 359.276593 
 4152.3701 | 08738.8315 | 20:20:34 | 221.804615 | 359.281441 
 4152.3735 | 08738.8288 | 20:20:35 | 221.806905 | 359.285371 
 4152.3769 | 08738.8259 | 20:20:36 | 221.809367 | 359.289301 
 4152.3796 | 08738.8230 | 20:20:37 | 221.811836 | 359.292427 
 4152.3823 | 08738.8209 | 20:20:38 | 221.813616 | 359.295547 
 4152.3854 | 08738.8168 | 20:20:40 | 221.817112 | 359.299141 
 4152.3874 | 08738.8147 | 20:20:41 | 221.818899 | 359.301456 
 4152.3887 | 08738.8142 | 20:20:42 | 221.819317 | 359.302955 
 4152.3888 | 08738.8133 | 20:20:43 | 221.820090 | 359.303076 
 4152.3893 | 08738.8131 | 20:20:44 | 221.820257 | 359.303652 
 4152.3852 | 08738.8160 | 20:20:45 | 221.817802 | 359.298916 
 4152.3850 | 08738.8151 | 20:20:46 | 221.818578 | 359.298693 
 4152.3848 | 08738.8144 | 20:20:47 | 221.819181 | 359.298467 
 4152.3799 | 08738.8135 | 20:20:48 | 221.820000 | 359.292837 
 4152.3882 | 08738.8205 | 20:20:49 | 221.813906 | 359.302336 
 4152.3949 | 08738.8211 | 20:20:50 | 221.813328 | 359.310039 
 4152.4004 | 08738.8218 | 20:20:51 | 221.812676 | 359.316360 
 4152.4064 | 08738.8226 | 20:20:52 | 221.811933 | 359.323256 
 4152.4242 | 08738.8254 | 20:20:55 | 221.809362 | 359.343712 
 4152.4300 | 08738.8264 | 20:20:56 | 221.808449 | 359.350376 
 4152.4357 | 08738.8278 | 20:20:57 | 221.807193 | 359.356923 
 4152.4415 | 08738.8288 | 20:20:58 | 221.806280 | 359.363588 
 4152.4472 | 08738.8298 | 20:20:59 | 221.805368 | 359.370137 
 4152.4516 | 08738.8323 | 20:21:00 | 221.803178 | 359.375181 
 4152.4564 | 08738.8334 | 20:21:01 | 221.802188 | 359.380695 
 4152.4614 | 08738.8345 | 20:21:02 | 221.801197 | 359.386439 
 4152.4660 | 08738.8354 | 20:21:03 | 221.800381 | 359.391724 
 4152.4700 | 08738.8360 | 20:21:04 | 221.799828 | 359.396320 
 4152.4740 | 08738.8364 | 20:21:05 | 221.799448 | 359.400919 
 4152.4788 | 08738.8367 | 20:21:06 | 221.799145 | 359.406438 
 4152.4838 | 08738.8363 | 20:21:07 | 221.799443 | 359.412192 
 4152.4886 | 08738.8365 | 20:21:08 | 221.799227 | 359.417712 
 4152.4929 | 08738.8362 | 20:21:09 | 221.799446 | 359.422660 
 4152.4976 | 08738.8365 | 20:21:10 | 221.799145 | 359.428064 
 4152.5003 | 08738.8357 | 20:21:11 | 221.799807 | 359.431175 
 4152.5026 | 08738.8333 | 20:21:12 | 221.801850 | 359.433837 
 4152.5066 | 08738.8332 | 20:21:13 | 221.801899 | 359.438439 
 4152.5076 | 08738.8335 | 20:21:14 | 221.801632 | 359.439587 
 4152.5084 | 08738.8325 | 20:21:15 | 221.802484 | 359.440514 
 4152.5232 | 08738.8364 | 20:21:19 | 221.798995 | 359.457511 
 4152.5232 | 08738.8367 | 20:21:20 | 221.798737 | 359.457509 
 4152.5270 | 08738.8363 | 20:21:22 | 221.799046 | 359.461883 
 4152.5321 | 08738.8394 | 20:21:24 | 221.796334 | 359.467728 
 4152.5327 | 08738.8422 | 20:21:25 | 221.793922 | 359.468399 
 4152.5428 | 08738.8398 | 20:21:31 | 221.795892 | 359.480033 
 4152.5369 | 08738.8378 | 20:21:32 | 221.797666 | 359.473260 
 4152.5458 | 08738.8410 | 20:21:41 | 221.794833 | 359.483475 
 4152.5405 | 08738.8387 | 20:21:42 | 221.796859 | 359.477395 
 4152.5365 | 08738.8393 | 20:21:45 | 221.796380 | 359.472790 
 4152.5239 | 08738.8533 | 20:21:46 | 221.784460 | 359.458200 
 4152.5169 | 08738.8606 | 20:21:47 | 221.778249 | 359.450098 
 4152.5109 | 08738.8739 | 20:21:49 | 221.766870 | 359.443106 
 4152.5103 | 08738.8810 | 20:21:50 | 221.760772 | 359.442367 
 4152.5053 | 08738.8895 | 20:21:51 | 221.753511 | 359.436557 
 4152.5009 | 08738.8988 | 20:21:52 | 221.745556 | 359.431432 
 4152.4897 | 08738.9135 | 20:21:53 | 221.733021 | 359.418448 
 4152.4691 | 08738.9380 | 20:21:54 | 221.712148 | 359.394585 
 4152.4689 | 08738.9482 | 20:21:55 | 221.703381 | 359.394285 
 4152.4702 | 08738.9579 | 20:21:56 | 221.695030 | 359.395714 
 4152.4627 | 08738.9777 | 20:21:58 | 221.678077 | 359.386952 
 4152.4666 | 08738.9859 | 20:21:59 | 221.670992 | 359.391381 
 4152.4685 | 08738.9936 | 20:22:00 | 221.664355 | 359.393514 
 4152.4693 | 08739.0016 | 20:22:01 | 221.657470 | 359.394380 
 4152.4601 | 08739.0267 | 20:22:03 | 221.635976 | 359.383626 
 4152.4613 | 08739.0377 | 20:22:04 | 221.626508 | 359.384931 
 4152.4534 | 08739.0653 | 20:22:05 | 221.602853 | 359.375655 
 4152.4539 | 08739.0743 | 20:22:06 | 221.595111 | 359.376169 
 4152.4535 | 08739.0828 | 20:22:07 | 221.587808 | 359.375650 
 4152.4521 | 08739.0900 | 20:22:08 | 221.581631 | 359.373991 
 4152.4495 | 08739.0974 | 20:22:09 | 221.575293 | 359.370950 
 4152.4436 | 08739.1114 | 20:22:11 | 221.563311 | 359.364068 
 4152.4424 | 08739.1167 | 20:22:12 | 221.558765 | 359.362651 
 4152.4429 | 08739.1376 | 20:22:16 | 221.540793 | 359.363084 
 4152.4456 | 08739.1434 | 20:22:18 | 221.535782 | 359.366150 
 4152.4475 | 08739.1418 | 20:22:20 | 221.537141 | 359.368346 
 4152.4557 | 08739.1357 | 20:22:23 | 221.542310 | 359.377820 
 4152.4539 | 08739.1349 | 20:22:24 | 221.543014 | 359.375755 
 4152.4543 | 08739.1280 | 20:22:25 | 221.548942 | 359.376262 
 4152.4516 | 08739.1221 | 20:22:26 | 221.554039 | 359.373197 
 4152.4526 | 08739.1211 | 20:22:27 | 221.554890 | 359.374354 
 4152.4498 | 08739.1133 | 20:22:28 | 221.561621 | 359.371186 
 4152.4478 | 08739.1084 | 20:22:29 | 221.565852 | 359.368919 
 4152.4403 | 08739.1018 | 20:22:30 | 221.571594 | 359.360337 
 4152.4415 | 08739.1015 | 20:22:31 | 221.571841 | 359.361720 
 4152.4450 | 08739.0979 | 20:22:32 | 221.574904 | 359.365770 
 4152.4466 | 08739.0970 | 20:22:33 | 221.575663 | 359.367617 
 4152.4483 | 08739.0949 | 20:22:34 | 221.577453 | 359.369587 
 4152.4494 | 08739.0941 | 20:22:35 | 221.578131 | 359.370857 
 4152.4507 | 08739.0933 | 20:22:36 | 221.578807 | 359.372358 
 4152.4507 | 08739.0933 | 20:22:37 | 221.578807 | 359.372358 
 4152.4507 | 08739.0933 | 20:22:38 | 221.578807 | 359.372358 
 4152.4507 | 08739.0933 | 20:22:39 | 221.578807 | 359.372358 
 4152.4507 | 08739.0933 | 20:22:40 | 221.578807 | 359.372358 
 4152.4507 | 08739.0933 | 20:22:41 | 221.578807 | 359.372358 
 4152.4507 | 08739.0933 | 20:22:42 | 221.578807 | 359.372358 
 4152.4507 | 08739.0933 | 20:22:43 | 221.578807 | 359.372358 
 4152.4507 | 08739.0933 | 20:22:44 | 221.578807 | 359.372358 
 4152.4507 | 08739.0933 | 20:22:47 | 221.578807 | 359.372358 
 4152.4507 | 08739.0933 | 20:22:48 | 221.578807 | 359.372358 
 4152.4507 | 08739.0933 | 20:22:49 | 221.578807 | 359.372358 
 4152.4507 | 08739.0933 | 20:22:50 | 221.578807 | 359.372358 
 4152.4507 | 08739.0933 | 20:22:51 | 221.578807 | 359.372358 
 4152.4507 | 08739.0933 | 20:22:52 | 221.578807 | 359.372358 
 4152.4507 | 08739.0933 | 20:22:53 | 221.578807 | 359.372358 
 4152.4612 | 08739.0877 | 20:22:54 | 221.583525 | 359.384474 
 4152.4614 | 08739.0881 | 20:22:55 | 221.583179 | 359.384701 
 4152.4609 | 08739.0890 | 20:22:56 | 221.582410 | 359.384120 
 4152.4609 | 08739.0895 | 20:22:57 | 221.581980 | 359.384117 
 4152.4612 | 08739.0897 | 20:22:58 | 221.581805 | 359.384460 
 4152.4614 | 08739.0900 | 20:22:59 | 221.581546 | 359.384688 
 4152.4614 | 08739.0900 | 20:23:00 | 221.581546 | 359.384688 
 4152.4614 | 08739.0900 | 20:23:01 | 221.581546 | 359.384688 
 4152.4580 | 08739.0921 | 20:23:02 | 221.579771 | 359.380763 
 4152.4573 | 08739.0937 | 20:23:03 | 221.578402 | 359.379947 
 4152.4559 | 08739.0947 | 20:23:04 | 221.577555 | 359.378330 
 4152.4550 | 08739.0964 | 20:23:05 | 221.576102 | 359.377283 
 4152.4540 | 08739.0978 | 20:23:06 | 221.574908 | 359.376123 
 4152.4531 | 08739.0998 | 20:23:07 | 221.573197 | 359.375074 
 4152.4522 | 08739.1016 | 20:23:08 | 221.571657 | 359.374027 
 4152.4519 | 08739.1044 | 20:23:09 | 221.569253 | 359.373663 
 4152.4515 | 08739.1073 | 20:23:10 | 221.566764 | 359.373183 
 4152.4509 | 08739.1102 | 20:23:11 | 221.564276 | 359.372473 
 4152.4515 | 08739.1153 | 20:23:12 | 221.559886 | 359.373128 
 4152.4511 | 08739.1180 | 20:23:13 | 221.557568 | 359.372650 
 4152.4516 | 08739.1222 | 20:23:14 | 221.553953 | 359.373196 
 4152.4512 | 08739.1262 | 20:23:15 | 221.550518 | 359.372709 
 4152.4508 | 08739.1304 | 20:23:16 | 221.546911 | 359.372220 
 4152.4516 | 08739.1343 | 20:23:17 | 221.543551 | 359.373113 
 4152.4514 | 08739.1402 | 20:23:18 | 221.538481 | 359.372843 
 4152.4533 | 08739.1489 | 20:23:19 | 221.530984 | 359.374969 
 4152.4552 | 08739.1560 | 20:23:20 | 221.524863 | 359.377106 
 4152.4558 | 08739.1653 | 20:23:21 | 221.516862 | 359.377733 
 4152.4560 | 08739.1730 | 20:23:22 | 221.510241 | 359.377911 
 4152.4567 | 08739.1817 | 20:23:23 | 221.502755 | 359.378657 
 4152.4571 | 08739.1954 | 20:23:24 | 221.490974 | 359.379023 
 4152.4579 | 08739.2115 | 20:23:25 | 221.477125 | 359.379834 
 4152.4591 | 08739.2258 | 20:23:26 | 221.464821 | 359.381117 
 4152.4600 | 08739.2368 | 20:23:27 | 221.455356 | 359.382077 
 4152.4596 | 08739.2499 | 20:23:28 | 221.444098 | 359.381528 
 4152.4603 | 08739.2736 | 20:23:30 | 221.423717 | 359.382172 
 4152.4602 | 08739.3017 | 20:23:32 | 221.399560 | 359.381866 
 4152.4598 | 08739.3164 | 20:23:33 | 221.386926 | 359.381306 
 4152.4600 | 08739.3288 | 20:23:34 | 221.376264 | 359.381452 
 4152.4593 | 08739.3398 | 20:23:35 | 221.366814 | 359.380572 
 4152.4588 | 08739.3489 | 20:23:36 | 221.358995 | 359.379935 
 4152.4577 | 08739.3683 | 20:23:38 | 221.342327 | 359.378538 
 4152.4568 | 08739.3774 | 20:23:39 | 221.334512 | 359.377441 
 4152.4554 | 08739.3840 | 20:23:40 | 221.328851 | 359.375786 
 4152.4544 | 08739.3871 | 20:23:41 | 221.326195 | 359.374615 
 4152.4543 | 08739.3903 | 20:23:42 | 221.323445 | 359.374478 
 4152.4542 | 08739.3936 | 20:23:43 | 221.320609 | 359.374341 
 4152.4541 | 08739.3968 | 20:23:44 | 221.317859 | 359.374204 
 4152.4539 | 08739.4000 | 20:23:45 | 221.315110 | 359.373952 
 4152.4537 | 08739.4033 | 20:23:46 | 221.312274 | 359.373700 
 4152.4536 | 08739.4065 | 20:23:47 | 221.309524 | 359.373563 
 4152.4535 | 08739.4095 | 20:23:48 | 221.306946 | 359.373428 
 4152.4530 | 08739.4127 | 20:23:49 | 221.304200 | 359.372831 
 4152.4528 | 08739.4157 | 20:23:50 | 221.301622 | 359.372581 
 4152.4525 | 08739.4185 | 20:23:51 | 221.299218 | 359.372217 
 4152.4523 | 08739.4213 | 20:23:52 | 221.296813 | 359.371968 
 4152.4522 | 08739.4239 | 20:23:53 | 221.294578 | 359.371835 
 4152.4530 | 08739.4264 | 20:23:55 | 221.292422 | 359.372738 
 4152.4592 | 08739.4227 | 20:23:58 | 221.295547 | 359.379895 
 4152.4582 | 08739.4218 | 20:23:59 | 221.296329 | 359.378751 
 4152.4577 | 08739.4221 | 20:24:00 | 221.296076 | 359.378174 
 4152.4567 | 08739.4226 | 20:24:02 | 221.295655 | 359.377020 
 4152.4562 | 08739.4233 | 20:24:03 | 221.295058 | 359.376440 
 4152.4552 | 08739.4251 | 20:24:04 | 221.293520 | 359.375278 
 4152.4538 | 08739.4257 | 20:24:05 | 221.293016 | 359.373663 
 4152.4517 | 08739.4248 | 20:24:06 | 221.293809 | 359.371254 
 4152.4481 | 08739.4220 | 20:24:07 | 221.296249 | 359.367132 
 4152.4252 | 08739.3929 | 20:24:08 | 221.321474 | 359.340988 
 4152.4113 | 08739.3834 | 20:24:09 | 221.329767 | 359.325064 
 4152.4074 | 08739.3833 | 20:24:10 | 221.329888 | 359.320579 
 4152.4031 | 08739.3859 | 20:24:11 | 221.327692 | 359.315615 
 4152.3989 | 08739.3861 | 20:24:12 | 221.327558 | 359.310783 
 4152.3806 | 08739.3819 | 20:24:13 | 221.331335 | 359.289762 
 4152.3739 | 08739.3850 | 20:24:14 | 221.328731 | 359.282034 
 4152.3634 | 08739.4077 | 20:24:15 | 221.309310 | 359.269802 
 4152.3469 | 08739.4078 | 20:24:18 | 221.309374 | 359.250822 
 4152.3414 | 08739.4080 | 20:24:19 | 221.309252 | 359.244495 
 4152.3393 | 08739.4173 | 20:24:23 | 221.301276 | 359.242016 
 4152.3384 | 08739.4177 | 20:24:24 | 221.300940 | 359.240978 
 4152.3369 | 08739.4181 | 20:24:25 | 221.300610 | 359.239250 
 4152.3376 | 08739.4087 | 20:24:26 | 221.308685 | 359.240119 
 4152.3362 | 08739.4089 | 20:24:27 | 221.308525 | 359.238507 
 4152.3346 | 08739.4098 | 20:24:28 | 221.307766 | 359.236661 
 4152.3312 | 08739.4116 | 20:24:30 | 221.306249 | 359.232738 
 4152.3276 | 08739.4166 | 20:24:31 | 221.301983 | 359.228563 
 4152.3237 | 08739.4175 | 20:24:32 | 221.301245 | 359.224071 
 4152.3212 | 08739.4190 | 20:24:33 | 221.299978 | 359.221185 
 4152.3186 | 08739.4204 | 20:24:34 | 221.298798 | 359.218185 
 4152.3156 | 08739.4219 | 20:24:35 | 221.297536 | 359.214724 
 4152.3124 | 08739.4231 | 20:24:36 | 221.296533 | 359.211035 
 4152.3097 | 08739.4246 | 20:24:37 | 221.295268 | 359.207919 
 4152.3036 | 08739.4246 | 20:24:38 | 221.295323 | 359.200903 
 4152.2541 | 08739.4068 | 20:24:39 | 221.311075 | 359.144086 
 4152.2466 | 08739.4088 | 20:24:40 | 221.309424 | 359.135445 
 4152.2393 | 08739.4084 | 20:24:41 | 221.309834 | 359.127051 
 4152.2245 | 08739.4087 | 20:24:43 | 221.309710 | 359.110025 
 4152.2170 | 08739.4085 | 20:24:44 | 221.309950 | 359.101400 
 4152.2022 | 08739.4083 | 20:24:46 | 221.310256 | 359.084378 
 4152.1948 | 08739.4081 | 20:24:47 | 221.310495 | 359.075867 
 4152.1595 | 08739.4030 | 20:24:52 | 221.315200 | 359.035298 
 4152.1527 | 08739.4009 | 20:24:53 | 221.317067 | 359.027490 
 4152.1482 | 08739.4003 | 20:24:54 | 221.317624 | 359.022318 
 4152.1454 | 08739.4008 | 20:24:55 | 221.317219 | 359.019094 
 4152.1262 | 08739.3990 | 20:24:58 | 221.318941 | 358.997021 
 4152.1268 | 08739.4033 | 20:24:59 | 221.315238 | 358.997682 
 4152.1237 | 08739.4057 | 20:25:00 | 221.313203 | 358.994100 
 4152.1314 | 08739.4087 | 20:25:01 | 221.310554 | 359.002937 
 4152.1476 | 08739.4100 | 20:25:02 | 221.309289 | 359.021562 
 4152.1451 | 08739.4135 | 20:25:03 | 221.306303 | 359.018663 
 4152.1421 | 08739.4203 | 20:25:05 | 221.300484 | 359.015166 
 4152.1432 | 08739.4295 | 20:25:06 | 221.292564 | 359.016369 
 4152.1437 | 08739.4380 | 20:25:07 | 221.285251 | 359.016887 
 4152.1443 | 08739.4469 | 20:25:08 | 221.277594 | 359.017517 
 4152.1442 | 08739.4542 | 20:25:09 | 221.271319 | 359.017352 
 4152.1444 | 08739.4628 | 20:25:10 | 221.263923 | 359.017524 
 4152.1448 | 08739.4742 | 20:25:11 | 221.254118 | 359.017907 
 4152.1452 | 08739.4851 | 20:25:12 | 221.244743 | 359.018293 
 4152.1462 | 08739.4937 | 20:25:13 | 221.237340 | 359.019385 
 4152.1453 | 08739.4984 | 20:25:14 | 221.233307 | 359.018318 
 4152.1450 | 08739.5222 | 20:25:17 | 221.212848 | 359.017812 
 4152.1454 | 08739.5341 | 20:25:18 | 221.202613 | 359.018192 
 4152.1460 | 08739.5456 | 20:25:19 | 221.192720 | 359.018805 
 4152.1478 | 08739.5542 | 20:25:20 | 221.185310 | 359.020817 
 4152.1488 | 08739.5620 | 20:25:21 | 221.178595 | 359.021915 
 4152.1499 | 08739.5683 | 20:25:22 | 221.173168 | 359.023137 
 4152.1509 | 08739.5747 | 20:25:23 | 221.167657 | 359.024244 
 4152.1505 | 08739.5800 | 20:25:24 | 221.163104 | 359.023749 
 4152.1506 | 08739.5848 | 20:25:25 | 221.158976 | 359.023831 
 4152.1517 | 08739.5915 | 20:25:26 | 221.153206 | 359.025051 
 4152.1524 | 08739.6040 | 20:25:28 | 221.142452 | 359.025772 
 4152.1566 | 08739.6052 | 20:25:29 | 221.141383 | 359.030595 
 4152.1571 | 08739.6124 | 20:25:30 | 221.135188 | 359.031122 
 4152.1576 | 08739.6255 | 20:25:32 | 221.123921 | 359.031608 
 4152.1584 | 08739.6333 | 20:25:33 | 221.117207 | 359.032476 
 4152.1588 | 08739.6402 | 20:25:34 | 221.111271 | 359.032890 
 4152.1590 | 08739.6464 | 20:25:35 | 221.105939 | 359.033078 
 4152.1592 | 08739.6536 | 20:25:36 | 221.099747 | 359.033260 
 4152.1593 | 08739.6607 | 20:25:37 | 221.093642 | 359.033327 
 4152.1592 | 08739.6676 | 20:25:38 | 221.087711 | 359.033165 
 4152.1594 | 08739.6777 | 20:25:39 | 221.079025 | 359.033327 
 4152.1592 | 08739.6834 | 20:25:40 | 221.074126 | 359.033059 
 4152.1614 | 08739.6853 | 20:25:41 | 221.072473 | 359.035577 
 4152.1618 | 08739.6899 | 20:25:42 | 221.068514 | 359.036006 
 4152.1652 | 08739.6848 | 20:25:43 | 221.072869 | 359.039951 
 4152.1565 | 08739.6854 | 20:25:49 | 221.072431 | 359.029940 
 4152.1560 | 08739.6861 | 20:25:50 | 221.071834 | 359.029360 
 4152.1557 | 08739.6870 | 20:25:51 | 221.071063 | 359.029009 
 4152.1554 | 08739.6879 | 20:25:52 | 221.070292 | 359.028658 
 4152.1549 | 08739.6885 | 20:25:53 | 221.069780 | 359.028079 
 4152.1522 | 08739.6920 | 20:25:59 | 221.066795 | 359.024949 
 4152.1517 | 08739.6931 | 20:26:00 | 221.065854 | 359.024367 
 4152.1534 | 08739.7001 | 20:26:03 | 221.059821 | 359.026275 
 4152.1532 | 08739.7016 | 20:26:04 | 221.058533 | 359.026035 
 4152.1534 | 08739.7028 | 20:26:05 | 221.057499 | 359.026257 
 4152.1532 | 08739.7047 | 20:26:06 | 221.055867 | 359.026014 
 4152.1532 | 08739.7063 | 20:26:07 | 221.054492 | 359.026003 
 4152.1530 | 08739.7084 | 20:26:08 | 221.052688 | 359.025759 
 4152.1529 | 08739.7105 | 20:26:09 | 221.050884 | 359.025630 
 4152.1525 | 08739.7136 | 20:26:10 | 221.048222 | 359.025149 
 4152.1521 | 08739.7167 | 20:26:11 | 221.045560 | 359.024668 
 4152.1523 | 08739.7211 | 20:26:12 | 221.041776 | 359.024869 
 4152.1526 | 08739.7254 | 20:26:13 | 221.038076 | 359.025185 
 4152.1373 | 08739.7839 | 20:26:18 | 220.987917 | 359.007193 
 4152.1378 | 08739.7895 | 20:26:19 | 220.983098 | 359.007730 
 4152.1378 | 08739.7952 | 20:26:20 | 220.978198 | 359.007692 
 4152.1371 | 08739.8067 | 20:26:22 | 220.968317 | 359.006810 
 4152.1373 | 08739.8124 | 20:26:23 | 220.963414 | 359.007002 
 4152.1429 | 08739.8195 | 20:26:24 | 220.957260 | 359.013395 
 4152.1568 | 08739.8294 | 20:26:25 | 220.948623 | 359.029318 
 4152.1597 | 08739.8511 | 20:26:29 | 220.929940 | 359.032508 
 4152.1604 | 08739.8539 | 20:26:30 | 220.927527 | 359.033294 
 4152.1611 | 08739.8585 | 20:26:31 | 220.923566 | 359.034069 
 4152.1618 | 08739.8629 | 20:26:32 | 220.919776 | 359.034844 
 4152.1624 | 08739.8670 | 20:26:33 | 220.916246 | 359.035507 
 4152.1629 | 08739.8788 | 20:26:36 | 220.906096 | 359.036003 
 4152.1642 | 08739.8797 | 20:26:37 | 220.905311 | 359.037492 
 4152.1651 | 08739.8830 | 20:26:40 | 220.902466 | 359.038505 
 4152.1635 | 08739.8853 | 20:26:42 | 220.900503 | 359.036650 
 4152.1629 | 08739.8847 | 20:26:43 | 220.901024 | 359.035964 
 4152.1637 | 08739.8853 | 20:26:44 | 220.900501 | 359.036880 
 4152.1625 | 08739.8854 | 20:26:45 | 220.900426 | 359.035499 
 4152.1634 | 08739.8849 | 20:26:46 | 220.900847 | 359.036537 
 4152.1670 | 08739.8772 | 20:26:47 | 220.907435 | 359.040730 
 4152.1659 | 08739.8799 | 20:26:48 | 220.905124 | 359.039446 
 4152.1637 | 08739.8824 | 20:26:49 | 220.902994 | 359.036899 
 4152.1544 | 08739.8842 | 20:26:50 | 220.901530 | 359.026190 
 4152.1544 | 08739.8873 | 20:26:51 | 220.898865 | 359.026169 
 4152.1548 | 08739.8910 | 20:26:52 | 220.895680 | 359.026604 
 4152.1614 | 08739.9080 | 20:26:53 | 220.881005 | 359.034082 
 4152.1616 | 08739.9115 | 20:26:54 | 220.877994 | 359.034289 
 4152.1612 | 08739.9149 | 20:26:55 | 220.875074 | 359.033806 
 4152.1608 | 08739.9185 | 20:26:56 | 220.871983 | 359.033322 
 4152.1600 | 08739.9221 | 20:26:57 | 220.868895 | 359.032377 
 4152.1597 | 08739.9259 | 20:26:58 | 220.865630 | 359.032007 
 4152.1592 | 08739.9299 | 20:26:59 | 220.862196 | 359.031405 
 4152.1586 | 08739.9341 | 20:27:00 | 220.858590 | 359.030687 
 4152.1583 | 08739.9381 | 20:27:01 | 220.855154 | 359.030315 
 4152.1579 | 08739.9421 | 20:27:02 | 220.851719 | 359.029828 
 4152.1579 | 08739.9464 | 20:27:03 | 220.848022 | 359.029799 
 4152.1559 | 08739.9521 | 20:27:04 | 220.843139 | 359.027461 
 4152.1548 | 08739.9566 | 20:27:05 | 220.839280 | 359.026165 
 4152.1537 | 08739.9615 | 20:27:06 | 220.835077 | 359.024867 
 4152.1529 | 08739.9660 | 20:27:07 | 220.831215 | 359.023917 
 4152.1547 | 08739.9667 | 20:27:08 | 220.830597 | 359.025983 
 4152.1557 | 08739.9702 | 20:27:09 | 220.827579 | 359.027110 
 4152.1560 | 08739.9721 | 20:27:10 | 220.825943 | 359.027442 
 4152.1559 | 08739.9726 | 20:27:11 | 220.825514 | 359.027324 
 4152.1556 | 08739.9728 | 20:27:12 | 220.825344 | 359.026977 
 4152.1548 | 08739.9731 | 20:27:13 | 220.825094 | 359.026055 
 4152.1541 | 08739.9737 | 20:27:14 | 220.824584 | 359.025246 
 4152.1536 | 08739.9744 | 20:27:15 | 220.823987 | 359.024666 
 4152.1532 | 08739.9749 | 20:27:16 | 220.823560 | 359.024203 
 4152.1530 | 08739.9751 | 20:27:17 | 220.823390 | 359.023971 
 4152.1525 | 08739.9759 | 20:27:18 | 220.822707 | 359.023391 
 4152.1527 | 08739.9764 | 20:27:19 | 220.822275 | 359.023618 
 4152.1526 | 08739.9767 | 20:27:20 | 220.822018 | 359.023501 
 4152.1524 | 08739.9772 | 20:27:21 | 220.821590 | 359.023267 
 4152.1520 | 08739.9780 | 20:27:22 | 220.820906 | 359.022802 
 4152.1517 | 08739.9786 | 20:27:23 | 220.820393 | 359.022453 
 4152.1511 | 08739.9800 | 20:27:24 | 220.819194 | 359.021753 
 4152.1528 | 08739.9812 | 20:27:25 | 220.818148 | 359.023701 
 4152.1531 | 08739.9817 | 20:27:26 | 220.817715 | 359.024042 
 4152.1516 | 08739.9816 | 20:27:27 | 220.817814 | 359.022318 
 4152.1507 | 08739.9820 | 20:27:28 | 220.817479 | 359.021280 
 4152.1504 | 08739.9820 | 20:27:29 | 220.817481 | 359.020935 
 4152.1503 | 08739.9823 | 20:27:30 | 220.817224 | 359.020818 
 4152.1500 | 08739.9829 | 20:27:31 | 220.816711 | 359.020468 
 4152.1501 | 08739.9830 | 20:27:32 | 220.816624 | 359.020583 
 4152.1498 | 08739.9834 | 20:27:33 | 220.816283 | 359.020235 
 4152.1498 | 08739.9835 | 20:27:34 | 220.816197 | 359.020234 
 4152.1500 | 08739.9829 | 20:27:35 | 220.816711 | 359.020468 
 4152.1499 | 08739.9829 | 20:27:36 | 220.816712 | 359.020353 
 4152.1496 | 08739.9834 | 20:27:37 | 220.816285 | 359.020005 
 4152.1492 | 08739.9840 | 20:27:38 | 220.815772 | 359.019541 
 4152.1492 | 08739.9844 | 20:27:39 | 220.815428 | 359.019538 
 4152.1492 | 08739.9845 | 20:27:40 | 220.815343 | 359.019538 
 4152.1490 | 08739.9847 | 20:27:41 | 220.815172 | 359.019306 
 4152.1497 | 08739.9838 | 20:27:42 | 220.815940 | 359.020117 
 4152.1499 | 08739.9827 | 20:27:43 | 220.816884 | 359.020355 
 4152.1504 | 08739.9816 | 20:27:44 | 220.817825 | 359.020937 
 4152.1507 | 08739.9814 | 20:27:45 | 220.817994 | 359.021284 
 4152.1513 | 08739.9805 | 20:27:46 | 220.818763 | 359.021980 
 4152.1513 | 08739.9805 | 20:27:47 | 220.818763 | 359.021980 
 4152.1513 | 08739.9805 | 20:27:48 | 220.818763 | 359.021980 
 4152.1513 | 08739.9805 | 20:27:49 | 220.818763 | 359.021980 
 4152.1513 | 08739.9805 | 20:27:50 | 220.818763 | 359.021980 
 4152.1513 | 08739.9805 | 20:27:51 | 220.818763 | 359.021980 
 4152.1562 | 08739.9771 | 20:27:52 | 220.821642 | 359.027639 
 4152.1567 | 08739.9770 | 20:27:53 | 220.821724 | 359.028215 
 4152.1574 | 08739.9770 | 20:27:54 | 220.821717 | 359.029020 
 4152.1563 | 08739.9775 | 20:27:55 | 220.821297 | 359.027751 
 4152.1534 | 08739.9825 | 20:27:56 | 220.817024 | 359.024382 
 4152.1536 | 08739.9834 | 20:27:57 | 220.816249 | 359.024606 
 4152.1541 | 08739.9848 | 20:27:58 | 220.815041 | 359.025172 
 4152.1528 | 08739.9856 | 20:27:59 | 220.814365 | 359.023671 
 4152.1519 | 08739.9878 | 20:28:00 | 220.812481 | 359.022621 
 4152.1512 | 08739.9913 | 20:28:01 | 220.809478 | 359.021793 
 4152.1506 | 08740.0241 | 20:28:02 | 220.781284 | 359.020884 
 4152.1495 | 08740.0289 | 20:28:03 | 220.777166 | 359.019586 
 4152.1486 | 08740.0342 | 20:28:04 | 220.772618 | 359.018516 
 4152.1479 | 08740.0399 | 20:28:05 | 220.767723 | 359.017672 
 4152.1472 | 08740.0457 | 20:28:06 | 220.762743 | 359.016829 
 4152.1464 | 08740.0514 | 20:28:07 | 220.757850 | 359.015870 
 4152.1462 | 08740.0566 | 20:28:08 | 220.753381 | 359.015606 
 4152.1452 | 08740.0624 | 20:28:09 | 220.748403 | 359.014417 
 4152.1442 | 08740.0692 | 20:28:10 | 220.742565 | 359.013221 
 4152.1432 | 08740.0756 | 20:28:11 | 220.737072 | 359.012028 
 4152.1421 | 08740.0828 | 20:28:12 | 220.730891 | 359.010715 
 4152.1411 | 08740.0899 | 20:28:13 | 220.724796 | 359.009517 
 4152.1405 | 08740.0974 | 20:28:14 | 220.718353 | 359.008777 
 4152.1405 | 08740.1165 | 20:28:16 | 220.701932 | 359.008650 
 4152.1406 | 08740.1287 | 20:28:18 | 220.691442 | 359.008684 
 4152.1408 | 08740.1338 | 20:28:19 | 220.687055 | 359.008880 
 4152.1412 | 08740.1390 | 20:28:20 | 220.682581 | 359.009306 
 4152.1418 | 08740.1435 | 20:28:21 | 220.678706 | 359.009966 
 4152.1420 | 08740.1446 | 20:28:22 | 220.677759 | 359.010189 
 4152.1419 | 08740.1443 | 20:28:23 | 220.678018 | 359.010075 
 4152.1379 | 08740.1505 | 20:28:26 | 220.672723 | 359.005433 
 4152.1349 | 08740.1536 | 20:28:30 | 220.670084 | 359.001962 
 4152.1357 | 08740.1530 | 20:28:31 | 220.670593 | 359.002886 
 4152.1359 | 08740.1532 | 20:28:32 | 220.670419 | 359.003115 
 4152.1347 | 08740.1559 | 20:28:34 | 220.668109 | 359.001717 
 4152.1335 | 08740.1594 | 20:28:37 | 220.665110 | 359.000313 
 4152.1343 | 08740.1589 | 20:28:38 | 220.665533 | 359.001236 
 4152.1347 | 08740.1590 | 20:28:39 | 220.665443 | 359.001696 
 4152.1348 | 08740.1602 | 20:28:41 | 220.664411 | 359.001803 
 4152.1384 | 08740.1621 | 20:28:42 | 220.662745 | 359.005931 
 4152.1412 | 08740.1644 | 20:28:45 | 220.660743 | 359.009137 
 4152.1432 | 08740.1696 | 20:28:48 | 220.656254 | 359.011403 
 4152.1410 | 08740.1764 | 20:28:49 | 220.650427 | 359.008827 
 4152.1417 | 08740.1786 | 20:28:50 | 220.648530 | 359.009617 
 4152.1423 | 08740.1812 | 20:28:51 | 220.646289 | 359.010290 
 4152.1429 | 08740.1844 | 20:28:52 | 220.643532 | 359.010959 
 4152.1434 | 08740.1894 | 20:28:53 | 220.639229 | 359.011501 
 4152.1435 | 08740.1950 | 20:28:54 | 220.634414 | 359.011579 
 4152.1417 | 08740.2039 | 20:28:56 | 220.626778 | 359.009449 
 4152.1440 | 08740.2121 | 20:28:57 | 220.619707 | 359.012040 
 4152.1598 | 08740.2748 | 20:29:07 | 220.565660 | 359.029798 
 4152.1602 | 08740.2742 | 20:29:08 | 220.566172 | 359.030262 
 4152.1602 | 08740.2742 | 20:29:09 | 220.566172 | 359.030262 
 4152.1602 | 08740.2742 | 20:29:10 | 220.566172 | 359.030262 
 4152.1602 | 08740.2742 | 20:29:14 | 220.566172 | 359.030262 
 4152.1602 | 08740.2742 | 20:29:16 | 220.566172 | 359.030262 
 4152.1648 | 08740.2776 | 20:29:18 | 220.563208 | 359.035531 
 4152.1656 | 08740.2812 | 20:29:19 | 220.560106 | 359.036427 
 4152.1552 | 08740.2908 | 20:29:22 | 220.551945 | 359.024401 
 4152.1529 | 08740.2979 | 20:29:25 | 220.545861 | 359.021708 
 4152.1516 | 08740.3018 | 20:29:26 | 220.542519 | 359.020187 
 4152.1434 | 08740.3109 | 20:29:27 | 220.534768 | 359.010695 
 4152.1261 | 08740.3221 | 20:29:28 | 220.525292 | 358.990721 
 4152.1205 | 08740.3302 | 20:29:30 | 220.518378 | 358.984226 
 4152.1122 | 08740.3434 | 20:29:33 | 220.507102 | 358.974592 
 4152.1074 | 08740.3527 | 20:29:35 | 220.499149 | 358.969009 
 4152.1073 | 08740.3908 | 20:29:39 | 220.466393 | 358.968642 
 4152.1096 | 08740.4027 | 20:29:40 | 220.456141 | 358.971209 
 4152.1112 | 08740.4134 | 20:29:41 | 220.446927 | 358.972978 
 4152.1126 | 08740.4618 | 20:29:47 | 220.405302 | 358.974269 
 4152.1125 | 08740.4738 | 20:29:50 | 220.394986 | 358.974075 
 4152.1141 | 08740.4789 | 20:29:51 | 220.390587 | 358.975882 
 4152.1131 | 08740.4873 | 20:29:53 | 220.383374 | 358.974676 
 4152.1163 | 08740.4824 | 20:29:54 | 220.387558 | 358.978389 
 4152.1492 | 08740.4390 | 20:29:55 | 220.424581 | 359.016519 
 4152.1490 | 08740.4390 | 20:29:56 | 220.424583 | 359.016289 
 4152.1488 | 08740.4391 | 20:29:57 | 220.424499 | 359.016058 
 4152.1445 | 08740.4389 | 20:29:58 | 220.424709 | 359.011113 
 4152.1442 | 08740.4387 | 20:29:59 | 220.424884 | 359.010770 
 4152.1433 | 08740.4384 | 20:30:02 | 220.425149 | 359.009736 
 4152.1425 | 08740.4374 | 20:30:03 | 220.426016 | 359.008823 
 4152.1424 | 08740.4371 | 20:30:04 | 220.426275 | 359.008710 
 4152.1417 | 08740.4368 | 20:30:06 | 220.426539 | 359.007907 
 4152.1412 | 08740.4373 | 20:30:08 | 220.426114 | 359.007328 
 4152.1399 | 08740.4405 | 20:30:09 | 220.423374 | 359.005812 
 4152.1469 | 08740.4443 | 20:30:10 | 220.420045 | 359.013838 
 4152.1471 | 08740.4453 | 20:30:11 | 220.419184 | 359.014062 
 4152.1472 | 08740.4467 | 20:30:12 | 220.417979 | 359.014168 
 4152.1477 | 08740.4482 | 20:30:13 | 220.416685 | 359.014733 
 4152.1479 | 08740.4500 | 20:30:14 | 220.415136 | 359.014951 
 4152.1480 | 08740.4526 | 20:30:15 | 220.412899 | 359.015049 
 4152.1491 | 08740.4559 | 20:30:16 | 220.410052 | 359.016292 
 4152.1484 | 08740.4636 | 20:30:17 | 220.403438 | 359.015436 
 4152.1409 | 08740.5043 | 20:30:18 | 220.368512 | 359.006541 
 4152.1418 | 08740.5147 | 20:30:20 | 220.359563 | 359.007508 
 4152.1425 | 08740.5202 | 20:30:21 | 220.354828 | 359.008277 
 4152.1431 | 08740.5256 | 20:30:22 | 220.350180 | 359.008931 
 4152.1436 | 08740.5311 | 20:30:23 | 220.345447 | 359.009470 
 4152.1441 | 08740.5365 | 20:30:24 | 220.340800 | 359.010010 
 4152.1444 | 08740.5418 | 20:30:25 | 220.336240 | 359.010320 
 4152.1445 | 08740.5468 | 20:30:26 | 220.331941 | 359.010402 
 4152.1413 | 08740.5503 | 20:30:28 | 220.328960 | 359.006698 
 4152.1470 | 08740.5445 | 20:30:29 | 220.333896 | 359.013293 
 4152.1452 | 08740.5443 | 20:30:30 | 220.334084 | 359.011223 
 4152.1437 | 08740.5428 | 20:30:31 | 220.335387 | 359.009508 
 4152.1435 | 08740.5429 | 20:30:32 | 220.335303 | 359.009277 
 4152.1435 | 08740.5429 | 20:30:33 | 220.335303 | 359.009277 
 4152.1435 | 08740.5429 | 20:30:34 | 220.335303 | 359.009277 
 4152.1435 | 08740.5429 | 20:30:35 | 220.335303 | 359.009277 
 4152.1435 | 08740.5429 | 20:30:36 | 220.335303 | 359.009277 
 4152.1435 | 08740.5429 | 20:30:37 | 220.335303 | 359.009277 
 4152.1435 | 08740.5429 | 20:30:38 | 220.335303 | 359.009277 
 4152.1435 | 08740.5429 | 20:30:39 | 220.335303 | 359.009277 
 4152.1435 | 08740.5429 | 20:30:40 | 220.335303 | 359.009277 
 4152.1435 | 08740.5429 | 20:30:41 | 220.335303 | 359.009277 
 4152.1438 | 08740.5484 | 20:30:43 | 220.330571 | 359.009586 
 4152.1445 | 08740.5531 | 20:30:44 | 220.326524 | 359.010360 
 4152.1437 | 08740.5699 | 20:30:45 | 220.312087 | 359.009330 
 4152.1436 | 08740.5743 | 20:30:46 | 220.308305 | 359.009186 
 4152.1441 | 08740.5808 | 20:30:47 | 220.302712 | 359.009718 
 4152.1591 | 08740.5996 | 20:30:48 | 220.286417 | 359.026848 
 4152.1632 | 08740.6213 | 20:30:51 | 220.267724 | 359.031421 
 4152.1629 | 08740.6301 | 20:30:52 | 220.260161 | 359.031018 
 4152.1641 | 08740.6369 | 20:30:53 | 220.254304 | 359.032354 
 4152.1644 | 08740.6449 | 20:30:54 | 220.247423 | 359.032647 
 4152.1638 | 08740.6547 | 20:30:55 | 220.239003 | 359.031892 
 4152.1628 | 08740.6650 | 20:30:56 | 220.230156 | 359.030674 
 4152.1619 | 08740.6751 | 20:30:57 | 220.221481 | 359.029573 
 4152.1600 | 08740.6852 | 20:30:58 | 220.212814 | 359.027321 
 4152.1584 | 08740.6966 | 20:30:59 | 220.203026 | 359.025406 
 4152.1564 | 08740.7093 | 20:31:00 | 220.192125 | 359.023022 
 4152.1553 | 08740.7212 | 20:31:01 | 220.181904 | 359.021678 
 4152.1530 | 08740.7338 | 20:31:02 | 220.171091 | 359.018950 
 4152.1515 | 08740.7467 | 20:31:03 | 220.160013 | 359.017140 
 4152.1504 | 08740.7594 | 20:31:04 | 220.149104 | 359.015792 
 4152.1501 | 08740.7716 | 20:31:05 | 220.138617 | 359.015367 
 4152.1488 | 08740.7849 | 20:31:06 | 220.127194 | 359.013785 
 4152.1480 | 08740.7967 | 20:31:07 | 220.117056 | 359.012787 
 4152.1474 | 08740.8083 | 20:31:08 | 220.107088 | 359.012021 
 4152.1472 | 08740.8190 | 20:31:09 | 220.097890 | 359.011721 
 4152.1471 | 08740.8292 | 20:31:10 | 220.089121 | 359.011539 
 4152.1470 | 08740.8393 | 20:31:11 | 220.080439 | 359.011358 
 4152.1467 | 08740.8493 | 20:31:12 | 220.071844 | 359.010948 
 4152.1465 | 08740.8583 | 20:31:13 | 220.064108 | 359.010659 
 4152.1465 | 08740.8660 | 20:31:14 | 220.057487 | 359.010609 
 4152.1466 | 08740.8735 | 20:31:15 | 220.051038 | 359.010675 
 4152.1467 | 08740.8795 | 20:31:16 | 220.045879 | 359.010750 
 4152.1490 | 08740.8704 | 20:31:17 | 220.053683 | 359.013456 
 4152.1358 | 08740.8702 | 20:31:18 | 220.053970 | 358.998273 
 4152.1412 | 08740.8664 | 20:31:19 | 220.057190 | 359.004510 
 4152.1395 | 08740.8707 | 20:31:20 | 220.053508 | 359.002526 
 4152.1381 | 08740.8749 | 20:31:21 | 220.049909 | 359.000888 
 4152.1367 | 08740.8790 | 20:31:22 | 220.046396 | 358.999251 
 4152.1354 | 08740.8828 | 20:31:23 | 220.043140 | 358.997731 
 4152.1341 | 08740.8865 | 20:31:24 | 220.039971 | 358.996212 
 4152.1330 | 08740.8899 | 20:31:25 | 220.037057 | 358.994924 
 4152.1315 | 08740.8910 | 20:31:26 | 220.036124 | 358.993192 
 4152.1307 | 08740.8915 | 20:31:27 | 220.035702 | 358.992268 
 4152.1300 | 08740.8925 | 20:31:28 | 220.034848 | 358.991456 
 4152.1304 | 08740.8930 | 20:31:29 | 220.034415 | 358.991913 
 4152.1422 | 08740.8784 | 20:31:31 | 220.046864 | 359.005582 
 4152.1424 | 08740.8789 | 20:31:32 | 220.046432 | 359.005808 
 4152.1432 | 08740.8799 | 20:31:33 | 220.045566 | 359.006722 
 4152.1437 | 08740.8809 | 20:31:34 | 220.044702 | 359.007291 
 4152.1447 | 08740.8827 | 20:31:35 | 220.043145 | 359.008429 
 4152.1460 | 08740.8851 | 20:31:36 | 220.041070 | 359.009909 
 4152.1463 | 08740.8874 | 20:31:37 | 220.039090 | 359.010239 
 4152.1464 | 08740.8910 | 20:31:38 | 220.035994 | 359.010330 
 4152.1464 | 08740.8932 | 20:31:39 | 220.034103 | 359.010316 
 4152.1425 | 08740.9033 | 20:31:41 | 220.025453 | 359.005764 
 4152.1364 | 08740.9186 | 20:31:42 | 220.012352 | 358.998648 
 4152.1371 | 08740.9245 | 20:31:43 | 220.007274 | 358.999414 
 4152.1374 | 08740.9304 | 20:31:44 | 220.002198 | 358.999721 
 4152.1388 | 08740.9378 | 20:31:45 | 219.995824 | 359.001283 
 4152.1408 | 08740.9470 | 20:31:46 | 219.987897 | 359.003524 
 4152.1406 | 08740.9536 | 20:31:47 | 219.982224 | 359.003251 
 4152.1407 | 08740.9617 | 20:31:48 | 219.975259 | 359.003313 
 4152.1411 | 08740.9705 | 20:31:49 | 219.967690 | 359.003716 
 4152.1361 | 08740.9799 | 20:31:50 | 219.959651 | 358.997903 
 4152.1362 | 08740.9887 | 20:31:51 | 219.952085 | 358.997961 
 4152.1366 | 08740.9950 | 20:31:52 | 219.946665 | 358.998380 
 4152.1368 | 08741.0007 | 20:31:53 | 219.941762 | 358.998573 
 4152.1375 | 08741.0059 | 20:31:54 | 219.937285 | 358.999344 
 4152.1375 | 08741.0118 | 20:31:55 | 219.932213 | 358.999306 
 4152.1384 | 08741.0157 | 20:31:56 | 219.928852 | 359.000316 
 4152.1394 | 08741.0190 | 20:31:57 | 219.926006 | 359.001444 
 4152.1398 | 08741.0221 | 20:31:58 | 219.923337 | 359.001884 
 4152.1394 | 08741.0256 | 20:31:59 | 219.920331 | 359.001401 
 4152.1407 | 08741.0263 | 20:32:00 | 219.919718 | 359.002892 
 4152.1409 | 08741.0252 | 20:32:01 | 219.920662 | 359.003129 
 4152.1412 | 08741.0250 | 20:32:02 | 219.920832 | 359.003476 
 4152.1397 | 08741.0094 | 20:32:03 | 219.934257 | 359.001852 
 4152.1369 | 08741.0091 | 20:32:04 | 219.934539 | 358.998633 
 4152.1362 | 08741.0083 | 20:32:05 | 219.935233 | 358.997833 
 4152.1443 | 08741.0054 | 20:32:06 | 219.937656 | 359.007169 
 4152.1450 | 08741.0047 | 20:32:07 | 219.938252 | 359.007979 
 4152.1450 | 08741.0044 | 20:32:08 | 219.938510 | 359.007981 
 4152.1450 | 08741.0040 | 20:32:09 | 219.938854 | 359.007983 
 4152.1450 | 08741.0040 | 20:32:10 | 219.938854 | 359.007983 
 4152.1445 | 08741.0030 | 20:32:11 | 219.939718 | 359.007415 
 4152.1443 | 08741.0027 | 20:32:12 | 219.939977 | 359.007187 
 4152.1442 | 08741.0021 | 20:32:13 | 219.940494 | 359.007075 
 4152.1442 | 08741.0009 | 20:32:14 | 219.941526 | 359.007083 
 4152.1444 | 08740.9997 | 20:32:15 | 219.942556 | 359.007321 
 4152.1464 | 08740.9958 | 20:32:16 | 219.945891 | 359.009647 
 4152.1453 | 08740.9956 | 20:32:17 | 219.946073 | 359.008383 
 4152.1452 | 08740.9952 | 20:32:18 | 219.946418 | 359.008271 
 4152.1449 | 08740.9947 | 20:32:19 | 219.946850 | 359.007929 
 4152.1424 | 08740.9948 | 20:32:20 | 219.946786 | 359.005053 
 4152.1418 | 08740.9937 | 20:32:21 | 219.947737 | 359.004370 
 4152.1414 | 08740.9930 | 20:32:22 | 219.948342 | 359.003914 
 4152.1417 | 08740.9924 | 20:32:23 | 219.948856 | 359.004263 
 4152.1413 | 08740.9918 | 20:32:24 | 219.949375 | 359.003807 
 4152.1409 | 08740.9912 | 20:32:25 | 219.949894 | 359.003351 
 4152.1405 | 08740.9908 | 20:32:26 | 219.950242 | 359.002893 
 4152.1402 | 08740.9900 | 20:32:27 | 219.950932 | 359.002553 
 4152.1400 | 08740.9894 | 20:32:28 | 219.951450 | 359.002327 
 4152.1399 | 08740.9886 | 20:32:29 | 219.952138 | 359.002217 
 4152.1399 | 08740.9874 | 20:32:30 | 219.953170 | 359.002225 
 4152.1397 | 08740.9860 | 20:32:31 | 219.954375 | 359.002004 
 4152.1397 | 08740.9846 | 20:32:32 | 219.955579 | 359.002013 
 4152.1397 | 08740.9828 | 20:32:33 | 219.957127 | 359.002025 
 4152.1461 | 08740.9752 | 20:32:34 | 219.963605 | 359.009436 
 4152.1455 | 08740.9751 | 20:32:35 | 219.963696 | 359.008747 
 4152.1460 | 08740.9740 | 20:32:36 | 219.964638 | 359.009329 
 4152.1463 | 08740.9726 | 20:32:37 | 219.965839 | 359.009683 
 4152.1465 | 08740.9714 | 20:32:38 | 219.966869 | 359.009921 
 4152.1465 | 08740.9702 | 20:32:39 | 219.967900 | 359.009929 
 4152.1468 | 08740.9688 | 20:32:40 | 219.969101 | 359.010283 
 4152.1469 | 08740.9677 | 20:32:41 | 219.970046 | 359.010405 
 4152.1470 | 08740.9665 | 20:32:42 | 219.971077 | 359.010528 
 4152.1471 | 08740.9655 | 20:32:43 | 219.971936 | 359.010650 
 4152.1472 | 08740.9644 | 20:32:44 | 219.972881 | 359.010772 
 4152.1473 | 08740.9623 | 20:32:46 | 219.974686 | 359.010901 
 4152.1475 | 08740.9609 | 20:32:47 | 219.975887 | 359.011140 
 4152.1476 | 08740.9597 | 20:32:48 | 219.976918 | 359.011263 
 4152.1476 | 08740.9585 | 20:32:49 | 219.977950 | 359.011270 
 4152.1477 | 08740.9574 | 20:32:50 | 219.978895 | 359.011393 
 4152.1478 | 08740.9563 | 20:32:51 | 219.979840 | 359.011515 
 4152.1476 | 08740.9554 | 20:32:52 | 219.980615 | 359.011291 
 4152.1473 | 08740.9549 | 20:32:53 | 219.981048 | 359.010949 
 4152.1472 | 08740.9553 | 20:32:54 | 219.980705 | 359.010831 
 4152.1465 | 08740.9543 | 20:32:55 | 219.981571 | 359.010032 
 4152.1464 | 08740.9537 | 20:32:56 | 219.982087 | 359.009921 
 4152.1464 | 08740.9532 | 20:32:57 | 219.982517 | 359.009925 
 4152.1467 | 08740.9527 | 20:32:58 | 219.982944 | 359.010273 
 4152.1465 | 08740.9523 | 20:32:59 | 219.983290 | 359.010045 
 4152.1469 | 08740.9517 | 20:33:00 | 219.983803 | 359.010509 
 4152.1478 | 08740.9510 | 20:33:01 | 219.984396 | 359.011549 
 4152.1489 | 08740.9502 | 20:33:02 | 219.985075 | 359.012820 
 4152.1514 | 08740.9476 | 20:33:05 | 219.987288 | 359.015712 
 4152.1560 | 08740.9447 | 20:33:06 | 219.989741 | 359.021022 
 4152.1570 | 08740.9438 | 20:33:07 | 219.990507 | 359.022179