 4152.2817 | 08740.9940 | 11:11:08 | 219.946260 | 359.165288 
 4152.2838 | 08741.0020 | 11:11:18 | 219.939364 | 359.167651 
 4152.2836 | 08741.0003 | 11:11:19 | 219.940827 | 359.167432 
 4152.2840 | 08741.0005 | 11:11:20 | 219.940652 | 359.167891 
 4152.2831 | 08741.0004 | 11:11:21 | 219.940746 | 359.166857 
 4152.2826 | 08741.0044 | 11:11:22 | 219.937311 | 359.166255 
 4152.2837 | 08741.0069 | 11:11:23 | 219.935152 | 359.167504 
 4152.2833 | 08741.0088 | 11:11:24 | 219.933522 | 359.167032 
 4152.2829 | 08741.0118 | 11:11:25 | 219.930947 | 359.166552 
 4152.2826 | 08741.0138 | 11:11:26 | 219.929230 | 359.166194 
 4152.2834 | 08741.0174 | 11:11:27 | 219.926128 | 359.167091 
 4152.2836 | 08741.0214 | 11:11:28 | 219.922687 | 359.167295 
 4152.2841 | 08741.0248 | 11:11:29 | 219.919760 | 359.167848 
 4152.2848 | 08741.0300 | 11:11:30 | 219.915283 | 359.168619 
 4152.2839 | 08741.0342 | 11:11:31 | 219.911680 | 359.167557 
 4152.2836 | 08741.0395 | 11:11:32 | 219.907126 | 359.167177 
 4152.2838 | 08741.0460 | 11:11:33 | 219.901536 | 359.167365 
 4152.2832 | 08741.0528 | 11:11:34 | 219.895695 | 359.166631 
 4152.2844 | 08741.0606 | 11:11:35 | 219.888979 | 359.167960 
 4152.2844 | 08741.0661 | 11:11:36 | 219.884250 | 359.167924 
 4152.2834 | 08741.0722 | 11:11:37 | 219.879015 | 359.166735 
 4152.2832 | 08741.0761 | 11:11:38 | 219.875663 | 359.166479 
 4152.2834 | 08741.0823 | 11:11:39 | 219.870331 | 359.166669 
 4152.2831 | 08741.0848 | 11:11:40 | 219.868185 | 359.166308 
 4152.2830 | 08741.0881 | 11:11:41 | 219.865348 | 359.166171 
 4152.2833 | 08741.0880 | 11:11:42 | 219.865432 | 359.166517 
 4152.2830 | 08741.0885 | 11:11:43 | 219.865005 | 359.166169 
 4152.2827 | 08741.0913 | 11:11:44 | 219.862600 | 359.165805 
 4152.2834 | 08741.0935 | 11:11:45 | 219.860702 | 359.166596 
 4152.2834 | 08741.0975 | 11:11:46 | 219.857263 | 359.166570 
 4152.2831 | 08741.1026 | 11:11:47 | 219.852881 | 359.166192 
 4152.2832 | 08741.1058 | 11:11:48 | 219.850129 | 359.166286 
 4152.2822 | 08741.1086 | 11:11:49 | 219.847731 | 359.165118 
 4152.2816 | 08741.1157 | 11:11:50 | 219.841632 | 359.164382 
 4152.2817 | 08741.1205 | 11:11:51 | 219.837504 | 359.164465 
 4152.2820 | 08741.1291 | 11:11:52 | 219.830108 | 359.164755 
 4152.2828 | 08741.1353 | 11:11:53 | 219.824771 | 359.165635 
 4152.2855 | 08741.1431 | 11:11:55 | 219.818042 | 359.168690 
 4152.2841 | 08741.1535 | 11:12:06 | 219.809113 | 359.167012 
 4152.2839 | 08741.1539 | 11:12:07 | 219.808770 | 359.166779 
 4152.2838 | 08741.1542 | 11:12:08 | 219.808513 | 359.166662 
 4152.2838 | 08741.1542 | 11:12:09 | 219.808513 | 359.166662 
 4152.2838 | 08741.1542 | 11:12:10 | 219.808513 | 359.166662 
 4152.2838 | 08741.1542 | 11:12:11 | 219.808513 | 359.166662 
 4152.2838 | 08741.1542 | 11:12:12 | 219.808513 | 359.166662 
 4152.2838 | 08741.1542 | 11:12:13 | 219.808513 | 359.166662 
 4152.2838 | 08741.1542 | 11:12:14 | 219.808513 | 359.166662 
 4152.2838 | 08741.1542 | 11:12:15 | 219.808513 | 359.166662 
 4152.2838 | 08741.1542 | 11:12:16 | 219.808513 | 359.166662 
 4152.2838 | 08741.1542 | 11:12:17 | 219.808513 | 359.166662 
 4152.2838 | 08741.1542 | 11:12:18 | 219.808513 | 359.166662 
 4152.2838 | 08741.1542 | 11:12:19 | 219.808513 | 359.166662 
 4152.2838 | 08741.1542 | 11:12:20 | 219.808513 | 359.166662 
 4152.2838 | 08741.1542 | 11:12:21 | 219.808513 | 359.166662 
 4152.2838 | 08741.1542 | 11:12:22 | 219.808513 | 359.166662 
 4152.2838 | 08741.1542 | 11:12:23 | 219.808513 | 359.166662 
 4152.2838 | 08741.1542 | 11:12:24 | 219.808513 | 359.166662 
 4152.2838 | 08741.1542 | 11:12:25 | 219.808513 | 359.166662 
 4152.2838 | 08741.1542 | 11:12:26 | 219.808513 | 359.166662 
 4152.2838 | 08741.1542 | 11:12:27 | 219.808513 | 359.166662 
 4152.2838 | 08741.1542 | 11:12:28 | 219.808513 | 359.166662 
 4152.2812 | 08741.1555 | 11:12:29 | 219.807418 | 359.163663 
 4152.2811 | 08741.1567 | 11:12:30 | 219.806387 | 359.163541 
 4152.2809 | 08741.1592 | 11:12:31 | 219.804240 | 359.163294 
 4152.2804 | 08741.1626 | 11:12:32 | 219.801321 | 359.162697 
 4152.2792 | 08741.1663 | 11:12:33 | 219.798150 | 359.161293 
 4152.2766 | 08741.1694 | 11:12:34 | 219.795508 | 359.158282 
 4152.2727 | 08741.1712 | 11:12:35 | 219.793994 | 359.153784 
 4152.2682 | 08741.1720 | 11:12:36 | 219.793345 | 359.148603 
 4152.2631 | 08741.1722 | 11:12:37 | 219.793218 | 359.142735 
 4152.2576 | 08741.1722 | 11:12:38 | 219.793265 | 359.136409 
 4152.2517 | 08741.1721 | 11:12:39 | 219.793403 | 359.129623 
 4152.2457 | 08741.1723 | 11:12:40 | 219.793283 | 359.122720 
 4152.2397 | 08741.1726 | 11:12:41 | 219.793077 | 359.115817 
 4152.2337 | 08741.1729 | 11:12:42 | 219.792871 | 359.108914 
 4152.2278 | 08741.1731 | 11:12:43 | 219.792750 | 359.102126 
 4152.2223 | 08741.1730 | 11:12:44 | 219.792884 | 359.095800 
 4152.2172 | 08741.1728 | 11:12:45 | 219.793100 | 359.089935 
 4152.2127 | 08741.1726 | 11:12:46 | 219.793311 | 359.084760 
 4152.2089 | 08741.1723 | 11:12:47 | 219.793602 | 359.080391 
 4152.2059 | 08741.1721 | 11:12:48 | 219.793800 | 359.076942 
 4152.2035 | 08741.1720 | 11:12:49 | 219.793906 | 359.074182 
 4152.2013 | 08741.1719 | 11:12:50 | 219.794012 | 359.071652 
 4152.1996 | 08741.1719 | 11:12:51 | 219.794026 | 359.069696 
 4152.1986 | 08741.1718 | 11:12:52 | 219.794121 | 359.068547 
 4152.1982 | 08741.1718 | 11:12:53 | 219.794124 | 359.068087 
 4152.1982 | 08741.1717 | 11:12:54 | 219.794210 | 359.068087 
 4152.1982 | 08741.1717 | 11:12:55 | 219.794210 | 359.068087 
 4152.1982 | 08741.1717 | 11:12:56 | 219.794210 | 359.068087 
 4152.1982 | 08741.1717 | 11:12:57 | 219.794210 | 359.068087 
 4152.1978 | 08741.1716 | 11:12:58 | 219.794300 | 359.067628 
 4152.1973 | 08741.1715 | 11:12:59 | 219.794390 | 359.067053 
 4152.1964 | 08741.1715 | 11:13:00 | 219.794398 | 359.066018 
 4152.1950 | 08741.1715 | 11:13:01 | 219.794410 | 359.064408 
 4152.1930 | 08741.1714 | 11:13:02 | 219.794513 | 359.062108 
 4152.1908 | 08741.1713 | 11:13:03 | 219.794618 | 359.059578 
 4152.1886 | 08741.1712 | 11:13:04 | 219.794723 | 359.057048 
 4152.1864 | 08741.1711 | 11:13:05 | 219.794829 | 359.054518 
 4152.1843 | 08741.1710 | 11:13:06 | 219.794933 | 359.052103 
 4152.1823 | 08741.1710 | 11:13:07 | 219.794950 | 359.049803 
 4152.1802 | 08741.1709 | 11:13:08 | 219.795054 | 359.047388 
 4152.1776 | 08741.1709 | 11:13:09 | 219.795077 | 359.044397 
 4152.1746 | 08741.1707 | 11:13:10 | 219.795275 | 359.040948 
 4152.1711 | 08741.1705 | 11:13:11 | 219.795477 | 359.036923 
 4152.1673 | 08741.1704 | 11:13:12 | 219.795596 | 359.032553 
 4152.1631 | 08741.1703 | 11:13:13 | 219.795718 | 359.027723 
 4152.1586 | 08741.1703 | 11:13:14 | 219.795757 | 359.022547 
 4152.1539 | 08741.1702 | 11:13:15 | 219.795884 | 359.017141 
 4152.1489 | 08741.1700 | 11:13:16 | 219.796099 | 359.011391 
 4152.1438 | 08741.1699 | 11:13:17 | 219.796230 | 359.005525 
 4152.1386 | 08741.1698 | 11:13:18 | 219.796361 | 358.999545 
 4152.1331 | 08741.1697 | 11:13:19 | 219.796494 | 358.993219 
 4152.1275 | 08741.1696 | 11:13:20 | 219.796629 | 358.986778 
 4152.1219 | 08741.1696 | 11:13:21 | 219.796677 | 358.980337 
 4152.1161 | 08741.1695 | 11:13:22 | 219.796814 | 358.973666 
 4152.1101 | 08741.1693 | 11:13:23 | 219.797038 | 358.966766 
 4152.1042 | 08741.1692 | 11:13:24 | 219.797175 | 358.959980 
 4152.0982 | 08741.1690 | 11:13:25 | 219.797399 | 358.953080 
 4152.0921 | 08741.1688 | 11:13:26 | 219.797624 | 358.946065 
 4152.0863 | 08741.1687 | 11:13:27 | 219.797760 | 358.939394 
 4152.0810 | 08741.1685 | 11:13:28 | 219.797978 | 358.933299 
 4152.0766 | 08741.1684 | 11:13:29 | 219.798102 | 358.928238 
 4152.0730 | 08741.1683 | 11:13:30 | 219.798219 | 358.924098 
 4152.0696 | 08741.1683 | 11:13:31 | 219.798249 | 358.920187 
 4152.0664 | 08741.1682 | 11:13:32 | 219.798362 | 358.916507 
 4152.0631 | 08741.1681 | 11:13:33 | 219.798477 | 358.912712 
 4152.0599 | 08741.1681 | 11:13:34 | 219.798505 | 358.909031 
 4152.0565 | 08741.1680 | 11:13:35 | 219.798620 | 358.905121 
 4152.0529 | 08741.1679 | 11:13:36 | 219.798737 | 358.900981 
 4152.0491 | 08741.1678 | 11:13:37 | 219.798856 | 358.896610 
 4152.0449 | 08741.1675 | 11:13:38 | 219.799151 | 358.891781 
 4152.0405 | 08741.1672 | 11:13:39 | 219.799447 | 358.886722 
 4152.0357 | 08741.1667 | 11:13:40 | 219.799918 | 358.881204 
 4152.0308 | 08741.1665 | 11:13:41 | 219.800133 | 358.875569 
 4152.0261 | 08741.1665 | 11:13:42 | 219.800174 | 358.870163 
 4152.0216 | 08741.1667 | 11:13:43 | 219.800041 | 358.864985 
 4152.0172 | 08741.1670 | 11:13:44 | 219.799821 | 358.859922 
 4152.0129 | 08741.1674 | 11:13:45 | 219.799514 | 358.854974 
 4152.0089 | 08741.1677 | 11:13:46 | 219.799291 | 358.850371 
 4152.0055 | 08741.1679 | 11:13:47 | 219.799149 | 358.846459 
 4152.0056 | 08741.1683 | 11:13:48 | 219.798804 | 358.846571 
 4152.0038 | 08741.1696 | 11:13:49 | 219.797702 | 358.844492 
 4152.0025 | 08741.1713 | 11:13:50 | 219.796251 | 358.842986 
 4152.0017 | 08741.1735 | 11:13:51 | 219.794367 | 358.842051 
 4152.0010 | 08741.1771 | 11:13:52 | 219.791277 | 358.841223 
 4152.0001 | 08741.1817 | 11:13:53 | 219.787330 | 358.840158 
 4151.9995 | 08741.1876 | 11:13:54 | 219.782263 | 358.839429 
 4151.9991 | 08741.1944 | 11:13:55 | 219.776419 | 358.838925 
 4151.9988 | 08741.2018 | 11:13:56 | 219.770060 | 358.838532 
 4151.9986 | 08741.2099 | 11:13:57 | 219.763097 | 358.838250 
 4151.9984 | 08741.2185 | 11:13:58 | 219.755705 | 358.837964 
 4151.9983 | 08741.2277 | 11:13:59 | 219.747795 | 358.837790 
 4151.9983 | 08741.2374 | 11:14:00 | 219.739455 | 358.837727 
 4151.9983 | 08741.2474 | 11:14:01 | 219.730857 | 358.837662 
 4151.9982 | 08741.2577 | 11:14:02 | 219.722002 | 358.837480 
 4151.9981 | 08741.2683 | 11:14:03 | 219.712889 | 358.837297 
 4151.9980 | 08741.2790 | 11:14:04 | 219.703690 | 358.837113 
 4151.9979 | 08741.2897 | 11:14:05 | 219.694492 | 358.836928 
 4151.9978 | 08741.3005 | 11:14:06 | 219.685207 | 358.836744 
 4151.9977 | 08741.3113 | 11:14:07 | 219.675922 | 358.836559 
 4151.9976 | 08741.3222 | 11:14:08 | 219.666551 | 358.836373 
 4151.9974 | 08741.3332 | 11:14:09 | 219.657095 | 358.836072 
 4151.9973 | 08741.3442 | 11:14:10 | 219.647638 | 358.835886 
 4151.9971 | 08741.3552 | 11:14:11 | 219.638182 | 358.835585 
 4151.9970 | 08741.3664 | 11:14:12 | 219.628553 | 358.835398 
 4151.9968 | 08741.3777 | 11:14:13 | 219.618839 | 358.835095 
 4151.9965 | 08741.3892 | 11:14:14 | 219.608954 | 358.834676 
 4151.9964 | 08741.4009 | 11:14:15 | 219.598895 | 358.834486 
 4151.9962 | 08741.4127 | 11:14:16 | 219.588752 | 358.834179 
 4151.9960 | 08741.4245 | 11:14:17 | 219.578608 | 358.833873 
 4151.9958 | 08741.4362 | 11:14:18 | 219.568550 | 358.833568 
 4151.9957 | 08741.4480 | 11:14:19 | 219.558405 | 358.833377 
 4151.9954 | 08741.4981 | 11:14:23 | 219.515332 | 358.832710 
 4151.9942 | 08741.5099 | 11:14:24 | 219.505197 | 358.831254 
 4151.9940 | 08741.5221 | 11:14:25 | 219.494709 | 358.830945 
 4151.9941 | 08741.5339 | 11:14:26 | 219.484563 | 358.830985 
 4151.9941 | 08741.5452 | 11:14:27 | 219.474847 | 358.830912 
 4151.9938 | 08741.5565 | 11:14:28 | 219.465134 | 358.830494 
 4151.9936 | 08741.5680 | 11:14:29 | 219.455248 | 358.830191 
 4151.9934 | 08741.5797 | 11:14:30 | 219.445190 | 358.829885 
 4151.9934 | 08741.5915 | 11:14:31 | 219.435044 | 358.829810 
 4151.9933 | 08741.6035 | 11:14:32 | 219.424728 | 358.829618 
 4151.9932 | 08741.6156 | 11:14:33 | 219.414325 | 358.829425 
 4151.9930 | 08741.6278 | 11:14:34 | 219.403837 | 358.829117 
 4151.9929 | 08741.6403 | 11:14:35 | 219.393091 | 358.828922 
 4151.9927 | 08741.6528 | 11:14:36 | 219.382345 | 358.828612 
 4151.9926 | 08741.6654 | 11:14:37 | 219.371512 | 358.828416 
 4151.9925 | 08741.6782 | 11:14:38 | 219.360508 | 358.828219 
 4151.9924 | 08741.6911 | 11:14:39 | 219.349417 | 358.828022 
 4151.9925 | 08741.7041 | 11:14:40 | 219.338239 | 358.828054 
 4151.9926 | 08741.7173 | 11:14:41 | 219.326889 | 358.828084 
 4151.9927 | 08741.7305 | 11:14:42 | 219.315539 | 358.828115 
 4151.9927 | 08741.7434 | 11:14:43 | 219.304448 | 358.828033 
 4151.9926 | 08741.7562 | 11:14:44 | 219.293443 | 358.827836 
 4151.9925 | 08741.7688 | 11:14:45 | 219.282611 | 358.827640 
 4151.9923 | 08741.7812 | 11:14:46 | 219.271951 | 358.827331 
 4151.9919 | 08741.7938 | 11:14:47 | 219.261121 | 358.826791 
 4151.9915 | 08741.8064 | 11:14:48 | 219.250291 | 358.826250 
 4151.9911 | 08741.8191 | 11:14:49 | 219.239375 | 358.825709 
 4151.9908 | 08741.8320 | 11:14:50 | 219.228286 | 358.825282 
 4151.9906 | 08741.8451 | 11:14:51 | 219.217024 | 358.824969 
 4151.9905 | 08741.8584 | 11:14:52 | 219.205590 | 358.824769 
 4151.9903 | 08741.8719 | 11:14:53 | 219.193984 | 358.824453 
 4151.9902 | 08741.8854 | 11:14:54 | 219.182378 | 358.824252 
 4151.9901 | 08741.8990 | 11:14:55 | 219.170686 | 358.824050 
 4151.9901 | 08741.9125 | 11:14:56 | 219.159078 | 358.823964 
 4151.9901 | 08741.9261 | 11:14:57 | 219.147385 | 358.823878 
 4151.9899 | 08741.9397 | 11:14:58 | 219.135694 | 358.823562 
 4151.9897 | 08741.9532 | 11:14:59 | 219.124088 | 358.823246 
 4151.9897 | 08741.9666 | 11:15:00 | 219.112567 | 358.823161 
 4151.9896 | 08741.9796 | 11:15:01 | 219.101390 | 358.822963 
 4151.9893 | 08741.9922 | 11:15:02 | 219.090560 | 358.822538 
 4151.9893 | 08742.0045 | 11:15:03 | 219.079984 | 358.822460 
 4151.9894 | 08742.0166 | 11:15:04 | 219.069580 | 358.822498 
 4151.9895 | 08742.0286 | 11:15:05 | 219.059261 | 358.822537 
 4151.9896 | 08742.0404 | 11:15:06 | 219.049115 | 358.822578 
 4151.9895 | 08742.0522 | 11:15:07 | 219.038970 | 358.822388 
 4151.9893 | 08742.0638 | 11:15:08 | 219.028998 | 358.822084 
 4151.9891 | 08742.0753 | 11:15:09 | 219.019112 | 358.821781 
 4151.9887 | 08742.0869 | 11:15:10 | 219.009142 | 358.821248 
 4151.9883 | 08742.0985 | 11:15:11 | 218.999172 | 358.820714 
 4151.9880 | 08742.1102 | 11:15:12 | 218.989115 | 358.820295 
 4151.9878 | 08742.1221 | 11:15:13 | 218.978885 | 358.819990 
 4151.9876 | 08742.1342 | 11:15:14 | 218.968483 | 358.819683 
 4151.9874 | 08742.1465 | 11:15:15 | 218.957909 | 358.819376 
 4151.9873 | 08742.1589 | 11:15:16 | 218.947249 | 358.819182 
 4151.9872 | 08742.1715 | 11:15:17 | 218.936416 | 358.818988 
 4151.9871 | 08742.1839 | 11:15:18 | 218.925755 | 358.818794 
 4151.9870 | 08742.1960 | 11:15:19 | 218.915353 | 358.818603 
 4151.9869 | 08742.2079 | 11:15:20 | 218.905122 | 358.818413 
 4151.9868 | 08742.2196 | 11:15:21 | 218.895063 | 358.818224 
 4151.9867 | 08742.2310 | 11:15:22 | 218.885262 | 358.818037 
 4151.9866 | 08742.2419 | 11:15:23 | 218.875891 | 358.817853 
 4151.9865 | 08742.2522 | 11:15:24 | 218.867036 | 358.817673 
 4151.9864 | 08742.2620 | 11:15:25 | 218.858611 | 358.817497 
 4151.9863 | 08742.2711 | 11:15:26 | 218.850788 | 358.817324 
 4151.9861 | 08742.2795 | 11:15:27 | 218.843567 | 358.817041 
 4151.9861 | 08742.2871 | 11:15:28 | 218.837033 | 358.816994 
 4151.9860 | 08742.2942 | 11:15:29 | 218.830929 | 358.816834 
 4151.9859 | 08742.3009 | 11:15:30 | 218.825169 | 358.816677 
 4151.9859 | 08742.3075 | 11:15:31 | 218.819495 | 358.816635 
 4151.9859 | 08742.3139 | 11:15:32 | 218.813992 | 358.816595 
 4151.9859 | 08742.3202 | 11:15:33 | 218.808575 | 358.816555 
 4151.9860 | 08742.3266 | 11:15:34 | 218.803072 | 358.816630 
 4151.9860 | 08742.3333 | 11:15:35 | 218.797311 | 358.816588 
 4151.9860 | 08742.3402 | 11:15:36 | 218.791378 | 358.816545 
 4151.9859 | 08742.3475 | 11:15:37 | 218.785103 | 358.816384 
 4151.9858 | 08742.3551 | 11:15:38 | 218.778569 | 358.816221 
 4151.9856 | 08742.3632 | 11:15:39 | 218.771607 | 358.815940 
 4151.9853 | 08742.3717 | 11:15:40 | 218.764301 | 358.815541 
 4151.9850 | 08742.3805 | 11:15:41 | 218.756737 | 358.815141 
 4151.9848 | 08742.3898 | 11:15:42 | 218.748743 | 358.814853 
 4151.9847 | 08742.3993 | 11:15:43 | 218.740575 | 358.814678 
 4151.9846 | 08742.4092 | 11:15:44 | 218.732064 | 358.814501 
 4151.9845 | 08742.4194 | 11:15:45 | 218.723295 | 358.814322 
 4151.9844 | 08742.4298 | 11:15:46 | 218.714354 | 358.814142 
 4151.9843 | 08742.4403 | 11:15:47 | 218.705327 | 358.813961 
 4151.9842 | 08742.4511 | 11:15:48 | 218.696042 | 358.813778 
 4151.9840 | 08742.4620 | 11:15:49 | 218.686672 | 358.813480 
 4151.9839 | 08742.4731 | 11:15:50 | 218.677129 | 358.813295 
 4151.9838 | 08742.4841 | 11:15:51 | 218.667672 | 358.813111 
 4151.9836 | 08742.4951 | 11:15:52 | 218.658216 | 358.812812 
 4151.9835 | 08742.5060 | 11:15:53 | 218.648845 | 358.812629 
 4151.9833 | 08742.5164 | 11:15:54 | 218.639905 | 358.812334 
 4151.9832 | 08742.5258 | 11:15:55 | 218.631824 | 358.812160 
 4151.9830 | 08742.5343 | 11:15:56 | 218.624517 | 358.811877 
 4151.9830 | 08742.5422 | 11:15:57 | 218.617725 | 358.811827 
 4151.9829 | 08742.5499 | 11:15:58 | 218.611105 | 358.811664 
 4151.9829 | 08742.5574 | 11:15:59 | 218.604657 | 358.811617 
 4151.9828 | 08742.5650 | 11:16:00 | 218.598123 | 358.811455 
 4151.9828 | 08742.5728 | 11:16:01 | 218.591417 | 358.811406 
 4151.9827 | 08742.5808 | 11:16:02 | 218.584539 | 358.811241 
 4151.9826 | 08742.5889 | 11:16:03 | 218.577576 | 358.811075 
 4151.9826 | 08742.5971 | 11:16:04 | 218.570525 | 358.811024 
 4151.9827 | 08742.6052 | 11:16:05 | 218.563560 | 358.811089 
 4151.9828 | 08742.6132 | 11:16:06 | 218.556681 | 358.811154 
 4151.9828 | 08742.6213 | 11:16:07 | 218.549717 | 358.811103 
 4151.9827 | 08742.6296 | 11:16:08 | 218.542581 | 358.810936 
 4151.9825 | 08742.6381 | 11:16:09 | 218.535274 | 358.810653 
 4151.9823 | 08742.6467 | 11:16:10 | 218.527882 | 358.810370 
 4151.9821 | 08742.6557 | 11:16:11 | 218.520145 | 358.810083 
 4151.9819 | 08742.6650 | 11:16:12 | 218.512151 | 358.809795 
 4151.9815 | 08742.6745 | 11:16:13 | 218.503986 | 358.809276 
 4151.9812 | 08742.6839 | 11:16:14 | 218.495907 | 358.808873 
 4151.9810 | 08742.6927 | 11:16:15 | 218.488342 | 358.808588 
 4151.9808 | 08742.7006 | 11:16:16 | 218.481551 | 358.808308 
 4151.9806 | 08742.7074 | 11:16:17 | 218.475706 | 358.808036 
 4151.9804 | 08742.7135 | 11:16:18 | 218.470463 | 358.807768 
 4151.9803 | 08742.7189 | 11:16:19 | 218.465821 | 358.807619 
 4151.9802 | 08742.7233 | 11:16:20 | 218.462039 | 358.807477 
 4151.9801 | 08742.7268 | 11:16:21 | 218.459030 | 358.807340 
 4151.9801 | 08742.7293 | 11:16:22 | 218.456881 | 358.807325 
 4151.9802 | 08742.7309 | 11:16:23 | 218.455504 | 358.807430 
 4151.9802 | 08742.7321 | 11:16:24 | 218.454473 | 358.807422 
 4151.9803 | 08742.7329 | 11:16:25 | 218.453784 | 358.807532 
 4151.9804 | 08742.7335 | 11:16:26 | 218.453267 | 358.807644 
 4151.9805 | 08742.7337 | 11:16:27 | 218.453095 | 358.807757 
 4151.9807 | 08742.7336 | 11:16:28 | 218.453179 | 358.807988 
 4151.9807 | 08742.7335 | 11:16:29 | 218.453265 | 358.807989 
 4151.9807 | 08742.7335 | 11:16:30 | 218.453265 | 358.807989 
 4151.9807 | 08742.7335 | 11:16:31 | 218.453265 | 358.807989 
 4151.9807 | 08742.7335 | 11:16:32 | 218.453265 | 358.807989 
 4151.9807 | 08742.7335 | 11:16:33 | 218.453265 | 358.807989 
 4151.9807 | 08742.7335 | 11:16:34 | 218.453265 | 358.807989 
 4151.9807 | 08742.7335 | 11:16:35 | 218.453265 | 358.807989 
 4151.9807 | 08742.7335 | 11:16:36 | 218.453265 | 358.807989 
 4151.9807 | 08742.7335 | 11:16:37 | 218.453265 | 358.807989 
 4151.9807 | 08742.7335 | 11:16:38 | 218.453265 | 358.807989 
 4151.9813 | 08742.7333 | 11:16:39 | 218.453432 | 358.808680 
 4151.9813 | 08742.7344 | 11:16:40 | 218.452486 | 358.808673 
 4151.9812 | 08742.7368 | 11:16:41 | 218.450423 | 358.808543 
 4151.9811 | 08742.7402 | 11:16:42 | 218.447501 | 358.808407 
 4151.9810 | 08742.7445 | 11:16:43 | 218.443805 | 358.808265 
 4151.9810 | 08742.7492 | 11:16:44 | 218.439764 | 358.808236 
 4151.9811 | 08742.7541 | 11:16:45 | 218.435550 | 358.808321 
 4151.9815 | 08742.7596 | 11:16:46 | 218.430817 | 358.808747 
 4151.9820 | 08742.7657 | 11:16:47 | 218.425569 | 358.809284 
 4151.9822 | 08742.7726 | 11:16:48 | 218.419634 | 358.809471 
 4151.9819 | 08742.7803 | 11:16:49 | 218.413016 | 358.809078 
 4151.9814 | 08742.7885 | 11:16:50 | 218.405970 | 358.808452 
 4151.9808 | 08742.7972 | 11:16:51 | 218.398495 | 358.807708 
 4151.9805 | 08742.8063 | 11:16:52 | 218.390673 | 358.807306 
 4151.9803 | 08742.8156 | 11:16:53 | 218.382679 | 358.807018 
 4151.9801 | 08742.8251 | 11:16:54 | 218.374512 | 358.806729 
 4151.9800 | 08742.8348 | 11:16:55 | 218.366173 | 358.806554 
 4151.9799 | 08742.8445 | 11:16:56 | 218.357834 | 358.806379 
 4151.9798 | 08742.8542 | 11:16:57 | 218.349495 | 358.806204 
 4151.9797 | 08742.8640 | 11:16:58 | 218.341070 | 358.806028 
 4151.9796 | 08742.8737 | 11:16:59 | 218.332730 | 358.805853 
 4151.9795 | 08742.8836 | 11:17:00 | 218.324219 | 358.805677 
 4151.9795 | 08742.8935 | 11:17:01 | 218.315707 | 358.805615 
 4151.9795 | 08742.9034 | 11:17:02 | 218.307195 | 358.805554 
 4151.9794 | 08742.9131 | 11:17:03 | 218.298856 | 358.805379 
 4151.9794 | 08742.9227 | 11:17:04 | 218.290602 | 358.805319 
 4151.9793 | 08742.9320 | 11:17:05 | 218.282607 | 358.805147 
 4151.9791 | 08742.9411 | 11:17:06 | 218.274784 | 358.804860 
 4151.9789 | 08742.9501 | 11:17:07 | 218.267048 | 358.804575 
 4151.9786 | 08742.9592 | 11:17:08 | 218.259226 | 358.804173 
 4151.9783 | 08742.9682 | 11:17:09 | 218.251490 | 358.803773 
 4151.9781 | 08742.9774 | 11:17:10 | 218.243582 | 358.803486 
 4151.9779 | 08742.9866 | 11:17:11 | 218.235673 | 358.803199 
 4151.9777 | 08742.9957 | 11:17:12 | 218.227851 | 358.802913 
 4151.9775 | 08743.0050 | 11:17:13 | 218.219856 | 358.802625 
 4151.9774 | 08743.0143 | 11:17:14 | 218.211861 | 358.802453 
 4151.9773 | 08743.0237 | 11:17:15 | 218.203780 | 358.802280 
 4151.9772 | 08743.0333 | 11:17:16 | 218.195527 | 358.802105 
 4151.9770 | 08743.0430 | 11:17:17 | 218.187188 | 358.801815 
 4151.9768 | 08743.0530 | 11:17:18 | 218.178592 | 358.801524 
 4151.9767 | 08743.0630 | 11:17:19 | 218.169995 | 358.801347 
 4151.9767 | 08743.0733 | 11:17:20 | 218.161139 | 358.801283 
 4151.9767 | 08743.0836 | 11:17:21 | 218.152283 | 358.801220 
 4151.9767 | 08743.0936 | 11:17:22 | 218.143685 | 358.801158 
 4151.9766 | 08743.1026 | 11:17:23 | 218.135947 | 358.800988 
 4151.9765 | 08743.1102 | 11:17:24 | 218.129414 | 358.800826 
 4151.9765 | 08743.1162 | 11:17:25 | 218.124255 | 358.800789 
 4151.9765 | 08743.1205 | 11:17:26 | 218.120558 | 358.800763 
 4151.9766 | 08743.1234 | 11:17:27 | 218.118064 | 358.800860 
 4151.9767 | 08743.1252 | 11:17:28 | 218.116515 | 358.800964 
 4151.9767 | 08743.1262 | 11:17:29 | 218.115655 | 358.800958 
 4151.9768 | 08743.1270 | 11:17:30 | 218.114967 | 358.801068 
 4151.9769 | 08743.1275 | 11:17:31 | 218.114536 | 358.801180 
 4151.9769 | 08743.1281 | 11:17:32 | 218.114020 | 358.801176 
 4151.9770 | 08743.1287 | 11:17:33 | 218.113503 | 358.801287 
 4151.9770 | 08743.1299 | 11:17:34 | 218.112472 | 358.801280 
 4151.9771 | 08743.1320 | 11:17:35 | 218.110665 | 358.801382 
 4151.9771 | 08743.1349 | 11:17:36 | 218.108172 | 358.801364 
 4151.9772 | 08743.1386 | 11:17:37 | 218.104990 | 358.801456 
 4151.9773 | 08743.1432 | 11:17:38 | 218.101034 | 358.801543 
 4151.9774 | 08743.1485 | 11:17:39 | 218.096476 | 358.801626 
 4151.9774 | 08743.1543 | 11:17:40 | 218.091489 | 358.801590 
 4151.9775 | 08743.1606 | 11:17:41 | 218.086072 | 358.801666 
 4151.9775 | 08743.1671 | 11:17:42 | 218.080483 | 358.801626 
 4151.9776 | 08743.1741 | 11:17:43 | 218.074464 | 358.801698 
 4151.9776 | 08743.1815 | 11:17:44 | 218.068101 | 358.801653 
 4151.9775 | 08743.1891 | 11:17:45 | 218.061568 | 358.801491 
 4151.9774 | 08743.1970 | 11:17:46 | 218.054776 | 358.801327 
 4151.9772 | 08743.2050 | 11:17:47 | 218.047899 | 358.801048 
 4151.9770 | 08743.2133 | 11:17:48 | 218.040765 | 358.800767 
 4151.9768 | 08743.2217 | 11:17:49 | 218.033544 | 358.800486 
 4151.9765 | 08743.2303 | 11:17:50 | 218.026152 | 358.800088 
 4151.9761 | 08743.2388 | 11:17:51 | 218.018847 | 358.799575 
 4151.9757 | 08743.2473 | 11:17:52 | 218.011542 | 358.799063 
 4151.9753 | 08743.2560 | 11:17:53 | 218.004065 | 358.798550 
 4151.9749 | 08743.2650 | 11:17:54 | 217.996330 | 358.798034 
 4151.9746 | 08743.2740 | 11:17:55 | 217.988595 | 358.797634 
 4151.9744 | 08743.2828 | 11:17:56 | 217.981030 | 358.797350 
 4151.9743 | 08743.2910 | 11:17:57 | 217.973980 | 358.797185 
 4151.9742 | 08743.2983 | 11:17:58 | 217.967705 | 358.797025 
 4151.9741 | 08743.3047 | 11:17:59 | 217.962203 | 358.796871 
 4151.9739 | 08743.3103 | 11:18:00 | 217.957390 | 358.796607 
 4151.9738 | 08743.3153 | 11:18:01 | 217.953091 | 358.796461 
 4151.9737 | 08743.3194 | 11:18:02 | 217.949567 | 358.796321 
 4151.9737 | 08743.3225 | 11:18:03 | 217.946902 | 358.796302 
 4151.9736 | 08743.3242 | 11:18:04 | 217.945441 | 358.796176 
 4151.9736 | 08743.3249 | 11:18:05 | 217.944839 | 358.796172 
 4151.9736 | 08743.3252 | 11:18:06 | 217.944581 | 358.796170 
 4151.9736 | 08743.3257 | 11:18:07 | 217.944151 | 358.796167 
 4151.9735 | 08743.3270 | 11:18:08 | 217.943034 | 358.796044 
 4151.9735 | 08743.3291 | 11:18:09 | 217.941229 | 358.796031 
 4151.9735 | 08743.3317 | 11:18:10 | 217.938993 | 358.796015 
 4151.9735 | 08743.3343 | 11:18:11 | 217.936758 | 358.796000 
 4151.9734 | 08743.3361 | 11:18:12 | 217.935211 | 358.795874 
 4151.9734 | 08743.3369 | 11:18:13 | 217.934523 | 358.795869 
 4151.9733 | 08743.3370 | 11:18:14 | 217.934438 | 358.795753 
 4151.9733 | 08743.3370 | 11:18:15 | 217.934438 | 358.795753 
 4151.9733 | 08743.3370 | 11:18:16 | 217.934438 | 358.795753 
 4151.9733 | 08743.3370 | 11:18:17 | 217.934438 | 358.795753 
 4151.9733 | 08743.3370 | 11:18:18 | 217.934438 | 358.795753 
 4151.9733 | 08743.3370 | 11:18:19 | 217.934438 | 358.795753 
 4151.9733 | 08743.3370 | 11:18:20 | 217.934438 | 358.795753 
 4151.9733 | 08743.3370 | 11:18:21 | 217.934438 | 358.795753 
 4151.9733 | 08743.3370 | 11:18:22 | 217.934438 | 358.795753 
 4151.9734 | 08743.3371 | 11:18:23 | 217.934351 | 358.795867 
 4151.9734 | 08743.3385 | 11:18:24 | 217.933147 | 358.795859 
 4151.9733 | 08743.3410 | 11:18:25 | 217.930999 | 358.795729 
 4151.9733 | 08743.3439 | 11:18:26 | 217.928505 | 358.795711 
 4151.9732 | 08743.3469 | 11:18:27 | 217.925927 | 358.795577 
 4151.9732 | 08743.3499 | 11:18:28 | 217.923347 | 358.795559 
 4151.9731 | 08743.3533 | 11:18:29 | 217.920425 | 358.795423 
 4151.9730 | 08743.3572 | 11:18:30 | 217.917072 | 358.795284 
 4151.9728 | 08743.3616 | 11:18:31 | 217.913291 | 358.795027 
 4151.9727 | 08743.3667 | 11:18:32 | 217.908907 | 358.794881 
 4151.9726 | 08743.3723 | 11:18:33 | 217.904093 | 358.794732 
 4151.9725 | 08743.3785 | 11:18:34 | 217.898763 | 358.794579 
 4151.9725 | 08743.3852 | 11:18:35 | 217.893002 | 358.794538 
 4151.9725 | 08743.3923 | 11:18:36 | 217.886898 | 358.794495 
 4151.9725 | 08743.3996 | 11:18:37 | 217.880621 | 358.794450 
 4151.9723 | 08743.4070 | 11:18:38 | 217.874260 | 358.794175 
 4151.9722 | 08743.4143 | 11:18:39 | 217.867984 | 358.794015 
 4151.9721 | 08743.4212 | 11:18:40 | 217.862053 | 358.793858 
 4151.9719 | 08743.4278 | 11:18:41 | 217.856380 | 358.793588 
 4151.9719 | 08743.4337 | 11:18:42 | 217.851307 | 358.793552 
 4151.9719 | 08743.4389 | 11:18:43 | 217.846836 | 358.793520 
 4151.9719 | 08743.4431 | 11:18:44 | 217.843225 | 358.793494 
 4151.9718 | 08743.4464 | 11:18:45 | 217.840388 | 358.793359 
 4151.9718 | 08743.4493 | 11:18:46 | 217.837895 | 358.793341 
 4151.9717 | 08743.4516 | 11:18:47 | 217.835918 | 358.793212 
 4151.9716 | 08743.4537 | 11:18:48 | 217.834113 | 358.793085 
 4151.9716 | 08743.4562 | 11:18:49 | 217.831964 | 358.793069 
 4151.9716 | 08743.4595 | 11:18:50 | 217.829126 | 358.793049 
 4151.9716 | 08743.4634 | 11:18:51 | 217.825773 | 358.793025 
 4151.9716 | 08743.4677 | 11:18:52 | 217.822076 | 358.792999 
 4151.9717 | 08743.4722 | 11:18:53 | 217.818206 | 358.793087 
 4151.9718 | 08743.4766 | 11:18:54 | 217.814422 | 358.793175 
 4151.9719 | 08743.4808 | 11:18:55 | 217.810810 | 358.793264 
 4151.9720 | 08743.4849 | 11:18:56 | 217.807284 | 358.793354 
 4151.9720 | 08743.4889 | 11:18:57 | 217.803845 | 358.793330 
 4151.9719 | 08743.4928 | 11:18:58 | 217.800493 | 358.793191 
 4151.9719 | 08743.4965 | 11:18:59 | 217.797311 | 358.793169 
 4151.9719 | 08743.5002 | 11:19:00 | 217.794130 | 358.793146 
 4151.9718 | 08743.5041 | 11:19:01 | 217.790778 | 358.793007 
 4151.9718 | 08743.5076 | 11:19:02 | 217.787768 | 358.792986 
 4151.9718 | 08743.5107 | 11:19:03 | 217.785103 | 358.792967 
 4151.9718 | 08743.5135 | 11:19:04 | 217.782696 | 358.792950 
 4151.9718 | 08743.5157 | 11:19:05 | 217.780804 | 358.792937 
 4151.9718 | 08743.5172 | 11:19:06 | 217.779514 | 358.792928 
 4151.9718 | 08743.5185 | 11:19:07 | 217.778397 | 358.792920 
 4151.9718 | 08743.5200 | 11:19:08 | 217.777107 | 358.792910 
 4151.9718 | 08743.5224 | 11:19:09 | 217.775043 | 358.792896 
 4151.9717 | 08743.5257 | 11:19:10 | 217.772207 | 358.792761 
 4151.9716 | 08743.5298 | 11:19:11 | 217.768683 | 358.792621 
 4151.9715 | 08743.5346 | 11:19:12 | 217.764556 | 358.792477 
 4151.9713 | 08743.5400 | 11:19:13 | 217.759915 | 358.792214 
 4151.9711 | 08743.5461 | 11:19:14 | 217.754672 | 358.791946 
 4151.9709 | 08743.5524 | 11:19:15 | 217.749257 | 358.791678 
 4151.9707 | 08743.5588 | 11:19:16 | 217.743756 | 358.791409 
 4151.9705 | 08743.5648 | 11:19:17 | 217.738599 | 358.791143 
 4151.9704 | 08743.5706 | 11:19:18 | 217.733613 | 358.790992 
 4151.9703 | 08743.5764 | 11:19:19 | 217.728627 | 358.790842 
 4151.9702 | 08743.5825 | 11:19:20 | 217.723383 | 358.790690 
 4151.9701 | 08743.5889 | 11:19:21 | 217.717881 | 358.790536 
 4151.9701 | 08743.5958 | 11:19:22 | 217.711948 | 358.790494 
 4151.9700 | 08743.6028 | 11:19:23 | 217.705930 | 358.790336 
 4151.9700 | 08743.6095 | 11:19:24 | 217.700170 | 358.790296 
 4151.9699 | 08743.6156 | 11:19:25 | 217.694926 | 358.790144 
 4151.9699 | 08743.6214 | 11:19:26 | 217.689939 | 358.790108 
 4151.9698 | 08743.6270 | 11:19:27 | 217.685125 | 358.789959 
 4151.9698 | 08743.6324 | 11:19:28 | 217.680482 | 358.789927 
 4151.9698 | 08743.6377 | 11:19:29 | 217.675925 | 358.789894 
 4151.9698 | 08743.6430 | 11:19:30 | 217.671368 | 358.789862 
 4151.9697 | 08743.6485 | 11:19:31 | 217.666640 | 358.789714 
 4151.9694 | 08743.6542 | 11:19:32 | 217.661741 | 358.789334 
 4151.9691 | 08743.6602 | 11:19:33 | 217.656585 | 358.788953 
 4151.9689 | 08743.6665 | 11:19:34 | 217.651170 | 358.788684 
 4151.9688 | 08743.6731 | 11:19:35 | 217.645496 | 358.788529 
 4151.9686 | 08743.6801 | 11:19:36 | 217.639479 | 358.788257 
 4151.9685 | 08743.6874 | 11:19:37 | 217.633203 | 358.788098 
 4151.9684 | 08743.6948 | 11:19:38 | 217.626842 | 358.787938 
 4151.9682 | 08743.7023 | 11:19:39 | 217.620395 | 358.787662 
 4151.9681 | 08743.7095 | 11:19:40 | 217.614205 | 358.787504 
 4151.9680 | 08743.7162 | 11:19:41 | 217.608445 | 358.787348 
 4151.9678 | 08743.7219 | 11:19:42 | 217.603546 | 358.787083 
 4151.9676 | 08743.7265 | 11:19:43 | 217.599593 | 358.786826 
 4151.9675 | 08743.7299 | 11:19:44 | 217.596670 | 358.786690 
 4151.9674 | 08743.7322 | 11:19:45 | 217.594693 | 358.786561 
 4151.9674 | 08743.7336 | 11:19:46 | 217.593490 | 358.786552 
 4151.9673 | 08743.7345 | 11:19:47 | 217.592717 | 358.786432 
 4151.9673 | 08743.7354 | 11:19:48 | 217.591943 | 358.786427 
 4151.9673 | 08743.7370 | 11:19:49 | 217.590567 | 358.786417 
 4151.9672 | 08743.7396 | 11:19:50 | 217.588332 | 358.786286 
 4151.9671 | 08743.7433 | 11:19:51 | 217.585152 | 358.786149 
 4151.9670 | 08743.7478 | 11:19:52 | 217.581284 | 358.786006 
 4151.9670 | 08743.7530 | 11:19:53 | 217.576813 | 358.785975 
 4151.9671 | 08743.7588 | 11:19:54 | 217.571825 | 358.786055 
 4151.9671 | 08743.7651 | 11:19:55 | 217.566408 | 358.786017 
 4151.9672 | 08743.7716 | 11:19:56 | 217.560819 | 358.786093 
 4151.9674 | 08743.7781 | 11:19:57 | 217.555228 | 358.786283 
 4151.9675 | 08743.7840 | 11:19:58 | 217.550155 | 358.786363 
 4151.9675 | 08743.7895 | 11:19:59 | 217.545426 | 358.786329 
 4151.9674 | 08743.7946 | 11:20:00 | 217.541042 | 358.786184 
 4151.9673 | 08743.7996 | 11:20:01 | 217.536744 | 358.786038 
 4151.9672 | 08743.8046 | 11:20:02 | 217.532445 | 358.785893 
 4151.9672 | 08743.8095 | 11:20:03 | 217.528232 | 358.785863 
 4151.9672 | 08743.8140 | 11:20:04 | 217.524363 | 358.785836 
 4151.9671 | 08743.8183 | 11:20:05 | 217.520667 | 358.785695 
 4151.9669 | 08743.8224 | 11:20:06 | 217.517143 | 358.785440 
 4151.9668 | 08743.8263 | 11:20:07 | 217.513791 | 358.785302 
 4151.9666 | 08743.8302 | 11:20:08 | 217.510439 | 358.785048 
 4151.9663 | 08743.8339 | 11:20:09 | 217.507261 | 358.784681 
 4151.9661 | 08743.8374 | 11:20:10 | 217.504253 | 358.784430 
 4151.9659 | 08743.8407 | 11:20:11 | 217.501417 | 358.784180 
 4151.9658 | 08743.8440 | 11:20:12 | 217.498581 | 358.784045 
 4151.9658 | 08743.8473 | 11:20:13 | 217.495743 | 358.784025 
 4151.9657 | 08743.8511 | 11:20:14 | 217.492477 | 358.783887 
 4151.9655 | 08743.8555 | 11:20:15 | 217.488695 | 358.783630 
 4151.9658 | 08743.8618 | 11:20:16 | 217.483276 | 358.783937 
 4151.9662 | 08743.8674 | 11:20:17 | 217.478458 | 358.784364 
 4151.9669 | 08743.8731 | 11:20:18 | 217.473552 | 358.785134 
 4151.9667 | 08743.8795 | 11:20:19 | 217.468050 | 358.784866 
 4151.9668 | 08743.8857 | 11:20:20 | 217.462719 | 358.784943 
 4151.9667 | 08743.8916 | 11:20:21 | 217.457647 | 358.784793 
 4151.9665 | 08743.8971 | 11:20:22 | 217.452920 | 358.784530 
 4151.9662 | 08743.9024 | 11:20:23 | 217.448365 | 358.784153 
 4151.9661 | 08743.9074 | 11:20:24 | 217.444067 | 358.784008 
 4151.9659 | 08743.9121 | 11:20:25 | 217.440027 | 358.783749 
 4151.9661 | 08743.9169 | 11:20:26 | 217.435899 | 358.783950 
 4151.9661 | 08743.9218 | 11:20:27 | 217.431686 | 358.783921 
 4151.9660 | 08743.9273 | 11:20:28 | 217.426958 | 358.783773 
 4151.9658 | 08743.9332 | 11:20:29 | 217.421886 | 358.783507 
 4151.9657 | 08743.9396 | 11:20:30 | 217.416385 | 358.783354 
 4151.9655 | 08743.9463 | 11:20:31 | 217.410625 | 358.783083 
 4151.9652 | 08743.9534 | 11:20:32 | 217.404523 | 358.782695 
 4151.9651 | 08743.9609 | 11:20:33 | 217.398076 | 358.782535 
 4151.9650 | 08743.9684 | 11:20:34 | 217.391628 | 358.782375 
 4151.9649 | 08743.9761 | 11:20:35 | 217.385008 | 358.782214 
 4151.9649 | 08743.9839 | 11:20:36 | 217.378302 | 358.782167 
 4151.9648 | 08743.9914 | 11:20:37 | 217.371854 | 358.782007 
 4151.9647 | 08743.9987 | 11:20:38 | 217.365578 | 358.781848 
 4151.9646 | 08744.0056 | 11:20:39 | 217.359647 | 358.781691 
 4151.9645 | 08744.0121 | 11:20:40 | 217.354059 | 358.781537 
 4151.9644 | 08744.0182 | 11:20:41 | 217.348815 | 358.781386 
 4151.9644 | 08744.0241 | 11:20:42 | 217.343742 | 358.781350 
 4151.9643 | 08744.0295 | 11:20:43 | 217.339100 | 358.781203 
 4151.9642 | 08744.0344 | 11:20:44 | 217.334888 | 358.781058 
 4151.9641 | 08744.0382 | 11:20:45 | 217.331621 | 358.780920 
 4151.9640 | 08744.0409 | 11:20:46 | 217.329300 | 358.780789 
 4151.9640 | 08744.0426 | 11:20:47 | 217.327839 | 358.780779 
 4151.9640 | 08744.0434 | 11:20:48 | 217.327151 | 358.780774 
 4151.9640 | 08744.0436 | 11:20:49 | 217.326979 | 358.780773 
 4151.9639 | 08744.0435 | 11:20:50 | 217.327066 | 358.780659 
 4151.9639 | 08744.0434 | 11:20:51 | 217.327152 | 358.780659 
 4151.9639 | 08744.0434 | 11:20:52 | 217.327152 | 358.780659 
 4151.9639 | 08744.0434 | 11:20:53 | 217.327152 | 358.780659 
 4151.9639 | 08744.0434 | 11:20:54 | 217.327152 | 358.780659 
 4151.9639 | 08744.0434 | 11:20:55 | 217.327152 | 358.780659 
 4151.9639 | 08744.0434 | 11:20:56 | 217.327152 | 358.780659 
 4151.9639 | 08744.0434 | 11:20:57 | 217.327152 | 358.780659 
 4151.9639 | 08744.0434 | 11:20:58 | 217.327152 | 358.780659 
 4151.9639 | 08744.0434 | 11:20:59 | 217.327152 | 358.780659 
 4151.9639 | 08744.0434 | 11:21:00 | 217.327152 | 358.780659 
 4151.9639 | 08744.0434 | 11:21:01 | 217.327152 | 358.780659 
 4151.9639 | 08744.0434 | 11:21:02 | 217.327152 | 358.780659 
 4151.9637 | 08744.0436 | 11:21:03 | 217.326981 | 358.780428 
 4151.9637 | 08744.0448 | 11:21:04 | 217.325950 | 358.780421 
 4151.9636 | 08744.0463 | 11:21:05 | 217.324661 | 358.780297 
 4151.9636 | 08744.0481 | 11:21:06 | 217.323113 | 358.780286 
 4151.9636 | 08744.0498 | 11:21:07 | 217.321651 | 358.780276 
 4151.9635 | 08744.0513 | 11:21:08 | 217.320362 | 358.780152 
 4151.9635 | 08744.0525 | 11:21:09 | 217.319331 | 358.780144 
 4151.9634 | 08744.0536 | 11:21:10 | 217.318386 | 358.780023 
 4151.9634 | 08744.0546 | 11:21:11 | 217.317526 | 358.780017 
 4151.9634 | 08744.0556 | 11:21:12 | 217.316666 | 358.780011 
 4151.9634 | 08744.0563 | 11:21:13 | 217.316064 | 358.780007 
 4151.9634 | 08744.0569 | 11:21:14 | 217.315548 | 358.780003 
 4151.9634 | 08744.0575 | 11:21:15 | 217.315033 | 358.779999 
 4151.9634 | 08744.0584 | 11:21:16 | 217.314259 | 358.779994 
 4151.9634 | 08744.0600 | 11:21:17 | 217.312883 | 358.779984 
 4151.9634 | 08744.0626 | 11:21:18 | 217.310648 | 358.779969 
 4151.9634 | 08744.0657 | 11:21:19 | 217.307982 | 358.779950 
 4151.9634 | 08744.0682 | 11:21:20 | 217.305833 | 358.779935 
 4151.9634 | 08744.0700 | 11:21:21 | 217.304285 | 358.779924 
 4151.9634 | 08744.0715 | 11:21:22 | 217.302995 | 358.779915 
 4151.9634 | 08744.0731 | 11:21:23 | 217.301620 | 358.779906 
 4151.9634 | 08744.0747 | 11:21:24 | 217.300244 | 358.779896 
 4151.9634 | 08744.0763 | 11:21:25 | 217.298868 | 358.779887 
 4151.9633 | 08744.0777 | 11:21:26 | 217.297665 | 358.779763 
 4151.9633 | 08744.0789 | 11:21:27 | 217.296634 | 358.779756 
 4151.9633 | 08744.0801 | 11:21:28 | 217.295602 | 358.779749 
 4151.9633 | 08744.0812 | 11:21:29 | 217.294656 | 358.779742 
 4151.9633 | 08744.0821 | 11:21:30 | 217.293882 | 358.779737 
 4151.9633 | 08744.0828 | 11:21:31 | 217.293280 | 358.779733 
 4151.9633 | 08744.0830 | 11:21:32 | 217.293108 | 358.779731 
 4151.9632 | 08744.0830 | 11:21:33 | 217.293109 | 358.779616 
 4151.9632 | 08744.0830 | 11:21:34 | 217.293109 | 358.779616 
 4151.9632 | 08744.0830 | 11:21:35 | 217.293109 | 358.779616 
 4151.9632 | 08744.0830 | 11:21:36 | 217.293109 | 358.779616 
 4151.9632 | 08744.0830 | 11:21:37 | 217.293109 | 358.779616 
 4151.9632 | 08744.0830 | 11:21:38 | 217.293109 | 358.779616 
 4151.9632 | 08744.0830 | 11:21:39 | 217.293109 | 358.779616 
 4151.9632 | 08744.0830 | 11:21:40 | 217.293109 | 358.779616 
 4151.9632 | 08744.0830 | 11:21:41 | 217.293109 | 358.779616 
 4151.9632 | 08744.0830 | 11:21:42 | 217.293109 | 358.779616 
 4151.9632 | 08744.0830 | 11:21:43 | 217.293109 | 358.779616 
 4151.9632 | 08744.0830 | 11:21:44 | 217.293109 | 358.779616 
 4151.9632 | 08744.0830 | 11:21:45 | 217.293109 | 358.779616 
 4151.9632 | 08744.0830 | 11:21:46 | 217.293109 | 358.779616 
 4151.9632 | 08744.0830 | 11:21:47 | 217.293109 | 358.779616 
 4151.9632 | 08744.0830 | 11:21:48 | 217.293109 | 358.779616 
 4151.9632 | 08744.0830 | 11:21:49 | 217.293109 | 358.779616 
 4151.9632 | 08744.0830 | 11:21:50 | 217.293109 | 358.779616 
 4151.9632 | 08744.0830 | 11:21:51 | 217.293109 | 358.779616 
 4151.9632 | 08744.0830 | 11:21:52 | 217.293109 | 358.779616 
 4151.9632 | 08744.0830 | 11:21:53 | 217.293109 | 358.779616 
 4151.9629 | 08744.0826 | 11:21:54 | 217.293456 | 358.779274 
 4151.9629 | 08744.0841 | 11:21:55 | 217.292166 | 358.779265 
 4151.9629 | 08744.0871 | 11:21:56 | 217.289586 | 358.779247 
 4151.9629 | 08744.0910 | 11:21:57 | 217.286233 | 358.779223 
 4151.9628 | 08744.0954 | 11:21:58 | 217.282451 | 358.779082 
 4151.9627 | 08744.1003 | 11:21:59 | 217.278239 | 358.778938 
 4151.9626 | 08744.1059 | 11:22:00 | 217.273425 | 358.778789 
 4151.9624 | 08744.1120 | 11:22:01 | 217.268181 | 358.778522 
 4151.9622 | 08744.1186 | 11:22:02 | 217.262508 | 358.778253 
 4151.9621 | 08744.1255 | 11:22:03 | 217.256577 | 358.778097 
 4151.9620 | 08744.1328 | 11:22:04 | 217.250301 | 358.777938 
 4151.9620 | 08744.1406 | 11:22:05 | 217.243594 | 358.777891 
 4151.9618 | 08744.1490 | 11:22:06 | 217.236374 | 358.777611 
 4151.9617 | 08744.1578 | 11:22:07 | 217.228808 | 358.777443 
 4151.9616 | 08744.1672 | 11:22:08 | 217.220727 | 358.777272 
 4151.9614 | 08744.1768 | 11:22:09 | 217.212474 | 358.776984 
 4151.9613 | 08744.1868 | 11:22:10 | 217.203877 | 358.776810 
 4151.9612 | 08744.1971 | 11:22:11 | 217.195022 | 358.776633 
 4151.9610 | 08744.2075 | 11:22:12 | 217.186082 | 358.776341 
 4151.9608 | 08744.2181 | 11:22:13 | 217.176969 | 358.776047 
 4151.9607 | 08744.2289 | 11:22:14 | 217.167684 | 358.775868 
 4151.9606 | 08744.2398 | 11:22:15 | 217.158313 | 358.775688 
 4151.9604 | 08744.2508 | 11:22:16 | 217.148857 | 358.775392 
 4151.9603 | 08744.2619 | 11:22:17 | 217.139314 | 358.775211 
 4151.9602 | 08744.2731 | 11:22:18 | 217.129685 | 358.775029 
 4151.9602 | 08744.2844 | 11:22:19 | 217.119969 | 358.774962 
 4151.9601 | 08744.2955 | 11:22:20 | 217.110426 | 358.774780 
 4151.9599 | 08744.3064 | 11:22:21 | 217.101056 | 358.774485 
 4151.9597 | 08744.3172 | 11:22:22 | 217.091772 | 358.774191 
 4151.9595 | 08744.3280 | 11:22:23 | 217.082488 | 358.773897 
 4151.9594 | 08744.3388 | 11:22:24 | 217.073202 | 358.773717 
 4151.9593 | 08744.3497 | 11:22:25 | 217.063831 | 358.773537 
 4151.9591 | 08744.3606 | 11:22:26 | 217.054461 | 358.773243 
 4151.9588 | 08744.3717 | 11:22:27 | 217.044920 | 358.772831 
 4151.9585 | 08744.3829 | 11:22:28 | 217.035292 | 358.772420 
 4151.9578 | 08744.4052 | 11:22:30 | 217.016124 | 358.771482 
 4151.9575 | 08744.4164 | 11:22:31 | 217.006497 | 358.771070 
 4151.9579 | 08744.4311 | 11:22:32 | 216.993855 | 358.771443 
 4151.9587 | 08744.4436 | 11:22:33 | 216.983101 | 358.772289 
 4151.9590 | 08744.4555 | 11:22:34 | 216.972867 | 358.772564 
 4151.9589 | 08744.4674 | 11:22:35 | 216.962636 | 358.772378 
 4151.9586 | 08744.4792 | 11:22:36 | 216.952493 | 358.771963 
 4151.9584 | 08744.4911 | 11:22:37 | 216.942263 | 358.771662 
 4151.9582 | 08744.5027 | 11:22:38 | 216.932291 | 358.771364 
 4151.9579 | 08744.5142 | 11:22:39 | 216.922405 | 358.770950 
 4151.9578 | 08744.5251 | 11:22:40 | 216.913034 | 358.770771 
 4151.9577 | 08744.5356 | 11:22:41 | 216.904007 | 358.770594 
 4151.9576 | 08744.5453 | 11:22:42 | 216.895668 | 358.770421 
 4151.9576 | 08744.5544 | 11:22:43 | 216.887844 | 358.770367 
 4151.9576 | 08744.5625 | 11:22:44 | 216.880879 | 358.770319 
 4151.9574 | 08744.5697 | 11:22:45 | 216.874690 | 358.770047 
 4151.9570 | 08744.5763 | 11:22:46 | 216.869019 | 358.769548 
 4151.9568 | 08744.5823 | 11:22:47 | 216.863861 | 358.769282 
 4151.9568 | 08744.5882 | 11:22:48 | 216.858789 | 358.769247 
 4151.9573 | 08744.5948 | 11:22:49 | 216.853110 | 358.769783 
 4151.9578 | 08744.6025 | 11:22:50 | 216.846486 | 358.770313 
 4151.9583 | 08744.6110 | 11:22:51 | 216.839173 | 358.770838 
 4151.9586 | 08744.6197 | 11:22:52 | 216.831691 | 358.771132 
 4151.9586 | 08744.6282 | 11:22:53 | 216.824382 | 358.771081 
 4151.9586 | 08744.6359 | 11:22:54 | 216.817762 | 358.771036 
 4151.9585 | 08744.6425 | 11:22:55 | 216.812088 | 358.770882 
 4151.9584 | 08744.6480 | 11:22:56 | 216.807360 | 358.770734 
 4151.9583 | 08744.6519 | 11:22:57 | 216.804007 | 358.770596 
 4151.9582 | 08744.6546 | 11:22:58 | 216.801687 | 358.770465 
 4151.9582 | 08744.6564 | 11:22:59 | 216.800139 | 358.770455 
 4151.9581 | 08744.6576 | 11:23:00 | 216.799108 | 358.770333 
 4151.9581 | 08744.6581 | 11:23:01 | 216.798678 | 358.770330 
 4151.9580 | 08744.6582 | 11:23:02 | 216.798593 | 358.770214 
 4151.9580 | 08744.6581 | 11:23:03 | 216.798679 | 358.770215 
 4151.9579 | 08744.6580 | 11:23:04 | 216.798766 | 358.770100 
 4151.9579 | 08744.6580 | 11:23:05 | 216.798766 | 358.770100 
 4151.9579 | 08744.6580 | 11:23:06 | 216.798766 | 358.770100 
 4151.9579 | 08744.6580 | 11:23:07 | 216.798766 | 358.770100 
 4151.9579 | 08744.6580 | 11:23:08 | 216.798766 | 358.770100 
 4151.9579 | 08744.6580 | 11:23:09 | 216.798766 | 358.770100 
 4151.9579 | 08744.6580 | 11:23:10 | 216.798766 | 358.770100 
 4151.9579 | 08744.6580 | 11:23:11 | 216.798766 | 358.770100 
 4151.9579 | 08744.6580 | 11:23:12 | 216.798766 | 358.770100 
 4151.9579 | 08744.6580 | 11:23:13 | 216.798766 | 358.770100 
 4151.9579 | 08744.6580 | 11:23:14 | 216.798766 | 358.770100 
 4151.9574 | 08744.6584 | 11:23:15 | 216.798426 | 358.769523 
 4151.9573 | 08744.6591 | 11:23:16 | 216.797825 | 358.769404 
 4151.9573 | 08744.6598 | 11:23:17 | 216.797223 | 358.769400 
 4151.9572 | 08744.6601 | 11:23:18 | 216.796966 | 358.769283 
 4151.9572 | 08744.6601 | 11:23:19 | 216.796966 | 358.769283 
 4151.9571 | 08744.6600 | 11:23:20 | 216.797052 | 358.769168 
 4151.9571 | 08744.6600 | 11:23:21 | 216.797052 | 358.769168 
 4151.9571 | 08744.6600 | 11:23:22 | 216.797052 | 358.769168 
 4151.9571 | 08744.6600 | 11:23:23 | 216.797052 | 358.769168 
 4151.9571 | 08744.6600 | 11:23:24 | 216.797052 | 358.769168 
 4151.9571 | 08744.6600 | 11:23:25 | 216.797052 | 358.769168 
 4151.9571 | 08744.6600 | 11:23:26 | 216.797052 | 358.769168 
 4151.9571 | 08744.6600 | 11:23:27 | 216.797052 | 358.769168 
 4151.9571 | 08744.6600 | 11:23:28 | 216.797052 | 358.769168 
 4151.9571 | 08744.6600 | 11:23:29 | 216.797052 | 358.769168 
 4151.9564 | 08744.6601 | 11:23:30 | 216.796972 | 358.768363 
 4151.9564 | 08744.6604 | 11:23:31 | 216.796714 | 358.768361 
 4151.9564 | 08744.6613 | 11:23:32 | 216.795940 | 358.768355 
 4151.9563 | 08744.6633 | 11:23:33 | 216.794221 | 358.768229 
 4151.9562 | 08744.6664 | 11:23:34 | 216.791557 | 358.768095 
 4151.9561 | 08744.6701 | 11:23:35 | 216.788376 | 358.767959 
 4151.9561 | 08744.6744 | 11:23:36 | 216.784679 | 358.767933 
 4151.9562 | 08744.6796 | 11:23:37 | 216.780207 | 358.768018 
 4151.9563 | 08744.6852 | 11:23:38 | 216.775392 | 358.768100 
 4151.9564 | 08744.6909 | 11:23:39 | 216.770490 | 358.768181 
 4151.9565 | 08744.6964 | 11:23:40 | 216.765760 | 358.768264 
 4151.9565 | 08744.7020 | 11:23:41 | 216.760945 | 358.768231 
 4151.9564 | 08744.7078 | 11:23:42 | 216.755959 | 358.768081 
 4151.9563 | 08744.7134 | 11:23:43 | 216.751145 | 358.767933 
 4151.9563 | 08744.7185 | 11:23:44 | 216.746760 | 358.767903 
 4151.9562 | 08744.7233 | 11:23:45 | 216.742634 | 358.767760 
 4151.9560 | 08744.7284 | 11:23:46 | 216.738251 | 358.767500 
 4151.9557 | 08744.7343 | 11:23:47 | 216.733180 | 358.767120 
 4151.9552 | 08744.7413 | 11:23:48 | 216.727166 | 358.766504 
 4151.9547 | 08744.7494 | 11:23:49 | 216.720205 | 358.765881 
 4151.9542 | 08744.7582 | 11:23:50 | 216.712643 | 358.765254 
 4151.9542 | 08744.7676 | 11:23:51 | 216.704561 | 358.765199 
 4151.9541 | 08744.7773 | 11:23:52 | 216.696221 | 358.765027 
 4151.9540 | 08744.7872 | 11:23:53 | 216.687710 | 358.764854 
 4151.9537 | 08744.7972 | 11:23:54 | 216.679114 | 358.764450 
 4151.9536 | 08744.8075 | 11:23:55 | 216.670259 | 358.764274 
 4151.9534 | 08744.8180 | 11:23:56 | 216.661233 | 358.763982 
 4151.9533 | 08744.8284 | 11:23:57 | 216.652292 | 358.763806 
 4151.9531 | 08744.8388 | 11:23:58 | 216.643351 | 358.763515 
 4151.9530 | 08744.8493 | 11:23:59 | 216.634324 | 358.763339 
 4151.9528 | 08744.8597 | 11:24:00 | 216.625384 | 358.763048 
 4151.9527 | 08744.8703 | 11:24:01 | 216.616271 | 358.762870 
 4151.9526 | 08744.8811 | 11:24:02 | 216.606986 | 358.762692 
 4151.9524 | 08744.8921 | 11:24:03 | 216.597529 | 358.762397 
 4151.9523 | 08744.9032 | 11:24:04 | 216.587986 | 358.762217 
 4151.9521 | 08744.9144 | 11:24:05 | 216.578358 | 358.761922 
 4151.9519 | 08744.9254 | 11:24:06 | 216.568902 | 358.761627 
 4151.9518 | 08744.9362 | 11:24:07 | 216.559617 | 358.761449 
 4151.9518 | 08744.9470 | 11:24:08 | 216.550331 | 358.761386 
 4151.9517 | 08744.9579 | 11:24:09 | 216.540960 | 358.761207 
 4151.9516 | 08744.9686 | 11:24:10 | 216.531761 | 358.761029 
 4151.9515 | 08744.9791 | 11:24:11 | 216.522733 | 358.760853 
 4151.9514 | 08744.9894 | 11:24:12 | 216.513878 | 358.760678 
 4151.9513 | 08744.9996 | 11:24:13 | 216.505109 | 358.760503 
 4151.9512 | 08745.0097 | 11:24:14 | 216.496426 | 358.760329 
 4151.9511 | 08745.0197 | 11:24:15 | 216.487829 | 358.760156 
 4151.9509 | 08745.0297 | 11:24:16 | 216.479232 | 358.759867 
 4151.9508 | 08745.0397 | 11:24:17 | 216.470635 | 358.759694 
 4151.9507 | 08745.0497 | 11:24:18 | 216.462038 | 358.759521 
 4151.9507 | 08745.0600 | 11:24:19 | 216.453182 | 358.759460 
 4151.9506 | 08745.0705 | 11:24:20 | 216.444155 | 358.759284 
 4151.9505 | 08745.0811 | 11:24:21 | 216.435041 | 358.759107 
 4151.9503 | 08745.0920 | 11:24:22 | 216.425671 | 358.758814 
 4151.9501 | 08745.1030 | 11:24:23 | 216.416215 | 358.758520 
 4151.9500 | 08745.1141 | 11:24:24 | 216.406672 | 358.758340 
 4151.9498 | 08745.1251 | 11:24:25 | 216.397215 | 358.758046 
 4151.9497 | 08745.1360 | 11:24:26 | 216.387844 | 358.757867 
 4151.9496 | 08745.1468 | 11:24:27 | 216.378559 | 358.757690 
 4151.9495 | 08745.1568 | 11:24:28 | 216.369962 | 358.757516 
 4151.9494 | 08745.1649 | 11:24:29 | 216.362998 | 358.757354 
 4151.9492 | 08745.1706 | 11:24:30 | 216.358099 | 358.757091 
 4151.9490 | 08745.1750 | 11:24:31 | 216.354318 | 358.756835 
 4151.9489 | 08745.1789 | 11:24:32 | 216.350965 | 358.756698 
 4151.9488 | 08745.1827 | 11:24:33 | 216.347699 | 358.756561 
 4151.9487 | 08745.1866 | 11:24:34 | 216.344346 | 358.756423 
 4151.9486 | 08745.1909 | 11:24:35 | 216.340650 | 358.756283 
 4151.9485 | 08745.1961 | 11:24:36 | 216.336180 | 358.756138 
 4151.9485 | 08745.2022 | 11:24:37 | 216.330935 | 358.756102 
 4151.9485 | 08745.2091 | 11:24:38 | 216.325002 | 358.756062 
 4151.9487 | 08745.2166 | 11:24:39 | 216.318552 | 358.756249 
 4151.9491 | 08745.2245 | 11:24:40 | 216.311756 | 358.756663 
 4151.9496 | 08745.2325 | 11:24:41 | 216.304874 | 358.757192 
 4151.9498 | 08745.2399 | 11:24:42 | 216.298510 | 358.757379 
 4151.9497 | 08745.2467 | 11:24:43 | 216.292664 | 358.757224 
 4151.9496 | 08745.2528 | 11:24:44 | 216.287420 | 358.757074 
 4151.9496 | 08745.2584 | 11:24:45 | 216.282605 | 358.757041 
 4151.9496 | 08745.2633 | 11:24:46 | 216.278392 | 358.757013 
 4151.9499 | 08745.2672 | 11:24:47 | 216.275037 | 358.757335 
 4151.9510 | 08745.2698 | 11:24:48 | 216.272793 | 358.758586 
 4151.9529 | 08745.2709 | 11:24:49 | 216.271832 | 358.760765 
 4151.9555 | 08745.2712 | 11:24:50 | 216.271554 | 358.763754 
 4151.9589 | 08745.2713 | 11:24:51 | 216.271442 | 358.767664 
 4151.9632 | 08745.2717 | 11:24:52 | 216.271064 | 358.772608 
 4151.9684 | 08745.2720 | 11:24:53 | 216.270766 | 358.778587 
 4151.9743 | 08745.2723 | 11:24:54 | 216.270462 | 358.785372 
 4151.9808 | 08745.2725 | 11:24:55 | 216.270240 | 358.792847 
 4151.9877 | 08745.2728 | 11:24:56 | 216.269929 | 358.800782 
 4151.9949 | 08745.2729 | 11:24:57 | 216.269787 | 358.809064 
 4152.0023 | 08745.2732 | 11:24:58 | 216.269471 | 358.817574 
 4152.0097 | 08745.2734 | 11:24:59 | 216.269242 | 358.826084 
 4152.0173 | 08745.2736 | 11:25:00 | 216.269011 | 358.834825 
 4152.0251 | 08745.2738 | 11:25:01 | 216.268779 | 358.843796 
 4152.0329 | 08745.2740 | 11:25:02 | 216.268546 | 358.852767 
 4152.0408 | 08745.2741 | 11:25:03 | 216.268399 | 358.861853 
 4152.0488 | 08745.2743 | 11:25:04 | 216.268165 | 358.871054 
 4152.0566 | 08745.2746 | 11:25:05 | 216.267847 | 358.880024 
 4152.0642 | 08745.2749 | 11:25:06 | 216.267530 | 358.888764 
 4152.0716 | 08745.2751 | 11:25:07 | 216.267300 | 358.897275 
 4152.0788 | 08745.2752 | 11:25:08 | 216.267159 | 358.905556 
 4152.0857 | 08745.2753 | 11:25:09 | 216.267019 | 358.913492 
 4152.0923 | 08745.2754 | 11:25:10 | 216.266882 | 358.921083 
 4152.0989 | 08745.2755 | 11:25:11 | 216.266745 | 358.928674 
 4152.1055 | 08745.2756 | 11:25:12 | 216.266608 | 358.936265 
 4152.1123 | 08745.2758 | 11:25:13 | 216.266383 | 358.944086 
 4152.1190 | 08745.2761 | 11:25:14 | 216.266073 | 358.951791 
 4152.1256 | 08745.2762 | 11:25:15 | 216.265936 | 358.959382 
 4152.1323 | 08745.2764 | 11:25:16 | 216.265712 | 358.967088 
 4152.1393 | 08745.2766 | 11:25:17 | 216.265486 | 358.975138 
 4152.1467 | 08745.2768 | 11:25:18 | 216.265257 | 358.983649 
 4152.1543 | 08745.2771 | 11:25:19 | 216.264940 | 358.992389 
 4152.1621 | 08745.2774 | 11:25:20 | 216.264621 | 359.001359 
 4152.1701 | 08745.2776 | 11:25:21 | 216.264387 | 359.010560 
 4152.1783 | 08745.2779 | 11:25:22 | 216.264066 | 359.019990 
 4152.1865 | 08745.2781 | 11:25:23 | 216.263830 | 359.029421 
 4152.1948 | 08745.2783 | 11:25:24 | 216.263594 | 359.038967 
 4152.2030 | 08745.2786 | 11:25:25 | 216.263272 | 359.048397 
 4152.2109 | 08745.2788 | 11:25:26 | 216.263039 | 359.057483 
 4152.2184 | 08745.2791 | 11:25:27 | 216.262723 | 359.066108 
 4152.2253 | 08745.2793 | 11:25:28 | 216.262498 | 359.074044 
 4152.2316 | 08745.2795 | 11:25:29 | 216.262277 | 359.081289 
 4152.2370 | 08745.2795 | 11:25:30 | 216.262235 | 359.087501 
 4152.2416 | 08745.2795 | 11:25:31 | 216.262199 | 359.092792 
 4152.2451 | 08745.2794 | 11:25:32 | 216.262258 | 359.096818 
 4152.2476 | 08745.2794 | 11:25:33 | 216.262239 | 359.099694 
 4152.2489 | 08745.2794 | 11:25:34 | 216.262229 | 359.101189 
 4152.2498 | 08745.2794 | 11:25:35 | 216.262222 | 359.102224 
 4152.2505 | 08745.2794 | 11:25:36 | 216.262216 | 359.103030 
 4152.2511 | 08745.2794 | 11:25:37 | 216.262212 | 359.103720 
 4152.2517 | 08745.2794 | 11:25:38 | 216.262207 | 359.104410 
 4152.2526 | 08745.2794 | 11:25:39 | 216.262200 | 359.105445 
 4152.2541 | 08745.2794 | 11:25:40 | 216.262188 | 359.107171 
 4152.2559 | 08745.2795 | 11:25:41 | 216.262088 | 359.109240 
 4152.2580 | 08745.2799 | 11:25:42 | 216.261728 | 359.111654 
 4152.2600 | 08745.2810 | 11:25:43 | 216.260767 | 359.113948 
 4152.2618 | 08745.2831 | 11:25:44 | 216.258948 | 359.116006 
 4152.2632 | 08745.2864 | 11:25:45 | 216.256100 | 359.117597 
 4152.2639 | 08745.2906 | 11:25:46 | 216.252483 | 359.118378 
 4152.2641 | 08745.2954 | 11:25:47 | 216.248355 | 359.118580 
 4152.2643 | 08745.3005 | 11:25:48 | 216.243969 | 359.118781 
 4152.2646 | 08745.3061 | 11:25:49 | 216.239152 | 359.119094 
 4152.2647 | 08745.3122 | 11:25:50 | 216.233907 | 359.119173 
 4152.2648 | 08745.3185 | 11:25:51 | 216.228490 | 359.119252 
 4152.2648 | 08745.3250 | 11:25:52 | 216.222902 | 359.119214 
 4152.2648 | 08745.3315 | 11:25:53 | 216.217313 | 359.119177 
 4152.2648 | 08745.3383 | 11:25:54 | 216.211467 | 359.119137 
 4152.2648 | 08745.3454 | 11:25:55 | 216.205363 | 359.119096 
 4152.2648 | 08745.3527 | 11:25:56 | 216.199087 | 359.119054 
 4152.2648 | 08745.3600 | 11:25:57 | 216.192811 | 359.119012 
 4152.2647 | 08745.3673 | 11:25:58 | 216.186536 | 359.118854 
 4152.2647 | 08745.3745 | 11:25:59 | 216.180346 | 359.118813 
 4152.2646 | 08745.3816 | 11:26:00 | 216.174242 | 359.118657 
 4152.2645 | 08745.3885 | 11:26:01 | 216.168311 | 359.118502 
 4152.2644 | 08745.3954 | 11:26:02 | 216.162379 | 359.118347 
 4152.2644 | 08745.4022 | 11:26:03 | 216.156533 | 359.118308 
 4152.2645 | 08745.4088 | 11:26:04 | 216.150858 | 359.118385 
 4152.2644 | 08745.4151 | 11:26:05 | 216.145443 | 359.118233 
 4152.2644 | 08745.4213 | 11:26:06 | 216.140112 | 359.118197 
 4152.2643 | 08745.4271 | 11:26:07 | 216.135127 | 359.118049 
 4152.2641 | 08745.4327 | 11:26:08 | 216.130314 | 359.117787 
 4152.2640 | 08745.4382 | 11:26:09 | 216.125586 | 359.117640 
 4152.2638 | 08745.4432 | 11:26:10 | 216.121289 | 359.117381 
 4152.2636 | 08745.4479 | 11:26:11 | 216.117250 | 359.117124 
 4152.2635 | 08745.4522 | 11:26:12 | 216.113554 | 359.116984 
 4152.2633 | 08745.4561 | 11:26:13 | 216.110202 | 359.116731 
 4152.2631 | 08745.4598 | 11:26:14 | 216.107023 | 359.116480 
 4152.2629 | 08745.4636 | 11:26:15 | 216.103757 | 359.116228 
 4152.2627 | 08745.4675 | 11:26:16 | 216.100406 | 359.115975 
 4152.2625 | 08745.4715 | 11:26:17 | 216.096968 | 359.115722 
 4152.2623 | 08745.4758 | 11:26:18 | 216.093273 | 359.115468 
 4152.2622 | 08745.4803 | 11:26:19 | 216.089405 | 359.115327 
 4152.2621 | 08745.4851 | 11:26:20 | 216.085279 | 359.115184 
 4152.2619 | 08745.4902 | 11:26:21 | 216.080896 | 359.114924 
 4152.2617 | 08745.4954 | 11:26:22 | 216.076427 | 359.114664 
 4152.2615 | 08745.5002 | 11:26:23 | 216.072302 | 359.114407 
 4152.2614 | 08745.5050 | 11:26:24 | 216.068176 | 359.114264 
 4152.2613 | 08745.5099 | 11:26:25 | 216.063964 | 359.114121 
 4152.2612 | 08745.5145 | 11:26:26 | 216.060010 | 359.113979 
 4152.2611 | 08745.5193 | 11:26:27 | 216.055884 | 359.113837 
 4152.2606 | 08745.5230 | 11:26:28 | 216.052707 | 359.113240 
 4152.2594 | 08745.5258 | 11:26:29 | 216.050309 | 359.111844 
 4152.2574 | 08745.5272 | 11:26:30 | 216.049121 | 359.109535 
 4152.2552 | 08745.5276 | 11:26:31 | 216.048794 | 359.107002 
 4152.2528 | 08745.5275 | 11:26:32 | 216.048898 | 359.104242 
 4152.2503 | 08745.5275 | 11:26:33 | 216.048917 | 359.101367 
 4152.2476 | 08745.5274 | 11:26:34 | 216.049024 | 359.098262 
 4152.2447 | 08745.5274 | 11:26:35 | 216.049046 | 359.094926 
 4152.2414 | 08745.5273 | 11:26:36 | 216.049158 | 359.091131 
 4152.2380 | 08745.5272 | 11:26:37 | 216.049270 | 359.087220 
 4152.2347 | 08745.5270 | 11:26:38 | 216.049467 | 359.083426 
 4152.2320 | 08745.5268 | 11:26:39 | 216.049660 | 359.080321 
 4152.2299 | 08745.5267 | 11:26:40 | 216.049762 | 359.077906 
 4152.2268 | 08745.5248 | 11:26:41 | 216.051419 | 359.074351 
 4152.2268 | 08745.5252 | 11:26:42 | 216.051076 | 359.074349 
 4152.2263 | 08745.5253 | 11:26:43 | 216.050993 | 359.073773 
 4152.2252 | 08745.5252 | 11:26:44 | 216.051088 | 359.072509 
 4152.2236 | 08745.5248 | 11:26:45 | 216.051444 | 359.070671 
 4152.2211 | 08745.5242 | 11:26:46 | 216.051979 | 359.067799 
 4152.2181 | 08745.5237 | 11:26:47 | 216.052432 | 359.064351 
 4152.2148 | 08745.5234 | 11:26:48 | 216.052716 | 359.060557 
 4152.2113 | 08745.5232 | 11:26:49 | 216.052914 | 359.056532 
 4152.2080 | 08745.5232 | 11:26:50 | 216.052940 | 359.052736 
 4152.2049 | 08745.5232 | 11:26:51 | 216.052964 | 359.049170 
 4152.2020 | 08745.5232 | 11:26:52 | 216.052986 | 359.045834 
 4152.1994 | 08745.5231 | 11:26:53 | 216.053092 | 359.042844 
 4152.1969 | 08745.5225 | 11:26:54 | 216.053627 | 359.039972 
 4152.1948 | 08745.5212 | 11:26:55 | 216.054761 | 359.037564 
 4152.1932 | 08745.5192 | 11:26:56 | 216.056493 | 359.035735 
 4152.1921 | 08745.5169 | 11:26:57 | 216.058479 | 359.034483 
 4152.1917 | 08745.5143 | 11:26:58 | 216.060717 | 359.034038 
 4152.1919 | 08745.5120 | 11:26:59 | 216.062693 | 359.034281 
 4152.1929 | 08745.5105 | 11:27:00 | 216.063975 | 359.035440 
 4152.1941 | 08745.5097 | 11:27:01 | 216.064653 | 359.036825 
 4152.1954 | 08745.5094 | 11:27:02 | 216.064901 | 359.038322 
 4152.1965 | 08745.5094 | 11:27:03 | 216.064893 | 359.039588 
 4152.1980 | 08745.5095 | 11:27:04 | 216.064795 | 359.041312 
 4152.1991 | 08745.5096 | 11:27:05 | 216.064701 | 359.042577 
 4152.2002 | 08745.5097 | 11:27:06 | 216.064606 | 359.043842 
 4152.2012 | 08745.5096 | 11:27:07 | 216.064685 | 359.044993 
 4152.2025 | 08745.5096 | 11:27:08 | 216.064675 | 359.046488 
 4152.2040 | 08745.5096 | 11:27:09 | 216.064663 | 359.048213 
 4152.2056 | 08745.5095 | 11:27:10 | 216.064737 | 359.050054 
 4152.2075 | 08745.5094 | 11:27:11 | 216.064808 | 359.052240 
 4152.2094 | 08745.5094 | 11:27:12 | 216.064794 | 359.054426 
 4152.2113 | 08745.5093 | 11:27:13 | 216.064865 | 359.056612 
 4152.2131 | 08745.5092 | 11:27:14 | 216.064937 | 359.058683 
 4152.2148 | 08745.5091 | 11:27:15 | 216.065010 | 359.060639 
 4152.2163 | 08745.5090 | 11:27:16 | 216.065084 | 359.062365 
 4152.2177 | 08745.5089 | 11:27:17 | 216.065159 | 359.063976 
 4152.2184 | 08745.5087 | 11:27:18 | 216.065326 | 359.064782 
 4152.2185 | 08745.5087 | 11:27:19 | 216.065325 | 359.064897 
 4152.2185 | 08745.5086 | 11:27:20 | 216.065411 | 359.064898 
 4152.2185 | 08745.5086 | 11:27:21 | 216.065411 | 359.064898 
 4152.2185 | 08745.5086 | 11:27:22 | 216.065411 | 359.064898 
 4152.2193 | 08745.5085 | 11:27:23 | 216.065491 | 359.065818 
 4152.2198 | 08745.5082 | 11:27:24 | 216.065745 | 359.066395 
 4152.2203 | 08745.5078 | 11:27:25 | 216.066085 | 359.066973 
 4152.2208 | 08745.5071 | 11:27:26 | 216.066683 | 359.067552 
 4152.2214 | 08745.5062 | 11:27:27 | 216.067452 | 359.068247 
 4152.2221 | 08745.5050 | 11:27:28 | 216.068479 | 359.069059 
 4152.2226 | 08745.5038 | 11:27:29 | 216.069506 | 359.069641 
 4152.2227 | 08745.5034 | 11:27:30 | 216.069850 | 359.069759 
 4152.2227 | 08745.5034 | 11:27:31 | 216.069850 | 359.069759 
 4152.2228 | 08745.5034 | 11:27:32 | 216.069849 | 359.069874 
 4152.2227 | 08745.5029 | 11:27:33 | 216.070279 | 359.069762 
 4152.2225 | 08745.5017 | 11:27:34 | 216.071313 | 359.069538 
 4152.2221 | 08745.5003 | 11:27:35 | 216.072519 | 359.069086 
 4152.2214 | 08745.4991 | 11:27:36 | 216.073556 | 359.068288 
 4152.2205 | 08745.4984 | 11:27:37 | 216.074165 | 359.067257 
 4152.2198 | 08745.4980 | 11:27:38 | 216.074514 | 359.066454 
 4152.2194 | 08745.4979 | 11:27:39 | 216.074604 | 359.065994 
 4152.2194 | 08745.4979 | 11:27:40 | 216.074604 | 359.065994 
 4152.2194 | 08745.4979 | 11:27:41 | 216.074604 | 359.065994 
 4152.2194 | 08745.4979 | 11:27:42 | 216.074604 | 359.065994 
 4152.2194 | 08745.4979 | 11:27:43 | 216.074604 | 359.065994 
 4152.2191 | 08745.4978 | 11:27:44 | 216.074692 | 359.065650 
 4152.2186 | 08745.4976 | 11:27:45 | 216.074868 | 359.065076 
 4152.2177 | 08745.4972 | 11:27:46 | 216.075218 | 359.064043 
 4152.2165 | 08745.4970 | 11:27:47 | 216.075400 | 359.062664 
 4152.2146 | 08745.4990 | 11:27:48 | 216.073695 | 359.060467 
 4152.2134 | 08745.4989 | 11:27:49 | 216.073790 | 359.059087 
 4152.2129 | 08745.4997 | 11:27:50 | 216.073106 | 359.058508 
 4152.2125 | 08745.5010 | 11:27:51 | 216.071992 | 359.058040 
 4152.2123 | 08745.5022 | 11:27:52 | 216.070961 | 359.057803 
 4152.2119 | 08745.5030 | 11:27:53 | 216.070277 | 359.057338 
 4152.2116 | 08745.5035 | 11:27:54 | 216.069849 | 359.056990 
 4152.2094 | 08745.5033 | 11:27:55 | 216.070038 | 359.054461 
 4152.2079 | 08745.5031 | 11:27:56 | 216.070221 | 359.052737 
 4152.2093 | 08745.5033 | 11:27:57 | 216.070039 | 359.054346 
 4152.2093 | 08745.5033 | 11:27:58 | 216.070039 | 359.054346 
 4152.2093 | 08745.5033 | 11:27:59 | 216.070039 | 359.054346 
 4152.2093 | 08745.5033 | 11:28:00 | 216.070039 | 359.054346 
 4152.2093 | 08745.5033 | 11:28:01 | 216.070039 | 359.054346 
 4152.2093 | 08745.5033 | 11:28:02 | 216.070039 | 359.054346 
 4152.2093 | 08745.5033 | 11:28:03 | 216.070039 | 359.054346 
 4152.2093 | 08745.5033 | 11:28:04 | 216.070039 | 359.054346 
 4152.2093 | 08745.5033 | 11:28:05 | 216.070039 | 359.054346 
 4152.2093 | 08745.5033 | 11:28:06 | 216.070039 | 359.054346 
 4152.2104 | 08745.5030 | 11:28:07 | 216.070288 | 359.055613 
 4152.2109 | 08745.5023 | 11:28:08 | 216.070886 | 359.056192 
 4152.2109 | 08745.5019 | 11:28:09 | 216.071230 | 359.056194 
 4152.2109 | 08745.5022 | 11:28:10 | 216.070972 | 359.056193 
 4152.2110 | 08745.5023 | 11:28:11 | 216.070885 | 359.056307 
 4152.2109 | 08745.5024 | 11:28:12 | 216.070800 | 359.056191 
 4152.2109 | 08745.5024 | 11:28:13 | 216.070800 | 359.056191 
 4152.2109 | 08745.5024 | 11:28:14 | 216.070800 | 359.056191 
 4152.2120 | 08745.5017 | 11:28:15 | 216.071394 | 359.057461 
 4152.2126 | 08745.5012 | 11:28:16 | 216.071819 | 359.058154 
 4152.2131 | 08745.5008 | 11:28:17 | 216.072159 | 359.058731 
 4152.2134 | 08745.5006 | 11:28:18 | 216.072328 | 359.059077 
 4152.2138 | 08745.5003 | 11:28:19 | 216.072583 | 359.059539 
 4152.2134 | 08745.4993 | 11:28:20 | 216.073446 | 359.059085 
 4152.2140 | 08745.4990 | 11:28:21 | 216.073699 | 359.059777 
 4152.2142 | 08745.4985 | 11:28:22 | 216.074128 | 359.060010 
 4152.2140 | 08745.4980 | 11:28:23 | 216.074559 | 359.059783 
 4152.2142 | 08745.4966 | 11:28:25 | 216.075761 | 359.060021 
 4152.2143 | 08745.4956 | 11:28:28 | 216.076620 | 359.060141 
 4152.2137 | 08745.4975 | 11:28:29 | 216.074991 | 359.059440 
 4152.2094 | 08745.5077 | 11:28:30 | 216.066255 | 359.054436 
 4152.2096 | 08745.5088 | 11:28:31 | 216.065308 | 359.054659 
 4152.2096 | 08745.5088 | 11:28:32 | 216.065308 | 359.054659 
 4152.2096 | 08745.5088 | 11:28:33 | 216.065308 | 359.054659 
 4152.2096 | 08745.5088 | 11:28:34 | 216.065308 | 359.054659 
 4152.2096 | 08745.5088 | 11:28:35 | 216.065308 | 359.054659 
 4152.2096 | 08745.5088 | 11:28:36 | 216.065308 | 359.054659 
 4152.2096 | 08745.5088 | 11:28:37 | 216.065308 | 359.054659 
 4152.2096 | 08745.5088 | 11:28:38 | 216.065308 | 359.054659 
 4152.2096 | 08745.5088 | 11:28:39 | 216.065308 | 359.054659 
 4152.2096 | 08745.5088 | 11:28:40 | 216.065308 | 359.054659 
 4152.2096 | 08745.5088 | 11:28:41 | 216.065308 | 359.054659 
 4152.2096 | 08745.5088 | 11:28:42 | 216.065308 | 359.054659 
 4152.2096 | 08745.5088 | 11:28:43 | 216.065308 | 359.054659 
 4152.2096 | 08745.5088 | 11:28:44 | 216.065308 | 359.054659 
 4152.2096 | 08745.5088 | 11:28:45 | 216.065308 | 359.054659 
 4152.2096 | 08745.5088 | 11:28:46 | 216.065308 | 359.054659 
 4152.2096 | 08745.5088 | 11:28:47 | 216.065308 | 359.054659 
 4152.2096 | 08745.5088 | 11:28:48 | 216.065308 | 359.054659 
 4152.2096 | 08745.5088 | 11:28:49 | 216.065308 | 359.054659 
 4152.2096 | 08745.5088 | 11:28:50 | 216.065308 | 359.054659 
 4152.2096 | 08745.5088 | 11:28:51 | 216.065308 | 359.054659 
 4152.2096 | 08745.5088 | 11:28:52 | 216.065308 | 359.054659 
 4152.2096 | 08745.5088 | 11:28:53 | 216.065308 | 359.054659 
 4152.2133 | 08745.5038 | 11:28:54 | 216.069578 | 359.058944 
 4152.2131 | 08745.5033 | 11:28:55 | 216.070009 | 359.058717 
 4152.2133 | 08745.5028 | 11:28:56 | 216.070438 | 359.058950 
 4152.2135 | 08745.5022 | 11:28:57 | 216.070952 | 359.059183 
 4152.2134 | 08745.5017 | 11:28:58 | 216.071383 | 359.059071 
 4152.2133 | 08745.5011 | 11:28:59 | 216.071899 | 359.058960 
 4152.2138 | 08745.5005 | 11:29:00 | 216.072411 | 359.059538 
 4152.2142 | 08745.4999 | 11:29:01 | 216.072924 | 359.060002 
 4152.2140 | 08745.4998 | 11:29:02 | 216.073012 | 359.059772 
 4152.2141 | 08745.4996 | 11:29:03 | 216.073183 | 359.059888 
 4152.2153 | 08745.5001 | 11:29:04 | 216.072744 | 359.061266 
 4152.2157 | 08745.5008 | 11:29:05 | 216.072139 | 359.061722 
 4152.2162 | 08745.5008 | 11:29:06 | 216.072135 | 359.062297 
 4152.2165 | 08745.5007 | 11:29:07 | 216.072219 | 359.062643 
 4152.2170 | 08745.5007 | 11:29:08 | 216.072215 | 359.063218 
 4152.2175 | 08745.5006 | 11:29:09 | 216.072297 | 359.063793 
 4152.2181 | 08745.5004 | 11:29:10 | 216.072464 | 359.064485 
 4152.2188 | 08745.5005 | 11:29:11 | 216.072373 | 359.065289 
