 4152.2098 | 08745.5681 | 12:21:07 | 216.014323 | 359.054548 
 4152.2117 | 08745.5684 | 12:21:17 | 216.014051 | 359.056732 
 4152.2116 | 08745.5681 | 12:21:18 | 216.014310 | 359.056619 
 4152.2115 | 08745.5678 | 12:21:19 | 216.014568 | 359.056505 
 4152.2114 | 08745.5676 | 12:21:20 | 216.014741 | 359.056391 
 4152.2111 | 08745.5667 | 12:21:23 | 216.015517 | 359.056052 
 4152.2111 | 08745.5664 | 12:21:24 | 216.015775 | 359.056053 
 4152.2109 | 08745.5659 | 12:21:26 | 216.016206 | 359.055826 
 4152.2104 | 08745.5640 | 12:21:36 | 216.017844 | 359.055262 
 4152.2107 | 08745.5640 | 12:21:37 | 216.017841 | 359.055607 
 4152.2108 | 08745.5640 | 12:21:38 | 216.017841 | 359.055722 
 4152.2113 | 08745.5610 | 12:21:41 | 216.020416 | 359.056314 
 4152.2113 | 08745.5607 | 12:21:42 | 216.020674 | 359.056316 
 4152.2115 | 08745.5599 | 12:21:44 | 216.021360 | 359.056551 
 4152.2115 | 08745.5579 | 12:21:50 | 216.023080 | 359.056562 
 4152.2117 | 08745.5569 | 12:21:55 | 216.023938 | 359.056798 
 4152.2114 | 08745.5545 | 12:21:57 | 216.026004 | 359.056467 
 4152.2112 | 08745.5523 | 12:21:58 | 216.027897 | 359.056249 
 4152.2111 | 08745.5520 | 12:21:59 | 216.028155 | 359.056136 
 4152.2109 | 08745.5501 | 12:22:00 | 216.029790 | 359.055917 
 4152.2110 | 08745.5483 | 12:22:01 | 216.031337 | 359.056042 
 4152.2109 | 08745.5460 | 12:22:02 | 216.033315 | 359.055941 
 4152.2114 | 08745.5443 | 12:22:03 | 216.034773 | 359.056525 
 4152.2116 | 08745.5440 | 12:22:04 | 216.035029 | 359.056757 
 4152.2214 | 08745.5349 | 12:22:18 | 216.042778 | 359.068082 
 4152.2208 | 08745.5334 | 12:22:19 | 216.044072 | 359.067400 
 4152.2172 | 08745.5282 | 12:22:21 | 216.048570 | 359.063290 
 4152.2174 | 08745.5267 | 12:22:22 | 216.049858 | 359.063528 
 4152.2180 | 08745.5246 | 12:22:24 | 216.051659 | 359.064230 
 4152.2181 | 08745.5237 | 12:22:25 | 216.052432 | 359.064351 
 4152.2156 | 08745.5278 | 12:22:27 | 216.048926 | 359.061451 
 4152.2160 | 08745.5270 | 12:22:28 | 216.049611 | 359.061916 
 4152.2169 | 08745.5264 | 12:22:29 | 216.050120 | 359.062955 
 4152.2173 | 08745.5254 | 12:22:31 | 216.050977 | 359.063421 
 4152.2174 | 08745.5250 | 12:22:32 | 216.051320 | 359.063538 
 4152.2178 | 08745.5245 | 12:22:33 | 216.051747 | 359.064001 
 4152.2183 | 08745.5238 | 12:22:34 | 216.052345 | 359.064580 
 4152.2206 | 08745.5225 | 12:22:35 | 216.053445 | 359.067233 
 4152.2213 | 08745.5212 | 12:22:37 | 216.054557 | 359.068046 
 4152.2212 | 08745.5209 | 12:22:38 | 216.054816 | 359.067933 
 4152.2210 | 08745.5193 | 12:22:39 | 216.056193 | 359.067712 
 4152.2087 | 08745.5219 | 12:22:41 | 216.054052 | 359.053549 
 4152.2075 | 08745.5217 | 12:22:42 | 216.054233 | 359.052170 
 4152.2047 | 08745.5231 | 12:22:43 | 216.053051 | 359.048941 
 4152.2036 | 08745.5233 | 12:22:44 | 216.052888 | 359.047674 
 4152.2031 | 08745.5245 | 12:22:45 | 216.051860 | 359.047092 
 4152.2025 | 08745.5246 | 12:22:46 | 216.051779 | 359.046402 
 4152.2019 | 08745.5246 | 12:22:47 | 216.051783 | 359.045711 
 4152.2031 | 08745.5246 | 12:22:48 | 216.051774 | 359.047092 
 4152.2018 | 08745.5258 | 12:22:49 | 216.050752 | 359.045589 
 4152.2015 | 08745.5256 | 12:22:50 | 216.050926 | 359.045246 
 4152.2012 | 08745.5255 | 12:22:51 | 216.051015 | 359.044901 
 4152.2008 | 08745.5256 | 12:22:52 | 216.050932 | 359.044440 
 4152.2003 | 08745.5257 | 12:22:53 | 216.050850 | 359.043865 
 4152.2123 | 08745.5114 | 12:22:54 | 216.063052 | 359.057750 
 4152.2282 | 08745.5155 | 12:22:55 | 216.059404 | 359.076015 
 4152.2296 | 08745.5153 | 12:22:56 | 216.059565 | 359.077627 
 4152.2207 | 08745.5115 | 12:22:57 | 216.062901 | 359.067412 
 4152.2212 | 08745.5123 | 12:22:58 | 216.062209 | 359.067982 
 4152.2187 | 08745.5116 | 12:22:59 | 216.062830 | 359.065110 
 4152.2074 | 08745.5064 | 12:23:00 | 216.067388 | 359.052143 
 4152.2064 | 08745.5060 | 12:23:01 | 216.067740 | 359.050995 
 4152.2062 | 08745.5059 | 12:23:02 | 216.067827 | 359.050765 
 4152.2061 | 08745.5058 | 12:23:03 | 216.067914 | 359.050651 
 4152.2062 | 08745.5057 | 12:23:04 | 216.067999 | 359.050766 
 4152.2063 | 08745.5056 | 12:23:05 | 216.068084 | 359.050882 
 4152.2073 | 08745.5052 | 12:23:06 | 216.068421 | 359.052034 
 4152.2080 | 08745.5049 | 12:23:07 | 216.068673 | 359.052841 
 4152.2085 | 08745.5046 | 12:23:08 | 216.068927 | 359.053418 
 4152.2090 | 08745.5043 | 12:23:09 | 216.069181 | 359.053995 
 4152.2093 | 08745.5041 | 12:23:10 | 216.069351 | 359.054341 
 4152.2096 | 08745.5040 | 12:23:11 | 216.069435 | 359.054687 
 4152.2098 | 08745.5039 | 12:23:12 | 216.069519 | 359.054918 
 4152.2101 | 08745.5038 | 12:23:13 | 216.069603 | 359.055263 
 4152.2101 | 08745.5038 | 12:23:14 | 216.069603 | 359.055263 
 4152.2102 | 08745.5037 | 12:23:15 | 216.069688 | 359.055379 
 4152.2103 | 08745.5036 | 12:23:16 | 216.069773 | 359.055494 
 4152.2103 | 08745.5035 | 12:23:17 | 216.069859 | 359.055495 
 4152.2104 | 08745.5034 | 12:23:18 | 216.069944 | 359.055611 
 4152.2099 | 08745.5029 | 12:23:19 | 216.070378 | 359.055038 
 4152.2091 | 08745.5019 | 12:23:20 | 216.071244 | 359.054124 
 4152.2093 | 08745.5023 | 12:23:21 | 216.070898 | 359.054352 
 4152.2094 | 08745.5024 | 12:23:22 | 216.070812 | 359.054466 
 4152.2096 | 08745.5023 | 12:23:23 | 216.070896 | 359.054697 
 4152.2096 | 08745.5023 | 12:23:24 | 216.070896 | 359.054697 
 4152.2096 | 08745.5023 | 12:23:25 | 216.070896 | 359.054697 
 4152.2096 | 08745.5023 | 12:23:26 | 216.070896 | 359.054697 
 4152.2096 | 08745.5023 | 12:23:27 | 216.070896 | 359.054697 
 4152.2096 | 08745.5023 | 12:23:28 | 216.070896 | 359.054697 
 4152.2096 | 08745.5023 | 12:23:29 | 216.070896 | 359.054697 
 4152.2096 | 08745.5023 | 12:23:30 | 216.070896 | 359.054697 
 4152.2096 | 08745.5023 | 12:23:31 | 216.070896 | 359.054697 
 4152.2096 | 08745.5023 | 12:23:32 | 216.070896 | 359.054697 
 4152.2096 | 08745.5023 | 12:23:33 | 216.070896 | 359.054697 
 4152.2096 | 08745.5023 | 12:23:34 | 216.070896 | 359.054697 
 4152.2096 | 08745.5023 | 12:23:35 | 216.070896 | 359.054697 
 4152.2096 | 08745.5023 | 12:23:36 | 216.070896 | 359.054697 
 4152.2096 | 08745.5023 | 12:23:37 | 216.070896 | 359.054697 
 4152.2096 | 08745.5023 | 12:23:38 | 216.070896 | 359.054697 
 4152.2096 | 08745.5023 | 12:23:39 | 216.070896 | 359.054697 
 4152.2096 | 08745.5023 | 12:23:40 | 216.070896 | 359.054697 
 4152.2096 | 08745.5023 | 12:23:41 | 216.070896 | 359.054697 
 4152.2096 | 08745.5023 | 12:23:42 | 216.070896 | 359.054697 
 4152.2096 | 08745.5023 | 12:23:43 | 216.070896 | 359.054697 
 4152.2096 | 08745.5023 | 12:23:44 | 216.070896 | 359.054697 
 4152.2096 | 08745.5023 | 12:23:45 | 216.070896 | 359.054697 
 4152.2096 | 08745.5023 | 12:23:46 | 216.070896 | 359.054697 
 4152.2096 | 08745.5023 | 12:23:47 | 216.070896 | 359.054697 
 4152.2096 | 08745.5023 | 12:23:48 | 216.070896 | 359.054697 
 4152.2096 | 08745.5023 | 12:23:49 | 216.070896 | 359.054697 
 4152.2096 | 08745.5023 | 12:23:50 | 216.070896 | 359.054697 
 4152.2096 | 08745.5023 | 12:23:51 | 216.070896 | 359.054697 
 4152.2096 | 08745.5023 | 12:23:52 | 216.070896 | 359.054697 
 4152.2096 | 08745.5023 | 12:23:53 | 216.070896 | 359.054697 
 4152.2096 | 08745.5023 | 12:23:54 | 216.070896 | 359.054697 
 4152.2096 | 08745.5023 | 12:23:55 | 216.070896 | 359.054697 
 4152.2096 | 08745.5023 | 12:23:56 | 216.070896 | 359.054697 
 4152.2096 | 08745.5023 | 12:23:57 | 216.070896 | 359.054697 
 4152.2096 | 08745.5023 | 12:23:58 | 216.070896 | 359.054697 
 4152.2096 | 08745.5023 | 12:23:59 | 216.070896 | 359.054697 
 4152.2096 | 08745.5023 | 12:24:00 | 216.070896 | 359.054697 
 4152.2096 | 08745.5023 | 12:24:01 | 216.070896 | 359.054697 
 4152.2096 | 08745.5023 | 12:24:02 | 216.070896 | 359.054697 
 4152.2125 | 08745.5000 | 12:24:03 | 216.072851 | 359.058046 
 4152.2127 | 08745.4995 | 12:24:04 | 216.073280 | 359.058279 
 4152.2128 | 08745.4991 | 12:24:05 | 216.073623 | 359.058396 
 4152.2130 | 08745.4986 | 12:24:06 | 216.074051 | 359.058629 
 4152.2131 | 08745.4980 | 12:24:07 | 216.074566 | 359.058747 
 4152.2133 | 08745.4976 | 12:24:08 | 216.074908 | 359.058980 
 4152.2136 | 08745.4970 | 12:24:09 | 216.075422 | 359.059328 
 4152.2139 | 08745.4968 | 12:24:10 | 216.075592 | 359.059674 
 4152.2142 | 08745.4968 | 12:24:11 | 216.075589 | 359.060020 
 4152.2141 | 08745.4968 | 12:24:12 | 216.075590 | 359.059905 
 4152.2137 | 08745.4969 | 12:24:13 | 216.075507 | 359.059444 
 4152.2135 | 08745.4971 | 12:24:14 | 216.075337 | 359.059213 
 4152.2124 | 08745.4969 | 12:24:15 | 216.075517 | 359.057949 
 4152.2114 | 08745.4966 | 12:24:16 | 216.075783 | 359.056800 
 4152.2098 | 08745.4969 | 12:24:17 | 216.075537 | 359.054958 
 4152.2078 | 08745.4968 | 12:24:18 | 216.075639 | 359.052658 
 4152.2056 | 08745.4969 | 12:24:19 | 216.075570 | 359.050127 
 4152.2035 | 08745.4968 | 12:24:20 | 216.075672 | 359.047712 
 4152.2015 | 08745.4968 | 12:24:21 | 216.075687 | 359.045411 
 4152.1996 | 08745.4967 | 12:24:22 | 216.075788 | 359.043226 
 4152.1979 | 08745.4965 | 12:24:23 | 216.075973 | 359.041272 
 4152.1964 | 08745.4964 | 12:24:24 | 216.076070 | 359.039547 
 4152.1951 | 08745.4960 | 12:24:25 | 216.076424 | 359.038054 
 4152.1937 | 08745.4948 | 12:24:26 | 216.077467 | 359.036451 
 4152.1926 | 08745.4928 | 12:24:27 | 216.079195 | 359.035197 
 4152.1916 | 08745.4897 | 12:24:28 | 216.081868 | 359.034065 
 4152.1912 | 08745.4865 | 12:24:29 | 216.084622 | 359.033623 
 4152.1908 | 08745.4830 | 12:24:30 | 216.087634 | 359.033183 
 4152.1907 | 08745.4794 | 12:24:31 | 216.090730 | 359.033089 
 4152.1908 | 08745.4759 | 12:24:32 | 216.093738 | 359.033224 
 4152.1910 | 08745.4727 | 12:24:33 | 216.096488 | 359.033473 
 4152.1916 | 08745.4694 | 12:24:34 | 216.099321 | 359.034182 
 4152.1925 | 08745.4659 | 12:24:35 | 216.102323 | 359.035237 
 4152.1947 | 08745.4648 | 12:24:36 | 216.103252 | 359.037774 
 4152.1992 | 08745.4688 | 12:24:37 | 216.099778 | 359.042927 
 4152.2024 | 08745.4696 | 12:24:38 | 216.099065 | 359.046603 
 4152.2055 | 08745.4718 | 12:24:39 | 216.097150 | 359.050156 
 4152.2081 | 08745.4729 | 12:24:40 | 216.096184 | 359.053141 
 4152.2103 | 08745.4736 | 12:24:41 | 216.095565 | 359.055667 
 4152.2120 | 08745.4740 | 12:24:42 | 216.095208 | 359.057620 
 4152.2132 | 08745.4744 | 12:24:43 | 216.094855 | 359.058998 
 4152.2142 | 08745.4748 | 12:24:44 | 216.094504 | 359.060146 
 4152.2154 | 08745.4751 | 12:24:45 | 216.094237 | 359.061525 
 4152.2171 | 08745.4754 | 12:24:46 | 216.093965 | 359.063479 
 4152.2192 | 08745.4757 | 12:24:47 | 216.093691 | 359.065892 
 4152.2217 | 08745.4757 | 12:24:48 | 216.093672 | 359.068768 
 4152.2243 | 08745.4756 | 12:24:49 | 216.093738 | 359.071759 
 4152.2272 | 08745.4757 | 12:24:50 | 216.093630 | 359.075094 
 4152.2306 | 08745.4758 | 12:24:51 | 216.093518 | 359.079005 
 4152.2341 | 08745.4761 | 12:24:52 | 216.093233 | 359.083029 
 4152.2374 | 08745.4765 | 12:24:53 | 216.092863 | 359.086822 
 4152.2405 | 08745.4764 | 12:24:54 | 216.092925 | 359.090389 
 4152.2436 | 08745.4765 | 12:24:55 | 216.092815 | 359.093954 
 4152.2454 | 08745.4786 | 12:24:56 | 216.090996 | 359.096012 
 4152.2478 | 08745.4790 | 12:24:57 | 216.090634 | 359.098770 
 4152.2502 | 08745.4789 | 12:24:58 | 216.090701 | 359.101532 
 4152.2512 | 08745.4802 | 12:24:59 | 216.089576 | 359.102674 
 4152.2525 | 08745.4808 | 12:25:00 | 216.089050 | 359.104166 
 4152.2533 | 08745.4810 | 12:25:01 | 216.088872 | 359.105085 
 4152.2548 | 08745.4797 | 12:25:02 | 216.089978 | 359.106818 
 4152.2560 | 08745.4793 | 12:25:03 | 216.090313 | 359.108201 
 4152.2574 | 08745.4788 | 12:25:04 | 216.090732 | 359.109814 
 4152.2584 | 08745.4782 | 12:25:05 | 216.091240 | 359.110968 
 4152.2590 | 08745.4759 | 12:25:06 | 216.093213 | 359.111671 
 4152.2596 | 08745.4732 | 12:25:07 | 216.095529 | 359.112377 
 4152.2600 | 08745.4703 | 12:25:08 | 216.098019 | 359.112854 
 4152.2604 | 08745.4674 | 12:25:09 | 216.100510 | 359.113330 
 4152.2597 | 08745.4595 | 12:25:10 | 216.107307 | 359.112571 
 4152.2597 | 08745.4545 | 12:25:11 | 216.111605 | 359.112600 
 4152.2600 | 08745.4502 | 12:25:12 | 216.115300 | 359.112970 
 4152.2600 | 08745.4460 | 12:25:13 | 216.118911 | 359.112994 
 4152.2601 | 08745.4420 | 12:25:14 | 216.122349 | 359.113132 
 4152.2600 | 08745.4385 | 12:25:15 | 216.125359 | 359.113037 
 4152.2600 | 08745.4354 | 12:25:16 | 216.128024 | 359.113055 
 4152.2600 | 08745.4324 | 12:25:17 | 216.130603 | 359.113072 
 4152.2602 | 08745.4291 | 12:25:18 | 216.133439 | 359.113321 
 4152.2603 | 08745.4251 | 12:25:19 | 216.136877 | 359.113459 
 4152.2603 | 08745.4203 | 12:25:20 | 216.141004 | 359.113487 
 4152.2604 | 08745.4147 | 12:25:21 | 216.145817 | 359.113634 
 4152.2604 | 08745.4085 | 12:25:22 | 216.151148 | 359.113670 
 4152.2605 | 08745.4016 | 12:25:23 | 216.157079 | 359.113825 
 4152.2605 | 08745.3944 | 12:25:24 | 216.163269 | 359.113867 
 4152.2605 | 08745.3867 | 12:25:25 | 216.169889 | 359.113911 
 4152.2604 | 08745.3789 | 12:25:26 | 216.176596 | 359.113841 
 4152.2605 | 08745.3710 | 12:25:27 | 216.183387 | 359.114002 
 4152.2604 | 08745.3631 | 12:25:28 | 216.190180 | 359.113933 
 4152.2614 | 08745.3557 | 12:25:29 | 216.196534 | 359.115126 
 4152.2619 | 08745.3484 | 12:25:30 | 216.202806 | 359.115743 
 4152.2620 | 08745.3413 | 12:25:31 | 216.208910 | 359.115899 
 4152.2621 | 08745.3343 | 12:25:32 | 216.214927 | 359.116055 
 4152.2621 | 08745.3276 | 12:25:33 | 216.220687 | 359.116093 
 4152.2621 | 08745.3212 | 12:25:34 | 216.226189 | 359.116130 
 4152.2621 | 08745.3150 | 12:25:35 | 216.231520 | 359.116166 
 4152.2614 | 08745.3090 | 12:25:36 | 216.236684 | 359.115396 
 4152.2608 | 08745.3035 | 12:25:37 | 216.241417 | 359.114738 
 4152.2603 | 08745.2988 | 12:25:38 | 216.245461 | 359.114190 
 4152.2602 | 08745.2951 | 12:25:39 | 216.248643 | 359.114096 
 4152.2601 | 08745.2926 | 12:25:40 | 216.250793 | 359.113996 
 4152.2602 | 08745.2911 | 12:25:41 | 216.252082 | 359.114119 
 4152.2625 | 08745.2908 | 12:25:42 | 216.252322 | 359.116767 
 4152.2629 | 08745.2901 | 12:25:43 | 216.252921 | 359.117231 
 4152.2630 | 08745.2882 | 12:25:44 | 216.254554 | 359.117357 
 4152.2631 | 08745.2849 | 12:25:45 | 216.257390 | 359.117491 
 4152.2631 | 08745.2804 | 12:25:46 | 216.261259 | 359.117517 
 4152.2637 | 08745.2749 | 12:25:47 | 216.265983 | 359.118239 
 4152.2641 | 08745.2685 | 12:25:48 | 216.271482 | 359.118736 
 4152.2647 | 08745.2614 | 12:25:49 | 216.277581 | 359.119468 
 4152.2654 | 08745.2537 | 12:25:50 | 216.284196 | 359.120317 
 4152.2659 | 08745.2453 | 12:25:51 | 216.291414 | 359.120941 
 4152.2664 | 08745.2364 | 12:25:52 | 216.299061 | 359.121568 
 4152.2667 | 08745.2270 | 12:25:53 | 216.307141 | 359.121968 
 4152.2671 | 08745.2173 | 12:25:54 | 216.315477 | 359.122484 
 4152.2674 | 08745.2073 | 12:25:55 | 216.324072 | 359.122887 
 4152.2682 | 08745.1971 | 12:25:56 | 216.332835 | 359.123867 
 4152.2688 | 08745.1866 | 12:25:57 | 216.341857 | 359.124618 
 4152.2695 | 08745.1760 | 12:25:58 | 216.350965 | 359.125485 
 4152.2703 | 08745.1652 | 12:25:59 | 216.360244 | 359.126468 
 4152.2712 | 08745.1539 | 12:26:00 | 216.369952 | 359.127569 
 4152.2708 | 08745.1422 | 12:26:01 | 216.380014 | 359.127177 
 4152.2725 | 08745.1302 | 12:26:02 | 216.390318 | 359.129202 
 4152.2736 | 08745.1179 | 12:26:03 | 216.400884 | 359.130539 
 4152.2748 | 08745.1052 | 12:26:04 | 216.411793 | 359.131993 
 4152.2759 | 08745.0924 | 12:26:05 | 216.422789 | 359.133333 
 4152.2769 | 08745.0797 | 12:26:06 | 216.433700 | 359.134557 
 4152.2776 | 08745.0670 | 12:26:07 | 216.444613 | 359.135436 
 4152.2783 | 08745.0540 | 12:26:08 | 216.455784 | 359.136317 
 4152.2788 | 08745.0409 | 12:26:09 | 216.467042 | 359.136969 
 4152.2791 | 08745.0275 | 12:26:10 | 216.478560 | 359.137392 
 4152.2794 | 08745.0139 | 12:26:11 | 216.490250 | 359.137817 
 4152.2796 | 08745.0000 | 12:26:12 | 216.502199 | 359.138128 
 4152.2801 | 08744.9858 | 12:26:13 | 216.514403 | 359.138786 
 4152.2806 | 08744.9713 | 12:26:14 | 216.526865 | 359.139446 
 4152.2810 | 08744.9565 | 12:26:15 | 216.539586 | 359.139992 
 4152.2810 | 08744.9416 | 12:26:16 | 216.552396 | 359.140080 
 4152.2809 | 08744.9266 | 12:26:17 | 216.565293 | 359.140052 
 4152.2808 | 08744.9115 | 12:26:18 | 216.578276 | 359.140026 
 4152.2811 | 08744.8959 | 12:26:19 | 216.591685 | 359.140462 
 4152.2818 | 08744.8786 | 12:26:20 | 216.606553 | 359.141369 
 4152.2822 | 08744.8618 | 12:26:21 | 216.620993 | 359.141927 
 4152.2823 | 08744.8449 | 12:26:22 | 216.635522 | 359.142142 
 4152.2830 | 08744.8278 | 12:26:23 | 216.650218 | 359.143047 
 4152.2835 | 08744.8105 | 12:26:24 | 216.665087 | 359.143724 
 4152.2836 | 08744.7931 | 12:26:25 | 216.680046 | 359.143941 
 4152.2843 | 08744.7755 | 12:26:26 | 216.695171 | 359.144850 
 4152.2851 | 08744.7580 | 12:26:27 | 216.710210 | 359.145873 
 4152.2845 | 08744.7406 | 12:26:28 | 216.725174 | 359.145285 
 4152.2843 | 08744.7234 | 12:26:29 | 216.739963 | 359.145156 
 4152.2841 | 08744.7066 | 12:26:30 | 216.754408 | 359.145025 
 4152.2845 | 08744.6567 | 12:26:33 | 216.797306 | 359.145780 
 4152.2851 | 08744.6413 | 12:26:34 | 216.810541 | 359.146561 
 4152.2854 | 08744.6253 | 12:26:35 | 216.824294 | 359.147000 
 4152.2857 | 08744.6091 | 12:26:36 | 216.838219 | 359.147441 
 4152.2862 | 08744.5932 | 12:26:37 | 216.851885 | 359.148110 
 4152.2866 | 08744.5773 | 12:26:38 | 216.865551 | 359.148664 
 4152.2871 | 08744.5617 | 12:26:39 | 216.878959 | 359.149331 
 4152.2879 | 08744.5460 | 12:26:40 | 216.892451 | 359.150345 
 4152.2885 | 08744.5304 | 12:26:41 | 216.905858 | 359.151127 
 4152.2889 | 08744.5145 | 12:26:42 | 216.919524 | 359.151681 
 4152.2893 | 08744.4986 | 12:26:43 | 216.933191 | 359.152236 
 4152.2898 | 08744.4825 | 12:26:44 | 216.947028 | 359.152906 
 4152.2902 | 08744.4663 | 12:26:45 | 216.960953 | 359.153462 
 4152.2905 | 08744.4500 | 12:26:46 | 216.974964 | 359.153904 
 4152.2909 | 08744.4339 | 12:26:47 | 216.988802 | 359.154460 
 4152.2912 | 08744.4177 | 12:26:48 | 217.002728 | 359.154901 
 4152.2926 | 08744.3699 | 12:26:51 | 217.043811 | 359.156796 
 4152.2932 | 08744.3539 | 12:26:52 | 217.057562 | 359.157581 
 4152.2975 | 08744.3406 | 12:26:53 | 217.068962 | 359.162606 
 4152.3026 | 08744.3229 | 12:26:54 | 217.084139 | 359.168578 
 4152.3060 | 08744.3085 | 12:26:55 | 217.096492 | 359.172574 
 4152.3104 | 08744.2941 | 12:26:56 | 217.108837 | 359.177721 
 4152.3142 | 08744.2798 | 12:26:57 | 217.121100 | 359.182178 
 4152.3180 | 08744.2657 | 12:26:58 | 217.133192 | 359.186633 
 4152.3222 | 08744.2523 | 12:26:59 | 217.144679 | 359.191544 
 4152.3273 | 08744.2376 | 12:27:00 | 217.157276 | 359.197498 
 4152.3323 | 08744.2250 | 12:27:01 | 217.168069 | 359.203324 
 4152.3390 | 08744.2101 | 12:27:02 | 217.180825 | 359.211120 
 4152.3451 | 08744.1970 | 12:27:03 | 217.192038 | 359.218215 
 4152.3513 | 08744.1840 | 12:27:04 | 217.203165 | 359.225424 
 4152.3575 | 08744.1712 | 12:27:05 | 217.214120 | 359.232632 
 4152.3637 | 08744.1584 | 12:27:06 | 217.225074 | 359.239840 
 4152.3693 | 08744.1454 | 12:27:07 | 217.236206 | 359.246359 
 4152.3750 | 08744.1322 | 12:27:08 | 217.247508 | 359.252995 
 4152.3806 | 08744.1190 | 12:27:09 | 217.258812 | 359.259515 
 4152.3914 | 08744.0924 | 12:27:11 | 217.281593 | 359.272097 
 4152.3968 | 08744.0791 | 12:27:12 | 217.292984 | 359.278388 
 4152.3997 | 08744.0621 | 12:27:13 | 217.307576 | 359.281826 
 4152.4015 | 08744.0491 | 12:27:14 | 217.318737 | 359.283974 
 4152.4046 | 08744.0344 | 12:27:15 | 217.331350 | 359.287628 
 4152.4078 | 08744.0213 | 12:27:16 | 217.342587 | 359.291388 
 4152.4106 | 08744.0061 | 12:27:17 | 217.355631 | 359.294700 
 4152.4129 | 08743.9915 | 12:27:18 | 217.368165 | 359.297433 
 4152.4145 | 08743.9766 | 12:27:19 | 217.380961 | 359.299363 
 4152.4160 | 08743.9617 | 12:27:20 | 217.393759 | 359.301178 
 4152.4172 | 08743.9470 | 12:27:21 | 217.406387 | 359.302647 
 4152.4175 | 08743.9324 | 12:27:22 | 217.418936 | 359.303080 
 4152.4178 | 08743.9177 | 12:27:23 | 217.431571 | 359.303514 
 4152.4182 | 08743.9028 | 12:27:24 | 217.444377 | 359.304063 
 4152.4185 | 08743.8880 | 12:27:25 | 217.457098 | 359.304498 
 4152.4189 | 08743.8732 | 12:27:26 | 217.469819 | 359.305047 
 4152.4193 | 08743.8585 | 12:27:27 | 217.482453 | 359.305596 
 4152.4194 | 08743.8439 | 12:27:28 | 217.495004 | 359.305799 
 4152.4194 | 08743.8296 | 12:27:29 | 217.507298 | 359.305885 
 4152.4195 | 08743.8153 | 12:27:30 | 217.519590 | 359.306087 
 4152.4195 | 08743.8010 | 12:27:31 | 217.531884 | 359.306173 
 4152.4194 | 08743.7868 | 12:27:32 | 217.544093 | 359.306144 
 4152.4198 | 08743.7727 | 12:27:33 | 217.556211 | 359.306689 
 4152.4200 | 08743.7587 | 12:27:34 | 217.568245 | 359.307004 
 4152.4202 | 08743.7447 | 12:27:35 | 217.580280 | 359.307319 
 4152.4204 | 08743.7308 | 12:27:36 | 217.592228 | 359.307633 
 4152.4203 | 08743.7169 | 12:27:37 | 217.604178 | 359.307602 
 4152.4202 | 08743.7030 | 12:27:38 | 217.616129 | 359.307571 
 4152.4201 | 08743.6891 | 12:27:39 | 217.628080 | 359.307540 
 4152.4205 | 08743.6751 | 12:27:40 | 217.640112 | 359.308085 
 4152.4210 | 08743.6609 | 12:27:41 | 217.652316 | 359.308747 
 4152.4214 | 08743.6466 | 12:27:42 | 217.664606 | 359.309293 
 4152.4218 | 08743.6322 | 12:27:43 | 217.676983 | 359.309841 
 4152.4219 | 08743.6179 | 12:27:44 | 217.689275 | 359.310043 
 4152.4221 | 08743.6037 | 12:27:45 | 217.701482 | 359.310359 
 4152.4224 | 08743.5894 | 12:27:46 | 217.713773 | 359.310791 
 4152.4228 | 08743.5752 | 12:27:47 | 217.725977 | 359.311338 
 4152.4228 | 08743.5610 | 12:27:48 | 217.738185 | 359.311424 
 4152.4228 | 08743.5470 | 12:27:49 | 217.750221 | 359.311509 
 4152.4231 | 08743.5331 | 12:27:50 | 217.762168 | 359.311939 
 4152.4231 | 08743.5192 | 12:27:51 | 217.774118 | 359.312023 
 4152.4233 | 08743.5053 | 12:27:52 | 217.786066 | 359.312338 
 4152.4221 | 08743.4969 | 12:27:53 | 217.793297 | 359.311009 
 4152.4203 | 08743.4832 | 12:27:54 | 217.805090 | 359.309022 
 4152.4204 | 08743.4682 | 12:27:55 | 217.817985 | 359.309229 
 4152.4203 | 08743.4537 | 12:27:56 | 217.830451 | 359.309202 
 4152.4205 | 08743.4397 | 12:27:57 | 217.842485 | 359.309517 
 4152.4208 | 08743.4259 | 12:27:58 | 217.854347 | 359.309947 
 4152.4209 | 08743.4120 | 12:27:59 | 217.866296 | 359.310147 
 4152.4210 | 08743.3981 | 12:28:00 | 217.878245 | 359.310347 
 4152.4215 | 08743.3843 | 12:28:01 | 217.890104 | 359.311006 
 4152.4217 | 08743.3703 | 12:28:02 | 217.902138 | 359.311322 
 4152.4220 | 08743.3561 | 12:28:03 | 217.914344 | 359.311754 
 4152.4219 | 08743.3418 | 12:28:04 | 217.926638 | 359.311726 
 4152.4221 | 08743.3274 | 12:28:05 | 217.939016 | 359.312044 
 4152.4224 | 08743.3130 | 12:28:06 | 217.951393 | 359.312477 
 4152.4231 | 08743.2987 | 12:28:07 | 217.963681 | 359.313370 
 4152.4240 | 08743.2843 | 12:28:08 | 217.976054 | 359.314494 
 4152.4247 | 08743.2700 | 12:28:09 | 217.988342 | 359.315387 
 4152.4255 | 08743.2560 | 12:28:10 | 218.000371 | 359.316393 
 4152.4264 | 08743.2423 | 12:28:11 | 218.012141 | 359.317512 
 4152.4271 | 08743.2288 | 12:28:12 | 218.023741 | 359.318400 
 4152.4279 | 08743.2153 | 12:28:13 | 218.035341 | 359.319403 
 4152.4286 | 08743.2019 | 12:28:14 | 218.046855 | 359.320290 
 4152.4289 | 08743.1882 | 12:28:15 | 218.058630 | 359.320720 
 4152.4297 | 08743.1748 | 12:28:16 | 218.070144 | 359.321722 
 4152.4304 | 08743.1613 | 12:28:17 | 218.081744 | 359.322610 
 4152.4311 | 08743.1478 | 12:28:18 | 218.093344 | 359.323499 
 4152.4302 | 08743.1338 | 12:28:19 | 218.105387 | 359.322550 
 4152.4305 | 08743.1201 | 12:28:20 | 218.117163 | 359.322979 
 4152.4293 | 08743.1065 | 12:28:21 | 218.128864 | 359.321682 
 4152.4289 | 08743.0927 | 12:28:22 | 218.140731 | 359.321307 
 4152.4289 | 08743.0788 | 12:28:23 | 218.152681 | 359.321393 
 4152.4291 | 08743.0645 | 12:28:24 | 218.164973 | 359.321711 
 4152.4296 | 08743.0502 | 12:28:25 | 218.177263 | 359.322374 
 4152.4300 | 08743.0357 | 12:28:26 | 218.189725 | 359.322924 
 4152.4299 | 08743.0211 | 12:28:27 | 218.202277 | 359.322899 
 4152.4300 | 08743.0063 | 12:28:28 | 218.215000 | 359.323106 
 4152.4298 | 08742.9915 | 12:28:29 | 218.227725 | 359.322967 
 4152.4302 | 08742.9766 | 12:28:30 | 218.240531 | 359.323519 
 4152.4302 | 08742.9616 | 12:28:31 | 218.253427 | 359.323612 
 4152.4303 | 08742.9466 | 12:28:32 | 218.266322 | 359.323820 
 4152.4304 | 08742.9315 | 12:28:33 | 218.279302 | 359.324028 
 4152.4305 | 08742.9165 | 12:28:34 | 218.292197 | 359.324236 
 4152.4308 | 08742.9011 | 12:28:35 | 218.305434 | 359.324676 
 4152.4311 | 08742.8855 | 12:28:36 | 218.318842 | 359.325118 
 4152.4316 | 08742.8706 | 12:28:37 | 218.331648 | 359.325785 
 4152.4318 | 08742.8556 | 12:28:38 | 218.344541 | 359.326108 
 4152.4318 | 08742.8405 | 12:28:39 | 218.357523 | 359.326202 
 4152.4321 | 08742.8256 | 12:28:40 | 218.370330 | 359.326640 
 4152.4322 | 08742.8107 | 12:28:41 | 218.383139 | 359.326847 
 4152.4321 | 08742.7959 | 12:28:42 | 218.395863 | 359.326824 
 4152.4323 | 08742.7810 | 12:28:43 | 218.408671 | 359.327147 
 4152.4325 | 08742.7661 | 12:28:44 | 218.421478 | 359.327469 
 4152.4330 | 08742.7512 | 12:28:45 | 218.434284 | 359.328137 
 4152.4334 | 08742.7363 | 12:28:46 | 218.447090 | 359.328690 
 4152.4336 | 08742.7212 | 12:28:47 | 218.460070 | 359.329014 
 4152.4378 | 08742.7067 | 12:28:48 | 218.472500 | 359.333935 
 4152.4378 | 08742.6922 | 12:28:49 | 218.484966 | 359.334025 
 4152.4377 | 08742.6775 | 12:28:50 | 218.497604 | 359.334002 
 4152.4380 | 08742.6629 | 12:28:51 | 218.510153 | 359.334438 
 4152.4380 | 08742.6481 | 12:28:52 | 218.522877 | 359.334530 
 4152.4385 | 08742.6318 | 12:28:53 | 218.536886 | 359.335207 
 4152.4388 | 08742.6170 | 12:28:54 | 218.549607 | 359.335644 
 4152.4390 | 08742.6022 | 12:28:55 | 218.562328 | 359.335967 
 4152.4394 | 08742.5875 | 12:28:56 | 218.574963 | 359.336519 
 4152.4390 | 08742.5748 | 12:28:57 | 218.585884 | 359.336138 
 4152.4387 | 08742.5597 | 12:28:58 | 218.598868 | 359.335887 
 4152.4375 | 08742.5454 | 12:28:59 | 218.611172 | 359.334596 
 4152.4375 | 08742.5307 | 12:29:00 | 218.623809 | 359.334688 
 4152.4378 | 08742.5158 | 12:29:01 | 218.636616 | 359.335127 
 4152.4384 | 08742.5013 | 12:29:02 | 218.649077 | 359.335907 
 4152.4392 | 08742.4868 | 12:29:03 | 218.661536 | 359.336918 
 4152.4398 | 08742.4726 | 12:29:04 | 218.673738 | 359.337698 
 4152.4404 | 08742.4586 | 12:29:05 | 218.685769 | 359.338475 
 4152.4417 | 08742.4448 | 12:29:06 | 218.697622 | 359.340057 
 4152.4434 | 08742.4312 | 12:29:07 | 218.709299 | 359.342098 
 4152.4448 | 08742.4177 | 12:29:08 | 218.720893 | 359.343793 
 4152.4467 | 08742.4044 | 12:29:09 | 218.732311 | 359.346062 
 4152.4487 | 08742.3909 | 12:29:10 | 218.743900 | 359.348447 
 4152.4506 | 08742.3775 | 12:29:11 | 218.755404 | 359.350717 
 4152.4523 | 08742.3644 | 12:29:12 | 218.766652 | 359.352754 
 4152.4541 | 08742.3512 | 12:29:13 | 218.777985 | 359.354908 
 4152.4560 | 08742.3380 | 12:29:14 | 218.789317 | 359.357176 
 4152.4578 | 08742.3249 | 12:29:15 | 218.800564 | 359.359329 
 4152.4603 | 08742.3120 | 12:29:16 | 218.811633 | 359.362286 
 4152.4620 | 08742.2991 | 12:29:17 | 218.822708 | 359.364323 
 4152.4641 | 08742.2862 | 12:29:18 | 218.833781 | 359.366819 
 4152.4662 | 08742.2733 | 12:29:19 | 218.844853 | 359.369316 
 4152.4679 | 08742.2602 | 12:29:20 | 218.856100 | 359.371354 
 4152.4699 | 08742.2470 | 12:29:21 | 218.867431 | 359.373738 
 4152.4720 | 08742.2339 | 12:29:22 | 218.878676 | 359.376236 
 4152.4741 | 08742.2207 | 12:29:23 | 218.890006 | 359.378735 
 4152.4762 | 08742.2074 | 12:29:24 | 218.901422 | 359.381234 
 4152.4782 | 08742.1942 | 12:29:25 | 218.912753 | 359.383618 
 4152.4802 | 08742.1810 | 12:29:26 | 218.924084 | 359.386002 
 4152.4818 | 08742.1686 | 12:29:27 | 218.934730 | 359.387920 
 4152.4836 | 08742.1559 | 12:29:28 | 218.945633 | 359.390071 
 4152.4854 | 08742.1431 | 12:29:29 | 218.956622 | 359.392222 
 4152.4873 | 08742.1304 | 12:29:30 | 218.967524 | 359.394488 
 4152.4891 | 08742.1175 | 12:29:31 | 218.978599 | 359.396640 
 4152.4909 | 08742.1047 | 12:29:32 | 218.989587 | 359.398791 
 4152.4926 | 08742.0917 | 12:29:33 | 219.000749 | 359.400829 
 4152.4941 | 08742.0785 | 12:29:34 | 219.012084 | 359.402638 
 4152.4955 | 08742.0651 | 12:29:35 | 219.023592 | 359.404333 
 4152.4984 | 08742.0384 | 12:29:37 | 219.046521 | 359.407838 
 4152.5015 | 08742.0228 | 12:29:38 | 219.059905 | 359.411503 
 4152.5024 | 08742.0059 | 12:29:39 | 219.074426 | 359.412645 
 4152.5034 | 08741.9910 | 12:29:40 | 219.087227 | 359.413890 
 4152.5044 | 08741.9758 | 12:29:41 | 219.100286 | 359.415137 
 4152.5052 | 08741.9605 | 12:29:42 | 219.113432 | 359.416154 
 4152.5069 | 08741.9452 | 12:29:43 | 219.126571 | 359.418207 
 4152.5079 | 08741.9299 | 12:29:44 | 219.139715 | 359.419454 
 4152.5088 | 08741.9143 | 12:29:45 | 219.153119 | 359.420588 
 4152.5096 | 08741.8988 | 12:29:46 | 219.166437 | 359.421607 
 4152.5102 | 08741.8831 | 12:29:47 | 219.179929 | 359.422397 
 4152.5105 | 08741.8673 | 12:29:48 | 219.193509 | 359.422843 
 4152.5104 | 08741.8514 | 12:29:49 | 219.207179 | 359.422829 
 4152.5106 | 08741.8355 | 12:29:50 | 219.220846 | 359.423160 
 4152.5106 | 08741.8195 | 12:29:51 | 219.234601 | 359.423262 
 4152.5108 | 08741.8033 | 12:29:52 | 219.248526 | 359.423596 
 4152.5108 | 08741.7873 | 12:29:53 | 219.262281 | 359.423698 
 4152.5112 | 08741.7399 | 12:29:56 | 219.303026 | 359.424460 
 4152.5113 | 08741.7242 | 12:29:57 | 219.316522 | 359.424676 
 4152.5121 | 08741.7097 | 12:29:58 | 219.328981 | 359.425689 
 4152.5125 | 08741.6950 | 12:29:59 | 219.341615 | 359.426243 
 4152.5127 | 08741.6806 | 12:30:00 | 219.353992 | 359.426565 
 4152.5126 | 08741.6663 | 12:30:01 | 219.366287 | 359.426541 
 4152.5123 | 08741.6539 | 12:30:02 | 219.376949 | 359.426276 
 4152.5124 | 08741.6405 | 12:30:03 | 219.388468 | 359.426476 
 4152.5126 | 08741.6266 | 12:30:04 | 219.400416 | 359.426795 
 4152.5127 | 08741.6126 | 12:30:05 | 219.412451 | 359.427000 
 4152.5127 | 08741.5980 | 12:30:06 | 219.425002 | 359.427094 
 4152.5126 | 08741.5835 | 12:30:07 | 219.437468 | 359.427072 
 4152.5126 | 08741.5691 | 12:30:08 | 219.449848 | 359.427164 
 4152.5128 | 08741.5544 | 12:30:09 | 219.462483 | 359.427488 
 4152.5126 | 08741.5393 | 12:30:10 | 219.475466 | 359.427355 
 4152.5125 | 08741.5238 | 12:30:11 | 219.488792 | 359.427340 
 4152.5129 | 08741.5079 | 12:30:12 | 219.502457 | 359.427902 
 4152.5132 | 08741.4920 | 12:30:13 | 219.516124 | 359.428349 
 4152.5133 | 08741.4599 | 12:30:15 | 219.543718 | 359.428671 
 4152.5134 | 08741.4439 | 12:30:16 | 219.557472 | 359.428889 
 4152.5132 | 08741.4275 | 12:30:17 | 219.571573 | 359.428764 
 4152.5144 | 08741.4093 | 12:30:18 | 219.587209 | 359.430262 
 4152.5147 | 08741.3936 | 12:30:19 | 219.600703 | 359.430708 
 4152.5155 | 08741.3773 | 12:30:20 | 219.614709 | 359.431733 
 4152.5157 | 08741.3612 | 12:30:21 | 219.628548 | 359.432067 
 4152.5160 | 08741.3454 | 12:30:22 | 219.642128 | 359.432514 
 4152.5160 | 08741.3300 | 12:30:23 | 219.655367 | 359.432614 
 4152.5162 | 08741.3149 | 12:30:24 | 219.668347 | 359.432941 
 4152.5165 | 08741.3001 | 12:30:25 | 219.681067 | 359.433382 
 4152.5166 | 08741.2851 | 12:30:26 | 219.693962 | 359.433594 
 4152.5169 | 08741.2700 | 12:30:27 | 219.706940 | 359.434036 
 4152.5172 | 08741.2548 | 12:30:28 | 219.720005 | 359.434480 
 4152.5167 | 08741.2399 | 12:30:29 | 219.732818 | 359.434001 
 4152.5166 | 08741.2252 | 12:30:30 | 219.745456 | 359.433981 
 4152.5167 | 08741.2110 | 12:30:31 | 219.757663 | 359.434188 
 4152.5168 | 08741.1973 | 12:30:32 | 219.769440 | 359.434392 
 4152.5169 | 08741.1837 | 12:30:33 | 219.781130 | 359.434595 
 4152.5173 | 08741.1565 | 12:30:35 | 219.804510 | 359.435231 
 4152.5174 | 08741.1429 | 12:30:36 | 219.816201 | 359.435435 
 4152.5175 | 08741.1293 | 12:30:37 | 219.827892 | 359.435638 
 4152.5187 | 08741.1183 | 12:30:38 | 219.837338 | 359.437090 
 4152.5153 | 08741.1094 | 12:30:39 | 219.845018 | 359.433236 
 4152.5167 | 08741.0976 | 12:30:40 | 219.855150 | 359.434923 
 4152.5172 | 08741.0860 | 12:30:41 | 219.865118 | 359.435574 
 4152.5170 | 08741.0735 | 12:30:42 | 219.875866 | 359.435425 
 4152.5170 | 08741.0606 | 12:30:43 | 219.886956 | 359.435509 
 4152.5173 | 08741.0478 | 12:30:44 | 219.897957 | 359.435937 
 4152.5172 | 08741.0349 | 12:30:45 | 219.909048 | 359.435906 
 4152.5172 | 08741.0219 | 12:30:46 | 219.920224 | 359.435991 
 4152.5172 | 08741.0089 | 12:30:47 | 219.931399 | 359.436075 
 4152.5173 | 08740.9957 | 12:30:48 | 219.942746 | 359.436276 
 4152.5173 | 08740.9827 | 12:30:49 | 219.953922 | 359.436361 
 4152.5174 | 08740.9697 | 12:30:50 | 219.965097 | 359.436561 
 4152.5186 | 08740.9449 | 12:30:52 | 219.986407 | 359.438102 
 4152.5185 | 08740.9326 | 12:30:53 | 219.996982 | 359.438068 
 4152.5189 | 08740.9204 | 12:30:54 | 220.007466 | 359.438607 
 4152.5190 | 08740.9086 | 12:30:55 | 220.017609 | 359.438799 
 4152.5193 | 08740.8968 | 12:30:56 | 220.027751 | 359.439221 
 4152.5192 | 08740.8734 | 12:30:58 | 220.047868 | 359.439259 
 4152.5192 | 08740.8617 | 12:30:59 | 220.057927 | 359.439336 
 4152.5189 | 08740.8486 | 12:31:00 | 220.069191 | 359.439076 
 4152.5188 | 08740.8360 | 12:31:01 | 220.080024 | 359.439044 
 4152.5191 | 08740.8232 | 12:31:02 | 220.091025 | 359.439472 
 4152.5189 | 08740.8100 | 12:31:03 | 220.102375 | 359.439329 
 4152.5189 | 08740.7968 | 12:31:04 | 220.113722 | 359.439415 
 4152.5190 | 08740.7836 | 12:31:05 | 220.125069 | 359.439616 
 4152.5190 | 08740.7699 | 12:31:06 | 220.136847 | 359.439706 
 4152.5193 | 08740.7560 | 12:31:07 | 220.148794 | 359.440142 
 4152.5192 | 08740.7420 | 12:31:08 | 220.160830 | 359.440119 
 4152.5192 | 08740.7277 | 12:31:09 | 220.173123 | 359.440213 
 4152.5186 | 08740.7133 | 12:31:10 | 220.185508 | 359.439617 
 4152.5186 | 08740.6989 | 12:31:11 | 220.197887 | 359.439711 
 4152.5183 | 08740.6844 | 12:31:12 | 220.210355 | 359.439461 
 4152.5179 | 08740.6698 | 12:31:13 | 220.222910 | 359.439097 
 4152.5176 | 08740.6552 | 12:31:14 | 220.235464 | 359.438848 
 4152.5179 | 08740.6399 | 12:31:15 | 220.248614 | 359.439294 
 4152.5194 | 08740.6224 | 12:31:16 | 220.263646 | 359.441134 
 4152.5198 | 08740.6067 | 12:31:17 | 220.277139 | 359.441697 
 4152.5199 | 08740.5753 | 12:31:19 | 220.304132 | 359.442019 
 4152.5199 | 08740.5596 | 12:31:20 | 220.317629 | 359.442122 
 4152.5199 | 08740.5439 | 12:31:21 | 220.331126 | 359.442226 
 4152.5200 | 08740.5267 | 12:31:22 | 220.345911 | 359.442454 
 4152.5202 | 08740.5104 | 12:31:23 | 220.359922 | 359.442791 
 4152.5206 | 08740.4938 | 12:31:24 | 220.374190 | 359.443361 
 4152.5207 | 08740.4776 | 12:31:25 | 220.388115 | 359.443583 
 4152.5206 | 08740.4614 | 12:31:26 | 220.402043 | 359.443575 
 4152.5220 | 08740.4424 | 12:31:27 | 220.418365 | 359.445310 
 4152.5227 | 08740.4250 | 12:31:28 | 220.433317 | 359.446231 
 4152.5234 | 08740.4082 | 12:31:29 | 220.447753 | 359.447147 
 4152.5238 | 08740.3745 | 12:31:31 | 220.476721 | 359.447830 
 4152.5240 | 08740.3576 | 12:31:32 | 220.491248 | 359.448172 
 4152.5252 | 08740.3402 | 12:31:33 | 220.506195 | 359.449667 
 4152.5257 | 08740.3229 | 12:31:34 | 220.521063 | 359.450357 
 4152.5259 | 08740.3060 | 12:31:35 | 220.535590 | 359.450699 
 4152.5262 | 08740.2893 | 12:31:36 | 220.549944 | 359.451154 
 4152.5265 | 08740.2728 | 12:31:37 | 220.564126 | 359.451609 
 4152.5268 | 08740.2566 | 12:31:38 | 220.578050 | 359.452062 
 4152.5267 | 08740.2406 | 12:31:39 | 220.591806 | 359.452053 
 4152.5265 | 08740.2249 | 12:31:40 | 220.605304 | 359.451927 
 4152.5259 | 08740.2097 | 12:31:41 | 220.618377 | 359.451338 
 4152.5252 | 08740.1946 | 12:31:42 | 220.631364 | 359.450633 
 4152.5248 | 08740.1792 | 12:31:43 | 220.644607 | 359.450275 
 4152.5247 | 08740.1638 | 12:31:44 | 220.657847 | 359.450262 
 4152.5245 | 08740.1179 | 12:31:47 | 220.697308 | 359.450338 
 4152.5244 | 08740.1027 | 12:31:48 | 220.710376 | 359.450324 
 4152.5243 | 08740.0847 | 12:31:49 | 220.725851 | 359.450329 
 4152.5268 | 08740.0710 | 12:31:50 | 220.737606 | 359.453296 
 4152.5269 | 08740.0543 | 12:31:51 | 220.751962 | 359.453522 
 4152.5278 | 08740.0373 | 12:31:52 | 220.766568 | 359.454671 
 4152.5282 | 08740.0202 | 12:31:53 | 220.781265 | 359.455245 
 4152.5286 | 08740.0032 | 12:31:54 | 220.795876 | 359.455818 
 4152.5288 | 08739.9862 | 12:31:55 | 220.810489 | 359.456162 
 4152.5290 | 08739.9692 | 12:31:56 | 220.825101 | 359.456506 
 4152.5293 | 08739.9522 | 12:31:57 | 220.839713 | 359.456964 
 4152.5297 | 08739.9348 | 12:31:58 | 220.854668 | 359.457541 
 4152.5301 | 08739.9178 | 12:31:59 | 220.869279 | 359.458115 
 4152.5307 | 08739.9013 | 12:32:00 | 220.883458 | 359.458915 
 4152.5311 | 08739.8853 | 12:32:01 | 220.897209 | 359.459482 
 4152.5319 | 08739.8697 | 12:32:02 | 220.910613 | 359.460507 
 4152.5325 | 08739.8543 | 12:32:03 | 220.923847 | 359.461301 
 4152.5329 | 08739.8390 | 12:32:04 | 220.936996 | 359.461863 
 4152.5331 | 08739.8233 | 12:32:05 | 220.950491 | 359.462198 
 4152.5336 | 08739.8078 | 12:32:06 | 220.963812 | 359.462878 
 4152.5339 | 08739.7927 | 12:32:07 | 220.976790 | 359.463324 
 4152.5343 | 08739.7781 | 12:32:08 | 220.989338 | 359.463882 
 4152.5346 | 08739.7634 | 12:32:09 | 221.001972 | 359.464326 
 4152.5336 | 08739.7494 | 12:32:10 | 221.014017 | 359.463270 
 4152.5315 | 08739.7355 | 12:32:11 | 221.025985 | 359.460948 
 4152.5310 | 08739.7209 | 12:32:12 | 221.038541 | 359.460471 
 4152.5307 | 08739.7061 | 12:32:13 | 221.051267 | 359.460225 
 4152.5305 | 08739.6913 | 12:32:14 | 221.063992 | 359.460095 
 4152.5303 | 08739.6765 | 12:32:15 | 221.076717 | 359.459964 
 4152.5295 | 08739.6625 | 12:32:16 | 221.088759 | 359.459138 
 4152.5294 | 08739.6490 | 12:32:17 | 221.100366 | 359.459114 
 4152.5286 | 08739.6352 | 12:32:18 | 221.112236 | 359.458287 
 4152.5279 | 08739.6214 | 12:32:19 | 221.124106 | 359.457575 
 4152.5274 | 08739.6075 | 12:32:20 | 221.136060 | 359.457093 
 4152.5269 | 08739.5940 | 12:32:21 | 221.147670 | 359.456609 
 4152.5260 | 08739.5807 | 12:32:22 | 221.159112 | 359.455664 
 4152.5251 | 08739.5680 | 12:32:23 | 221.170038 | 359.454714 
 4152.5241 | 08739.5560 | 12:32:24 | 221.180363 | 359.453645 
 4152.5232 | 08739.5445 | 12:32:25 | 221.190258 | 359.452687 
 4152.5226 | 08739.5337 | 12:32:26 | 221.199548 | 359.452070 
 4152.5219 | 08739.5233 | 12:32:27 | 221.208495 | 359.451335 
 4152.5212 | 08739.5132 | 12:32:28 | 221.217184 | 359.450598 
 4152.5203 | 08739.5035 | 12:32:29 | 221.225531 | 359.449629 
 4152.5200 | 08739.4942 | 12:32:30 | 221.233529 | 359.449346 
 4152.5196 | 08739.4852 | 12:32:31 | 221.241269 | 359.448947 
 4152.5193 | 08739.4763 | 12:32:32 | 221.248923 | 359.448662 
 4152.5192 | 08739.4676 | 12:32:33 | 221.256403 | 359.448606 
 4152.5190 | 08739.4588 | 12:32:34 | 221.263970 | 359.448436 
 4152.5189 | 08739.4501 | 12:32:35 | 221.271450 | 359.448379 
 4152.5187 | 08739.4413 | 12:32:36 | 221.279017 | 359.448209 
 4152.5186 | 08739.4326 | 12:32:37 | 221.286497 | 359.448153 
 4152.5184 | 08739.4240 | 12:32:38 | 221.293892 | 359.447981 
 4152.5184 | 08739.4155 | 12:32:39 | 221.301200 | 359.448039 
 4152.5183 | 08739.4073 | 12:32:40 | 221.308250 | 359.447979 
 4152.5223 | 08739.4035 | 12:32:41 | 221.311480 | 359.452606 
 4152.5112 | 08739.4160 | 12:32:42 | 221.300835 | 359.439753 
 4152.5097 | 08739.4157 | 12:32:43 | 221.301107 | 359.438030 
 4152.5066 | 08739.4156 | 12:32:44 | 221.301221 | 359.434465 
 4152.5031 | 08739.4153 | 12:32:45 | 221.301510 | 359.430441 
 4152.4995 | 08739.4144 | 12:32:46 | 221.302317 | 359.426306 
 4152.4930 | 08739.4130 | 12:32:47 | 221.303579 | 359.418839 
 4152.4880 | 08739.4121 | 12:32:48 | 221.304398 | 359.413094 
 4152.4834 | 08739.4114 | 12:32:49 | 221.305042 | 359.407808 
 4152.4793 | 08739.4113 | 12:32:50 | 221.305165 | 359.403092 
 4152.4759 | 08739.4114 | 12:32:51 | 221.305110 | 359.399181 
 4152.4732 | 08739.4112 | 12:32:52 | 221.305306 | 359.396076 
 4152.4713 | 08739.4112 | 12:32:53 | 221.305323 | 359.393891 
 4152.4701 | 08739.4108 | 12:32:54 | 221.305678 | 359.392513 
 4152.4697 | 08739.4104 | 12:32:55 | 221.306026 | 359.392056 
 4152.4698 | 08739.4102 | 12:32:56 | 221.306197 | 359.392172 
 4152.4699 | 08739.4101 | 12:32:57 | 221.306282 | 359.392288 
 4152.4699 | 08739.4101 | 12:32:58 | 221.306282 | 359.392288 
 4152.4699 | 08739.4101 | 12:32:59 | 221.306282 | 359.392288 
 4152.4699 | 08739.4101 | 12:33:00 | 221.306282 | 359.392288 
 4152.4697 | 08739.4101 | 12:33:01 | 221.306283 | 359.392058 
 4152.4685 | 08739.4100 | 12:33:02 | 221.306380 | 359.390678 
 4152.4662 | 08739.4098 | 12:33:03 | 221.306573 | 359.388034 
 4152.4630 | 08739.4097 | 12:33:04 | 221.306688 | 359.384354 
 4152.4592 | 08739.4097 | 12:33:05 | 221.306723 | 359.379983 
 4152.4548 | 08739.4096 | 12:33:06 | 221.306848 | 359.374923 
 4152.4500 | 08739.4094 | 12:33:07 | 221.307064 | 359.369403 
 4152.4448 | 08739.4092 | 12:33:08 | 221.307283 | 359.363423 
 4152.4394 | 08739.4091 | 12:33:09 | 221.307418 | 359.357212 
 4152.4339 | 08739.4090 | 12:33:10 | 221.307554 | 359.350886 
 4152.4286 | 08739.4090 | 12:33:11 | 221.307602 | 359.344790 
 4152.4236 | 08739.4094 | 12:33:12 | 221.307303 | 359.339036 
 4152.4189 | 08739.4098 | 12:33:13 | 221.307002 | 359.333627 
 4152.4143 | 08739.4100 | 12:33:14 | 221.306872 | 359.328335 
 4152.4101 | 08739.4100 | 12:33:15 | 221.306910 | 359.323504 
 4152.4058 | 08739.4099 | 12:33:16 | 221.307035 | 359.318558 
 4152.4017 | 08739.4097 | 12:33:17 | 221.307244 | 359.313843 
 4152.3971 | 08739.4095 | 12:33:18 | 221.307457 | 359.308554 
 4152.3920 | 08739.4093 | 12:33:19 | 221.307676 | 359.302689 
 4152.3867 | 08739.4092 | 12:33:20 | 221.307810 | 359.296593 
 4152.3811 | 08739.4089 | 12:33:21 | 221.308118 | 359.290154 
 4152.3754 | 08739.4086 | 12:33:22 | 221.308428 | 359.283599 
 4152.3698 | 08739.4085 | 12:33:23 | 221.308565 | 359.277159 
 4152.3644 | 08739.4083 | 12:33:24 | 221.308786 | 359.270948 
 4152.3593 | 08739.4081 | 12:33:25 | 221.309004 | 359.265084 
 4152.3551 | 08739.4079 | 12:33:26 | 221.309214 | 359.260254 
 4152.3513 | 08739.4078 | 12:33:27 | 221.309334 | 359.255884 
 4152.3474 | 08739.4075 | 12:33:28 | 221.309627 | 359.251400 
 4152.3462 | 08739.4075 | 12:33:29 | 221.309638 | 359.250019 
 4152.3443 | 08739.4074 | 12:33:30 | 221.309742 | 359.247835 
 4152.3427 | 08739.4074 | 12:33:31 | 221.309756 | 359.245994 
 4152.3416 | 08739.4073 | 12:33:32 | 221.309852 | 359.244730 
 4152.3411 | 08739.4074 | 12:33:33 | 221.309771 | 359.244154 
 4152.3403 | 08739.4075 | 12:33:34 | 221.309692 | 359.243233 
 4152.3389 | 08739.4076 | 12:33:35 | 221.309619 | 359.241622 
 4152.3365 | 08739.4075 | 12:33:36 | 221.309726 | 359.238862 
 4152.3334 | 08739.4074 | 12:33:37 | 221.309840 | 359.235297 
 4152.3300 | 08739.4073 | 12:33:38 | 221.309957 | 359.231387 
 4152.3263 | 08739.4072 | 12:33:39 | 221.310077 | 359.227131 
 4152.3225 | 08739.4069 | 12:33:40 | 221.310369 | 359.222762 
 4152.3190 | 08739.4073 | 12:33:41 | 221.310057 | 359.218734 
 4152.3157 | 08739.4072 | 12:33:42 | 221.310173 | 359.214939 
 4152.3132 | 08739.4070 | 12:33:43 | 221.310367 | 359.212064 
 4152.3114 | 08739.4068 | 12:33:44 | 221.310556 | 359.209995 
 4152.3101 | 08739.4068 | 12:33:45 | 221.310567 | 359.208500 
 4152.3092 | 08739.4068 | 12:33:46 | 221.310576 | 359.207465 
 4152.3087 | 08739.4068 | 12:33:47 | 221.310580 | 359.206890 
 4152.3087 | 08739.4067 | 12:33:48 | 221.310666 | 359.206890 
 4152.3087 | 08739.4066 | 12:33:49 | 221.310752 | 359.206891 
 4152.3087 | 08739.4066 | 12:33:50 | 221.310752 | 359.206891 
 4152.3087 | 08739.4066 | 12:33:51 | 221.310752 | 359.206891 
 4152.3087 | 08739.4066 | 12:33:52 | 221.310752 | 359.206891 
 4152.3087 | 08739.4066 | 12:33:53 | 221.310752 | 359.206891 
 4152.3087 | 08739.4066 | 12:33:54 | 221.310752 | 359.206891 
 4152.3087 | 08739.4066 | 12:33:55 | 221.310752 | 359.206891 
 4152.3087 | 08739.4066 | 12:33:56 | 221.310752 | 359.206891 
 4152.3087 | 08739.4066 | 12:33:57 | 221.310752 | 359.206891 
 4152.3087 | 08739.4066 | 12:33:58 | 221.310752 | 359.206891 
 4152.3087 | 08739.4066 | 12:33:59 | 221.310752 | 359.206891 
 4152.3089 | 08739.4034 | 12:34:00 | 221.313501 | 359.207143 
 4152.3082 | 08739.4024 | 12:34:01 | 221.314367 | 359.206344 
 4152.3075 | 08739.4007 | 12:34:02 | 221.315835 | 359.205551 
 4152.3069 | 08739.3989 | 12:34:03 | 221.317388 | 359.204873 
 4152.3069 | 08739.3927 | 12:34:04 | 221.322719 | 359.204915 
 4152.3069 | 08739.3884 | 12:34:05 | 221.326415 | 359.204944 
 4152.3070 | 08739.3832 | 12:34:06 | 221.330885 | 359.205094 
 4152.3070 | 08739.3775 | 12:34:07 | 221.335785 | 359.205133 
 4152.3072 | 08739.3717 | 12:34:08 | 221.340770 | 359.205402 
 4152.3072 | 08739.3656 | 12:34:09 | 221.346014 | 359.205444 
 4152.3072 | 08739.3593 | 12:34:10 | 221.351431 | 359.205486 
 4152.3073 | 08739.3528 | 12:34:11 | 221.357018 | 359.205645 
 4152.3075 | 08739.3463 | 12:34:12 | 221.362604 | 359.205920 
 4152.3077 | 08739.3397 | 12:34:13 | 221.368277 | 359.206194 
 4152.3078 | 08739.3331 | 12:34:14 | 221.373950 | 359.206354 
 4152.3080 | 08739.3265 | 12:34:15 | 221.379622 | 359.206629 
 4152.3082 | 08739.3202 | 12:34:16 | 221.385037 | 359.206902 
 4152.3083 | 08739.3139 | 12:34:17 | 221.390452 | 359.207060 
 4152.3084 | 08739.3076 | 12:34:18 | 221.395868 | 359.207218 
 4152.3086 | 08739.3012 | 12:34:19 | 221.401368 | 359.207491 
 4152.3089 | 08739.2949 | 12:34:20 | 221.406782 | 359.207879 
 4152.3090 | 08739.2884 | 12:34:21 | 221.412369 | 359.208038 
 4152.3092 | 08739.2823 | 12:34:22 | 221.417611 | 359.208310 
 4152.3093 | 08739.2763 | 12:34:23 | 221.422769 | 359.208465 
 4152.3097 | 08739.2706 | 12:34:24 | 221.427666 | 359.208964 
 4152.3096 | 08739.2662 | 12:34:25 | 221.431449 | 359.208879 
 4152.3095 | 08739.2622 | 12:34:26 | 221.434889 | 359.208791 
 4152.3095 | 08739.2593 | 12:34:27 | 221.437382 | 359.208811 
 4152.3097 | 08739.2576 | 12:34:28 | 221.438842 | 359.209053 
 4152.3100 | 08739.2567 | 12:34:29 | 221.439613 | 359.209404 
 4152.3102 | 08739.2556 | 12:34:30 | 221.440557 | 359.209641 
 4152.3102 | 08739.2539 | 12:34:31 | 221.442018 | 359.209653 
 4152.3094 | 08739.2517 | 12:34:32 | 221.443917 | 359.208748 
 4152.3089 | 08739.2488 | 12:34:33 | 221.446415 | 359.208192 
 4152.3086 | 08739.2453 | 12:34:34 | 221.449427 | 359.207871 
 4152.3086 | 08739.2414 | 12:34:35 | 221.452780 | 359.207898 
 4152.3089 | 08739.2371 | 12:34:36 | 221.456474 | 359.208272 
 4152.3087 | 08739.2324 | 12:34:37 | 221.460516 | 359.208074 
 4152.3095 | 08739.2274 | 12:34:38 | 221.464807 | 359.209028 
 4152.3098 | 08739.2224 | 12:34:39 | 221.469103 | 359.209407 
 4152.3098 | 08739.2175 | 12:34:40 | 221.473316 | 359.209441 
 4152.3099 | 08739.2129 | 12:34:41 | 221.477270 | 359.209587 
 4152.3099 | 08739.2090 | 12:34:42 | 221.480623 | 359.209613 
 4152.3097 | 08739.2062 | 12:34:43 | 221.483032 | 359.209403 
 4152.3106 | 08739.2046 | 12:34:44 | 221.484399 | 359.210449 
 4152.3112 | 08739.2043 | 12:34:45 | 221.484652 | 359.211141 
 4152.3115 | 08739.2043 | 12:34:46 | 221.484649 | 359.211486 
 4152.3115 | 08739.2040 | 12:34:47 | 221.484907 | 359.211488 
 4152.3115 | 08739.2033 | 12:34:48 | 221.485509 | 359.211493 
 4152.3112 | 08739.2021 | 12:34:49 | 221.486543 | 359.211156 
 4152.3110 | 08739.2006 | 12:34:50 | 221.487834 | 359.210936 
 4152.3122 | 08739.1966 | 12:34:51 | 221.491262 | 359.212344 
 4152.3121 | 08739.1933 | 12:34:52 | 221.494100 | 359.212251 
 4152.3121 | 08739.1900 | 12:34:53 | 221.496937 | 359.212273 
 4152.3124 | 08739.1846 | 12:34:54 | 221.501577 | 359.212655 
 4152.3125 | 08739.1797 | 12:34:55 | 221.505789 | 359.212804 
 4152.3139 | 08739.1747 | 12:34:56 | 221.510075 | 359.214448 
 4152.3143 | 08739.1696 | 12:34:57 | 221.514456 | 359.214943 
 4152.3147 | 08739.1645 | 12:34:58 | 221.518837 | 359.215438 
 4152.3152 | 08739.1594 | 12:34:59 | 221.523217 | 359.216048 
 4152.3157 | 08739.1544 | 12:35:00 | 221.527511 | 359.216657 
 4152.3131 | 08739.1485 | 12:35:01 | 221.532607 | 359.213707 
 4152.3125 | 08739.1442 | 12:35:02 | 221.536309 | 359.213046 
 4152.3107 | 08739.1419 | 12:35:03 | 221.538303 | 359.210991 
 4152.3111 | 08739.1383 | 12:35:04 | 221.541394 | 359.211476 
 4152.3102 | 08739.1349 | 12:35:05 | 221.544326 | 359.210464 
 4152.3079 | 08739.1305 | 12:35:06 | 221.548129 | 359.207848 
 4152.3070 | 08739.1268 | 12:35:07 | 221.551319 | 359.206838 
 4152.3055 | 08739.1328 | 12:35:08 | 221.546174 | 359.205072 
 4152.3037 | 08739.1320 | 12:35:09 | 221.546878 | 359.203007 
 4152.3016 | 08739.1318 | 12:35:10 | 221.547069 | 359.200593 
 4152.2989 | 08739.1318 | 12:35:11 | 221.547094 | 359.197487 
 4152.2961 | 08739.1320 | 12:35:12 | 221.546948 | 359.194265 
 4152.2932 | 08739.1321 | 12:35:13 | 221.546888 | 359.190928 
 4152.2904 | 08739.1321 | 12:35:14 | 221.546914 | 359.187708 
 4152.2876 | 08739.1322 | 12:35:15 | 221.546853 | 359.184486 
 4152.2849 | 08739.1322 | 12:35:16 | 221.546878 | 359.181381 
 4152.2820 | 08739.1323 | 12:35:17 | 221.546818 | 359.178044 
 4152.2792 | 08739.1323 | 12:35:18 | 221.546844 | 359.174823 
 4152.2764 | 08739.1323 | 12:35:19 | 221.546869 | 359.171603 
 4152.2748 | 08739.1307 | 12:35:20 | 221.548260 | 359.169773 
 4152.2730 | 08739.1298 | 12:35:21 | 221.549050 | 359.167709 
 4152.2716 | 08739.1285 | 12:35:22 | 221.550180 | 359.166108 
 4152.2769 | 08739.1299 | 12:35:23 | 221.548928 | 359.172194 
 4152.2773 | 08739.1303 | 12:35:24 | 221.548581 | 359.172652 
 4152.2803 | 08739.1324 | 12:35:25 | 221.546748 | 359.176088 
 4152.2803 | 08739.1324 | 12:35:26 | 221.546748 | 359.176088 
 4152.2803 | 08739.1324 | 12:35:27 | 221.546748 | 359.176088 
 4152.2818 | 08739.1317 | 12:35:28 | 221.547336 | 359.177818 
 4152.2823 | 08739.1313 | 12:35:29 | 221.547675 | 359.178396 
 4152.2827 | 08739.1309 | 12:35:30 | 221.548016 | 359.178859 
 4152.2778 | 08739.1281 | 12:35:31 | 221.550468 | 359.173242 
 4152.2772 | 08739.1272 | 12:35:32 | 221.551247 | 359.172558 
 4152.2769 | 08739.1265 | 12:35:33 | 221.551851 | 359.172217 
 4152.2765 | 08739.1258 | 12:35:34 | 221.552457 | 359.171762 
 4152.2763 | 08739.1255 | 12:35:35 | 221.552717 | 359.171534 
 4152.2760 | 08739.1259 | 12:35:36 | 221.552375 | 359.171186 
 4152.2759 | 08739.1265 | 12:35:37 | 221.551860 | 359.171067 
 4152.2759 | 08739.1273 | 12:35:38 | 221.551173 | 359.171062 
 4152.2759 | 08739.1283 | 12:35:39 | 221.550313 | 359.171055 
 4152.2759 | 08739.1296 | 12:35:40 | 221.549195 | 359.171046 
 4152.2759 | 08739.1310 | 12:35:41 | 221.547992 | 359.171037 
 4152.2780 | 08739.1347 | 12:35:42 | 221.544791 | 359.173427 
 4152.2781 | 08739.1352 | 12:35:43 | 221.544361 | 359.173538 
 4152.2778 | 08739.1352 | 12:35:44 | 221.544363 | 359.173193 
 4152.2778 | 08739.1352 | 12:35:45 | 221.544363 | 359.173193 
 4152.2778 | 08739.1352 | 12:35:46 | 221.544363 | 359.173193 
 4152.2778 | 08739.1352 | 12:35:47 | 221.544363 | 359.173193 
 4152.2756 | 08739.1375 | 12:35:48 | 221.542406 | 359.170647 
 4152.2753 | 08739.1373 | 12:35:49 | 221.542581 | 359.170303 
 4152.2751 | 08739.1370 | 12:35:50 | 221.542841 | 359.170075 
 4152.2780 | 08739.1361 | 12:35:51 | 221.543588 | 359.173417 
 4152.2783 | 08739.1368 | 12:35:52 | 221.542983 | 359.173758 
 4152.2782 | 08739.1370 | 12:35:53 | 221.542812 | 359.173641 
 4152.2782 | 08739.1370 | 12:35:54 | 221.542812 | 359.173641 
 4152.2782 | 08739.1370 | 12:35:56 | 221.542812 | 359.173641 
 4152.2782 | 08739.1370 | 12:35:57 | 221.542812 | 359.173641 
 4152.2782 | 08739.1370 | 12:35:59 | 221.542812 | 359.173641 
 4152.2768 | 08739.1363 | 12:36:00 | 221.543427 | 359.172036 
 4152.2773 | 08739.1336 | 12:36:01 | 221.545744 | 359.172629 
 4152.2711 | 08739.1254 | 12:36:05 | 221.552850 | 359.165554 
 4152.2698 | 08739.1247 | 12:36:06 | 221.553464 | 359.164063 
 4152.2687 | 08739.1240 | 12:36:07 | 221.554076 | 359.162802 
 4152.2700 | 08739.1244 | 12:36:08 | 221.553720 | 359.164295 
 4152.2698 | 08739.1238 | 12:36:09 | 221.554237 | 359.164069 
 4152.2690 | 08739.1234 | 12:36:10 | 221.554589 | 359.163152 
 4152.2733 | 08739.1280 | 12:36:11 | 221.550595 | 359.168066 
 4152.2739 | 08739.1301 | 12:36:12 | 221.548784 | 359.168742 
 4152.2735 | 08739.1304 | 12:36:13 | 221.548529 | 359.168280 
 4152.2739 | 08739.1316 | 12:36:14 | 221.547494 | 359.168732 
 4152.2747 | 08739.1328 | 12:36:15 | 221.546455 | 359.169644 
 4152.2747 | 08739.1327 | 12:36:16 | 221.546541 | 359.169645 
 4152.2752 | 08739.1324 | 12:36:17 | 221.546794 | 359.170222 
 4152.2755 | 08739.1324 | 12:36:18 | 221.546792 | 359.170567 
 4152.2759 | 08739.1334 | 12:36:19 | 221.545928 | 359.171020 
 4152.2765 | 08739.1342 | 12:36:20 | 221.545235 | 359.171705 
 4152.2769 | 08739.1322 | 12:36:21 | 221.546951 | 359.172179 
 4152.2774 | 08739.1321 | 12:36:22 | 221.547032 | 359.172754 
 4152.2777 | 08739.1324 | 12:36:23 | 221.546772 | 359.173097 
 4152.2778 | 08739.1325 | 12:36:24 | 221.546685 | 359.173212 
 4152.2780 | 08739.1325 | 12:36:25 | 221.546683 | 359.173442 
 4152.2783 | 08739.1326 | 12:36:26 | 221.546594 | 359.173786 
 4152.2784 | 08739.1324 | 12:36:27 | 221.546765 | 359.173903 
 4152.2787 | 08739.1337 | 12:36:28 | 221.545645 | 359.174239 
 4152.2787 | 08739.1337 | 12:36:29 | 221.545645 | 359.174239 
 4152.2787 | 08739.1337 | 12:36:30 | 221.545645 | 359.174239 
 4152.2797 | 08739.1340 | 12:36:31 | 221.545378 | 359.175387 
 4152.2798 | 08739.1336 | 12:36:32 | 221.545721 | 359.175505 
 4152.2799 | 08739.1334 | 12:36:33 | 221.545892 | 359.175621 
 4152.2799 | 08739.1332 | 12:36:34 | 221.546064 | 359.175623 
 4152.2799 | 08739.1331 | 12:36:35 | 221.546150 | 359.175623 
 4152.2799 | 08739.1328 | 12:36:36 | 221.546408 | 359.175625 
 4152.2780 | 08739.1335 | 12:36:37 | 221.545823 | 359.173435 
 4152.2780 | 08739.1335 | 12:36:38 | 221.545823 | 359.173435 
 4152.2780 | 08739.1335 | 12:36:39 | 221.545823 | 359.173435 
 4152.2780 | 08739.1335 | 12:36:40 | 221.545823 | 359.173435 
 4152.2780 | 08739.1335 | 12:36:41 | 221.545823 | 359.173435 
 4152.2780 | 08739.1335 | 12:36:42 | 221.545823 | 359.173435 
 4152.2780 | 08739.1335 | 12:36:43 | 221.545823 | 359.173435 
 4152.2780 | 08739.1335 | 12:36:44 | 221.545823 | 359.173435 
 4152.2780 | 08739.1335 | 12:36:45 | 221.545823 | 359.173435 
 4152.2780 | 08739.1335 | 12:36:46 | 221.545823 | 359.173435 
 4152.2780 | 08739.1335 | 12:36:47 | 221.545823 | 359.173435 
 4152.2780 | 08739.1335 | 12:36:48 | 221.545823 | 359.173435 
 4152.2780 | 08739.1335 | 12:36:49 | 221.545823 | 359.173435 
 4152.2780 | 08739.1335 | 12:36:50 | 221.545823 | 359.173435 
 4152.2780 | 08739.1335 | 12:36:51 | 221.545823 | 359.173435 
 4152.2791 | 08739.1372 | 12:36:52 | 221.542632 | 359.174675 
 4152.2795 | 08739.1380 | 12:36:53 | 221.541941 | 359.175130 
 4152.2799 | 08739.1385 | 12:36:54 | 221.541507 | 359.175586 
 4152.2771 | 08739.1376 | 12:36:55 | 221.542306 | 359.172372 
 4152.2765 | 08739.1377 | 12:36:56 | 221.542226 | 359.171681 
 4152.2745 | 08739.1359 | 12:36:57 | 221.543792 | 359.169393 
 4152.2766 | 08739.1362 | 12:36:58 | 221.543515 | 359.171806 
 4152.2768 | 08739.1362 | 12:36:59 | 221.543513 | 359.172036 
 4152.2769 | 08739.1362 | 12:37:00 | 221.543512 | 359.172151 
 4152.2769 | 08739.1362 | 12:37:01 | 221.543512 | 359.172151 
 4152.2769 | 08739.1362 | 12:37:02 | 221.543512 | 359.172151 
 4152.2769 | 08739.1362 | 12:37:03 | 221.543512 | 359.172151 
 4152.2769 | 08739.1362 | 12:37:04 | 221.543512 | 359.172151 
 4152.2769 | 08739.1362 | 12:37:05 | 221.543512 | 359.172151 
 4152.2769 | 08739.1362 | 12:37:06 | 221.543512 | 359.172151 
 4152.2769 | 08739.1362 | 12:37:07 | 221.543512 | 359.172151 
 4152.2769 | 08739.1362 | 12:37:08 | 221.543512 | 359.172151 
 4152.2769 | 08739.1362 | 12:37:09 | 221.543512 | 359.172151 
 4152.2769 | 08739.1362 | 12:37:10 | 221.543512 | 359.172151 
 4152.2769 | 08739.1362 | 12:37:11 | 221.543512 | 359.172151 
 4152.2769 | 08739.1362 | 12:37:12 | 221.543512 | 359.172151 
 4152.2747 | 08739.1373 | 12:37:13 | 221.542586 | 359.169613 
 4152.2793 | 08739.1390 | 12:37:14 | 221.541083 | 359.174893 
 4152.2779 | 08739.1402 | 12:37:15 | 221.540064 | 359.173274 
 4152.2778 | 08739.1404 | 12:37:19 | 221.539893 | 359.173158 
 4152.2778 | 08739.1404 | 12:37:20 | 221.539893 | 359.173158 
 4152.2764 | 08739.1431 | 12:37:21 | 221.537584 | 359.171529 
 4152.2759 | 08739.1439 | 12:37:22 | 221.536901 | 359.170949 
 4152.2755 | 08739.1445 | 12:37:23 | 221.536389 | 359.170484 
 4152.2753 | 08739.1455 | 12:37:24 | 221.535531 | 359.170247 
 4152.2753 | 08739.1475 | 12:37:25 | 221.533812 | 359.170234 
 4152.2748 | 08739.1485 | 12:37:26 | 221.532956 | 359.169652 
 4152.2742 | 08739.1496 | 12:37:27 | 221.532016 | 359.168954 
 4152.2735 | 08739.1493 | 12:37:28 | 221.532280 | 359.168151 
 4152.2732 | 08739.1499 | 12:37:29 | 221.531767 | 359.167802 
 4152.2730 | 08739.1498 | 12:37:30 | 221.531855 | 359.167573 
 4152.2729 | 08739.1501 | 12:37:31 | 221.531598 | 359.167456 
 4152.2726 | 08739.1499 | 12:37:32 | 221.531773 | 359.167112 
 4152.2723 | 08739.1505 | 12:37:33 | 221.531260 | 359.166763 
 4152.2715 | 08739.1498 | 12:37:34 | 221.531869 | 359.165847 
 4152.2709 | 08739.1496 | 12:37:35 | 221.532046 | 359.165158 
 4152.2701 | 08739.1495 | 12:37:36 | 221.532140 | 359.164239 
 4152.2565 | 08739.1534 | 12:37:37 | 221.528911 | 359.148569 
 4152.2551 | 08739.1537 | 12:37:38 | 221.528665 | 359.146956 
 4152.2555 | 08739.1554 | 12:37:39 | 221.527200 | 359.147405 
 4152.2564 | 08739.1551 | 12:37:40 | 221.527450 | 359.148442 
 4152.2557 | 08739.1557 | 12:37:41 | 221.526941 | 359.147633 
 4152.2574 | 08739.1557 | 12:37:42 | 221.526925 | 359.149588 
 4152.2595 | 08739.1544 | 12:37:43 | 221.528024 | 359.152013 
 4152.2605 | 08739.1540 | 12:37:44 | 221.528358 | 359.153166 
 4152.2626 | 08739.1529 | 12:37:46 | 221.529285 | 359.155589 
 4152.2641 | 08739.1520 | 12:37:47 | 221.530045 | 359.157320 
 4152.2668 | 08739.1527 | 12:37:48 | 221.529418 | 359.160421 
 4152.2688 | 08739.1518 | 12:37:49 | 221.530174 | 359.162728 
 4152.2706 | 08739.1511 | 12:37:50 | 221.530759 | 359.164803 
 4152.2721 | 08739.1510 | 12:37:52 | 221.530832 | 359.166529 
 4152.2738 | 08739.1502 | 12:37:53 | 221.531504 | 359.168490 
 4152.2680 | 08739.1514 | 12:37:54 | 221.530525 | 359.161810 
 4152.2688 | 08739.1507 | 12:37:55 | 221.531120 | 359.162735 
 4152.2701 | 08739.1496 | 12:37:56 | 221.532054 | 359.164238 
 4152.2683 | 08739.1464 | 12:37:57 | 221.534821 | 359.162190 
 4152.2689 | 08739.1454 | 12:37:58 | 221.535675 | 359.162887 
 4152.2751 | 08739.1399 | 12:37:59 | 221.540347 | 359.170056 
 4152.2764 | 08739.1401 | 12:38:00 | 221.540164 | 359.171550 
 4152.2769 | 08739.1399 | 12:38:01 | 221.540331 | 359.172126 
 4152.2769 | 08739.1399 | 12:38:02 | 221.540331 | 359.172126 
 4152.2769 | 08739.1399 | 12:38:03 | 221.540331 | 359.172126 
 4152.2785 | 08739.1400 | 12:38:04 | 221.540230 | 359.173966 
 4152.2783 | 08739.1405 | 12:38:05 | 221.539802 | 359.173732 
 4152.2775 | 08739.1404 | 12:38:06 | 221.539896 | 359.172813 
 4152.2769 | 08739.1405 | 12:38:07 | 221.539815 | 359.172122 
 4152.2763 | 08739.1407 | 12:38:08 | 221.539649 | 359.171430 
 4152.2748 | 08739.1415 | 12:38:09 | 221.538974 | 359.169700 
 4152.2735 | 08739.1423 | 12:38:11 | 221.538299 | 359.168199 
 4152.2727 | 08739.1428 | 12:38:12 | 221.537876 | 359.167275 
 4152.2720 | 08739.1435 | 12:38:13 | 221.537281 | 359.166465 
 4152.2726 | 08739.1455 | 12:38:14 | 221.535556 | 359.167142 
 4152.2721 | 08739.1464 | 12:38:15 | 221.534786 | 359.166561 
 4152.2718 | 08739.1473 | 12:38:16 | 221.534015 | 359.166209 
 4152.2704 | 08739.1484 | 12:38:17 | 221.533082 | 359.164591 
 4152.2711 | 08739.1489 | 12:38:18 | 221.532646 | 359.165393 
 4152.2711 | 08739.1489 | 12:38:19 | 221.532646 | 359.165393 
 4152.2711 | 08739.1489 | 12:38:20 | 221.532646 | 359.165393 
 4152.2711 | 08739.1489 | 12:38:21 | 221.532646 | 359.165393 
 4152.2711 | 08739.1489 | 12:38:22 | 221.532646 | 359.165393 
 4152.2711 | 08739.1489 | 12:38:23 | 221.532646 | 359.165393 
 4152.2711 | 08739.1489 | 12:38:24 | 221.532646 | 359.165393 
 4152.2711 | 08739.1489 | 12:38:25 | 221.532646 | 359.165393 
 4152.2711 | 08739.1489 | 12:38:26 | 221.532646 | 359.165393 
 4152.2711 | 08739.1489 | 12:38:27 | 221.532646 | 359.165393 
 4152.2711 | 08739.1489 | 12:38:29 | 221.532646 | 359.165393 
 4152.2711 | 08739.1489 | 12:38:30 | 221.532646 | 359.165393 
 4152.2711 | 08739.1489 | 12:38:31 | 221.532646 | 359.165393 
 4152.2711 | 08739.1489 | 12:38:32 | 221.532646 | 359.165393 
 4152.2711 | 08739.1489 | 12:38:33 | 221.532646 | 359.165393 
 4152.2711 | 08739.1489 | 12:38:34 | 221.532646 | 359.165393 
 4152.2809 | 08739.1447 | 12:38:35 | 221.536168 | 359.176694 
 4152.2830 | 08739.1437 | 12:38:37 | 221.537008 | 359.179117 
 4152.2838 | 08739.1430 | 12:38:38 | 221.537603 | 359.180042 
 4152.2848 | 08739.1424 | 12:38:39 | 221.538109 | 359.181196 
 4152.2856 | 08739.1421 | 12:38:40 | 221.538360 | 359.182118 
 4152.2863 | 08739.1416 | 12:38:41 | 221.538784 | 359.182927 
 4152.2871 | 08739.1412 | 12:38:42 | 221.539120 | 359.183850 
 4152.2877 | 08739.1396 | 12:38:43 | 221.540490 | 359.184551 
 4152.2885 | 08739.1389 | 12:38:44 | 221.541085 | 359.185476 
 4152.2949 | 08739.1356 | 12:38:45 | 221.543863 | 359.192860 
 4152.2928 | 08739.1342 | 12:38:46 | 221.545086 | 359.190454 
 4152.2907 | 08739.1393 | 12:38:47 | 221.540721 | 359.188004 
 4152.2909 | 08739.1397 | 12:38:48 | 221.540375 | 359.188231 
 4152.2908 | 08739.1394 | 12:38:49 | 221.540634 | 359.188118 
 4152.2915 | 08739.1390 | 12:38:50 | 221.540971 | 359.188926 
 4152.2915 | 08739.1383 | 12:38:51 | 221.541573 | 359.188931 
 4152.2922 | 08739.1381 | 12:38:52 | 221.541739 | 359.189737 
 4152.2928 | 08739.1378 | 12:38:53 | 221.541991 | 359.190429 
 4152.2933 | 08739.1374 | 12:38:54 | 221.542331 | 359.191007 
 4152.2926 | 08739.1378 | 12:38:55 | 221.541993 | 359.190199 
 4152.2930 | 08739.1374 | 12:38:56 | 221.542333 | 359.190662 
 4152.2937 | 08739.1374 | 12:38:57 | 221.542327 | 359.191467 
 4152.2941 | 08739.1374 | 12:38:58 | 221.542323 | 359.191927 
 4152.2944 | 08739.1372 | 12:38:59 | 221.542492 | 359.192274 
 4152.2951 | 08739.1368 | 12:39:00 | 221.542830 | 359.193082 
 4152.2956 | 08739.1364 | 12:39:01 | 221.543169 | 359.193660 
 4152.2960 | 08739.1360 | 12:39:02 | 221.543510 | 359.194123 
 4152.2961 | 08739.1357 | 12:39:03 | 221.543767 | 359.194240 
 4152.2962 | 08739.1356 | 12:39:04 | 221.543852 | 359.194355 
 4152.2966 | 08739.1350 | 12:39:05 | 221.544364 | 359.194819 
 4152.2971 | 08739.1346 | 12:39:06 | 221.544703 | 359.195397 
 4152.2974 | 08739.1344 | 12:39:07 | 221.544872 | 359.195744 
 4152.2978 | 08739.1341 | 12:39:08 | 221.545127 | 359.196206 
 4152.2981 | 08739.1339 | 12:39:09 | 221.545296 | 359.196552 
 4152.2983 | 08739.1333 | 12:39:10 | 221.545810 | 359.196787 
 4152.2986 | 08739.1332 | 12:39:11 | 221.545893 | 359.197132 
 4152.2988 | 08739.1327 | 12:39:12 | 221.546321 | 359.197366 
 4152.2969 | 08739.1330 | 12:39:13 | 221.546081 | 359.195178 
 4152.2967 | 08739.1335 | 12:39:14 | 221.545652 | 359.194945 
 4152.2971 | 08739.1342 | 12:39:15 | 221.545047 | 359.195400 
 4152.2971 | 08739.1342 | 12:39:16 | 221.545047 | 359.195400 
 4152.2971 | 08739.1342 | 12:39:17 | 221.545047 | 359.195400 
 4152.2971 | 08739.1342 | 12:39:18 | 221.545047 | 359.195400 
 4152.2971 | 08739.1342 | 12:39:19 | 221.545047 | 359.195400 
 4152.2971 | 08739.1342 | 12:39:20 | 221.545047 | 359.195400 
 4152.2971 | 08739.1342 | 12:39:21 | 221.545047 | 359.195400 
 4152.2997 | 08739.1407 | 12:39:22 | 221.539435 | 359.198346 
 4152.2998 | 08739.1411 | 12:39:23 | 221.539090 | 359.198459 
 4152.3011 | 08739.1405 | 12:39:24 | 221.539594 | 359.199958 
 4152.3015 | 08739.1408 | 12:39:25 | 221.539333 | 359.200416 
 4152.3022 | 08739.1409 | 12:39:26 | 221.539240 | 359.201221 
 4152.3058 | 08739.1359 | 12:39:28 | 221.543506 | 359.205396 
 4152.3104 | 08739.1336 | 12:39:31 | 221.545441 | 359.210703 
 4152.3112 | 08739.1333 | 12:39:32 | 221.545692 | 359.211625 
 4152.3117 | 08739.1330 | 12:39:33 | 221.545945 | 359.212202 
 4152.3130 | 08739.1324 | 12:39:35 | 221.546449 | 359.213701 
 4152.3137 | 08739.1317 | 12:39:36 | 221.547045 | 359.214511 
 4152.3143 | 08739.1311 | 12:39:37 | 221.547555 | 359.215206 
 4152.3155 | 08739.1300 | 12:39:39 | 221.548490 | 359.216593 
 4152.3160 | 08739.1294 | 12:39:40 | 221.549001 | 359.217173 
 4152.3165 | 08739.1289 | 12:39:41 | 221.549426 | 359.217751 
 4152.3169 | 08739.1282 | 12:39:42 | 221.550025 | 359.218216 
 4152.3143 | 08739.1244 | 12:39:43 | 221.553315 | 359.215251 
 4152.3142 | 08739.1232 | 12:39:44 | 221.554348 | 359.215144 
 4152.3139 | 08739.1222 | 12:39:45 | 221.555210 | 359.214806 
 4152.3117 | 08739.1211 | 12:39:46 | 221.556176 | 359.212283 
 4152.3112 | 08739.1207 | 12:39:47 | 221.556525 | 359.211711 
 4152.3110 | 08739.1201 | 12:39:48 | 221.557042 | 359.211485 
 4152.3094 | 08739.1177 | 12:39:49 | 221.559120 | 359.209661 
 4152.3094 | 08739.1171 | 12:39:50 | 221.559636 | 359.209665 
 4152.3094 | 08739.1169 | 12:39:51 | 221.559808 | 359.209666 
 4152.3093 | 08739.1163 | 12:39:52 | 221.560325 | 359.209555 
 4152.3093 | 08739.1157 | 12:39:53 | 221.560841 | 359.209559 
 4152.3095 | 08739.1152 | 12:39:54 | 221.561269 | 359.209793 
 4152.3096 | 08739.1146 | 12:39:55 | 221.561784 | 359.209912 
 4152.3096 | 08739.1140 | 12:39:56 | 221.562299 | 359.209916 
 4152.3098 | 08739.1130 | 12:39:57 | 221.563157 | 359.210153 
 4152.3098 | 08739.1124 | 12:39:58 | 221.563673 | 359.210157 
 4152.3100 | 08739.1120 | 12:39:59 | 221.564015 | 359.210390 
 4152.3108 | 08739.1098 | 12:40:00 | 221.565899 | 359.211325 
 4152.3116 | 08739.1117 | 12:40:01 | 221.564258 | 359.212232 
 4152.3117 | 08739.1112 | 12:40:02 | 221.564687 | 359.212351 
 4152.3115 | 08739.1112 | 12:40:03 | 221.564689 | 359.212121 
 4152.3097 | 08739.1106 | 12:40:04 | 221.565222 | 359.210054 
 4152.3096 | 08739.1098 | 12:40:05 | 221.565910 | 359.209945 
 4152.3079 | 08739.1082 | 12:40:06 | 221.567301 | 359.208000 
 4152.3076 | 08739.1074 | 12:40:07 | 221.567992 | 359.207661 
 4152.3071 | 08739.1059 | 12:40:08 | 221.569286 | 359.207096 
 4152.3066 | 08739.1046 | 12:40:09 | 221.570408 | 359.206529 
 4152.3064 | 08739.1057 | 12:40:10 | 221.569464 | 359.206292 
 4152.3062 | 08739.1052 | 12:40:11 | 221.569896 | 359.206065 
 4152.3061 | 08739.1049 | 12:40:12 | 221.570155 | 359.205952 
 4152.3058 | 08739.1046 | 12:40:13 | 221.570415 | 359.205609 
 4152.3056 | 08739.1043 | 12:40:14 | 221.570675 | 359.205381 
 4152.3052 | 08739.1038 | 12:40:15 | 221.571109 | 359.204925 
 4152.3077 | 08739.1005 | 12:40:16 | 221.573923 | 359.207823 
 4152.3076 | 08739.0996 | 12:40:17 | 221.574698 | 359.207714 
 4152.3076 | 08739.0986 | 12:40:18 | 221.575557 | 359.207721 
 4152.3077 | 08739.0972 | 12:40:19 | 221.576760 | 359.207845 
 4152.3077 | 08739.0953 | 12:40:21 | 221.578394 | 359.207858 
 4152.3074 | 08739.0945 | 12:40:22 | 221.579084 | 359.207519 
 4152.3073 | 08739.0936 | 12:40:23 | 221.579859 | 359.207410 
 4152.3076 | 08739.0922 | 12:40:24 | 221.581060 | 359.207764 
 4152.3075 | 08739.0913 | 12:40:25 | 221.581834 | 359.207655 
 4152.3094 | 08739.0901 | 12:40:26 | 221.582849 | 359.209849 
 4152.3088 | 08739.0893 | 12:40:27 | 221.583542 | 359.209164 
 4152.3128 | 08739.0913 | 12:40:29 | 221.581786 | 359.213752 
 4152.3131 | 08739.0908 | 12:40:30 | 221.582213 | 359.214100 
 4152.3134 | 08739.0909 | 12:40:31 | 221.582124 | 359.214445 
 4152.3110 | 08739.0952 | 12:40:32 | 221.578449 | 359.211655 
 4152.3105 | 08739.0951 | 12:40:33 | 221.578540 | 359.211080 
 4152.3103 | 08739.0946 | 12:40:34 | 221.578972 | 359.210854 
 4152.3103 | 08739.0946 | 12:40:35 | 221.578972 | 359.210854 
 4152.3103 | 08739.0946 | 12:40:36 | 221.578972 | 359.210854 
 4152.3086 | 08739.0889 | 12:40:37 | 221.583888 | 359.208937 
 4152.3084 | 08739.0881 | 12:40:38 | 221.584577 | 359.208713 
 4152.3082 | 08739.0863 | 12:40:39 | 221.586127 | 359.208495 
 4152.3090 | 08739.0866 | 12:40:40 | 221.585861 | 359.209413 
 4152.3099 | 08739.0841 | 12:40:41 | 221.588002 | 359.210465 
 4152.3101 | 08739.0815 | 12:40:42 | 221.590236 | 359.210713 
 4152.3097 | 08739.0802 | 12:40:43 | 221.591357 | 359.210262 
 4152.3105 | 08739.0798 | 12:40:44 | 221.591694 | 359.211185 
 4152.3105 | 08739.0791 | 12:40:45 | 221.592296 | 359.211190 
 4152.3104 | 08739.0783 | 12:40:46 | 221.592984 | 359.211080 
 4152.3104 | 08739.0774 | 12:40:47 | 221.593758 | 359.211086 
 4152.3102 | 08739.0762 | 12:40:48 | 221.594791 | 359.210864 
 4152.3097 | 08739.0764 | 12:40:49 | 221.594624 | 359.210288 
 4152.3083 | 08739.0753 | 12:40:50 | 221.595583 | 359.208685 
 4152.3076 | 08739.0755 | 12:40:51 | 221.595417 | 359.207878 
 4152.3073 | 08739.0749 | 12:40:52 | 221.595936 | 359.207537 
 4152.3069 | 08739.0740 | 12:40:53 | 221.596713 | 359.207084 
 4152.3069 | 08739.0736 | 12:40:54 | 221.597057 | 359.207086 
 4152.3066 | 08739.0726 | 12:40:55 | 221.597919 | 359.206748 
 4152.3062 | 08739.0720 | 12:40:56 | 221.598439 | 359.206292 
 4152.3059 | 08739.0713 | 12:40:57 | 221.599043 | 359.205952 
 4152.3061 | 08739.0703 | 12:40:58 | 221.599901 | 359.206189 
 4152.3062 | 08739.0707 | 12:40:59 | 221.599557 | 359.206301 
 4152.3063 | 08739.0696 | 12:41:00 | 221.600501 | 359.206423 
 4152.3059 | 08739.0685 | 12:41:01 | 221.601451 | 359.205971 
 4152.3059 | 08739.0670 | 12:41:02 | 221.602740 | 359.205981 
 4152.3057 | 08739.0664 | 12:41:03 | 221.603258 | 359.205755 
 4152.3056 | 08739.0652 | 12:41:04 | 221.604291 | 359.205648 
 4152.3079 | 08739.0629 | 12:41:05 | 221.606247 | 359.208310 
 4152.3081 | 08739.0618 | 12:41:06 | 221.607191 | 359.208547 
 4152.3084 | 08739.0607 | 12:41:07 | 221.608134 | 359.208900 
 4152.3075 | 08739.0602 | 12:41:08 | 221.608572 | 359.207868 
 4152.3076 | 08739.0592 | 12:41:09 | 221.609431 | 359.207990 
 4152.3075 | 08739.0583 | 12:41:10 | 221.610205 | 359.207881 
 4152.3075 | 08739.0573 | 12:41:11 | 221.611065 | 359.207888 
 4152.3075 | 08739.0562 | 12:41:12 | 221.612011 | 359.207895 
 4152.3084 | 08739.0554 | 12:41:13 | 221.612690 | 359.208936 
 4152.3063 | 08739.0589 | 12:41:14 | 221.609700 | 359.206497 
 4152.3063 | 08739.0589 | 12:41:15 | 221.609700 | 359.206497 
 4152.3071 | 08739.0588 | 12:41:16 | 221.609779 | 359.207417 
 4152.3086 | 08739.0590 | 12:41:17 | 221.609593 | 359.209141 
 4152.3088 | 08739.0586 | 12:41:18 | 221.609935 | 359.209374 
 4152.3090 | 08739.0572 | 12:41:19 | 221.611137 | 359.209614 
 4152.3092 | 08739.0567 | 12:41:20 | 221.611565 | 359.209847 
 4152.3094 | 08739.0562 | 12:41:21 | 221.611993 | 359.210081 
 4152.3071 | 08739.0580 | 12:41:22 | 221.610467 | 359.207423 
 4152.3071 | 08739.0577 | 12:41:23 | 221.610725 | 359.207425 
 4152.3080 | 08739.0565 | 12:41:24 | 221.611748 | 359.208468 
 4152.3080 | 08739.0562 | 12:41:25 | 221.612006 | 359.208470 
 4152.3057 | 08739.0548 | 12:41:26 | 221.613231 | 359.205834 
 4152.3055 | 08739.0542 | 12:41:27 | 221.613748 | 359.205608 
 4152.3055 | 08739.0513 | 12:41:31 | 221.616242 | 359.205628 
 4152.3069 | 08739.0486 | 12:41:34 | 221.618550 | 359.207257 
 4152.3061 | 08739.0484 | 12:41:35 | 221.618729 | 359.206338 
 4152.3054 | 08739.0483 | 12:41:36 | 221.618822 | 359.205534 
 4152.3056 | 08739.0460 | 12:41:40 | 221.620797 | 359.205780 
 4152.3057 | 08739.0456 | 12:41:41 | 221.621140 | 359.205897 
 4152.3049 | 08739.0447 | 12:41:43 | 221.621921 | 359.204983 
 4152.3041 | 08739.0401 | 12:41:51 | 221.625883 | 359.204094 
 4152.3037 | 08739.0384 | 12:41:54 | 221.627349 | 359.203646 
 4152.3033 | 08739.0366 | 12:41:57 | 221.628900 | 359.203198 
 4152.3029 | 08739.0361 | 12:41:58 | 221.629333 | 359.202742 
 4152.3011 | 08739.0317 | 12:42:05 | 221.633132 | 359.200701 
 4152.3005 | 08739.0314 | 12:42:06 | 221.633396 | 359.200013 
 4152.3000 | 08739.0308 | 12:42:07 | 221.633916 | 359.199442 
 4152.2994 | 08739.0302 | 12:42:08 | 221.634438 | 359.198756 
 4152.2985 | 08739.0292 | 12:42:10 | 221.635306 | 359.197728 
 4152.2959 | 08739.0282 | 12:42:15 | 221.636189 | 359.194744 
 4152.2943 | 08739.0277 | 12:42:16 | 221.636634 | 359.192907 
 4152.2864 | 08739.0302 | 12:42:21 | 221.634557 | 359.183803 
 4152.2882 | 08739.0335 | 12:42:22 | 221.631703 | 359.185851 
 4152.2868 | 08739.0334 | 12:42:23 | 221.631802 | 359.184241 
 4152.2852 | 08739.0338 | 12:42:24 | 221.631473 | 359.182398 
 4152.2829 | 08739.0342 | 12:42:26 | 221.631150 | 359.179749 
 4152.2818 | 08739.0355 | 12:42:30 | 221.630042 | 359.178475 
 4152.2796 | 08739.0499 | 12:42:31 | 221.617682 | 359.175846 
 4152.2744 | 08739.0530 | 12:42:34 | 221.615064 | 359.169844 
 4152.2726 | 08739.0535 | 12:42:35 | 221.614651 | 359.167770 
 4152.2714 | 08739.0541 | 12:42:36 | 221.614146 | 359.166386 
 4152.2695 | 08739.0552 | 12:42:37 | 221.613218 | 359.164193 
 4152.2679 | 08739.0557 | 12:42:39 | 221.612803 | 359.162349 
 4152.2588 | 08739.0600 | 12:42:41 | 221.609189 | 359.151852 
 4152.2579 | 08739.0601 | 12:42:42 | 221.609111 | 359.150816 
 4152.2572 | 08739.0597 | 12:42:43 | 221.609462 | 359.150014 
 4152.2561 | 08739.0602 | 12:42:44 | 221.609042 | 359.148745 
 4152.2554 | 08739.0602 | 12:42:45 | 221.609048 | 359.147940 
 4152.2549 | 08739.0596 | 12:42:46 | 221.609569 | 359.147369 
 4152.2543 | 08739.0587 | 12:42:47 | 221.610348 | 359.146685 
 4152.2543 | 08739.0576 | 12:42:48 | 221.611294 | 359.146692 
 4152.2540 | 08739.0565 | 12:42:49 | 221.612242 | 359.146355 
 4152.2531 | 08739.0563 | 12:42:50 | 221.612422 | 359.145321 
 4152.2526 | 08739.0548 | 12:42:51 | 221.613716 | 359.144756 
 4152.2534 | 08739.0538 | 12:42:53 | 221.614569 | 359.145683 
 4152.2591 | 08739.0518 | 12:42:54 | 221.616236 | 359.152253 
 4152.2596 | 08739.0505 | 12:42:55 | 221.617349 | 359.152837 
 4152.2598 | 08739.0489 | 12:42:56 | 221.618723 | 359.153078 
 4152.2597 | 08739.0475 | 12:42:57 | 221.619927 | 359.152973 
 4152.2597 | 08739.0460 | 12:42:58 | 221.621217 | 359.152983 
 4152.2594 | 08739.0448 | 12:42:59 | 221.622251 | 359.152646 
 4152.2592 | 08739.0431 | 12:43:00 | 221.623715 | 359.152428 
 4152.2588 | 08739.0426 | 12:43:01 | 221.624148 | 359.151971 
 4152.2584 | 08739.0416 | 12:43:02 | 221.625012 | 359.151518 
 4152.2577 | 08739.0400 | 12:43:03 | 221.626394 | 359.150723 
 4152.2573 | 08739.0396 | 12:43:04 | 221.626741 | 359.150266 
 4152.2566 | 08739.0392 | 12:43:05 | 221.627092 | 359.149464 
 4152.2564 | 08739.0380 | 12:43:06 | 221.628125 | 359.149242 
 4152.2556 | 08739.0379 | 12:43:07 | 221.628218 | 359.148322 
 4152.2551 | 08739.0376 | 12:43:08 | 221.628481 | 359.147749 
 4152.2549 | 08739.0371 | 12:43:09 | 221.628913 | 359.147523 
 4152.2546 | 08739.0367 | 12:43:10 | 221.629259 | 359.147180 
 4152.2586 | 08739.0298 | 12:43:11 | 221.635155 | 359.151828 
 4152.2585 | 08739.0293 | 12:43:12 | 221.635586 | 359.151717 
 4152.2579 | 08739.0293 | 12:43:13 | 221.635591 | 359.151027 
 4152.2598 | 08739.0276 | 12:43:14 | 221.637035 | 359.153224 
 4152.2600 | 08739.0271 | 12:43:15 | 221.637463 | 359.153457 
 4152.2610 | 08739.0260 | 12:43:16 | 221.638400 | 359.154615 
 4152.2611 | 08739.0255 | 12:43:17 | 221.638829 | 359.154733 
 4152.2619 | 08739.0245 | 12:43:18 | 221.639681 | 359.155661 
 4152.2627 | 08739.0233 | 12:43:19 | 221.640706 | 359.156589 
 4152.2635 | 08739.0218 | 12:43:20 | 221.641988 | 359.157519 
 4152.2683 | 08739.0170 | 12:43:21 | 221.646071 | 359.163073 
 4152.2689 | 08739.0158 | 12:43:22 | 221.647097 | 359.163772 
 4152.2689 | 08739.0142 | 12:43:23 | 221.648472 | 359.163783 
 4152.2691 | 08739.0131 | 12:43:24 | 221.649416 | 359.164020 
 4152.2693 | 08739.0115 | 12:43:25 | 221.650790 | 359.164261 
 4152.2696 | 08739.0106 | 12:43:26 | 221.651561 | 359.164613 
 4152.2653 | 08739.0120 | 12:43:27 | 221.650397 | 359.159657 
 4152.2650 | 08739.0113 | 12:43:28 | 221.651001 | 359.159317 
 4152.2649 | 08739.0107 | 12:43:29 | 221.651518 | 359.159206 
 4152.2649 | 08739.0101 | 12:43:30 | 221.652034 | 359.159210 
 4152.2649 | 08739.0097 | 12:43:31 | 221.652378 | 359.159213 
 4152.2649 | 08739.0093 | 12:43:32 | 221.652722 | 359.159215 
 4152.2649 | 08739.0087 | 12:43:33 | 221.653238 | 359.159219 
 4152.2658 | 08739.0063 | 12:43:35 | 221.655293 | 359.160271 
 4152.2661 | 08739.0048 | 12:43:36 | 221.656580 | 359.160626 
 4152.2656 | 08739.0049 | 12:43:37 | 221.656498 | 359.160051 
 4152.2654 | 08739.0043 | 12:43:38 | 221.657016 | 359.159825 
 4152.2646 | 08739.0036 | 12:43:39 | 221.657625 | 359.158909 
 4152.2642 | 08739.0032 | 12:43:40 | 221.657973 | 359.158452 
 4152.2638 | 08739.0029 | 12:43:41 | 221.658234 | 359.157994 
 4152.2653 | 08739.0026 | 12:43:42 | 221.658478 | 359.159721 
 4152.2656 | 08739.0036 | 12:43:43 | 221.657616 | 359.160059 
 4152.2666 | 08739.0019 | 12:43:44 | 221.659068 | 359.161221 
 4152.2666 | 08739.0014 | 12:43:45 | 221.659498 | 359.161225 
 4152.2664 | 08739.0001 | 12:43:46 | 221.660618 | 359.161004 
 4152.2663 | 08738.9992 | 12:43:47 | 221.661392 | 359.160895 
 4152.2662 | 08738.9986 | 12:43:48 | 221.661909 | 359.160784 
 4152.2664 | 08738.9976 | 12:43:49 | 221.662767 | 359.161021 
 4152.2663 | 08738.9970 | 12:43:50 | 221.663284 | 359.160910 
 4152.2667 | 08738.9946 | 12:43:51 | 221.665343 | 359.161386 
 4152.2668 | 08738.9934 | 12:43:52 | 221.666374 | 359.161510 
 4152.2670 | 08738.9923 | 12:43:53 | 221.667318 | 359.161747 
 4152.2670 | 08738.9912 | 12:43:54 | 221.668264 | 359.161755 
 4152.2670 | 08738.9906 | 12:43:55 | 221.668780 | 359.161759 
 4152.2670 | 08738.9899 | 12:43:56 | 221.669381 | 359.161764 
 4152.2671 | 08738.9890 | 12:43:57 | 221.670154 | 359.161885 
 4152.2671 | 08738.9884 | 12:43:58 | 221.670670 | 359.161889 
 4152.2672 | 08738.9881 | 12:43:59 | 221.670927 | 359.162006 
 4152.2670 | 08738.9879 | 12:44:00 | 221.671101 | 359.161777 
 4152.2670 | 08738.9875 | 12:44:01 | 221.671445 | 359.161780 
 4152.2667 | 08738.9874 | 12:44:02 | 221.671533 | 359.161436 
 4152.2665 | 08738.9870 | 12:44:03 | 221.671879 | 359.161208 
 4152.2664 | 08738.9866 | 12:44:04 | 221.672224 | 359.161096 
 4152.2671 | 08738.9856 | 12:44:05 | 221.673077 | 359.161908 
 4152.2675 | 08738.9848 | 12:44:06 | 221.673761 | 359.162374 
 4152.2677 | 08738.9840 | 12:44:07 | 221.674447 | 359.162609 
 4152.2680 | 08738.9834 | 12:44:08 | 221.674961 | 359.162958 
 4152.2682 | 08738.9828 | 12:44:09 | 221.675475 | 359.163192 
 4152.2685 | 08738.9822 | 12:44:10 | 221.675988 | 359.163542 
 4152.2688 | 08738.9817 | 12:44:11 | 221.676415 | 359.163890 
 4152.2691 | 08738.9812 | 12:44:12 | 221.676842 | 359.164239 
 4152.2694 | 08738.9810 | 12:44:13 | 221.677011 | 359.164585 
 4152.2696 | 08738.9808 | 12:44:14 | 221.677181 | 359.164817 
 4152.2699 | 08738.9805 | 12:44:15 | 221.677436 | 359.165164 
 4152.2702 | 08738.9803 | 12:44:16 | 221.677606 | 359.165510 
 4152.2705 | 08738.9801 | 12:44:17 | 221.677775 | 359.165857 
 4152.2708 | 08738.9797 | 12:44:18 | 221.678116 | 359.166204 
 4152.2752 | 08738.9735 | 12:44:19 | 221.683406 | 359.171308 
 4152.2788 | 08738.9728 | 12:44:20 | 221.683975 | 359.175454 
 4152.2763 | 08738.9742 | 12:44:21 | 221.682794 | 359.172568 
 4152.2771 | 08738.9748 | 12:44:22 | 221.682271 | 359.173485 
 4152.2778 | 08738.9747 | 12:44:23 | 221.682350 | 359.174290 
 4152.2789 | 08738.9745 | 12:44:24 | 221.682512 | 359.175557 
 4152.2795 | 08738.9746 | 12:44:25 | 221.682421 | 359.176246 
 4152.2802 | 08738.9744 | 12:44:26 | 221.682586 | 359.177053 
 4152.2806 | 08738.9744 | 12:44:27 | 221.682583 | 359.177513 
 4152.2810 | 08738.9741 | 12:44:28 | 221.682837 | 359.177975 
 4152.2812 | 08738.9736 | 12:44:29 | 221.683265 | 359.178209 
 4152.2813 | 08738.9733 | 12:44:30 | 221.683522 | 359.178326 
 4152.2814 | 08738.9730 | 12:44:31 | 221.683779 | 359.178443 
 4152.2818 | 08738.9726 | 12:44:32 | 221.684119 | 359.178906 
 4152.2823 | 08738.9722 | 12:44:33 | 221.684458 | 359.179484 
 4152.2826 | 08738.9717 | 12:44:34 | 221.684886 | 359.179832 
 4152.2830 | 08738.9711 | 12:44:35 | 221.685398 | 359.180296 
 4152.2834 | 08738.9704 | 12:44:36 | 221.685996 | 359.180761 
 4152.2844 | 08738.9701 | 12:44:37 | 221.686245 | 359.181914 
 4152.2849 | 08738.9698 | 12:44:38 | 221.686498 | 359.182491 
 4152.2849 | 08738.9693 | 12:44:39 | 221.686928 | 359.182494 
 4152.2853 | 08738.9691 | 12:44:40 | 221.687096 | 359.182956 
 4152.2858 | 08738.9686 | 12:44:41 | 221.687521 | 359.183534 
 4152.2862 | 08738.9680 | 12:44:42 | 221.688034 | 359.183998 
 4152.2861 | 08738.9673 | 12:44:43 | 221.688636 | 359.183888 
 4152.2863 | 08738.9667 | 12:44:44 | 221.689150 | 359.184122 
 4152.2867 | 08738.9660 | 12:44:45 | 221.689749 | 359.184587 
 4152.2876 | 08738.9652 | 12:44:46 | 221.690428 | 359.185628 
 4152.2881 | 08738.9643 | 12:44:47 | 221.691197 | 359.186209 
 4152.2883 | 08738.9635 | 12:44:48 | 221.691883 | 359.186445 
 4152.2886 | 08738.9626 | 12:44:49 | 221.692654 | 359.186796 
 4152.2887 | 08738.9617 | 12:44:50 | 221.693427 | 359.186917 
 4152.2890 | 08738.9609 | 12:44:51 | 221.694112 | 359.187268 
 4152.2892 | 08738.9600 | 12:44:52 | 221.694884 | 359.187504 
 4152.2892 | 08738.9586 | 12:44:53 | 221.696088 | 359.187514 
 4152.2892 | 08738.9578 | 12:44:54 | 221.696775 | 359.187519 
 4152.2892 | 08738.9570 | 12:44:55 | 221.697463 | 359.187524 
 4152.2888 | 08738.9565 | 12:44:56 | 221.697897 | 359.187068 
 4152.2887 | 08738.9558 | 12:44:57 | 221.698499 | 359.186958 
 4152.2884 | 08738.9553 | 12:44:58 | 221.698932 | 359.186616 
 4152.2880 | 08738.9550 | 12:44:59 | 221.699194 | 359.186158 
 4152.2879 | 08738.9540 | 12:45:00 | 221.700054 | 359.186050 
 4152.2875 | 08738.9534 | 12:45:01 | 221.700574 | 359.185594 
 4152.2871 | 08738.9528 | 12:45:02 | 221.701093 | 359.185138 
 4152.2867 | 08738.9520 | 12:45:03 | 221.701785 | 359.184683 
 4152.2862 | 08738.9514 | 12:45:04 | 221.702305 | 359.184112 
 4152.2856 | 08738.9510 | 12:45:05 | 221.702655 | 359.183425 
 4152.2846 | 08738.9508 | 12:45:06 | 221.702836 | 359.182276 
 4152.2874 | 08738.9486 | 12:45:07 | 221.704701 | 359.185512 
 4152.2879 | 08738.9484 | 12:45:08 | 221.704869 | 359.186088 
 4152.2877 | 08738.9480 | 12:45:09 | 221.705214 | 359.185861 
 4152.2875 | 08738.9476 | 12:45:10 | 221.705560 | 359.185633 
 4152.2875 | 08738.9471 | 12:45:11 | 221.705990 | 359.185637 
 4152.2874 | 08738.9466 | 12:45:12 | 221.706421 | 359.185525 
 4152.2871 | 08738.9463 | 12:45:13 | 221.706682 | 359.185182 
 4152.2866 | 08738.9469 | 12:45:14 | 221.706170 | 359.184603 
 4152.2864 | 08738.9466 | 12:45:15 | 221.706430 | 359.184375 
 4152.2860 | 08738.9465 | 12:45:16 | 221.706520 | 359.183916 
 4152.2858 | 08738.9461 | 12:45:17 | 221.706865 | 359.183688 
 4152.2875 | 08738.9438 | 12:45:18 | 221.708827 | 359.185660 
 4152.2877 | 08738.9429 | 12:45:19 | 221.709599 | 359.185896 
 4152.2877 | 08738.9419 | 12:45:20 | 221.710459 | 359.185903 
 4152.2877 | 08738.9411 | 12:45:21 | 221.711147 | 359.185908 
 4152.2885 | 08738.9376 | 12:45:22 | 221.714148 | 359.186852 
 4152.2887 | 08738.9358 | 12:45:23 | 221.715694 | 359.187095 
 4152.2887 | 08738.9350 | 12:45:24 | 221.716382 | 359.187100 
 4152.2890 | 08738.9342 | 12:45:25 | 221.717067 | 359.187451 
 4152.2886 | 08738.9334 | 12:45:26 | 221.717758 | 359.186996 
 4152.2888 | 08738.9327 | 12:45:27 | 221.718358 | 359.187231 
 4152.2889 | 08738.9321 | 12:45:28 | 221.718873 | 359.187350 
 4152.2885 | 08738.9311 | 12:45:29 | 221.719737 | 359.186897 
 4152.2885 | 08738.9303 | 12:45:30 | 221.720424 | 359.186902 
 4152.2880 | 08738.9289 | 12:45:31 | 221.721633 | 359.186337 
 4152.2878 | 08738.9279 | 12:45:32 | 221.722494 | 359.186114 
 4152.2876 | 08738.9272 | 12:45:33 | 221.723098 | 359.185888 
 4152.2875 | 08738.9266 | 12:45:34 | 221.723615 | 359.185777 
 4152.2874 | 08738.9262 | 12:45:35 | 221.723959 | 359.185665 
 4152.2869 | 08738.9257 | 12:45:36 | 221.724394 | 359.185093 
 4152.2865 | 08738.9239 | 12:45:39 | 221.725945 | 359.184646 
 4152.2857 | 08738.9238 | 12:45:40 | 221.726038 | 359.183726 
 4152.2851 | 08738.9226 | 12:45:42 | 221.727075 | 359.183044 
 4152.2804 | 08738.9215 | 12:45:46 | 221.728064 | 359.177646 
 4152.2783 | 08738.9211 | 12:45:47 | 221.728427 | 359.175233 
 4152.2762 | 08738.9191 | 12:45:50 | 221.730166 | 359.172831 
 4152.2728 | 08738.9151 | 12:45:53 | 221.733636 | 359.168948 
 4152.2702 | 08738.9147 | 12:45:54 | 221.734004 | 359.165960 
 4152.2662 | 08738.9099 | 12:45:58 | 221.738167 | 359.161392 
 4152.2609 | 08738.9084 | 12:46:01 | 221.739506 | 359.155306 
 4152.2562 | 08738.9093 | 12:46:04 | 221.738775 | 359.149893 
 4152.2556 | 08738.9085 | 12:46:05 | 221.739468 | 359.149208 
 4152.2576 | 08738.9068 | 12:46:06 | 221.740912 | 359.151521 
 4152.2614 | 08738.9061 | 12:46:07 | 221.741479 | 359.155896 
 4152.2644 | 08738.9045 | 12:46:08 | 221.742827 | 359.159358 
 4152.2640 | 08738.9040 | 12:46:09 | 221.743260 | 359.158901 
 4152.2653 | 08738.9039 | 12:46:10 | 221.743334 | 359.160397 
 4152.2682 | 08738.9000 | 12:46:13 | 221.746661 | 359.163760 
 4152.2730 | 08738.8984 | 12:46:14 | 221.747992 | 359.169292 
 4152.2755 | 08738.8983 | 12:46:15 | 221.748055 | 359.172168 
 4152.2770 | 08738.8971 | 12:46:16 | 221.749073 | 359.173902 
 4152.2789 | 08738.8966 | 12:46:17 | 221.749485 | 359.176091 
 4152.2818 | 08738.8954 | 12:46:18 | 221.750490 | 359.179435 
 4152.2975 | 08738.8875 | 12:46:19 | 221.757138 | 359.197548 
 4152.2988 | 08738.8874 | 12:46:20 | 221.757212 | 359.199044 
 4152.3001 | 08738.8881 | 12:46:21 | 221.756598 | 359.200535 
 4152.3014 | 08738.8889 | 12:46:22 | 221.755899 | 359.202025 
 4152.3027 | 08738.8894 | 12:46:23 | 221.755457 | 359.203516 
 4152.3055 | 08738.8965 | 12:46:24 | 221.749327 | 359.206688 
 4152.3069 | 08738.8966 | 12:46:25 | 221.749228 | 359.208298 
 4152.3083 | 08738.8967 | 12:46:26 | 221.749130 | 359.209908 
 4152.3098 | 08738.8964 | 12:46:27 | 221.749374 | 359.211635 
 4152.3112 | 08738.8963 | 12:46:28 | 221.749447 | 359.213246 
 4152.3125 | 08738.8962 | 12:46:29 | 221.749521 | 359.214742 
 4152.3135 | 08738.8957 | 12:46:30 | 221.749941 | 359.215896 
 4152.3148 | 08738.8948 | 12:46:31 | 221.750703 | 359.217397 
 4152.3158 | 08738.8952 | 12:46:32 | 221.750350 | 359.218545 
 4152.3179 | 08738.8953 | 12:46:34 | 221.750245 | 359.220960 
 4152.3190 | 08738.8961 | 12:46:35 | 221.749547 | 359.222220 
 4152.3198 | 08738.8963 | 12:46:36 | 221.749368 | 359.223138 
 4152.3166 | 08738.8957 | 12:46:37 | 221.749913 | 359.219462 
 4152.3173 | 08738.8966 | 12:46:38 | 221.749133 | 359.220261 
 4152.3165 | 08738.8965 | 12:46:39 | 221.749226 | 359.219341 
 4152.3176 | 08738.8966 | 12:46:41 | 221.749130 | 359.220606 
 4152.3182 | 08738.8969 | 12:46:42 | 221.748867 | 359.221294 
 4152.3188 | 08738.8971 | 12:46:43 | 221.748689 | 359.221983 
 4152.3196 | 08738.8967 | 12:46:44 | 221.749026 | 359.222906 
 4152.3203 | 08738.8963 | 12:46:45 | 221.749363 | 359.223714 
 4152.3210 | 08738.8957 | 12:46:46 | 221.749873 | 359.224523 
 4152.3215 | 08738.8942 | 12:46:47 | 221.751158 | 359.225108 
 4152.3202 | 08738.8926 | 12:46:48 | 221.752545 | 359.223624 
