 4152.3539 | 08738.8954 | 13:28:06 | 221.749829 | 359.262368 
 4152.3590 | 08738.8974 | 13:28:16 | 221.748062 | 359.268221 
 4152.3619 | 08738.9033 | 13:28:17 | 221.742963 | 359.271516 
 4152.3568 | 08738.9024 | 13:28:18 | 221.743784 | 359.265656 
 4152.3616 | 08738.9015 | 13:28:19 | 221.744514 | 359.271183 
 4152.3576 | 08738.9047 | 13:28:20 | 221.741799 | 359.266560 
 4152.3649 | 08738.9050 | 13:28:21 | 221.741474 | 359.274955 
 4152.3585 | 08738.9051 | 13:28:22 | 221.741447 | 359.267593 
 4152.3643 | 08738.9072 | 13:28:23 | 221.739588 | 359.274250 
 4152.3662 | 08738.9063 | 13:28:24 | 221.740345 | 359.276442 
 4152.3641 | 08738.9053 | 13:28:25 | 221.741224 | 359.274033 
 4152.3629 | 08738.9073 | 13:28:26 | 221.739515 | 359.272639 
 4152.3710 | 08738.9063 | 13:28:27 | 221.740301 | 359.281963 
 4152.3568 | 08738.9050 | 13:28:28 | 221.741549 | 359.265638 
 4152.3505 | 08738.9081 | 13:28:29 | 221.738941 | 359.258370 
 4152.3477 | 08738.9106 | 13:28:30 | 221.736818 | 359.255132 
 4152.3507 | 08738.9165 | 13:28:31 | 221.731718 | 359.258543 
 4152.3522 | 08738.9201 | 13:28:32 | 221.728609 | 359.260243 
 4152.3590 | 08738.9227 | 13:28:34 | 221.726312 | 359.268047 
 4152.3594 | 08738.9178 | 13:28:35 | 221.730520 | 359.268541 
 4152.3891 | 08738.9327 | 13:28:39 | 221.717438 | 359.302601 
 4152.3878 | 08738.9500 | 13:29:00 | 221.702577 | 359.300987 
 4152.3853 | 08738.9887 | 13:30:02 | 221.669329 | 359.297847 
 4152.3821 | 08738.9895 | 13:30:10 | 221.668671 | 359.294160 
 4152.3790 | 08738.9881 | 13:30:14 | 221.669903 | 359.290604 
 4152.3741 | 08738.9877 | 13:30:20 | 221.670292 | 359.284971 
 4152.3734 | 08738.9876 | 13:30:21 | 221.670384 | 359.284166 
 4152.3723 | 08738.9868 | 13:30:22 | 221.671082 | 359.282906 
 4152.3744 | 08738.9889 | 13:30:23 | 221.669257 | 359.285308 
 4152.3739 | 08738.9889 | 13:30:24 | 221.669262 | 359.284732 
 4152.3734 | 08738.9888 | 13:30:25 | 221.669353 | 359.284158 
 4152.3718 | 08738.9888 | 13:30:26 | 221.669367 | 359.282318 
 4152.3711 | 08738.9882 | 13:30:27 | 221.669889 | 359.281517 
 4152.3710 | 08738.9880 | 13:30:28 | 221.670062 | 359.281403 
 4152.3680 | 08738.9872 | 13:30:30 | 221.670778 | 359.277958 
 4152.3668 | 08738.9870 | 13:30:31 | 221.670960 | 359.276579 
 4152.3667 | 08738.9870 | 13:30:32 | 221.670961 | 359.276464 
 4152.3662 | 08738.9870 | 13:30:33 | 221.670966 | 359.275888 
 4152.3656 | 08738.9870 | 13:30:34 | 221.670971 | 359.275198 
 4152.3649 | 08738.9873 | 13:30:35 | 221.670720 | 359.274391 
 4152.3642 | 08738.9875 | 13:30:36 | 221.670554 | 359.273585 
 4152.3636 | 08738.9870 | 13:30:37 | 221.670990 | 359.272898 
 4152.3629 | 08738.9870 | 13:30:38 | 221.670996 | 359.272093 
 4152.3612 | 08738.9870 | 13:30:41 | 221.671012 | 359.270137 
 4152.3604 | 08738.9872 | 13:30:42 | 221.670847 | 359.269216 
 4152.3599 | 08738.9871 | 13:30:43 | 221.670938 | 359.268641 
 4152.3594 | 08738.9871 | 13:30:44 | 221.670942 | 359.268066 
 4152.3589 | 08738.9884 | 13:30:45 | 221.669829 | 359.267482 
 4152.3586 | 08738.9886 | 13:30:46 | 221.669660 | 359.267136 
 4152.3583 | 08738.9891 | 13:30:47 | 221.669233 | 359.266787 
 4152.3579 | 08738.9905 | 13:30:48 | 221.668033 | 359.266317 
 4152.3579 | 08738.9911 | 13:30:49 | 221.667517 | 359.266313 
 4152.3581 | 08738.9913 | 13:30:50 | 221.667343 | 359.266542 
 4152.3583 | 08738.9917 | 13:30:51 | 221.666998 | 359.266769 
 4152.3584 | 08738.9923 | 13:30:52 | 221.666481 | 359.266880 
 4152.3588 | 08738.9932 | 13:30:54 | 221.665704 | 359.267334 
 4152.3589 | 08738.9934 | 13:30:55 | 221.665531 | 359.267448 
 4152.3591 | 08738.9949 | 13:30:57 | 221.664239 | 359.267668 
 4152.3591 | 08738.9970 | 13:30:58 | 221.662434 | 359.267653 
 4152.3592 | 08738.9977 | 13:30:59 | 221.661831 | 359.267763 
 4152.3595 | 08739.0004 | 13:31:01 | 221.659507 | 359.268090 
 4152.3596 | 08739.0012 | 13:31:02 | 221.658818 | 359.268200 
 4152.3598 | 08739.0022 | 13:31:03 | 221.657957 | 359.268423 
 4152.3600 | 08739.0034 | 13:31:04 | 221.656923 | 359.268645 
 4152.3602 | 08739.0042 | 13:31:05 | 221.656234 | 359.268869 
 4152.3606 | 08739.0054 | 13:31:06 | 221.655199 | 359.269321 
 4152.3607 | 08739.0063 | 13:31:07 | 221.654424 | 359.269430 
 4152.3606 | 08739.0069 | 13:31:08 | 221.653909 | 359.269311 
 4152.3606 | 08739.0076 | 13:31:09 | 221.653307 | 359.269306 
 4152.3605 | 08739.0082 | 13:31:10 | 221.652792 | 359.269187 
 4152.3605 | 08739.0088 | 13:31:11 | 221.652276 | 359.269183 
 4152.3602 | 08739.0110 | 13:31:14 | 221.650388 | 359.268823 
 4152.3601 | 08739.0128 | 13:31:17 | 221.648841 | 359.268695 
 4152.3599 | 08739.0131 | 13:31:18 | 221.648585 | 359.268463 
 4152.3598 | 08739.0137 | 13:31:19 | 221.648070 | 359.268344 
 4152.3597 | 08739.0143 | 13:31:20 | 221.647555 | 359.268225 
 4152.3598 | 08739.0149 | 13:31:21 | 221.647039 | 359.268336 
 4152.3598 | 08739.0157 | 13:31:22 | 221.646351 | 359.268330 
 4152.3596 | 08739.0171 | 13:31:24 | 221.645149 | 359.268091 
 4152.3597 | 08739.0193 | 13:31:27 | 221.643257 | 359.268191 
 4152.3593 | 08739.0205 | 13:31:28 | 221.642229 | 359.267722 
 4152.3592 | 08739.0205 | 13:31:29 | 221.642230 | 359.267607 
 4152.3591 | 08739.0206 | 13:31:30 | 221.642145 | 359.267492 
 4152.3594 | 08739.0211 | 13:31:31 | 221.641712 | 359.267833 
 4152.3595 | 08739.0216 | 13:31:32 | 221.641281 | 359.267945 
 4152.3595 | 08739.0223 | 13:31:33 | 221.640679 | 359.267940 
 4152.3600 | 08739.0222 | 13:31:34 | 221.640761 | 359.268516 
 4152.3602 | 08739.0224 | 13:31:35 | 221.640587 | 359.268745 
 4152.3603 | 08739.0229 | 13:31:36 | 221.640156 | 359.268856 
 4152.3604 | 08739.0227 | 13:31:37 | 221.640327 | 359.268973 
 4152.3596 | 08739.0244 | 13:31:38 | 221.638873 | 359.268041 
 4152.3594 | 08739.0250 | 13:31:39 | 221.638359 | 359.267807 
 4152.3594 | 08739.0256 | 13:31:40 | 221.637843 | 359.267803 
 4152.3593 | 08739.0263 | 13:31:41 | 221.637242 | 359.267683 
 4152.3592 | 08739.0270 | 13:31:42 | 221.636642 | 359.267563 
 4152.3590 | 08739.0276 | 13:31:43 | 221.636128 | 359.267329 
 4152.3585 | 08739.0286 | 13:31:44 | 221.635272 | 359.266747 
 4152.3584 | 08739.0296 | 13:31:45 | 221.634414 | 359.266625 
 4152.3585 | 08739.0301 | 13:31:46 | 221.633983 | 359.266737 
 4152.3585 | 08739.0306 | 13:31:47 | 221.633553 | 359.266733 
 4152.3586 | 08739.0311 | 13:31:48 | 221.633122 | 359.266845 
 4152.3587 | 08739.0316 | 13:31:49 | 221.632691 | 359.266956 
 4152.3590 | 08739.0327 | 13:31:51 | 221.631743 | 359.267294 
 4152.3593 | 08739.0329 | 13:31:52 | 221.631568 | 359.267638 
 4152.3595 | 08739.0331 | 13:31:53 | 221.631395 | 359.267866 
 4152.3597 | 08739.0335 | 13:31:54 | 221.631049 | 359.268094 
 4152.3598 | 08739.0338 | 13:31:55 | 221.630790 | 359.268207 
 4152.3600 | 08739.0343 | 13:31:56 | 221.630358 | 359.268433 
 4152.3604 | 08739.0350 | 13:31:58 | 221.629753 | 359.268889 
 4152.3605 | 08739.0355 | 13:31:59 | 221.629322 | 359.269000 
 4152.3608 | 08739.0374 | 13:32:00 | 221.627686 | 359.269332 
 4152.3610 | 08739.0380 | 13:32:01 | 221.627168 | 359.269558 
 4152.3614 | 08739.0402 | 13:32:02 | 221.625273 | 359.270003 
 4152.3617 | 08739.0409 | 13:32:03 | 221.624669 | 359.270344 
 4152.3620 | 08739.0412 | 13:32:04 | 221.624408 | 359.270687 
 4152.3624 | 08739.0414 | 13:32:05 | 221.624232 | 359.271145 
 4152.3628 | 08739.0418 | 13:32:06 | 221.623885 | 359.271603 
 4152.3633 | 08739.0421 | 13:32:07 | 221.623622 | 359.272176 
 4152.3639 | 08739.0421 | 13:32:08 | 221.623617 | 359.272866 
 4152.3647 | 08739.0420 | 13:32:09 | 221.623696 | 359.273787 
 4152.3668 | 08739.0481 | 13:32:16 | 221.618432 | 359.276161 
 4152.3671 | 08739.0520 | 13:32:19 | 221.615076 | 359.276479 
 4152.3671 | 08739.0529 | 13:32:20 | 221.614303 | 359.276473 
 4152.3665 | 08739.0530 | 13:32:21 | 221.614222 | 359.275782 
 4152.3661 | 08739.0533 | 13:32:22 | 221.613968 | 359.275320 
 4152.3655 | 08739.0537 | 13:32:23 | 221.613630 | 359.274627 
 4152.3647 | 08739.0545 | 13:32:24 | 221.612949 | 359.273701 
 4152.3642 | 08739.0550 | 13:32:25 | 221.612524 | 359.273123 
 4152.3637 | 08739.0549 | 13:32:26 | 221.612614 | 359.272548 
 4152.3632 | 08739.0553 | 13:32:27 | 221.612275 | 359.271971 
 4152.3631 | 08739.0557 | 13:32:28 | 221.611932 | 359.271853 
 4152.3628 | 08739.0561 | 13:32:29 | 221.611591 | 359.271505 
 4152.3626 | 08739.0565 | 13:32:30 | 221.611249 | 359.271272 
 4152.3621 | 08739.0569 | 13:32:31 | 221.610910 | 359.270694 
 4152.3616 | 08739.0572 | 13:32:32 | 221.610656 | 359.270117 
 4152.3613 | 08739.0576 | 13:32:33 | 221.610315 | 359.269769 
 4152.3608 | 08739.0580 | 13:32:34 | 221.609976 | 359.269191 
 4152.3606 | 08739.0585 | 13:32:35 | 221.609548 | 359.268958 
 4152.3600 | 08739.0592 | 13:32:36 | 221.608951 | 359.268263 
 4152.3597 | 08739.0597 | 13:32:37 | 221.608524 | 359.267915 
 4152.3594 | 08739.0600 | 13:32:38 | 221.608269 | 359.267567 
 4152.3590 | 08739.0606 | 13:32:39 | 221.607757 | 359.267103 
 4152.3585 | 08739.0611 | 13:32:40 | 221.607332 | 359.266525 
 4152.3581 | 08739.0610 | 13:32:41 | 221.607421 | 359.266065 
 4152.3576 | 08739.0616 | 13:32:42 | 221.606910 | 359.265486 
 4152.3572 | 08739.0616 | 13:32:43 | 221.606914 | 359.265026 
 4152.3567 | 08739.0619 | 13:32:44 | 221.606660 | 359.264449 
 4152.3564 | 08739.0620 | 13:32:45 | 221.606577 | 359.264103 
 4152.3560 | 08739.0621 | 13:32:46 | 221.606495 | 359.263642 
 4152.3560 | 08739.0630 | 13:32:47 | 221.605721 | 359.263636 
 4152.3552 | 08739.0644 | 13:32:48 | 221.604525 | 359.262706 
 4152.3550 | 08739.0644 | 13:32:49 | 221.604527 | 359.262476 
 4152.3543 | 08739.0651 | 13:32:50 | 221.603931 | 359.261666 
 4152.3538 | 08739.0659 | 13:32:51 | 221.603248 | 359.261086 
 4152.3538 | 08739.0653 | 13:32:52 | 221.603764 | 359.261090 
 4152.3534 | 08739.0656 | 13:32:53 | 221.603510 | 359.260628 
 4152.3530 | 08739.0659 | 13:32:54 | 221.603255 | 359.260166 
 4152.3525 | 08739.0659 | 13:32:55 | 221.603260 | 359.259590 
 4152.3519 | 08739.0667 | 13:32:56 | 221.602578 | 359.258895 
 4152.3514 | 08739.0672 | 13:32:57 | 221.602152 | 359.258316 
 4152.3509 | 08739.0672 | 13:32:58 | 221.602157 | 359.257741 
 4152.3502 | 08739.0675 | 13:32:59 | 221.601905 | 359.256934 
 4152.3496 | 08739.0672 | 13:33:00 | 221.602169 | 359.256246 
 4152.3484 | 08739.0671 | 13:33:02 | 221.602266 | 359.254866 
 4152.3478 | 08739.0671 | 13:33:03 | 221.602271 | 359.254176 
 4152.3472 | 08739.0670 | 13:33:04 | 221.602363 | 359.253487 
 4152.3467 | 08739.0670 | 13:33:05 | 221.602367 | 359.252911 
 4152.3462 | 08739.0669 | 13:33:06 | 221.602458 | 359.252337 
 4152.3437 | 08739.0680 | 13:33:09 | 221.601535 | 359.249454 
 4152.3424 | 08739.0682 | 13:33:11 | 221.601375 | 359.247957 
 4152.3407 | 08739.0687 | 13:33:14 | 221.600961 | 359.245998 
 4152.3392 | 08739.0694 | 13:33:17 | 221.600373 | 359.244268 
 4152.3380 | 08739.0697 | 13:33:19 | 221.600126 | 359.242886 
 4152.3365 | 08739.0708 | 13:33:22 | 221.599194 | 359.241153 
 4152.3359 | 08739.0711 | 13:33:23 | 221.598941 | 359.240461 
 4152.3350 | 08739.0715 | 13:33:25 | 221.598605 | 359.239423 
 4152.3339 | 08739.0718 | 13:33:27 | 221.598358 | 359.238155 
 4152.3330 | 08739.0717 | 13:33:28 | 221.598452 | 359.237121 
 4152.3319 | 08739.0721 | 13:33:30 | 221.598118 | 359.235853 
 4152.3313 | 08739.0722 | 13:33:31 | 221.598038 | 359.235162 
 4152.3308 | 08739.0724 | 13:33:32 | 221.597870 | 359.234585 
 4152.3303 | 08739.0724 | 13:33:33 | 221.597875 | 359.234010 
 4152.3300 | 08739.0730 | 13:33:34 | 221.597362 | 359.233661 
 4152.3295 | 08739.0732 | 13:33:35 | 221.597194 | 359.233085 
 4152.3289 | 08739.0734 | 13:33:36 | 221.597028 | 359.232393 
 4152.3279 | 08739.0739 | 13:33:38 | 221.596607 | 359.231239 
 4152.3274 | 08739.0741 | 13:33:39 | 221.596440 | 359.230663 
 4152.3270 | 08739.0746 | 13:33:40 | 221.596013 | 359.230199 
 4152.3265 | 08739.0749 | 13:33:41 | 221.595760 | 359.229622 
 4152.3259 | 08739.0753 | 13:33:42 | 221.595422 | 359.228929 
 4152.3243 | 08739.0762 | 13:33:45 | 221.594663 | 359.227083 
 4152.3238 | 08739.0766 | 13:33:46 | 221.594323 | 359.226505 
 4152.3233 | 08739.0770 | 13:33:47 | 221.593984 | 359.225927 
 4152.3229 | 08739.0773 | 13:33:48 | 221.593730 | 359.225465 
 4152.3226 | 08739.0775 | 13:33:49 | 221.593561 | 359.225119 
 4152.3226 | 08739.0782 | 13:33:50 | 221.592959 | 359.225114 
 4152.3225 | 08739.0790 | 13:33:51 | 221.592272 | 359.224993 
 4152.3223 | 08739.0797 | 13:33:52 | 221.591672 | 359.224758 
 4152.3220 | 08739.0803 | 13:33:53 | 221.591159 | 359.224409 
 4152.3219 | 08739.0809 | 13:33:54 | 221.590644 | 359.224290 
 4152.3205 | 08739.0803 | 13:33:55 | 221.591172 | 359.222684 
 4152.3245 | 08739.0815 | 13:33:58 | 221.590104 | 359.227277 
 4152.3253 | 08739.0812 | 13:33:59 | 221.590355 | 359.228199 
 4152.3249 | 08739.0812 | 13:34:00 | 221.590359 | 359.227739 
 4152.3246 | 08739.0813 | 13:34:01 | 221.590275 | 359.227393 
 4152.3238 | 08739.0811 | 13:34:05 | 221.590455 | 359.226474 
 4152.3235 | 08739.0811 | 13:34:06 | 221.590457 | 359.226129 
 4152.3232 | 08739.0813 | 13:34:07 | 221.590288 | 359.225783 
 4152.3229 | 08739.0813 | 13:34:08 | 221.590291 | 359.225438 
 4152.3227 | 08739.0815 | 13:34:09 | 221.590121 | 359.225206 
 4152.3221 | 08739.0811 | 13:34:10 | 221.590470 | 359.224519 
 4152.3219 | 08739.0812 | 13:34:11 | 221.590386 | 359.224288 
 4152.3213 | 08739.0816 | 13:34:13 | 221.590048 | 359.223595 
 4152.3176 | 08739.0770 | 13:34:14 | 221.594036 | 359.219371 
 4152.3172 | 08739.0770 | 13:34:15 | 221.594040 | 359.218911 
 4152.3167 | 08739.0770 | 13:34:16 | 221.594044 | 359.218335 
 4152.3161 | 08739.0771 | 13:34:17 | 221.593964 | 359.217645 
 4152.3155 | 08739.0772 | 13:34:18 | 221.593883 | 359.216954 
 4152.3145 | 08739.0773 | 13:34:20 | 221.593806 | 359.215803 
 4152.3131 | 08739.0783 | 13:34:22 | 221.592960 | 359.214186 
 4152.3126 | 08739.0791 | 13:34:23 | 221.592276 | 359.213605 
 4152.3121 | 08739.0795 | 13:34:24 | 221.591937 | 359.213027 
 4152.3115 | 08739.0800 | 13:34:25 | 221.591513 | 359.212334 
 4152.3111 | 08739.0806 | 13:34:26 | 221.591000 | 359.211869 
 4152.3109 | 08739.0818 | 13:34:27 | 221.589971 | 359.211631 
 4152.3107 | 08739.0822 | 13:34:28 | 221.589629 | 359.211398 
 4152.3105 | 08739.0827 | 13:34:29 | 221.589201 | 359.211165 
 4152.3100 | 08739.0845 | 13:34:32 | 221.587658 | 359.210578 
 4152.3099 | 08739.0854 | 13:34:33 | 221.586885 | 359.210456 
 4152.3098 | 08739.0860 | 13:34:34 | 221.586370 | 359.210337 
 4152.3098 | 08739.0867 | 13:34:35 | 221.585768 | 359.210332 
 4152.3097 | 08739.0875 | 13:34:36 | 221.585081 | 359.210212 
 4152.3098 | 08739.0885 | 13:34:37 | 221.584221 | 359.210320 
 4152.3100 | 08739.0895 | 13:34:38 | 221.583359 | 359.210543 
 4152.3105 | 08739.0907 | 13:34:39 | 221.582323 | 359.211110 
 4152.3126 | 08739.0926 | 13:34:40 | 221.580670 | 359.213513 
 4152.3124 | 08739.0933 | 13:34:41 | 221.580070 | 359.213278 
 4152.3131 | 08739.0946 | 13:34:42 | 221.578946 | 359.214074 
 4152.3135 | 08739.0961 | 13:34:43 | 221.577653 | 359.214524 
 4152.3133 | 08739.0971 | 13:34:44 | 221.576795 | 359.214287 
 4152.3136 | 08739.0986 | 13:34:45 | 221.575503 | 359.214622 
 4152.3140 | 08739.1001 | 13:34:46 | 221.574209 | 359.215072 
 4152.3192 | 08739.1083 | 13:34:47 | 221.567112 | 359.220997 
 4152.3190 | 08739.1095 | 13:34:48 | 221.566082 | 359.220759 
 4152.3190 | 08739.1107 | 13:34:49 | 221.565051 | 359.220751 
 4152.3188 | 08739.1120 | 13:34:50 | 221.563935 | 359.220512 
 4152.3188 | 08739.1133 | 13:34:51 | 221.562817 | 359.220503 
 4152.3189 | 08739.1142 | 13:34:52 | 221.562042 | 359.220612 
 4152.3189 | 08739.1153 | 13:34:53 | 221.561097 | 359.220605 
 4152.3188 | 08739.1163 | 13:34:54 | 221.560238 | 359.220483 
 4152.3187 | 08739.1175 | 13:34:55 | 221.559207 | 359.220359 
 4152.3186 | 08739.1188 | 13:34:56 | 221.558091 | 359.220236 
 4152.3176 | 08739.1235 | 13:35:00 | 221.554059 | 359.219053 
 4152.3159 | 08739.1273 | 13:35:01 | 221.550808 | 359.217072 
 4152.3142 | 08739.1287 | 13:35:02 | 221.549619 | 359.215107 
 4152.3140 | 08739.1294 | 13:35:03 | 221.549019 | 359.214872 
 4152.3137 | 08739.1301 | 13:35:04 | 221.548420 | 359.214522 
 4152.3133 | 08739.1304 | 13:35:05 | 221.548166 | 359.214060 
 4152.3121 | 08739.1267 | 13:35:06 | 221.551358 | 359.212705 
 4152.3116 | 08739.1270 | 13:35:07 | 221.551105 | 359.212128 
 4152.3116 | 08739.1277 | 13:35:08 | 221.550503 | 359.212123 
 4152.3113 | 08739.1283 | 13:35:09 | 221.549990 | 359.211774 
 4152.3110 | 08739.1289 | 13:35:10 | 221.549477 | 359.211425 
 4152.3107 | 08739.1294 | 13:35:11 | 221.549050 | 359.211076 
 4152.3104 | 08739.1300 | 13:35:12 | 221.548536 | 359.210727 
 4152.3102 | 08739.1306 | 13:35:13 | 221.548022 | 359.210493 
 4152.3099 | 08739.1311 | 13:35:14 | 221.547595 | 359.210144 
 4152.3095 | 08739.1326 | 13:35:16 | 221.546309 | 359.209674 
 4152.3094 | 08739.1332 | 13:35:17 | 221.545794 | 359.209555 
 4152.3092 | 08739.1342 | 13:35:18 | 221.544937 | 359.209318 
 4152.3091 | 08739.1342 | 13:35:19 | 221.544937 | 359.209203 
 4152.3090 | 08739.1347 | 13:35:20 | 221.544509 | 359.209085 
 4152.3088 | 08739.1352 | 13:35:21 | 221.544080 | 359.208851 
 4152.3089 | 08739.1359 | 13:35:22 | 221.543478 | 359.208961 
 4152.3089 | 08739.1362 | 13:35:23 | 221.543220 | 359.208959 
 4152.3099 | 08739.1308 | 13:35:24 | 221.547853 | 359.210146 
 4152.3100 | 08739.1312 | 13:35:25 | 221.547508 | 359.210259 
 4152.3099 | 08739.1317 | 13:35:26 | 221.547079 | 359.210140 
 4152.3099 | 08739.1322 | 13:35:27 | 221.546650 | 359.210137 
 4152.3098 | 08739.1326 | 13:35:28 | 221.546307 | 359.210019 
 4152.3096 | 08739.1330 | 13:35:29 | 221.545965 | 359.209786 
 4152.3094 | 08739.1333 | 13:35:30 | 221.545708 | 359.209554 
 4152.3092 | 08739.1335 | 13:35:31 | 221.545538 | 359.209323 
 4152.3091 | 08739.1339 | 13:35:32 | 221.545195 | 359.209205 
 4152.3064 | 08739.1328 | 13:35:35 | 221.546166 | 359.206107 
 4152.3094 | 08739.1346 | 13:35:38 | 221.544591 | 359.209545 
 4152.3094 | 08739.1346 | 13:35:39 | 221.544591 | 359.209545 
 4152.3094 | 08739.1346 | 13:35:41 | 221.544591 | 359.209545 
 4152.3094 | 08739.1346 | 13:35:42 | 221.544591 | 359.209545 
 4152.3066 | 08739.1380 | 13:35:47 | 221.541693 | 359.206302 
 4152.3071 | 08739.1375 | 13:35:51 | 221.542119 | 359.206880 
 4152.3067 | 08739.1379 | 13:35:56 | 221.541778 | 359.206417 
 4152.3022 | 08739.1363 | 13:35:58 | 221.543195 | 359.201252 
 4152.3014 | 08739.1371 | 13:35:59 | 221.542515 | 359.200326 
 4152.3003 | 08739.1382 | 13:36:00 | 221.541579 | 359.199054 
 4152.2992 | 08739.1391 | 13:36:01 | 221.540815 | 359.197782 
 4152.2984 | 08739.1392 | 13:36:02 | 221.540737 | 359.196861 
 4152.2973 | 08739.1400 | 13:36:03 | 221.540059 | 359.195591 
 4152.2963 | 08739.1406 | 13:36:04 | 221.539552 | 359.194436 
 4152.2947 | 08739.1414 | 13:36:06 | 221.538879 | 359.192590 
 4152.2937 | 08739.1418 | 13:36:07 | 221.538544 | 359.191437 
 4152.2914 | 08739.1409 | 13:36:09 | 221.539339 | 359.188798 
 4152.2900 | 08739.1414 | 13:36:11 | 221.538922 | 359.187184 
 4152.2872 | 08739.1427 | 13:36:15 | 221.537830 | 359.183955 
 4152.2851 | 08739.1429 | 13:36:19 | 221.537677 | 359.181538 
 4152.2846 | 08739.1426 | 13:36:20 | 221.537939 | 359.180965 
 4152.2836 | 08739.1422 | 13:36:22 | 221.538292 | 359.179817 
 4152.2822 | 08739.1422 | 13:36:24 | 221.538305 | 359.178207 
 4152.2814 | 08739.1414 | 13:36:25 | 221.539000 | 359.177292 
 4152.2789 | 08739.1435 | 13:36:27 | 221.537218 | 359.174402 
 4152.2782 | 08739.1436 | 13:36:28 | 221.537138 | 359.173596 
 4152.2770 | 08739.1440 | 13:36:29 | 221.536805 | 359.172213 
 4152.2764 | 08739.1437 | 13:36:30 | 221.537068 | 359.171525 
 4152.2774 | 08739.1407 | 13:36:31 | 221.539639 | 359.172696 
 4152.2740 | 08739.1370 | 13:36:32 | 221.542851 | 359.168810 
 4152.2726 | 08739.1358 | 13:36:33 | 221.543895 | 359.167208 
 4152.2783 | 08739.1384 | 13:36:34 | 221.541608 | 359.173747 
 4152.2776 | 08739.1381 | 13:36:35 | 221.541872 | 359.172944 
 4152.2772 | 08739.1379 | 13:36:36 | 221.542048 | 359.172485 
 4152.2768 | 08739.1377 | 13:36:37 | 221.542223 | 359.172026 
 4152.2775 | 08739.1389 | 13:36:41 | 221.541185 | 359.172823 
 4152.2775 | 08739.1389 | 13:36:43 | 221.541185 | 359.172823 
 4152.2775 | 08739.1389 | 13:36:45 | 221.541185 | 359.172823 
 4152.2781 | 08739.1333 | 13:36:46 | 221.545994 | 359.173551 
 4152.2781 | 08739.1321 | 13:36:47 | 221.547026 | 359.173560 
 4152.2778 | 08739.1313 | 13:36:49 | 221.547716 | 359.173220 
 4152.2800 | 08739.1306 | 13:36:51 | 221.548298 | 359.175755 
 4152.2777 | 08739.1380 | 13:36:52 | 221.541957 | 359.173059 
 4152.2776 | 08739.1379 | 13:36:53 | 221.542044 | 359.172945 
 4152.2775 | 08739.1378 | 13:36:54 | 221.542131 | 359.172831 
 4152.2775 | 08739.1378 | 13:36:55 | 221.542131 | 359.172831 
 4152.2775 | 08739.1378 | 13:36:56 | 221.542131 | 359.172831 
 4152.2775 | 08739.1378 | 13:36:57 | 221.542131 | 359.172831 
 4152.2775 | 08739.1378 | 13:36:58 | 221.542131 | 359.172831 
 4152.2775 | 08739.1378 | 13:36:59 | 221.542131 | 359.172831 
 4152.2775 | 08739.1378 | 13:37:00 | 221.542131 | 359.172831 
 4152.2775 | 08739.1378 | 13:37:01 | 221.542131 | 359.172831 
 4152.2775 | 08739.1378 | 13:37:02 | 221.542131 | 359.172831 
 4152.2775 | 08739.1378 | 13:37:06 | 221.542131 | 359.172831 
 4152.2775 | 08739.1378 | 13:37:08 | 221.542131 | 359.172831 
 4152.2775 | 08739.1378 | 13:37:09 | 221.542131 | 359.172831 
 4152.2775 | 08739.1378 | 13:37:10 | 221.542131 | 359.172831 
 4152.2775 | 08739.1378 | 13:37:11 | 221.542131 | 359.172831 
 4152.2775 | 08739.1378 | 13:37:12 | 221.542131 | 359.172831 
 4152.2775 | 08739.1378 | 13:37:13 | 221.542131 | 359.172831 
 4152.2775 | 08739.1378 | 13:37:14 | 221.542131 | 359.172831 
 4152.2775 | 08739.1378 | 13:37:15 | 221.542131 | 359.172831 
 4152.2775 | 08739.1378 | 13:37:16 | 221.542131 | 359.172831 
 4152.2775 | 08739.1378 | 13:37:17 | 221.542131 | 359.172831 
 4152.2775 | 08739.1378 | 13:37:18 | 221.542131 | 359.172831 
 4152.2775 | 08739.1378 | 13:37:19 | 221.542131 | 359.172831 
 4152.2775 | 08739.1378 | 13:37:20 | 221.542131 | 359.172831 
 4152.2775 | 08739.1378 | 13:37:21 | 221.542131 | 359.172831 
 4152.2775 | 08739.1378 | 13:37:22 | 221.542131 | 359.172831 
 4152.2775 | 08739.1378 | 13:37:23 | 221.542131 | 359.172831 
 4152.2775 | 08739.1378 | 13:37:24 | 221.542131 | 359.172831 
 4152.2775 | 08739.1378 | 13:37:25 | 221.542131 | 359.172831 
 4152.2775 | 08739.1378 | 13:37:26 | 221.542131 | 359.172831 
 4152.2775 | 08739.1378 | 13:37:27 | 221.542131 | 359.172831 
 4152.2775 | 08739.1378 | 13:37:28 | 221.542131 | 359.172831 
 4152.2775 | 08739.1378 | 13:37:29 | 221.542131 | 359.172831 
 4152.2775 | 08739.1378 | 13:37:30 | 221.542131 | 359.172831 
 4152.2775 | 08739.1378 | 13:37:31 | 221.542131 | 359.172831 
 4152.2775 | 08739.1378 | 13:37:32 | 221.542131 | 359.172831 
 4152.2775 | 08739.1378 | 13:37:33 | 221.542131 | 359.172831 
 4152.2775 | 08739.1378 | 13:37:34 | 221.542131 | 359.172831 
 4152.2775 | 08739.1378 | 13:37:35 | 221.542131 | 359.172831 
 4152.2775 | 08739.1378 | 13:37:36 | 221.542131 | 359.172831 
 4152.2775 | 08739.1378 | 13:37:37 | 221.542131 | 359.172831 
 4152.2775 | 08739.1378 | 13:37:38 | 221.542131 | 359.172831 
 4152.2775 | 08739.1378 | 13:37:39 | 221.542131 | 359.172831 
 4152.2775 | 08739.1378 | 13:37:40 | 221.542131 | 359.172831 
 4152.2775 | 08739.1378 | 13:37:41 | 221.542131 | 359.172831 
 4152.2775 | 08739.1378 | 13:37:42 | 221.542131 | 359.172831 
 4152.2775 | 08739.1378 | 13:37:43 | 221.542131 | 359.172831 
 4152.2775 | 08739.1378 | 13:37:44 | 221.542131 | 359.172831 
 4152.2775 | 08739.1378 | 13:37:45 | 221.542131 | 359.172831 
 4152.2775 | 08739.1378 | 13:37:46 | 221.542131 | 359.172831 
 4152.2775 | 08739.1378 | 13:37:47 | 221.542131 | 359.172831 
 4152.2775 | 08739.1378 | 13:37:48 | 221.542131 | 359.172831 
 4152.2775 | 08739.1378 | 13:37:49 | 221.542131 | 359.172831 
 4152.2775 | 08739.1378 | 13:37:50 | 221.542131 | 359.172831 
 4152.2775 | 08739.1378 | 13:37:51 | 221.542131 | 359.172831 
 4152.2775 | 08739.1378 | 13:37:52 | 221.542131 | 359.172831 
 4152.2775 | 08739.1378 | 13:37:53 | 221.542131 | 359.172831 
 4152.2775 | 08739.1378 | 13:37:54 | 221.542131 | 359.172831 
 4152.2775 | 08739.1378 | 13:37:55 | 221.542131 | 359.172831 
 4152.2775 | 08739.1378 | 13:37:56 | 221.542131 | 359.172831 
 4152.2775 | 08739.1378 | 13:37:57 | 221.542131 | 359.172831 
 4152.2775 | 08739.1378 | 13:37:58 | 221.542131 | 359.172831 
 4152.2775 | 08739.1378 | 13:37:59 | 221.542131 | 359.172831 
 4152.2775 | 08739.1378 | 13:38:00 | 221.542131 | 359.172831 
 4152.2775 | 08739.1378 | 13:38:01 | 221.542131 | 359.172831 
 4152.2775 | 08739.1378 | 13:38:02 | 221.542131 | 359.172831 
 4152.2775 | 08739.1378 | 13:38:03 | 221.542131 | 359.172831 
 4152.2775 | 08739.1378 | 13:38:04 | 221.542131 | 359.172831 
 4152.2763 | 08739.1404 | 13:38:05 | 221.539907 | 359.171433 
 4152.2767 | 08739.1400 | 13:38:06 | 221.540247 | 359.171895 
 4152.2770 | 08739.1396 | 13:38:07 | 221.540588 | 359.172243 
 4152.2773 | 08739.1392 | 13:38:08 | 221.540929 | 359.172591 
 4152.2767 | 08739.1403 | 13:38:09 | 221.539989 | 359.171893 
 4152.2764 | 08739.1406 | 13:38:10 | 221.539734 | 359.171546 
 4152.2766 | 08739.1403 | 13:38:11 | 221.539990 | 359.171778 
 4152.2766 | 08739.1403 | 13:38:12 | 221.539990 | 359.171778 
 4152.2766 | 08739.1403 | 13:38:13 | 221.539990 | 359.171778 
 4152.2766 | 08739.1403 | 13:38:14 | 221.539990 | 359.171778 
 4152.2766 | 08739.1403 | 13:38:15 | 221.539990 | 359.171778 
 4152.2766 | 08739.1403 | 13:38:16 | 221.539990 | 359.171778 
 4152.2766 | 08739.1403 | 13:38:17 | 221.539990 | 359.171778 
 4152.2766 | 08739.1403 | 13:38:18 | 221.539990 | 359.171778 
 4152.2829 | 08739.1320 | 13:38:19 | 221.547068 | 359.179081 
 4152.2830 | 08739.1317 | 13:38:20 | 221.547325 | 359.179199 
 4152.2815 | 08739.1355 | 13:38:21 | 221.544072 | 359.177447 
 4152.2809 | 08739.1361 | 13:38:22 | 221.543561 | 359.176753 
 4152.2809 | 08739.1361 | 13:38:23 | 221.543561 | 359.176753 
 4152.2809 | 08739.1361 | 13:38:24 | 221.543561 | 359.176753 
 4152.2809 | 08739.1361 | 13:38:25 | 221.543561 | 359.176753 
 4152.2809 | 08739.1361 | 13:38:26 | 221.543561 | 359.176753 
 4152.2809 | 08739.1361 | 13:38:27 | 221.543561 | 359.176753 
 4152.2809 | 08739.1361 | 13:38:28 | 221.543561 | 359.176753 
 4152.2809 | 08739.1361 | 13:38:29 | 221.543561 | 359.176753 
 4152.2809 | 08739.1361 | 13:38:30 | 221.543561 | 359.176753 
 4152.2809 | 08739.1361 | 13:38:31 | 221.543561 | 359.176753 
 4152.2809 | 08739.1361 | 13:38:32 | 221.543561 | 359.176753 
 4152.2809 | 08739.1361 | 13:38:33 | 221.543561 | 359.176753 
 4152.2809 | 08739.1361 | 13:38:34 | 221.543561 | 359.176753 
 4152.2809 | 08739.1361 | 13:38:35 | 221.543561 | 359.176753 
 4152.2809 | 08739.1361 | 13:38:36 | 221.543561 | 359.176753 
 4152.2809 | 08739.1361 | 13:38:37 | 221.543561 | 359.176753 
 4152.2809 | 08739.1361 | 13:38:38 | 221.543561 | 359.176753 
 4152.2809 | 08739.1361 | 13:38:39 | 221.543561 | 359.176753 
 4152.2809 | 08739.1361 | 13:38:40 | 221.543561 | 359.176753 
 4152.2809 | 08739.1361 | 13:38:41 | 221.543561 | 359.176753 
 4152.2809 | 08739.1361 | 13:38:42 | 221.543561 | 359.176753 
 4152.2809 | 08739.1361 | 13:38:43 | 221.543561 | 359.176753 
 4152.2809 | 08739.1361 | 13:38:44 | 221.543561 | 359.176753 
 4152.2809 | 08739.1361 | 13:38:46 | 221.543561 | 359.176753 
 4152.2729 | 08739.1385 | 13:38:47 | 221.541571 | 359.167535 
 4152.2726 | 08739.1386 | 13:38:48 | 221.541488 | 359.167189 
 4152.2722 | 08739.1387 | 13:38:49 | 221.541405 | 359.166728 
 4152.2718 | 08739.1388 | 13:38:50 | 221.541323 | 359.166267 
 4152.2715 | 08739.1389 | 13:38:51 | 221.541240 | 359.165922 
 4152.2717 | 08739.1382 | 13:38:52 | 221.541840 | 359.166156 
 4152.2677 | 08739.1387 | 13:38:53 | 221.541447 | 359.161552 
 4152.2641 | 08739.1380 | 13:38:54 | 221.542081 | 359.157416 
 4152.2616 | 08739.1378 | 13:38:55 | 221.542276 | 359.154542 
 4152.2591 | 08739.1377 | 13:38:56 | 221.542385 | 359.151667 
 4152.2564 | 08739.1376 | 13:38:57 | 221.542495 | 359.148562 
 4152.2531 | 08739.1380 | 13:38:58 | 221.542182 | 359.144763 
 4152.2500 | 08739.1380 | 13:38:59 | 221.542210 | 359.141197 
 4152.2467 | 08739.1380 | 13:39:00 | 221.542240 | 359.137401 
 4152.2432 | 08739.1380 | 13:39:01 | 221.542272 | 359.133376 
 4152.2397 | 08739.1377 | 13:39:02 | 221.542562 | 359.129352 
 4152.2362 | 08739.1375 | 13:39:03 | 221.542766 | 359.125327 
 4152.2333 | 08739.1372 | 13:39:04 | 221.543050 | 359.121993 
 4152.2308 | 08739.1367 | 13:39:05 | 221.543503 | 359.119121 
 4152.2282 | 08739.1361 | 13:39:06 | 221.544042 | 359.116135 
 4152.2258 | 08739.1356 | 13:39:07 | 221.544494 | 359.113378 
 4152.2233 | 08739.1351 | 13:39:08 | 221.544947 | 359.110505 
 4152.2208 | 08739.1347 | 13:39:09 | 221.545314 | 359.107632 
 4152.2183 | 08739.1344 | 13:39:10 | 221.545594 | 359.104759 
 4152.2158 | 08739.1357 | 13:39:11 | 221.544499 | 359.101874 
 4152.2135 | 08739.1356 | 13:39:12 | 221.544606 | 359.099229 
 4152.2114 | 08739.1361 | 13:39:13 | 221.544196 | 359.096810 
 4152.2094 | 08739.1354 | 13:39:14 | 221.544816 | 359.094515 
 4152.2070 | 08739.1353 | 13:39:15 | 221.544924 | 359.091755 
 4152.2047 | 08739.1351 | 13:39:16 | 221.545117 | 359.089111 
 4152.2024 | 08739.1349 | 13:39:17 | 221.545309 | 359.086466 
 4152.2000 | 08739.1347 | 13:39:18 | 221.545503 | 359.083707 
 4152.1977 | 08739.1346 | 13:39:19 | 221.545610 | 359.081062 
 4152.1908 | 08739.1346 | 13:39:20 | 221.545673 | 359.073125 
 4152.1881 | 08739.1344 | 13:39:21 | 221.545870 | 359.070021 
 4152.1851 | 08739.1343 | 13:39:22 | 221.545983 | 359.066571 
 4152.1791 | 08739.1312 | 13:39:24 | 221.548703 | 359.059691 
 4152.1763 | 08739.1308 | 13:39:25 | 221.549073 | 359.056473 
 4152.1708 | 08739.1293 | 13:39:27 | 221.550413 | 359.050157 
 4152.1844 | 08739.1338 | 13:39:28 | 221.546420 | 359.065769 
 4152.1852 | 08739.1336 | 13:39:29 | 221.546584 | 359.066691 
 4152.1864 | 08739.1338 | 13:39:31 | 221.546401 | 359.068070 
 4152.1871 | 08739.1337 | 13:39:32 | 221.546481 | 359.068876 
 4152.1878 | 08739.1336 | 13:39:33 | 221.546560 | 359.069682 
 4152.1884 | 08739.1336 | 13:39:34 | 221.546555 | 359.070372 
 4152.1892 | 08739.1335 | 13:39:35 | 221.546634 | 359.071293 
 4152.1887 | 08739.1366 | 13:39:36 | 221.543973 | 359.070696 
 4152.1903 | 08739.1376 | 13:39:37 | 221.543099 | 359.072530 
 4152.1905 | 08739.1379 | 13:39:38 | 221.542839 | 359.072758 
 4152.1905 | 08739.1381 | 13:39:39 | 221.542667 | 359.072757 
 4152.1912 | 08739.1378 | 13:39:40 | 221.542918 | 359.073564 
 4152.1919 | 08739.1375 | 13:39:41 | 221.543170 | 359.074371 
 4152.1927 | 08739.1372 | 13:39:42 | 221.543421 | 359.075293 
 4152.1934 | 08739.1370 | 13:39:43 | 221.543586 | 359.076100 
 4152.1942 | 08739.1367 | 13:39:44 | 221.543837 | 359.077022 
 4152.2004 | 08739.1396 | 13:39:45 | 221.541287 | 359.084134 
 4152.2042 | 08739.1411 | 13:39:46 | 221.539963 | 359.088495 
 4152.2075 | 08739.1425 | 13:39:47 | 221.538729 | 359.092281 
 4152.2105 | 08739.1437 | 13:39:48 | 221.537670 | 359.095723 
 4152.2135 | 08739.1446 | 13:39:49 | 221.536869 | 359.099168 
 4152.2137 | 08739.1438 | 13:39:50 | 221.537555 | 359.099404 
 4152.2173 | 08739.1376 | 13:39:51 | 221.542852 | 359.103587 
 4152.2189 | 08739.1361 | 13:39:52 | 221.544127 | 359.105437 
 4152.2176 | 08739.1356 | 13:39:53 | 221.544569 | 359.103945 
 4152.2179 | 08739.1345 | 13:39:54 | 221.545512 | 359.104298 
 4152.2175 | 08739.1349 | 13:39:55 | 221.545172 | 359.103835 
 4152.2175 | 08739.1349 | 13:39:56 | 221.545172 | 359.103835 
 4152.2175 | 08739.1349 | 13:39:57 | 221.545172 | 359.103835 
 4152.2175 | 08739.1349 | 13:39:58 | 221.545172 | 359.103835 
 4152.2175 | 08739.1349 | 13:39:59 | 221.545172 | 359.103835 
 4152.2175 | 08739.1349 | 13:40:00 | 221.545172 | 359.103835 
 4152.2175 | 08739.1349 | 13:40:01 | 221.545172 | 359.103835 
 4152.2175 | 08739.1349 | 13:40:02 | 221.545172 | 359.103835 
 4152.2175 | 08739.1349 | 13:40:03 | 221.545172 | 359.103835 
 4152.2175 | 08739.1349 | 13:40:04 | 221.545172 | 359.103835 
 4152.2175 | 08739.1349 | 13:40:05 | 221.545172 | 359.103835 
 4152.2175 | 08739.1349 | 13:40:06 | 221.545172 | 359.103835 
 4152.2175 | 08739.1349 | 13:40:07 | 221.545172 | 359.103835 
 4152.2175 | 08739.1349 | 13:40:08 | 221.545172 | 359.103835 
 4152.2175 | 08739.1349 | 13:40:09 | 221.545172 | 359.103835 
 4152.2175 | 08739.1349 | 13:40:10 | 221.545172 | 359.103835 
 4152.2175 | 08739.1349 | 13:40:11 | 221.545172 | 359.103835 
 4152.2175 | 08739.1349 | 13:40:12 | 221.545172 | 359.103835 
 4152.2175 | 08739.1349 | 13:40:13 | 221.545172 | 359.103835 
 4152.2175 | 08739.1349 | 13:40:14 | 221.545172 | 359.103835 
 4152.2175 | 08739.1349 | 13:40:15 | 221.545172 | 359.103835 
 4152.2175 | 08739.1349 | 13:40:16 | 221.545172 | 359.103835 
 4152.2175 | 08739.1349 | 13:40:17 | 221.545172 | 359.103835 
 4152.2175 | 08739.1349 | 13:40:18 | 221.545172 | 359.103835 
 4152.2175 | 08739.1349 | 13:40:19 | 221.545172 | 359.103835 
 4152.2175 | 08739.1349 | 13:40:20 | 221.545172 | 359.103835 
 4152.2175 | 08739.1349 | 13:40:21 | 221.545172 | 359.103835 
 4152.2175 | 08739.1349 | 13:40:22 | 221.545172 | 359.103835 
 4152.2175 | 08739.1349 | 13:40:23 | 221.545172 | 359.103835 
 4152.2175 | 08739.1349 | 13:40:24 | 221.545172 | 359.103835 
 4152.2175 | 08739.1349 | 13:40:25 | 221.545172 | 359.103835 
 4152.2175 | 08739.1349 | 13:40:26 | 221.545172 | 359.103835 
 4152.2175 | 08739.1349 | 13:40:27 | 221.545172 | 359.103835 
 4152.2175 | 08739.1349 | 13:40:28 | 221.545172 | 359.103835 
 4152.2175 | 08739.1349 | 13:40:29 | 221.545172 | 359.103835 
 4152.2175 | 08739.1349 | 13:40:30 | 221.545172 | 359.103835 
 4152.2175 | 08739.1349 | 13:40:31 | 221.545172 | 359.103835 
 4152.2175 | 08739.1349 | 13:40:32 | 221.545172 | 359.103835 
 4152.2175 | 08739.1349 | 13:40:33 | 221.545172 | 359.103835 
 4152.2175 | 08739.1349 | 13:40:34 | 221.545172 | 359.103835 
 4152.2175 | 08739.1349 | 13:40:35 | 221.545172 | 359.103835 
 4152.2175 | 08739.1349 | 13:40:36 | 221.545172 | 359.103835 
 4152.2175 | 08739.1349 | 13:40:37 | 221.545172 | 359.103835 
 4152.2175 | 08739.1349 | 13:40:38 | 221.545172 | 359.103835 
 4152.2175 | 08739.1349 | 13:40:39 | 221.545172 | 359.103835 
 4152.2175 | 08739.1349 | 13:40:40 | 221.545172 | 359.103835 
 4152.2175 | 08739.1349 | 13:40:41 | 221.545172 | 359.103835 
 4152.2175 | 08739.1349 | 13:40:42 | 221.545172 | 359.103835 
 4152.2175 | 08739.1349 | 13:40:43 | 221.545172 | 359.103835 
 4152.2175 | 08739.1349 | 13:40:44 | 221.545172 | 359.103835 
 4152.2175 | 08739.1349 | 13:40:45 | 221.545172 | 359.103835 
 4152.2175 | 08739.1349 | 13:40:46 | 221.545172 | 359.103835 
 4152.2175 | 08739.1349 | 13:40:47 | 221.545172 | 359.103835 
 4152.2175 | 08739.1349 | 13:40:48 | 221.545172 | 359.103835 
 4152.2175 | 08739.1349 | 13:40:49 | 221.545172 | 359.103835 
 4152.2175 | 08739.1349 | 13:40:50 | 221.545172 | 359.103835 
 4152.2175 | 08739.1349 | 13:40:51 | 221.545172 | 359.103835 
 4152.2175 | 08739.1349 | 13:40:52 | 221.545172 | 359.103835 
 4152.2175 | 08739.1349 | 13:40:53 | 221.545172 | 359.103835 
 4152.2175 | 08739.1349 | 13:40:54 | 221.545172 | 359.103835 
 4152.2175 | 08739.1349 | 13:40:55 | 221.545172 | 359.103835 
 4152.2175 | 08739.1349 | 13:40:56 | 221.545172 | 359.103835 
 4152.2175 | 08739.1349 | 13:40:57 | 221.545172 | 359.103835 
 4152.2175 | 08739.1349 | 13:40:58 | 221.545172 | 359.103835 
 4152.2195 | 08739.1335 | 13:40:59 | 221.546357 | 359.106145 
 4152.2209 | 08739.1336 | 13:41:00 | 221.546258 | 359.107755 
 4152.2225 | 08739.1337 | 13:41:01 | 221.546158 | 359.109595 
 4152.2237 | 08739.1341 | 13:41:02 | 221.545803 | 359.110972 
 4152.2251 | 08739.1344 | 13:41:03 | 221.545532 | 359.112581 
 4152.2280 | 08739.1344 | 13:41:04 | 221.545506 | 359.115916 
 4152.2302 | 08739.1341 | 13:41:05 | 221.545744 | 359.118449 
 4152.2322 | 08739.1342 | 13:41:06 | 221.545639 | 359.120749 
 4152.2341 | 08739.1345 | 13:41:07 | 221.545364 | 359.122932 
 4152.2361 | 08739.1348 | 13:41:08 | 221.545088 | 359.125231 
 4152.2382 | 08739.1352 | 13:41:09 | 221.544725 | 359.127643 
 4152.2426 | 08739.1348 | 13:41:10 | 221.545029 | 359.132707 
 4152.2454 | 08739.1340 | 13:41:11 | 221.545691 | 359.135933 
 4152.2496 | 08739.1327 | 13:41:12 | 221.546770 | 359.140773 
 4152.2523 | 08739.1328 | 13:41:13 | 221.546660 | 359.143878 
 4152.2550 | 08739.1328 | 13:41:14 | 221.546635 | 359.146984 
 4152.2577 | 08739.1327 | 13:41:15 | 221.546696 | 359.150090 
 4152.2606 | 08739.1325 | 13:41:16 | 221.546842 | 359.153427 
 4152.2634 | 08739.1327 | 13:41:17 | 221.546644 | 359.156647 
 4152.2662 | 08739.1330 | 13:41:18 | 221.546361 | 359.159865 
 4152.2689 | 08739.1333 | 13:41:19 | 221.546078 | 359.162969 
 4152.2715 | 08739.1337 | 13:41:20 | 221.545711 | 359.165957 
 4152.2742 | 08739.1339 | 13:41:21 | 221.545514 | 359.169061 
 4152.2770 | 08739.1341 | 13:41:22 | 221.545316 | 359.172281 
 4152.2798 | 08739.1346 | 13:41:23 | 221.544861 | 359.175498 
 4152.2834 | 08739.1346 | 13:41:24 | 221.544828 | 359.179639 
 4152.2863 | 08739.1348 | 13:41:25 | 221.544630 | 359.182973 
 4152.2891 | 08739.1350 | 13:41:26 | 221.544432 | 359.186193 
 4152.2922 | 08739.1345 | 13:41:27 | 221.544834 | 359.189762 
 4152.2948 | 08739.1347 | 13:41:28 | 221.544638 | 359.192751 
 4152.2974 | 08739.1347 | 13:41:29 | 221.544614 | 359.195742 
 4152.2999 | 08739.1346 | 13:41:30 | 221.544678 | 359.198618 
 4152.3019 | 08739.1351 | 13:41:31 | 221.544229 | 359.200915 
 4152.3037 | 08739.1351 | 13:41:32 | 221.544213 | 359.202986 
 4152.3052 | 08739.1348 | 13:41:33 | 221.544457 | 359.204713 
 4152.3060 | 08739.1341 | 13:41:34 | 221.545052 | 359.205638 
 4152.3067 | 08739.1334 | 13:41:35 | 221.545647 | 359.206448 
 4152.3072 | 08739.1357 | 13:41:36 | 221.543665 | 359.207007 
 4152.3073 | 08739.1361 | 13:41:37 | 221.543320 | 359.207120 
 4152.3074 | 08739.1356 | 13:41:38 | 221.543749 | 359.207238 
 4152.3076 | 08739.1352 | 13:41:39 | 221.544091 | 359.207471 
 4152.3076 | 08739.1352 | 13:41:40 | 221.544091 | 359.207471 
 4152.3076 | 08739.1352 | 13:41:41 | 221.544091 | 359.207471 
 4152.3076 | 08739.1352 | 13:41:42 | 221.544091 | 359.207471 
 4152.3076 | 08739.1352 | 13:41:43 | 221.544091 | 359.207471 
 4152.3076 | 08739.1352 | 13:41:44 | 221.544091 | 359.207471 
 4152.3076 | 08739.1352 | 13:41:45 | 221.544091 | 359.207471 
 4152.3076 | 08739.1352 | 13:41:46 | 221.544091 | 359.207471 
 4152.3076 | 08739.1352 | 13:41:47 | 221.544091 | 359.207471 
 4152.3076 | 08739.1352 | 13:41:48 | 221.544091 | 359.207471 
 4152.3076 | 08739.1352 | 13:41:49 | 221.544091 | 359.207471 
 4152.3076 | 08739.1352 | 13:41:50 | 221.544091 | 359.207471 
 4152.3092 | 08739.1352 | 13:41:51 | 221.544077 | 359.209311 
 4152.3102 | 08739.1366 | 13:41:52 | 221.542864 | 359.210452 
 4152.3110 | 08739.1383 | 13:41:53 | 221.541395 | 359.211361 
 4152.3119 | 08739.1400 | 13:41:54 | 221.539926 | 359.212384 
 4152.3122 | 08739.1422 | 13:41:55 | 221.538031 | 359.212714 
 4152.3116 | 08739.1447 | 13:41:56 | 221.535888 | 359.212007 
 4152.3118 | 08739.1480 | 13:41:57 | 221.533049 | 359.212215 
 4152.3127 | 08739.1527 | 13:41:58 | 221.529000 | 359.213218 
 4152.3133 | 08739.1568 | 13:41:59 | 221.525469 | 359.213880 
 4152.3138 | 08739.1607 | 13:42:00 | 221.522112 | 359.214429 
 4152.3144 | 08739.1646 | 13:42:01 | 221.518754 | 359.215092 
 4152.3149 | 08739.1683 | 13:42:02 | 221.515568 | 359.215642 
 4152.3153 | 08739.1720 | 13:42:03 | 221.512383 | 359.216077 
 4152.3158 | 08739.1758 | 13:42:04 | 221.509112 | 359.216626 
 4152.3162 | 08739.1796 | 13:42:05 | 221.505841 | 359.217060 
 4152.3168 | 08739.1823 | 13:42:06 | 221.503515 | 359.217732 
 4152.3136 | 08739.1839 | 13:42:07 | 221.502168 | 359.214040 
 4152.3148 | 08739.1860 | 13:42:08 | 221.500352 | 359.215406 
 4152.3146 | 08739.1880 | 13:42:09 | 221.498634 | 359.215163 
 4152.3148 | 08739.1891 | 13:42:10 | 221.497687 | 359.215385 
 4152.3147 | 08739.1894 | 13:42:11 | 221.497430 | 359.215268 
 4152.3146 | 08739.1897 | 13:42:12 | 221.497173 | 359.215151 
 4152.3145 | 08739.1894 | 13:42:13 | 221.497431 | 359.215038 
 4152.3145 | 08739.1894 | 13:42:14 | 221.497431 | 359.215038 
 4152.3145 | 08739.1894 | 13:42:15 | 221.497431 | 359.215038 
 4152.3145 | 08739.1894 | 13:42:16 | 221.497431 | 359.215038 
 4152.3145 | 08739.1894 | 13:42:17 | 221.497431 | 359.215038 
 4152.3145 | 08739.1894 | 13:42:18 | 221.497431 | 359.215038 
 4152.3145 | 08739.1894 | 13:42:19 | 221.497431 | 359.215038 
 4152.3145 | 08739.1894 | 13:42:20 | 221.497431 | 359.215038 
 4152.3145 | 08739.1894 | 13:42:21 | 221.497431 | 359.215038 
 4152.3145 | 08739.1894 | 13:42:22 | 221.497431 | 359.215038 
 4152.3145 | 08739.1894 | 13:42:23 | 221.497431 | 359.215038 
 4152.3137 | 08739.1911 | 13:42:24 | 221.495977 | 359.214106 
 4152.3134 | 08739.1924 | 13:42:25 | 221.494862 | 359.213752 
 4152.3132 | 08739.1936 | 13:42:26 | 221.493832 | 359.213514 
 4152.3135 | 08739.1946 | 13:42:27 | 221.492970 | 359.213852 
 4152.3137 | 08739.1955 | 13:42:28 | 221.492194 | 359.214076 
 4152.3142 | 08739.1967 | 13:42:29 | 221.491158 | 359.214643 
 4152.3146 | 08739.1981 | 13:42:30 | 221.489951 | 359.215094 
 4152.3141 | 08739.1996 | 13:42:31 | 221.488666 | 359.214509 
 4152.3138 | 08739.2010 | 13:42:32 | 221.487465 | 359.214154 
 4152.3138 | 08739.2024 | 13:42:33 | 221.486261 | 359.214144 
 4152.3136 | 08739.2042 | 13:42:34 | 221.484716 | 359.213902 
 4152.3139 | 08739.2070 | 13:42:36 | 221.482306 | 359.214228 
 4152.3138 | 08739.2084 | 13:42:37 | 221.481103 | 359.214104 
 4152.3137 | 08739.2101 | 13:42:38 | 221.479642 | 359.213977 
 4152.3136 | 08739.2122 | 13:42:39 | 221.477838 | 359.213848 
 4152.3179 | 08739.2121 | 13:42:40 | 221.477885 | 359.218794 
 4152.3193 | 08739.2147 | 13:42:41 | 221.475637 | 359.220387 
 4152.3203 | 08739.2177 | 13:42:42 | 221.473048 | 359.221517 
 4152.3213 | 08739.2207 | 13:42:43 | 221.470460 | 359.222647 
 4152.3223 | 08739.2237 | 13:42:44 | 221.467872 | 359.223777 
 4152.3232 | 08739.2266 | 13:42:45 | 221.465371 | 359.224792 
 4152.3242 | 08739.2299 | 13:42:46 | 221.462524 | 359.225920 
 4152.3297 | 08739.2356 | 13:42:47 | 221.457574 | 359.232207 
 4152.3314 | 08739.2390 | 13:42:48 | 221.454635 | 359.234140 
 4152.3322 | 08739.2431 | 13:42:49 | 221.451103 | 359.235032 
 4152.3341 | 08739.2455 | 13:42:50 | 221.449023 | 359.237201 
 4152.3360 | 08739.2467 | 13:42:51 | 221.447974 | 359.239378 
 4152.3361 | 08739.2477 | 13:42:52 | 221.447113 | 359.239487 
 4152.3358 | 08739.2485 | 13:42:53 | 221.446428 | 359.239136 
 4152.3366 | 08739.2493 | 13:42:54 | 221.445733 | 359.240051 
 4152.3356 | 08739.2519 | 13:42:55 | 221.443507 | 359.238883 
 4152.3346 | 08739.2541 | 13:42:56 | 221.441624 | 359.237718 
 4152.3333 | 08739.2568 | 13:42:57 | 221.439315 | 359.236204 
 4152.3321 | 08739.2595 | 13:42:58 | 221.437005 | 359.234805 
 4152.3307 | 08739.2626 | 13:42:59 | 221.434352 | 359.233174 
 4152.3279 | 08739.2693 | 13:43:01 | 221.428618 | 359.229908 
 4152.3262 | 08739.2727 | 13:43:02 | 221.425710 | 359.227929 
 4152.3246 | 08739.2775 | 13:43:03 | 221.421598 | 359.226056 
 4152.3233 | 08739.2818 | 13:43:04 | 221.417913 | 359.224532 
 4152.3218 | 08739.2864 | 13:43:05 | 221.413972 | 359.222775 
 4152.3136 | 08739.2913 | 13:43:06 | 221.409834 | 359.213310 
 4152.3134 | 08739.2958 | 13:43:07 | 221.405967 | 359.213049 
 4152.3131 | 08739.2999 | 13:43:08 | 221.402445 | 359.212676 
 4152.3128 | 08739.3041 | 13:43:09 | 221.398837 | 359.212302 
 4152.3125 | 08739.3081 | 13:43:10 | 221.395400 | 359.211930 
 4152.3122 | 08739.3123 | 13:43:11 | 221.391792 | 359.211557 
 4152.3102 | 08739.3154 | 13:43:12 | 221.389145 | 359.209235 
 4152.3097 | 08739.3194 | 13:43:13 | 221.385711 | 359.208633 
 4152.3092 | 08739.3238 | 13:43:14 | 221.381933 | 359.208028 
 4152.3088 | 08739.3281 | 13:43:15 | 221.378240 | 359.207538 
 4152.3083 | 08739.3321 | 13:43:16 | 221.374805 | 359.206936 
 4152.3079 | 08739.3362 | 13:43:17 | 221.371284 | 359.206448 
 4152.3075 | 08739.3402 | 13:43:18 | 221.367849 | 359.205961 
 4152.3071 | 08739.3442 | 13:43:19 | 221.364413 | 359.205474 
 4152.3070 | 08739.3485 | 13:43:20 | 221.360718 | 359.205329 
 4152.3067 | 08739.3526 | 13:43:21 | 221.357195 | 359.204957 
 4152.3065 | 08739.3566 | 13:43:22 | 221.353758 | 359.204699 
 4152.3064 | 08739.3614 | 13:43:23 | 221.349632 | 359.204552 
 4152.3064 | 08739.3662 | 13:43:24 | 221.345506 | 359.204519 
 4152.3112 | 08739.3704 | 13:43:25 | 221.341851 | 359.210012 
 4152.3115 | 08739.3746 | 13:43:26 | 221.338238 | 359.210329 
 4152.3117 | 08739.3789 | 13:43:27 | 221.334539 | 359.210529 
 4152.3118 | 08739.3830 | 13:43:28 | 221.331013 | 359.210617 
 4152.3098 | 08739.3872 | 13:43:29 | 221.327421 | 359.208288 
 4152.3076 | 08739.3890 | 13:43:30 | 221.325893 | 359.205745 
 4152.3068 | 08739.3890 | 13:43:31 | 221.325900 | 359.204825 
 4152.3064 | 08739.3914 | 13:43:32 | 221.323841 | 359.204348 
 4152.3062 | 08739.3942 | 13:43:33 | 221.321435 | 359.204099 
 4152.3060 | 08739.3971 | 13:43:34 | 221.318944 | 359.203850 
 4152.3059 | 08739.4000 | 13:43:35 | 221.316452 | 359.203715 
 4152.3056 | 08739.3992 | 13:43:36 | 221.317142 | 359.203375 
 4152.3058 | 08739.3997 | 13:43:37 | 221.316710 | 359.203602 
 4152.3058 | 08739.4003 | 13:43:38 | 221.316195 | 359.203598 
 4152.3058 | 08739.4009 | 13:43:39 | 221.315679 | 359.203594 
 4152.3058 | 08739.4015 | 13:43:40 | 221.315163 | 359.203590 
 4152.3079 | 08739.4020 | 13:43:41 | 221.314714 | 359.206002 
 4152.3086 | 08739.4024 | 13:43:42 | 221.314364 | 359.206804 
 4152.3088 | 08739.4033 | 13:43:43 | 221.313588 | 359.207028 
 4152.3070 | 08739.4035 | 13:43:44 | 221.313433 | 359.204957 
 4152.3062 | 08739.4036 | 13:43:45 | 221.313354 | 359.204036 
 4152.3067 | 08739.4043 | 13:43:46 | 221.312748 | 359.204606 
 4152.3103 | 08739.4099 | 13:43:47 | 221.307900 | 359.208709 
 4152.3165 | 08739.4072 | 13:43:48 | 221.310166 | 359.215859 
 4152.3185 | 08739.4068 | 13:43:49 | 221.310491 | 359.218162 
 4152.3210 | 08739.4067 | 13:43:50 | 221.310555 | 359.221038 
 4152.3234 | 08739.4064 | 13:43:51 | 221.310791 | 359.223801 
 4152.3255 | 08739.4061 | 13:43:52 | 221.311030 | 359.226219 
 4152.3271 | 08739.4060 | 13:43:53 | 221.311101 | 359.228060 
 4152.3279 | 08739.4060 | 13:43:54 | 221.311094 | 359.228980 
 4152.3284 | 08739.4065 | 13:43:55 | 221.310659 | 359.229552 
 4152.3289 | 08739.4065 | 13:43:56 | 221.310655 | 359.230127 
 4152.3298 | 08739.4065 | 13:43:57 | 221.310647 | 359.231162 
 4152.3315 | 08739.4066 | 13:43:58 | 221.310545 | 359.233117 
 4152.3339 | 08739.4065 | 13:43:59 | 221.310610 | 359.235878 
 4152.3365 | 08739.4063 | 13:44:00 | 221.310758 | 359.238870 
 4152.3395 | 08739.4062 | 13:44:01 | 221.310817 | 359.242321 
 4152.3428 | 08739.4059 | 13:44:02 | 221.311045 | 359.246119 
 4152.3464 | 08739.4057 | 13:44:03 | 221.311184 | 359.250262 
 4152.3501 | 08739.4056 | 13:44:04 | 221.311236 | 359.254518 
 4152.3540 | 08739.4055 | 13:44:05 | 221.311287 | 359.259005 
 4152.3578 | 08739.4054 | 13:44:06 | 221.311339 | 359.263376 
 4152.3617 | 08739.4053 | 13:44:07 | 221.311389 | 359.267863 
 4152.3657 | 08739.4051 | 13:44:08 | 221.311525 | 359.272466 
 4152.3697 | 08739.4048 | 13:44:09 | 221.311746 | 359.277069 
 4152.3738 | 08739.4046 | 13:44:10 | 221.311881 | 359.281786 
 4152.3783 | 08739.4051 | 13:44:11 | 221.311411 | 359.286959 
 4152.3825 | 08739.4051 | 13:44:12 | 221.311373 | 359.291790 
 4152.3868 | 08739.4050 | 13:44:13 | 221.311420 | 359.296737 
 4152.3911 | 08739.4049 | 13:44:14 | 221.311466 | 359.301683 
 4152.3954 | 08739.4048 | 13:44:15 | 221.311513 | 359.306630 
 4152.3997 | 08739.4047 | 13:44:16 | 221.311560 | 359.311577 
 4152.4042 | 08739.4047 | 13:44:17 | 221.311520 | 359.316753 
 4152.4087 | 08739.4045 | 13:44:18 | 221.311651 | 359.321930 
 4152.4129 | 08739.4045 | 13:44:19 | 221.311613 | 359.326762 
 4152.4165 | 08739.4059 | 13:44:20 | 221.310376 | 359.330893 
 4152.4202 | 08739.4065 | 13:44:21 | 221.309827 | 359.335145 
 4152.4235 | 08739.4074 | 13:44:22 | 221.309023 | 359.338935 
 4152.4263 | 08739.4077 | 13:44:23 | 221.308740 | 359.342153 
 4152.4292 | 08739.4080 | 13:44:24 | 221.308456 | 359.345487 
 4152.4318 | 08739.4082 | 13:44:25 | 221.308260 | 359.348476 
 4152.4342 | 08739.4085 | 13:44:26 | 221.307981 | 359.351235 
 4152.4365 | 08739.4087 | 13:44:27 | 221.307788 | 359.353879 
 4152.4391 | 08739.4090 | 13:44:28 | 221.307507 | 359.356868 
 4152.4411 | 08739.4090 | 13:44:29 | 221.307488 | 359.359168 
 4152.4426 | 08739.4089 | 13:44:30 | 221.307561 | 359.360894 
 4152.4434 | 08739.4086 | 13:44:31 | 221.307811 | 359.361816 
 4152.4434 | 08739.4084 | 13:44:32 | 221.307983 | 359.361818 
 4152.4434 | 08739.4082 | 13:44:33 | 221.308155 | 359.361819 
 4152.4435 | 08739.4083 | 13:44:34 | 221.308068 | 359.361933 
 4152.4439 | 08739.4082 | 13:44:35 | 221.308151 | 359.362394 
 4152.4446 | 08739.4081 | 13:44:36 | 221.308230 | 359.363200 
 4152.4456 | 08739.4082 | 13:44:37 | 221.308135 | 359.364350 
 4152.4468 | 08739.4082 | 13:44:38 | 221.308124 | 359.365730 
 4152.4478 | 08739.4082 | 13:44:39 | 221.308115 | 359.366880 
 4152.4487 | 08739.4082 | 13:44:40 | 221.308107 | 359.367915 
 4152.4492 | 08739.4082 | 13:44:41 | 221.308103 | 359.368491 
 4152.4495 | 08739.4083 | 13:44:42 | 221.308014 | 359.368835 
 4152.4497 | 08739.4083 | 13:44:43 | 221.308012 | 359.369065 
 4152.4500 | 08739.4083 | 13:44:44 | 221.308009 | 359.369410 
 4152.4506 | 08739.4083 | 13:44:45 | 221.308004 | 359.370100 
 4152.4517 | 08739.4083 | 13:44:46 | 221.307994 | 359.371366 
 4152.4534 | 08739.4087 | 13:44:47 | 221.307635 | 359.373318 
 4152.4552 | 08739.4097 | 13:44:48 | 221.306759 | 359.375382 
 4152.4568 | 08739.4115 | 13:44:49 | 221.305197 | 359.377210 
 4152.4581 | 08739.4138 | 13:44:50 | 221.303208 | 359.378690 
 4152.4589 | 08739.4168 | 13:44:51 | 221.300621 | 359.379590 
 4152.4597 | 08739.4197 | 13:44:52 | 221.298121 | 359.380490 
 4152.4597 | 08739.4237 | 13:44:53 | 221.294682 | 359.380463 
 4152.4598 | 08739.4276 | 13:44:54 | 221.291329 | 359.380552 
 4152.4598 | 08739.4316 | 13:44:55 | 221.287890 | 359.380525 
 4152.4599 | 08739.4356 | 13:44:56 | 221.284450 | 359.380613 
 4152.4601 | 08739.4396 | 13:44:57 | 221.281010 | 359.380816 
 4152.4602 | 08739.4437 | 13:44:58 | 221.277484 | 359.380903 
 4152.4603 | 08739.4479 | 13:44:59 | 221.273872 | 359.380990 
 4152.4604 | 08739.4523 | 13:45:00 | 221.270089 | 359.381075 
 4152.4614 | 08739.4569 | 13:45:01 | 221.266125 | 359.382194 
 4152.4615 | 08739.4616 | 13:45:02 | 221.262084 | 359.382277 
 4152.4618 | 08739.4665 | 13:45:03 | 221.257869 | 359.382589 
 4152.4621 | 08739.4718 | 13:45:04 | 221.253309 | 359.382898 
 4152.4622 | 08739.4771 | 13:45:05 | 221.248752 | 359.382977 
 4152.4624 | 08739.4826 | 13:45:06 | 221.244022 | 359.383170 
 4152.4627 | 08739.4880 | 13:45:07 | 221.239377 | 359.383479 
 4152.4629 | 08739.4934 | 13:45:08 | 221.234733 | 359.383672 
 4152.4626 | 08739.4989 | 13:45:09 | 221.230007 | 359.383290 
 4152.4627 | 08739.5043 | 13:45:10 | 221.225364 | 359.383369 
 4152.4627 | 08739.5098 | 13:45:11 | 221.220636 | 359.383331 
 4152.4627 | 08739.5152 | 13:45:12 | 221.215993 | 359.383295 
 4152.4627 | 08739.5214 | 13:45:13 | 221.210663 | 359.383253 
 4152.4627 | 08739.5273 | 13:45:14 | 221.205591 | 359.383213 
 4152.4624 | 08739.5333 | 13:45:15 | 221.200436 | 359.382828 
 4152.4607 | 08739.5391 | 13:45:16 | 221.195465 | 359.380833 
 4152.4606 | 08739.5450 | 13:45:17 | 221.190394 | 359.380678 
 4152.4612 | 08739.5531 | 13:45:18 | 221.183425 | 359.381314 
 4152.4613 | 08739.5595 | 13:45:19 | 221.177922 | 359.381385 
 4152.4611 | 08739.5659 | 13:45:20 | 221.172422 | 359.381112 
 4152.4611 | 08739.5723 | 13:45:21 | 221.166920 | 359.381069 
 4152.4612 | 08739.5791 | 13:45:22 | 221.161073 | 359.381138 
 4152.4613 | 08739.5859 | 13:45:23 | 221.155226 | 359.381207 
 4152.4616 | 08739.5927 | 13:45:24 | 221.149377 | 359.381506 
 4152.4618 | 08739.5995 | 13:45:25 | 221.143530 | 359.381691 
 4152.4618 | 08739.6064 | 13:45:26 | 221.137598 | 359.381644 
 4152.4621 | 08739.6146 | 13:45:27 | 221.130546 | 359.381934 
 4152.4624 | 08739.6223 | 13:45:28 | 221.123923 | 359.382227 
 4152.4625 | 08739.6298 | 13:45:29 | 221.117475 | 359.382292 
 4152.4627 | 08739.6372 | 13:45:30 | 221.111111 | 359.382472 
 4152.4628 | 08739.6444 | 13:45:31 | 221.104921 | 359.382538 
 4152.4629 | 08739.6515 | 13:45:32 | 221.098816 | 359.382605 
 4152.4630 | 08739.6586 | 13:45:33 | 221.092711 | 359.382673 
 4152.4632 | 08739.6639 | 13:45:34 | 221.088153 | 359.382867 
 4152.4633 | 08739.6701 | 13:45:35 | 221.082822 | 359.382940 
 4152.4633 | 08739.6762 | 13:45:36 | 221.077578 | 359.382899 
 4152.4630 | 08739.6806 | 13:45:37 | 221.073798 | 359.382525 
 4152.4626 | 08739.6860 | 13:45:38 | 221.069159 | 359.382028 
 4152.4623 | 08739.6914 | 13:45:39 | 221.064520 | 359.381647 
 4152.4618 | 08739.6967 | 13:45:40 | 221.059968 | 359.381036 
 4152.4615 | 08739.6963 | 13:45:41 | 221.060314 | 359.380693 
 4152.4591 | 08739.6968 | 13:45:42 | 221.059906 | 359.377930 
 4152.4592 | 08739.6981 | 13:45:43 | 221.058788 | 359.378036 
 4152.4590 | 08739.6989 | 13:45:44 | 221.058102 | 359.377800 
 4152.4591 | 08739.6997 | 13:45:45 | 221.057413 | 359.377910 
 4152.4595 | 08739.7005 | 13:45:46 | 221.056722 | 359.378365 
 4152.4599 | 08739.7015 | 13:45:47 | 221.055858 | 359.378818 
 4152.4641 | 08739.7016 | 13:45:48 | 221.055735 | 359.383648 
 4152.4635 | 08739.7013 | 13:45:49 | 221.055998 | 359.382960 
 4152.4622 | 08739.7023 | 13:45:50 | 221.055150 | 359.381458 
 4152.4616 | 08739.7030 | 13:45:51 | 221.054553 | 359.380763 
 4152.4616 | 08739.7030 | 13:45:52 | 221.054553 | 359.380763 
 4152.4616 | 08739.7030 | 13:45:53 | 221.054553 | 359.380763 
 4152.4616 | 08739.7030 | 13:45:54 | 221.054553 | 359.380763 
 4152.4616 | 08739.7030 | 13:45:55 | 221.054553 | 359.380763 
 4152.4616 | 08739.7030 | 13:45:56 | 221.054553 | 359.380763 
 4152.4616 | 08739.7030 | 13:45:57 | 221.054553 | 359.380763 
 4152.4616 | 08739.7030 | 13:45:58 | 221.054553 | 359.380763 
 4152.4616 | 08739.7030 | 13:45:59 | 221.054553 | 359.380763 
 4152.4616 | 08739.7030 | 13:46:00 | 221.054553 | 359.380763 
 4152.4616 | 08739.7030 | 13:46:01 | 221.054553 | 359.380763 
 4152.4616 | 08739.7030 | 13:46:02 | 221.054553 | 359.380763 
 4152.4616 | 08739.7030 | 13:46:03 | 221.054553 | 359.380763 
 4152.4616 | 08739.7030 | 13:46:04 | 221.054553 | 359.380763 
 4152.4616 | 08739.7030 | 13:46:05 | 221.054553 | 359.380763 
 4152.4616 | 08739.7030 | 13:46:07 | 221.054553 | 359.380763 
 4152.4616 | 08739.7030 | 13:46:08 | 221.054553 | 359.380763 
 4152.4616 | 08739.7030 | 13:46:09 | 221.054553 | 359.380763 
 4152.4616 | 08739.7030 | 13:46:10 | 221.054553 | 359.380763 
 4152.4616 | 08739.7030 | 13:46:11 | 221.054553 | 359.380763 
 4152.4616 | 08739.7030 | 13:46:12 | 221.054553 | 359.380763 
 4152.4616 | 08739.7030 | 13:46:13 | 221.054553 | 359.380763 
 4152.4616 | 08739.7030 | 13:46:14 | 221.054553 | 359.380763 
 4152.4576 | 08739.7051 | 13:46:15 | 221.052784 | 359.376148 
 4152.4575 | 08739.7155 | 13:46:16 | 221.043844 | 359.375963 
 4152.4612 | 08739.7186 | 13:46:17 | 221.041146 | 359.380198 
 4152.4616 | 08739.7232 | 13:46:18 | 221.037188 | 359.380628 
 4152.4621 | 08739.7279 | 13:46:19 | 221.033143 | 359.381171 
 4152.4625 | 08739.7325 | 13:46:20 | 221.029185 | 359.381600 
 4152.4628 | 08739.7374 | 13:46:21 | 221.024969 | 359.381912 
 4152.4630 | 08739.7424 | 13:46:22 | 221.020669 | 359.382109 
 4152.4633 | 08739.7473 | 13:46:23 | 221.016454 | 359.382421 
 4152.4634 | 08739.7523 | 13:46:24 | 221.012155 | 359.382502 
 4152.4635 | 08739.7590 | 13:46:25 | 221.006394 | 359.382572 
 4152.4633 | 08739.7639 | 13:46:26 | 221.002183 | 359.382310 
 4152.4631 | 08739.7691 | 13:46:27 | 220.997714 | 359.382045 
 4152.4628 | 08739.7745 | 13:46:28 | 220.993075 | 359.381663 
 4152.4546 | 08739.7791 | 13:46:29 | 220.989194 | 359.372200 
 4152.4542 | 08739.7841 | 13:46:30 | 220.984899 | 359.371707 
 4152.4538 | 08739.7890 | 13:46:31 | 220.980690 | 359.371214 
 4152.4534 | 08739.7939 | 13:46:32 | 220.976481 | 359.370721 
 4152.4530 | 08739.7994 | 13:46:33 | 220.971757 | 359.370224 
 4152.4526 | 08739.8046 | 13:46:34 | 220.967290 | 359.369729 
 4152.4522 | 08739.8103 | 13:46:35 | 220.962393 | 359.369230 
 4152.4528 | 08739.8151 | 13:46:36 | 220.958261 | 359.369888 
 4152.4517 | 08739.8207 | 13:46:37 | 220.953457 | 359.368585 
 4152.4511 | 08739.8265 | 13:46:38 | 220.948476 | 359.367856 
 4152.4506 | 08739.8322 | 13:46:39 | 220.943580 | 359.367243 
 4152.4504 | 08739.8384 | 13:46:40 | 220.938252 | 359.366971 
 4152.4503 | 08739.8446 | 13:46:41 | 220.932923 | 359.366815 
 4152.4503 | 08739.8500 | 13:46:42 | 220.928280 | 359.366779 
 4152.4500 | 08739.8545 | 13:46:43 | 220.924414 | 359.366403 
 4152.4523 | 08739.8627 | 13:46:44 | 220.917344 | 359.368994 
 4152.4542 | 08739.8673 | 13:46:45 | 220.913373 | 359.371149 
 4152.4549 | 08739.8719 | 13:46:46 | 220.909412 | 359.371923 
 4152.4549 | 08739.8757 | 13:46:47 | 220.906145 | 359.371897 
 4152.4549 | 08739.8797 | 13:46:48 | 220.902706 | 359.371871 
 4152.4550 | 08739.8846 | 13:46:49 | 220.898493 | 359.371953 
 4152.4550 | 08739.8892 | 13:46:50 | 220.894538 | 359.371922 
 4152.4549 | 08739.8940 | 13:46:51 | 220.890413 | 359.371775 
 4152.4550 | 08739.9000 | 13:46:52 | 220.885254 | 359.371850 
 4152.4542 | 08739.9057 | 13:46:53 | 220.880360 | 359.370891 
 4152.4537 | 08739.9116 | 13:46:54 | 220.875293 | 359.370277 
 4152.4539 | 08739.9179 | 13:46:55 | 220.869875 | 359.370465 
 4152.4539 | 08739.9240 | 13:46:56 | 220.864631 | 359.370424 
 4152.4542 | 08739.9300 | 13:46:57 | 220.859470 | 359.370729 
 4152.4543 | 08739.9358 | 13:46:58 | 220.854483 | 359.370805 
 4152.4544 | 08739.9418 | 13:46:59 | 220.849324 | 359.370880 
 4152.4546 | 08739.9473 | 13:47:00 | 220.844594 | 359.371073 
 4152.4547 | 08739.9528 | 13:47:01 | 220.839864 | 359.371152 
 4152.4548 | 08739.9585 | 13:47:02 | 220.834963 | 359.371228 
 4152.4549 | 08739.9640 | 13:47:03 | 220.830234 | 359.371307 
 4152.4551 | 08739.9692 | 13:47:04 | 220.825762 | 359.371502 
 4152.4553 | 08739.9740 | 13:47:05 | 220.821634 | 359.371700 
 4152.4602 | 08739.9705 | 13:47:06 | 220.824599 | 359.377360 
 4152.4553 | 08739.9721 | 13:47:07 | 220.823267 | 359.371713 
 4152.4590 | 08739.9774 | 13:47:08 | 220.818678 | 359.375933 
 4152.4552 | 08739.9718 | 13:47:09 | 220.823526 | 359.371600 
 4152.4540 | 08739.9728 | 13:47:10 | 220.822677 | 359.370213 
 4152.4540 | 08739.9728 | 13:47:11 | 220.822677 | 359.370213 
 4152.4535 | 08739.9723 | 13:47:12 | 220.823111 | 359.369641 
 4152.4535 | 08739.9723 | 13:47:13 | 220.823111 | 359.369641 
 4152.4535 | 08739.9723 | 13:47:14 | 220.823111 | 359.369641 
 4152.4535 | 08739.9723 | 13:47:15 | 220.823111 | 359.369641 
 4152.4535 | 08739.9723 | 13:47:16 | 220.823111 | 359.369641 
 4152.4535 | 08739.9723 | 13:47:17 | 220.823111 | 359.369641 
 4152.4535 | 08739.9723 | 13:47:18 | 220.823111 | 359.369641 
 4152.4535 | 08739.9723 | 13:47:19 | 220.823111 | 359.369641 
 4152.4535 | 08739.9723 | 13:47:20 | 220.823111 | 359.369641 
 4152.4498 | 08739.9731 | 13:47:21 | 220.822457 | 359.365380 
 4152.4491 | 08739.9814 | 13:47:22 | 220.815327 | 359.364519 
 4152.4487 | 08739.9859 | 13:47:23 | 220.811462 | 359.364029 
 4152.4483 | 08739.9910 | 13:47:24 | 220.807081 | 359.363535 
 4152.4510 | 08739.9965 | 13:47:25 | 220.802329 | 359.366604 
 4152.4511 | 08740.0019 | 13:47:26 | 220.797686 | 359.366683 
 4152.4510 | 08740.0073 | 13:47:27 | 220.793044 | 359.366531 
 4152.4510 | 08740.0129 | 13:47:28 | 220.788230 | 359.366494 
 4152.4510 | 08740.0176 | 13:47:29 | 220.784189 | 359.366463 
 4152.4523 | 08740.0252 | 13:47:30 | 220.777644 | 359.367907 
 4152.4525 | 08740.0298 | 13:47:31 | 220.773688 | 359.368107 
 4152.4525 | 08740.0347 | 13:47:32 | 220.769475 | 359.368074 
 4152.4524 | 08740.0399 | 13:47:33 | 220.765006 | 359.367924 
 4152.4521 | 08740.0454 | 13:47:34 | 220.760280 | 359.367543 
 4152.4519 | 08740.0512 | 13:47:35 | 220.755296 | 359.367274 
 4152.4517 | 08740.0572 | 13:47:36 | 220.750139 | 359.367004 
 4152.4515 | 08740.0634 | 13:47:37 | 220.744811 | 359.366732 
 4152.4513 | 08740.0699 | 13:47:38 | 220.739225 | 359.366459 
 4152.4511 | 08740.0766 | 13:47:39 | 220.733467 | 359.366184 
 4152.4510 | 08740.0833 | 13:47:40 | 220.727708 | 359.366025 
 4152.4507 | 08740.0901 | 13:47:41 | 220.721864 | 359.365634 
 4152.4506 | 08740.0968 | 13:47:42 | 220.716105 | 359.365475 
 4152.4506 | 08740.1020 | 13:47:43 | 220.711635 | 359.365440 
 4152.4506 | 08740.1078 | 13:47:44 | 220.706649 | 359.365401 
 4152.4509 | 08740.1135 | 13:47:45 | 220.701746 | 359.365708 
 4152.4508 | 08740.1191 | 13:47:46 | 220.696932 | 359.365556 
 4152.4514 | 08740.1249 | 13:47:47 | 220.691941 | 359.366208 
 4152.4520 | 08740.1306 | 13:47:48 | 220.687035 | 359.366860 
 4152.4654 | 08740.1373 | 13:47:49 | 220.681156 | 359.382229 
 4152.4640 | 08740.1354 | 13:47:50 | 220.682802 | 359.380631 
 4152.4706 | 08740.1350 | 13:47:51 | 220.683087 | 359.388225 
 4152.4722 | 08740.1382 | 13:47:52 | 220.680322 | 359.390044 
 4152.4737 | 08740.1413 | 13:47:53 | 220.677643 | 359.391749 
 4152.4752 | 08740.1442 | 13:47:54 | 220.675137 | 359.393455 
 4152.4771 | 08740.1434 | 13:47:55 | 220.675808 | 359.395646 
 4152.4785 | 08740.1445 | 13:47:56 | 220.674850 | 359.397249 
 4152.4731 | 08740.1396 | 13:47:57 | 220.679110 | 359.391070 
 4152.4729 | 08740.1406 | 13:47:58 | 220.678252 | 359.390834 
 4152.4725 | 08740.1413 | 13:47:59 | 220.677654 | 359.390369 
 4152.4723 | 08740.1420 | 13:48:00 | 220.677054 | 359.390134 
 4152.4722 | 08740.1427 | 13:48:01 | 220.676453 | 359.390014 
 4152.4704 | 08740.1429 | 13:48:02 | 220.676297 | 359.387943 
 4152.4697 | 08740.1440 | 13:48:03 | 220.675358 | 359.387130 
 4152.4686 | 08740.1437 | 13:48:04 | 220.675626 | 359.385867 
 4152.4670 | 08740.1429 | 13:48:05 | 220.676328 | 359.384032 
 4152.4616 | 08740.1221 | 13:48:06 | 220.694257 | 359.377959 
 4152.4604 | 08740.1220 | 13:48:07 | 220.694354 | 359.376579 
 4152.4416 | 08740.1288 | 13:48:08 | 220.688675 | 359.354909 
 4152.4412 | 08740.1290 | 13:48:09 | 220.688507 | 359.354448 
 4152.4547 | 08740.1253 | 13:48:10 | 220.691568 | 359.370001 
 4152.4559 | 08740.1252 | 13:48:11 | 220.691643 | 359.371382 
 4152.4573 | 08740.1251 | 13:48:12 | 220.691716 | 359.372993 
 4152.4584 | 08740.1251 | 13:48:13 | 220.691707 | 359.374258 
 4152.4518 | 08740.1440 | 13:48:14 | 220.675517 | 359.366541 
 4152.4514 | 08740.1504 | 13:48:15 | 220.670019 | 359.366038 
 4152.4514 | 08740.1542 | 13:48:16 | 220.666752 | 359.366013 
 4152.4513 | 08740.1580 | 13:48:17 | 220.663486 | 359.365872 
 4152.4513 | 08740.1618 | 13:48:18 | 220.660219 | 359.365847 
 4152.4514 | 08740.1657 | 13:48:19 | 220.656865 | 359.365936 
 4152.4520 | 08740.1700 | 13:48:20 | 220.653163 | 359.366598 
 4152.4519 | 08740.1739 | 13:48:21 | 220.649811 | 359.366457 
 4152.4516 | 08740.1816 | 13:48:23 | 220.643194 | 359.366061 
 4152.4521 | 08740.1855 | 13:48:24 | 220.639837 | 359.366610 
 4152.4520 | 08740.1893 | 13:48:25 | 220.636571 | 359.366469 
 4152.4552 | 08740.2064 | 13:48:28 | 220.621842 | 359.370037 
 4152.4695 | 08740.1999 | 13:48:29 | 220.627303 | 359.386528 
 4152.4712 | 08740.2031 | 13:48:30 | 220.624537 | 359.388463 
 4152.4730 | 08740.2068 | 13:48:31 | 220.621340 | 359.390509 
 4152.4816 | 08740.2178 | 13:48:32 | 220.611807 | 359.400328 
 4152.4832 | 08740.2212 | 13:48:33 | 220.608870 | 359.402145 
 4152.4846 | 08740.2244 | 13:48:34 | 220.606106 | 359.403735 
 4152.4858 | 08740.2322 | 13:48:35 | 220.599390 | 359.405063 
 4152.4869 | 08740.2367 | 13:48:36 | 220.595512 | 359.406298 
 4152.4876 | 08740.2410 | 13:48:37 | 220.591809 | 359.407075 
 4152.4889 | 08740.2452 | 13:48:38 | 220.588187 | 359.408543 
 4152.4890 | 08740.2495 | 13:48:39 | 220.584489 | 359.408629 
 4152.4895 | 08740.2537 | 13:48:40 | 220.580874 | 359.409176 
 4152.4895 | 08740.2609 | 13:48:41 | 220.574684 | 359.409129 
 4152.4929 | 08740.2674 | 13:48:42 | 220.569066 | 359.412996 
 4152.4947 | 08740.2720 | 13:48:43 | 220.565096 | 359.415036 
 4152.4956 | 08740.2766 | 13:48:44 | 220.561133 | 359.416041 
 4152.4964 | 08740.2816 | 13:48:45 | 220.556828 | 359.416928 
 4152.4972 | 08740.2846 | 13:48:46 | 220.554242 | 359.417828 
 4152.4962 | 08740.2874 | 13:48:47 | 220.551843 | 359.416660 
 4152.4950 | 08740.2887 | 13:48:48 | 220.550736 | 359.415271 
 4152.4934 | 08740.2890 | 13:48:49 | 220.550493 | 359.413428 
 4152.4611 | 08740.2874 | 13:48:50 | 220.552155 | 359.376286 
 4152.4597 | 08740.2868 | 13:48:51 | 220.552683 | 359.374679 
 4152.4595 | 08740.2864 | 13:48:52 | 220.553029 | 359.374452 
 4152.4595 | 08740.2864 | 13:48:53 | 220.553029 | 359.374452 
 4152.4595 | 08740.2864 | 13:48:54 | 220.553029 | 359.374452 
 4152.4595 | 08740.2864 | 13:48:55 | 220.553029 | 359.374452 
 4152.4572 | 08740.2854 | 13:48:56 | 220.553909 | 359.371813 
 4152.4601 | 08740.2853 | 13:48:57 | 220.553969 | 359.375149 
 4152.4577 | 08740.2849 | 13:48:58 | 220.554334 | 359.372391 
 4152.4552 | 08740.2847 | 13:48:59 | 220.554528 | 359.369517 
 4152.4552 | 08740.2847 | 13:49:00 | 220.554528 | 359.369517 
 4152.4552 | 08740.2847 | 13:49:01 | 220.554528 | 359.369517 
 4152.4552 | 08740.2847 | 13:49:02 | 220.554528 | 359.369517 
 4152.4552 | 08740.2847 | 13:49:03 | 220.554528 | 359.369517 
 4152.4552 | 08740.2847 | 13:49:04 | 220.554528 | 359.369517 
 4152.4552 | 08740.2847 | 13:49:05 | 220.554528 | 359.369517 
 4152.4501 | 08740.2847 | 13:49:06 | 220.554573 | 359.363651 
 4152.4498 | 08740.2859 | 13:49:07 | 220.553545 | 359.363298 
 4152.4495 | 08740.2879 | 13:49:08 | 220.551828 | 359.362939 
 4152.4492 | 08740.2906 | 13:49:09 | 220.549509 | 359.362576 
 4152.4493 | 08740.2939 | 13:49:10 | 220.546671 | 359.362670 
 4152.4492 | 08740.2976 | 13:49:11 | 220.543491 | 359.362530 
 4152.4470 | 08740.3018 | 13:49:12 | 220.539900 | 359.359972 
 4152.4475 | 08740.3069 | 13:49:13 | 220.535511 | 359.360513 
 4152.4464 | 08740.3125 | 13:49:14 | 220.530707 | 359.359211 
 4152.4464 | 08740.3189 | 13:49:15 | 220.525205 | 359.359168 
 4152.4474 | 08740.3255 | 13:49:16 | 220.519522 | 359.360275 
 4152.4468 | 08740.3324 | 13:49:17 | 220.513595 | 359.359539 
 4152.4472 | 08740.3394 | 13:49:18 | 220.507574 | 359.359953 
 4152.4473 | 08740.3465 | 13:49:19 | 220.501469 | 359.360021 
 4152.4475 | 08740.3534 | 13:49:20 | 220.495536 | 359.360205 
 4152.4478 | 08740.3604 | 13:49:21 | 220.489515 | 359.360504 
 4152.4475 | 08740.3674 | 13:49:22 | 220.483500 | 359.360112 
 4152.4473 | 08740.3743 | 13:49:23 | 220.477570 | 359.359837 
 4152.4470 | 08740.3811 | 13:49:24 | 220.471727 | 359.359447 
 4152.4467 | 08740.3879 | 13:49:25 | 220.465883 | 359.359057 
 4152.4469 | 08740.3946 | 13:49:26 | 220.460122 | 359.359242 
 4152.4468 | 08740.4015 | 13:49:27 | 220.454191 | 359.359082 
 4152.4476 | 08740.4084 | 13:49:28 | 220.448252 | 359.359956 
 4152.4476 | 08740.4152 | 13:49:29 | 220.442406 | 359.359911 
 4152.4482 | 08740.4219 | 13:49:30 | 220.436640 | 359.360557 
 4152.4489 | 08740.4282 | 13:49:31 | 220.431218 | 359.361321 
 4152.4495 | 08740.4342 | 13:49:32 | 220.426055 | 359.361971 
 4152.4498 | 08740.4400 | 13:49:33 | 220.421066 | 359.362278 
 4152.4501 | 08740.4457 | 13:49:34 | 220.416163 | 359.362586 
 4152.4506 | 08740.4512 | 13:49:35 | 220.411430 | 359.363124 
 4152.4508 | 08740.4566 | 13:49:36 | 220.406786 | 359.363319 
 4152.4510 | 08740.4617 | 13:49:37 | 220.402400 | 359.363515 
 4152.4515 | 08740.4666 | 13:49:38 | 220.398183 | 359.364058 
 4152.4520 | 08740.4711 | 13:49:39 | 220.394310 | 359.364603 
 4152.4522 | 08740.4752 | 13:49:40 | 220.390783 | 359.364806 
 4152.4517 | 08740.4785 | 13:49:41 | 220.387951 | 359.364209 
 4152.4516 | 08740.4818 | 13:49:42 | 220.385115 | 359.364073 
 4152.4515 | 08740.4851 | 13:49:43 | 220.382279 | 359.363936 
 4152.4514 | 08740.4885 | 13:49:44 | 220.379357 | 359.363798 
 4152.4513 | 08740.4923 | 13:49:45 | 220.376091 | 359.363658 
 4152.4512 | 08740.4965 | 13:49:46 | 220.372481 | 359.363516 
 4152.4509 | 08740.5014 | 13:49:47 | 220.368271 | 359.363138 
 4152.4506 | 08740.5064 | 13:49:48 | 220.363975 | 359.362760 
 4152.4502 | 08740.5115 | 13:49:49 | 220.359594 | 359.362266 
 4152.4496 | 08740.5167 | 13:49:50 | 220.355129 | 359.361542 
 4152.4501 | 08740.5239 | 13:49:51 | 220.348935 | 359.362070 
 4152.4505 | 08740.5310 | 13:49:52 | 220.342828 | 359.362483 
 4152.4506 | 08740.5374 | 13:49:53 | 220.337325 | 359.362556 
 4152.4505 | 08740.5434 | 13:49:54 | 220.332167 | 359.362401 
 4152.4505 | 08740.5491 | 13:49:55 | 220.327267 | 359.362364 
 4152.4508 | 08740.5546 | 13:49:56 | 220.322536 | 359.362673 
 4152.4508 | 08740.5596 | 13:49:57 | 220.318238 | 359.362640 
 4152.4507 | 08740.5642 | 13:49:58 | 220.314284 | 359.362494 
 4152.4503 | 08740.5679 | 13:49:59 | 220.311107 | 359.362010 
 4152.4499 | 08740.5714 | 13:50:00 | 220.308101 | 359.361527 
 4152.4496 | 08740.5744 | 13:50:01 | 220.305525 | 359.361162 
 4152.4494 | 08740.5764 | 13:50:02 | 220.303807 | 359.360919 
 4152.4489 | 08740.5766 | 13:50:03 | 220.303640 | 359.360342 
 4152.4487 | 08740.5766 | 13:50:04 | 220.303641 | 359.360112 
 4152.4485 | 08740.5765 | 13:50:05 | 220.303729 | 359.359883 
 4152.4485 | 08740.5765 | 13:50:06 | 220.303729 | 359.359883 
 4152.4485 | 08740.5765 | 13:50:07 | 220.303729 | 359.359883 
 4152.4485 | 08740.5765 | 13:50:08 | 220.303729 | 359.359883 
 4152.4485 | 08740.5765 | 13:50:09 | 220.303729 | 359.359883 
 4152.4485 | 08740.5765 | 13:50:10 | 220.303729 | 359.359883 
 4152.4485 | 08740.5765 | 13:50:11 | 220.303729 | 359.359883 
 4152.4485 | 08740.5765 | 13:50:12 | 220.303729 | 359.359883 
 4152.4485 | 08740.5765 | 13:50:13 | 220.303729 | 359.359883 
 4152.4485 | 08740.5765 | 13:50:14 | 220.303729 | 359.359883 
 4152.4485 | 08740.5765 | 13:50:15 | 220.303729 | 359.359883 
 4152.4485 | 08740.5765 | 13:50:16 | 220.303729 | 359.359883 
 4152.4485 | 08740.5765 | 13:50:17 | 220.303729 | 359.359883 
 4152.4485 | 08740.5765 | 13:50:18 | 220.303729 | 359.359883 
 4152.4485 | 08740.5765 | 13:50:19 | 220.303729 | 359.359883 
 4152.4485 | 08740.5765 | 13:50:20 | 220.303729 | 359.359883 
 4152.4433 | 08740.5760 | 13:50:21 | 220.304205 | 359.353905 
 4152.4431 | 08740.5767 | 13:50:22 | 220.303605 | 359.353670 
 4152.4429 | 08740.5777 | 13:50:23 | 220.302747 | 359.353434 
 4152.4428 | 08740.5813 | 13:50:24 | 220.299653 | 359.353295 
 4152.4426 | 08740.5849 | 13:50:25 | 220.296560 | 359.353041 
 4152.4428 | 08740.5892 | 13:50:26 | 220.292861 | 359.353243 
 4152.4425 | 08740.5939 | 13:50:27 | 220.288823 | 359.352867 
 4152.4435 | 08740.5993 | 13:50:28 | 220.284172 | 359.353982 
 4152.4439 | 08740.6048 | 13:50:29 | 220.279440 | 359.354406 
 4152.4437 | 08740.6103 | 13:50:30 | 220.274714 | 359.354139 
 4152.4436 | 08740.6159 | 13:50:31 | 220.269900 | 359.353988 
 4152.4436 | 08740.6215 | 13:50:32 | 220.265086 | 359.353951 
 4152.4433 | 08740.6266 | 13:50:33 | 220.260704 | 359.353572 
 4152.4431 | 08740.6316 | 13:50:34 | 220.256408 | 359.353309 
 4152.4429 | 08740.6366 | 13:50:35 | 220.252111 | 359.353046 
 4152.4427 | 08740.6417 | 13:50:36 | 220.247728 | 359.352783 
 4152.4425 | 08740.6467 | 13:50:37 | 220.243431 | 359.352520 
 4152.4423 | 08740.6517 | 13:50:38 | 220.239135 | 359.352257 
 4152.4420 | 08740.6568 | 13:50:39 | 220.234753 | 359.351878 
 4152.4423 | 08740.6592 | 13:50:40 | 220.232687 | 359.352208 
 4152.4431 | 08740.6649 | 13:50:41 | 220.227780 | 359.353090 
 4152.4439 | 08740.6704 | 13:50:42 | 220.223044 | 359.353975 
 4152.4451 | 08740.6760 | 13:50:43 | 220.218220 | 359.355318 
 4152.4457 | 08740.6820 | 13:50:44 | 220.213056 | 359.355969 
 4152.4460 | 08740.6877 | 13:50:45 | 220.208153 | 359.356276 
 4152.4458 | 08740.6931 | 13:50:46 | 220.203513 | 359.356011 
 4152.4458 | 08740.6987 | 13:50:47 | 220.198698 | 359.355974 
 4152.4448 | 08740.7042 | 13:50:48 | 220.193979 | 359.354788 
 4152.4440 | 08740.7097 | 13:50:49 | 220.189257 | 359.353832 
 4152.4450 | 08740.7159 | 13:50:50 | 220.183919 | 359.354941 
 4152.4446 | 08740.7214 | 13:50:51 | 220.179194 | 359.354445 
 4152.4418 | 08740.7263 | 13:50:52 | 220.175006 | 359.351192 
 4152.4410 | 08740.7318 | 13:50:53 | 220.170285 | 359.350236 
 4152.4409 | 08740.7374 | 13:50:54 | 220.165471 | 359.350084 
 4152.4421 | 08740.7437 | 13:50:55 | 220.160045 | 359.351423 
 4152.4425 | 08740.7496 | 13:50:56 | 220.154969 | 359.351845 
 4152.4427 | 08740.7556 | 13:50:57 | 220.149809 | 359.352035 
 4152.4428 | 08740.7615 | 13:50:58 | 220.144736 | 359.352112 
 4152.4427 | 08740.7673 | 13:50:59 | 220.139750 | 359.351959 
 4152.4427 | 08740.7732 | 13:51:00 | 220.134678 | 359.351920 
 4152.4427 | 08740.7790 | 13:51:01 | 220.129692 | 359.351882 
 4152.4429 | 08740.7849 | 13:51:02 | 220.124618 | 359.352074 
 4152.4429 | 08740.7909 | 13:51:03 | 220.119460 | 359.352034 
 4152.4410 | 08740.7964 | 13:51:04 | 220.114748 | 359.349813 
 4152.4398 | 08740.8021 | 13:51:05 | 220.109859 | 359.348395 
 4152.4403 | 08740.8084 | 13:51:06 | 220.104438 | 359.348929 
 4152.4403 | 08740.8146 | 13:51:07 | 220.099108 | 359.348889 
 4152.4400 | 08740.8208 | 13:51:08 | 220.093780 | 359.348503 
 4152.4403 | 08740.8272 | 13:51:09 | 220.088276 | 359.348806 
 4152.4402 | 08740.8333 | 13:51:10 | 220.083033 | 359.348651 
 4152.4398 | 08740.8394 | 13:51:11 | 220.077792 | 359.348151 
 4152.4393 | 08740.8451 | 13:51:12 | 220.072896 | 359.347539 
 4152.4391 | 08740.8504 | 13:51:13 | 220.068341 | 359.347274 
 4152.4401 | 08740.8555 | 13:51:14 | 220.063948 | 359.348391 
 4152.4407 | 08740.8602 | 13:51:15 | 220.059902 | 359.349051 
 4152.4413 | 08740.8645 | 13:51:16 | 220.056200 | 359.349713 
 4152.4415 | 08740.8684 | 13:51:17 | 220.052846 | 359.349917 
 4152.4417 | 08740.8715 | 13:51:18 | 220.050179 | 359.350127 
 4152.4419 | 08740.8734 | 13:51:19 | 220.048544 | 359.350345 
 4152.4420 | 08740.8743 | 13:51:20 | 220.047769 | 359.350454 
 4152.4424 | 08740.8758 | 13:51:21 | 220.046476 | 359.350904 
 4152.4425 | 08740.8784 | 13:51:22 | 220.044240 | 359.351002 
 4152.4410 | 08740.8816 | 13:51:23 | 220.041502 | 359.349256 
 4152.4409 | 08740.8855 | 13:51:24 | 220.038150 | 359.349115 
 4152.4405 | 08740.8900 | 13:51:25 | 220.034285 | 359.348626 
 4152.4400 | 08740.8948 | 13:51:26 | 220.030163 | 359.348019 
 4152.4395 | 08740.8999 | 13:51:27 | 220.025783 | 359.347411 
 4152.4394 | 08740.9050 | 13:51:28 | 220.021399 | 359.347263 
 4152.4392 | 08740.9114 | 13:51:29 | 220.015899 | 359.346991 
 4152.4391 | 08740.9176 | 13:51:30 | 220.010570 | 359.346835 
 4152.4403 | 08740.9239 | 13:51:31 | 220.005143 | 359.348175 
 4152.4407 | 08740.9305 | 13:51:32 | 219.999466 | 359.348592 
 4152.4406 | 08740.9370 | 13:51:33 | 219.993879 | 359.348434 
 4152.4407 | 08740.9435 | 13:51:34 | 219.988290 | 359.348507 
 4152.4416 | 08740.9509 | 13:51:35 | 219.981920 | 359.349494 
 4152.4414 | 08740.9576 | 13:51:36 | 219.976162 | 359.349220 
 4152.4415 | 08740.9643 | 13:51:37 | 219.970401 | 359.349292 
 4152.4415 | 08740.9710 | 13:51:38 | 219.964641 | 359.349248 
 4152.4415 | 08740.9777 | 13:51:39 | 219.958881 | 359.349204 
 4152.4418 | 08740.9847 | 13:51:40 | 219.952861 | 359.349504 
 4152.4417 | 08740.9911 | 13:51:41 | 219.947360 | 359.349347 
 4152.4418 | 08740.9971 | 13:51:42 | 219.942201 | 359.349423 
 4152.4414 | 08741.0026 | 13:51:43 | 219.937476 | 359.348927 
 4152.4408 | 08741.0078 | 13:51:44 | 219.933011 | 359.348203 
 4152.4406 | 08741.0129 | 13:51:45 | 219.928628 | 359.347940 
 4152.4407 | 08741.0177 | 13:51:46 | 219.924500 | 359.348024 
 4152.4408 | 08741.0220 | 13:51:47 | 219.920803 | 359.348111 
 4152.4399 | 08741.0256 | 13:51:48 | 219.917716 | 359.347052 
 4152.4398 | 08741.0289 | 13:51:49 | 219.914880 | 359.346916 
 4152.4367 | 08741.0307 | 13:51:50 | 219.913359 | 359.343338 
 4152.4343 | 08741.0318 | 13:51:51 | 219.912434 | 359.340570 
 4152.4312 | 08741.0319 | 13:51:52 | 219.912375 | 359.337004 
 4152.4276 | 08741.0319 | 13:51:53 | 219.912407 | 359.332863 
 4152.4232 | 08741.0311 | 13:51:54 | 219.913133 | 359.327807 
 4152.4184 | 08741.0301 | 13:51:55 | 219.914034 | 359.322292 
 4152.4140 | 08741.0294 | 13:51:56 | 219.914674 | 359.317236 
 4152.4099 | 08741.0290 | 13:51:57 | 219.915054 | 359.312522 
 4152.4062 | 08741.0287 | 13:51:58 | 219.915344 | 359.308268 
 4152.4029 | 08741.0284 | 13:51:59 | 219.915631 | 359.304474 
 4152.3998 | 08741.0282 | 13:52:00 | 219.915830 | 359.300910 
 4152.3966 | 08741.0280 | 13:52:01 | 219.916029 | 359.297230 
 4152.3924 | 08741.0274 | 13:52:02 | 219.916582 | 359.292403 
 4152.3889 | 08741.0273 | 13:52:03 | 219.916698 | 359.288378 
 4152.3854 | 08741.0270 | 13:52:04 | 219.916987 | 359.284354 
 4152.3820 | 08741.0266 | 13:52:05 | 219.917360 | 359.280446 
 4152.3781 | 08741.0263 | 13:52:06 | 219.917652 | 359.275962 
 4152.3742 | 08741.0264 | 13:52:07 | 219.917600 | 359.271475 
 4152.3705 | 08741.0263 | 13:52:08 | 219.917718 | 359.267220 
 4152.3668 | 08741.0262 | 13:52:09 | 219.917836 | 359.262965 
 4152.3630 | 08741.0263 | 13:52:10 | 219.917783 | 359.258593 
 4152.3591 | 08741.0262 | 13:52:11 | 219.917903 | 359.254108 
 4152.3552 | 08741.0261 | 13:52:12 | 219.918023 | 359.249622 
 4152.3509 | 08741.0256 | 13:52:13 | 219.918491 | 359.244680 
 4152.3464 | 08741.0255 | 13:52:14 | 219.918616 | 359.239504 
 4152.3418 | 08741.0256 | 13:52:15 | 219.918570 | 359.234212 
 4152.3372 | 08741.0258 | 13:52:16 | 219.918438 | 359.228920 
 4152.3326 | 08741.0258 | 13:52:17 | 219.918478 | 359.223629 
 4152.3282 | 08741.0257 | 13:52:18 | 219.918602 | 359.218568 
 4152.3240 | 08741.0259 | 13:52:19 | 219.918467 | 359.213736 
 4152.3197 | 08741.0258 | 13:52:20 | 219.918590 | 359.208790 
 4152.3158 | 08741.0259 | 13:52:21 | 219.918538 | 359.204304 
 4152.3120 | 08741.0262 | 13:52:22 | 219.918313 | 359.199931 
 4152.3081 | 08741.0263 | 13:52:23 | 219.918261 | 359.195444 
 4152.3045 | 08741.0273 | 13:52:24 | 219.917433 | 359.191297 
 4152.3006 | 08741.0272 | 13:52:25 | 219.917553 | 359.186812 
 4152.2968 | 08741.0272 | 13:52:26 | 219.917586 | 359.182441 
 4152.2932 | 08741.0269 | 13:52:27 | 219.917875 | 359.178302 
 4152.2899 | 08741.0264 | 13:52:28 | 219.918334 | 359.174509 
 4152.2875 | 08741.0262 | 13:52:29 | 219.918527 | 359.171750 
 4152.2855 | 08741.0255 | 13:52:30 | 219.919146 | 359.169454 
 4152.2844 | 08741.0234 | 13:52:31 | 219.920961 | 359.168202 
 4152.2831 | 08741.0211 | 13:52:32 | 219.922949 | 359.166722 
 4152.2817 | 08741.0196 | 13:52:33 | 219.924251 | 359.165121 
 4152.2801 | 08741.0184 | 13:52:34 | 219.925297 | 359.163289 
 4152.2793 | 08741.0186 | 13:52:35 | 219.925132 | 359.162367 
 4152.2777 | 08741.0171 | 13:52:36 | 219.926435 | 359.160536 
 4152.2795 | 08741.0179 | 13:52:37 | 219.925732 | 359.162602 
 4152.2795 | 08741.0165 | 13:52:38 | 219.926936 | 359.162611 
 4152.2792 | 08741.0149 | 13:52:39 | 219.928314 | 359.162276 
 4152.2795 | 08741.0110 | 13:52:40 | 219.931664 | 359.162647 
 4152.2793 | 08741.0076 | 13:52:41 | 219.934589 | 359.162439 
 4152.2790 | 08741.0041 | 13:52:42 | 219.937601 | 359.162116 
 4152.2800 | 08740.9993 | 13:52:43 | 219.941719 | 359.163298 
 4152.2809 | 08740.9944 | 13:52:44 | 219.945923 | 359.164365 
 4152.2813 | 08740.9893 | 13:52:45 | 219.950305 | 359.164858 
 4152.2818 | 08740.9843 | 13:52:46 | 219.954599 | 359.165466 
 4152.2820 | 08740.9798 | 13:52:47 | 219.958466 | 359.165725 
 4152.2823 | 08740.9754 | 13:52:48 | 219.962246 | 359.166099 
 4152.2828 | 08740.9709 | 13:52:49 | 219.966111 | 359.166704 
 4152.2828 | 08740.9667 | 13:52:50 | 219.969721 | 359.166731 
 4152.2828 | 08740.9628 | 13:52:51 | 219.973074 | 359.166756 
 4152.2828 | 08740.9593 | 13:52:52 | 219.976083 | 359.166779 
 4152.2829 | 08740.9569 | 13:52:53 | 219.978146 | 359.166910 
 4152.2831 | 08740.9559 | 13:52:54 | 219.979004 | 359.167146 
 4152.2832 | 08740.9555 | 13:52:55 | 219.979347 | 359.167264 
 4152.2833 | 08740.9550 | 13:52:56 | 219.979776 | 359.167382 
 4152.2834 | 08740.9543 | 13:52:57 | 219.980377 | 359.167502 
 4152.2831 | 08740.9532 | 13:52:58 | 219.981325 | 359.167164 
 4152.2827 | 08740.9521 | 13:52:59 | 219.982274 | 359.166711 
 4152.2818 | 08740.9507 | 13:53:00 | 219.983486 | 359.165685 
 4152.2804 | 08740.9508 | 13:53:01 | 219.983412 | 359.164074 
 4152.2793 | 08740.9504 | 13:53:02 | 219.983766 | 359.162811 
 4152.2782 | 08740.9499 | 13:53:03 | 219.984205 | 359.161549 
 4152.2771 | 08740.9493 | 13:53:04 | 219.984730 | 359.160288 
 4152.2768 | 08740.9504 | 13:53:05 | 219.983787 | 359.159936 
 4152.2764 | 08740.9509 | 13:53:06 | 219.983361 | 359.159472 
 4152.2748 | 08740.9493 | 13:53:07 | 219.984750 | 359.157642 
 4152.2748 | 08740.9493 | 13:53:08 | 219.984750 | 359.157642 
 4152.2748 | 08740.9493 | 13:53:09 | 219.984750 | 359.157642 
 4152.2748 | 08740.9493 | 13:53:10 | 219.984750 | 359.157642 
 4152.2748 | 08740.9493 | 13:53:11 | 219.984750 | 359.157642 
 4152.2748 | 08740.9493 | 13:53:12 | 219.984750 | 359.157642 
 4152.2748 | 08740.9493 | 13:53:13 | 219.984750 | 359.157642 
 4152.2748 | 08740.9493 | 13:53:14 | 219.984750 | 359.157642 
 4152.2748 | 08740.9493 | 13:53:15 | 219.984750 | 359.157642 
 4152.2748 | 08740.9493 | 13:53:16 | 219.984750 | 359.157642 
 4152.2748 | 08740.9493 | 13:53:17 | 219.984750 | 359.157642 
 4152.2748 | 08740.9493 | 13:53:18 | 219.984750 | 359.157642 
 4152.2748 | 08740.9493 | 13:53:19 | 219.984750 | 359.157642 
 4152.2748 | 08740.9493 | 13:53:20 | 219.984750 | 359.157642 
 4152.2748 | 08740.9493 | 13:53:21 | 219.984750 | 359.157642 
 4152.2748 | 08740.9493 | 13:53:22 | 219.984750 | 359.157642 
 4152.2748 | 08740.9493 | 13:53:23 | 219.984750 | 359.157642 
 4152.2748 | 08740.9493 | 13:53:24 | 219.984750 | 359.157642 
 4152.2748 | 08740.9493 | 13:53:25 | 219.984750 | 359.157642 
 4152.2748 | 08740.9493 | 13:53:26 | 219.984750 | 359.157642 
 4152.2748 | 08740.9493 | 13:53:27 | 219.984750 | 359.157642 
 4152.2748 | 08740.9493 | 13:53:28 | 219.984750 | 359.157642 
 4152.2751 | 08740.9476 | 13:53:29 | 219.986209 | 359.157998 
 4152.2754 | 08740.9471 | 13:53:30 | 219.986637 | 359.158347 
 4152.2750 | 08740.9486 | 13:53:31 | 219.985351 | 359.157877 
 4152.2749 | 08740.9486 | 13:53:32 | 219.985351 | 359.157762 
 4152.2750 | 08740.9482 | 13:53:33 | 219.985694 | 359.157880 
 4152.2750 | 08740.9482 | 13:53:34 | 219.985694 | 359.157880 
 4152.2750 | 08740.9482 | 13:53:35 | 219.985694 | 359.157880 
 4152.2750 | 08740.9482 | 13:53:36 | 219.985694 | 359.157880 
 4152.2750 | 08740.9482 | 13:53:37 | 219.985694 | 359.157880 
 4152.2750 | 08740.9482 | 13:53:38 | 219.985694 | 359.157880 
 4152.2750 | 08740.9482 | 13:53:39 | 219.985694 | 359.157880 
 4152.2750 | 08740.9482 | 13:53:40 | 219.985694 | 359.157880 
 4152.2750 | 08740.9482 | 13:53:41 | 219.985694 | 359.157880 
 4152.2750 | 08740.9482 | 13:53:42 | 219.985694 | 359.157880 
 4152.2750 | 08740.9482 | 13:53:43 | 219.985694 | 359.157880 
 4152.2750 | 08740.9482 | 13:53:44 | 219.985694 | 359.157880 
 4152.2727 | 08740.9462 | 13:53:45 | 219.987434 | 359.155247 
 4152.2705 | 08740.9466 | 13:53:46 | 219.987109 | 359.152714 
 4152.2690 | 08740.9457 | 13:53:47 | 219.987896 | 359.150994 
 4152.2674 | 08740.9449 | 13:53:48 | 219.988598 | 359.149159 
 4152.2650 | 08740.9464 | 13:53:49 | 219.987329 | 359.146389 
 4152.2629 | 08740.9470 | 13:53:50 | 219.986832 | 359.143969 
 4152.2608 | 08740.9476 | 13:53:51 | 219.986334 | 359.141550 
 4152.2586 | 08740.9483 | 13:53:52 | 219.985751 | 359.139015 
 4152.2517 | 08740.9469 | 13:53:53 | 219.987015 | 359.131087 
 4152.2483 | 08740.9466 | 13:53:54 | 219.987303 | 359.127178 
 4152.2451 | 08740.9468 | 13:53:55 | 219.987159 | 359.123496 
 4152.2419 | 08740.9470 | 13:53:56 | 219.987015 | 359.119814 
 4152.2351 | 08740.9485 | 13:53:57 | 219.985785 | 359.111983 
 4152.2315 | 08740.9489 | 13:53:58 | 219.985472 | 359.107839 
 4152.2264 | 08740.9459 | 13:53:59 | 219.988096 | 359.101992 
 4152.2227 | 08740.9460 | 13:54:00 | 219.988042 | 359.097736 
 4152.2191 | 08740.9461 | 13:54:01 | 219.987987 | 359.093594 
 4152.2148 | 08740.9490 | 13:54:02 | 219.985532 | 359.088629 
 4152.2111 | 08740.9497 | 13:54:03 | 219.984962 | 359.084369 
 4152.2073 | 08740.9502 | 13:54:04 | 219.984565 | 359.079994 
 4152.2035 | 08740.9513 | 13:54:05 | 219.983653 | 359.075616 
 4152.2000 | 08740.9528 | 13:54:06 | 219.982394 | 359.071581 
 4152.1999 | 08740.9503 | 13:54:07 | 219.984544 | 359.071482 
 4152.1975 | 08740.9489 | 13:54:08 | 219.985769 | 359.068730 
 4152.1947 | 08740.9484 | 13:54:09 | 219.986223 | 359.065513 
 4152.1918 | 08740.9479 | 13:54:10 | 219.986678 | 359.062181 
 4152.1890 | 08740.9475 | 13:54:11 | 219.987046 | 359.058962 
 4152.1862 | 08740.9472 | 13:54:12 | 219.987329 | 359.055744 
 4152.1882 | 08740.9502 | 13:54:13 | 219.984732 | 359.058025 
 4152.1861 | 08740.9504 | 13:54:14 | 219.984578 | 359.055608 
 4152.1843 | 08740.9506 | 13:54:15 | 219.984422 | 359.053536 
 4152.1822 | 08740.9507 | 13:54:16 | 219.984354 | 359.051120 
 4152.1799 | 08740.9498 | 13:54:17 | 219.985148 | 359.048480 
 4152.1814 | 08740.9479 | 13:54:18 | 219.986769 | 359.050218 
 4152.1810 | 08740.9486 | 13:54:19 | 219.986170 | 359.049753 
 4152.1815 | 08740.9499 | 13:54:20 | 219.985048 | 359.050320 
 4152.1807 | 08740.9500 | 13:54:21 | 219.984969 | 359.049399 
 4152.1821 | 08740.9457 | 13:54:22 | 219.988654 | 359.051037 
 4152.1821 | 08740.9445 | 13:54:23 | 219.989686 | 359.051045 
 4152.1820 | 08740.9437 | 13:54:24 | 219.990374 | 359.050935 
 4152.1845 | 08740.9466 | 13:54:25 | 219.987859 | 359.053792 
 4152.1851 | 08740.9486 | 13:54:26 | 219.986135 | 359.054469 
 4152.1856 | 08740.9491 | 13:54:27 | 219.985700 | 359.055041 
 4152.1860 | 08740.9494 | 13:54:28 | 219.985439 | 359.055499 
 4152.1865 | 08740.9497 | 13:54:29 | 219.985177 | 359.056072 
 4152.1869 | 08740.9498 | 13:54:30 | 219.985087 | 359.056532 
 4152.1871 | 08740.9490 | 13:54:31 | 219.985773 | 359.056767 
 4152.1871 | 08740.9489 | 13:54:32 | 219.985859 | 359.056768 
 4152.1870 | 08740.9471 | 13:54:33 | 219.987408 | 359.056665 
 4152.1875 | 08740.9468 | 13:54:34 | 219.987661 | 359.057242 
 4152.1839 | 08740.9475 | 13:54:36 | 219.987091 | 359.053096 
 4152.1833 | 08740.9475 | 13:54:37 | 219.987096 | 359.052406 
 4152.1834 | 08740.9470 | 13:54:38 | 219.987525 | 359.052524 
 4152.1834 | 08740.9465 | 13:54:39 | 219.987955 | 359.052528 
 4152.1839 | 08740.9467 | 13:54:40 | 219.987779 | 359.053101 
 4152.1851 | 08740.9507 | 13:54:41 | 219.984329 | 359.054456 
 4152.1852 | 08740.9518 | 13:54:42 | 219.983383 | 359.054563 
 4152.1857 | 08740.9497 | 13:54:43 | 219.985184 | 359.055152 
 4152.1861 | 08740.9487 | 13:54:44 | 219.986040 | 359.055619 
 4152.1865 | 08740.9479 | 13:54:45 | 219.986724 | 359.056084 
 4152.1865 | 08740.9479 | 13:54:46 | 219.986724 | 359.056084 
 4152.1865 | 08740.9479 | 13:54:47 | 219.986724 | 359.056084 
 4152.1865 | 08740.9479 | 13:54:48 | 219.986724 | 359.056084 
 4152.1865 | 08740.9479 | 13:54:49 | 219.986724 | 359.056084 
 4152.1865 | 08740.9479 | 13:54:50 | 219.986724 | 359.056084 
 4152.1865 | 08740.9479 | 13:54:51 | 219.986724 | 359.056084 
 4152.1865 | 08740.9479 | 13:54:52 | 219.986724 | 359.056084 
 4152.1865 | 08740.9479 | 13:54:53 | 219.986724 | 359.056084 
 4152.1865 | 08740.9479 | 13:54:54 | 219.986724 | 359.056084 
 4152.1865 | 08740.9479 | 13:54:55 | 219.986724 | 359.056084 
 4152.1865 | 08740.9479 | 13:54:56 | 219.986724 | 359.056084 
 4152.1865 | 08740.9479 | 13:54:57 | 219.986724 | 359.056084 
 4152.1865 | 08740.9479 | 13:54:58 | 219.986724 | 359.056084 
 4152.1865 | 08740.9479 | 13:54:59 | 219.986724 | 359.056084 
 4152.1887 | 08740.9485 | 13:55:00 | 219.986189 | 359.058611 
 4152.1883 | 08740.9484 | 13:55:01 | 219.986279 | 359.058151 
 4152.1881 | 08740.9499 | 13:55:02 | 219.984991 | 359.057912 
 4152.1881 | 08740.9500 | 13:55:03 | 219.984905 | 359.057911 
 4152.1883 | 08740.9500 | 13:55:04 | 219.984903 | 359.058141 
 4152.1880 | 08740.9509 | 13:55:05 | 219.984132 | 359.057790 
 4152.1886 | 08740.9506 | 13:55:06 | 219.984385 | 359.058482 
 4152.1871 | 08740.9522 | 13:55:07 | 219.983022 | 359.056746 
 4152.1871 | 08740.9527 | 13:55:08 | 219.982592 | 359.056743 
 4152.1869 | 08740.9533 | 13:55:09 | 219.982078 | 359.056509 
 4152.1869 | 08740.9533 | 13:55:10 | 219.982078 | 359.056509 
 4152.1868 | 08740.9540 | 13:55:11 | 219.981477 | 359.056390 
 4152.1865 | 08740.9540 | 13:55:12 | 219.981480 | 359.056044 
 4152.1866 | 08740.9541 | 13:55:13 | 219.981393 | 359.056159 
 4152.1862 | 08740.9542 | 13:55:14 | 219.981310 | 359.055698 
 4152.1862 | 08740.9542 | 13:55:15 | 219.981310 | 359.055698 
 4152.1862 | 08740.9542 | 13:55:16 | 219.981310 | 359.055698 
 4152.1862 | 08740.9542 | 13:55:17 | 219.981310 | 359.055698 
 4152.1862 | 08740.9542 | 13:55:18 | 219.981310 | 359.055698 
 4152.1862 | 08740.9542 | 13:55:19 | 219.981310 | 359.055698 
 4152.1862 | 08740.9542 | 13:55:20 | 219.981310 | 359.055698 
 4152.1862 | 08740.9542 | 13:55:21 | 219.981310 | 359.055698 
 4152.1862 | 08740.9542 | 13:55:22 | 219.981310 | 359.055698 
 4152.1862 | 08740.9542 | 13:55:23 | 219.981310 | 359.055698 
 4152.1862 | 08740.9542 | 13:55:24 | 219.981310 | 359.055698 
 4152.1862 | 08740.9542 | 13:55:25 | 219.981310 | 359.055698 
 4152.1862 | 08740.9542 | 13:55:26 | 219.981310 | 359.055698 
 4152.1862 | 08740.9542 | 13:55:27 | 219.981310 | 359.055698 
 4152.1862 | 08740.9542 | 13:55:28 | 219.981310 | 359.055698 
 4152.1862 | 08740.9542 | 13:55:29 | 219.981310 | 359.055698 
 4152.1862 | 08740.9542 | 13:55:30 | 219.981310 | 359.055698 
 4152.1862 | 08740.9542 | 13:55:31 | 219.981310 | 359.055698 
 4152.1862 | 08740.9542 | 13:55:32 | 219.981310 | 359.055698 
 4152.1862 | 08740.9542 | 13:55:33 | 219.981310 | 359.055698 
 4152.1862 | 08740.9542 | 13:55:34 | 219.981310 | 359.055698 
 4152.1862 | 08740.9542 | 13:55:35 | 219.981310 | 359.055698 
 4152.1862 | 08740.9542 | 13:55:36 | 219.981310 | 359.055698 
 4152.1862 | 08740.9542 | 13:55:37 | 219.981310 | 359.055698 
 4152.1862 | 08740.9542 | 13:55:38 | 219.981310 | 359.055698 
 4152.1862 | 08740.9542 | 13:55:39 | 219.981310 | 359.055698 
 4152.1862 | 08740.9542 | 13:55:40 | 219.981310 | 359.055698 
 4152.1862 | 08740.9542 | 13:55:41 | 219.981310 | 359.055698 
 4152.1862 | 08740.9542 | 13:55:42 | 219.981310 | 359.055698 
 4152.1862 | 08740.9542 | 13:55:43 | 219.981310 | 359.055698 
 4152.1851 | 08740.9584 | 13:55:44 | 219.977709 | 359.054405 
 4152.1865 | 08740.9583 | 13:55:45 | 219.977783 | 359.056016 
 4152.1872 | 08740.9579 | 13:55:46 | 219.978121 | 359.056824 
 4152.1878 | 08740.9600 | 13:55:47 | 219.976310 | 359.057501 
 4152.1883 | 08740.9603 | 13:55:48 | 219.976048 | 359.058074 
 4152.1889 | 08740.9607 | 13:55:49 | 219.975698 | 359.058761 
 4152.1896 | 08740.9611 | 13:55:50 | 219.975348 | 359.059564 
 4152.1894 | 08740.9614 | 13:55:51 | 219.975092 | 359.059332 
 4152.1893 | 08740.9613 | 13:55:52 | 219.975179 | 359.059218 
 4152.1889 | 08740.9612 | 13:55:53 | 219.975269 | 359.058758 
 4152.1889 | 08740.9612 | 13:55:54 | 219.975269 | 359.058758 
 4152.1889 | 08740.9612 | 13:55:55 | 219.975269 | 359.058758 
 4152.1889 | 08740.9612 | 13:55:56 | 219.975269 | 359.058758 
 4152.1889 | 08740.9612 | 13:55:57 | 219.975269 | 359.058758 
 4152.1889 | 08740.9612 | 13:55:58 | 219.975269 | 359.058758 
 4152.1889 | 08740.9612 | 13:55:59 | 219.975269 | 359.058758 
 4152.1844 | 08740.9593 | 13:56:00 | 219.976941 | 359.053594 
 4152.1892 | 08740.9601 | 13:56:01 | 219.976212 | 359.059110 
 4152.1891 | 08740.9600 | 13:56:02 | 219.976299 | 359.058996 
 4152.1890 | 08740.9595 | 13:56:03 | 219.976729 | 359.058884 
 4152.1890 | 08740.9595 | 13:56:04 | 219.976729 | 359.058884 
 4152.1890 | 08740.9595 | 13:56:05 | 219.976729 | 359.058884 
 4152.1890 | 08740.9595 | 13:56:06 | 219.976729 | 359.058884 
 4152.1890 | 08740.9595 | 13:56:07 | 219.976729 | 359.058884 
 4152.1890 | 08740.9595 | 13:56:08 | 219.976729 | 359.058884 
 4152.1890 | 08740.9595 | 13:56:09 | 219.976729 | 359.058884 
 4152.1869 | 08740.9554 | 13:56:10 | 219.980273 | 359.056495 
 4152.1863 | 08740.9545 | 13:56:11 | 219.981052 | 359.055811 
 4152.1846 | 08740.9484 | 13:56:12 | 219.986311 | 359.053895 
 4152.1840 | 08740.9472 | 13:56:13 | 219.987348 | 359.053213 
 4152.1826 | 08740.9478 | 13:56:14 | 219.986844 | 359.051599 
 4152.1822 | 08740.9485 | 13:56:15 | 219.986246 | 359.051134 
 4152.1814 | 08740.9479 | 13:56:16 | 219.986769 | 359.050218 
 4152.1807 | 08740.9477 | 13:56:17 | 219.986947 | 359.049414 
 4152.1803 | 08740.9474 | 13:56:18 | 219.987208 | 359.048956 
 4152.1795 | 08740.9481 | 13:56:19 | 219.986613 | 359.048031 
 4152.1789 | 08740.9482 | 13:56:20 | 219.986533 | 359.047340 
 4152.1778 | 08740.9461 | 13:56:21 | 219.988348 | 359.046089 
 4152.1769 | 08740.9459 | 13:56:22 | 219.988527 | 359.045055 
 4152.1770 | 08740.9473 | 13:56:23 | 219.987323 | 359.045161 
 4152.1765 | 08740.9470 | 13:56:24 | 219.987585 | 359.044588 
 4152.1759 | 08740.9468 | 13:56:25 | 219.987762 | 359.043899 
 4152.1750 | 08740.9469 | 13:56:26 | 219.987684 | 359.042863 
 4152.1744 | 08740.9471 | 13:56:27 | 219.987518 | 359.042171 
 4152.1738 | 08740.9472 | 13:56:28 | 219.987437 | 359.041481 
 4152.1733 | 08740.9472 | 13:56:29 | 219.987441 | 359.040905 
 4152.1742 | 08740.9503 | 13:56:30 | 219.984768 | 359.041920 
 4152.1734 | 08740.9502 | 13:56:31 | 219.984861 | 359.041001 
 4152.1730 | 08740.9508 | 13:56:32 | 219.984349 | 359.040537 
 4152.1725 | 08740.9509 | 13:56:33 | 219.984267 | 359.039961 
 4152.1719 | 08740.9511 | 13:56:34 | 219.984100 | 359.039270 
 4152.1713 | 08740.9509 | 13:56:35 | 219.984278 | 359.038581 
 4152.1708 | 08740.9510 | 13:56:36 | 219.984196 | 359.038005 
 4152.1692 | 08740.9505 | 13:56:37 | 219.984640 | 359.036168 
 4152.1685 | 08740.9505 | 13:56:38 | 219.984646 | 359.035363 
 4152.1679 | 08740.9506 | 13:56:39 | 219.984565 | 359.034672 
 4152.1676 | 08740.9503 | 13:56:40 | 219.984826 | 359.034329 
 4152.1688 | 08740.9511 | 13:56:41 | 219.984127 | 359.035704 
 4152.1677 | 08740.9503 | 13:56:42 | 219.984825 | 359.034444 
 4152.1674 | 08740.9501 | 13:56:43 | 219.984999 | 359.034100 
 4152.1660 | 08740.9514 | 13:56:44 | 219.983894 | 359.032481 
 4152.1656 | 08740.9508 | 13:56:45 | 219.984413 | 359.032025 
 4152.1650 | 08740.9503 | 13:56:46 | 219.984848 | 359.031338 
 4152.1652 | 08740.9515 | 13:56:47 | 219.983815 | 359.031560 
 4152.1648 | 08740.9524 | 13:56:48 | 219.983045 | 359.031094 
 4152.1637 | 08740.9521 | 13:56:49 | 219.983312 | 359.029831 
 4152.1641 | 08740.9525 | 13:56:50 | 219.982965 | 359.030289 
 4152.1636 | 08740.9526 | 13:56:51 | 219.982883 | 359.029713 
 4152.1629 | 08740.9524 | 13:56:52 | 219.983061 | 359.028909 
 4152.1623 | 08740.9523 | 13:56:53 | 219.983152 | 359.028219 
 4152.1614 | 08740.9524 | 13:56:54 | 219.983074 | 359.027184 
 4152.1608 | 08740.9524 | 13:56:55 | 219.983079 | 359.026493 
 4152.1607 | 08740.9522 | 13:56:56 | 219.983252 | 359.026380 
 4152.1604 | 08740.9521 | 13:56:57 | 219.983341 | 359.026035 
 4152.1598 | 08740.9521 | 13:56:58 | 219.983346 | 359.025345 
