 4152.2914 | 08740.9432 | 11:04:54 | 219.989850 | 359.176776 
 4152.2918 | 08740.9759 | 11:05:04 | 219.961733 | 359.177023 
 4152.2922 | 08740.9781 | 11:05:05 | 219.959839 | 359.177469 
 4152.2866 | 08740.9862 | 11:05:06 | 219.952924 | 359.170975 
 4152.2866 | 08740.9886 | 11:05:07 | 219.950860 | 359.170959 
 4152.2862 | 08740.9919 | 11:05:08 | 219.948027 | 359.170478 
 4152.2862 | 08740.9952 | 11:05:09 | 219.945189 | 359.170456 
 4152.2862 | 08740.9986 | 11:05:10 | 219.942266 | 359.170434 
 4152.2860 | 08741.0019 | 11:05:11 | 219.939431 | 359.170182 
 4152.2858 | 08741.0053 | 11:05:12 | 219.936510 | 359.169930 
 4152.2859 | 08741.0080 | 11:05:13 | 219.934188 | 359.170028 
 4152.2857 | 08741.0103 | 11:05:14 | 219.932212 | 359.169783 
 4152.2856 | 08741.0121 | 11:05:15 | 219.930665 | 359.169656 
 4152.2856 | 08741.0134 | 11:05:16 | 219.929548 | 359.169648 
 4152.2855 | 08741.0147 | 11:05:17 | 219.928431 | 359.169524 
 4152.2855 | 08741.0162 | 11:05:18 | 219.927141 | 359.169514 
 4152.2851 | 08741.0182 | 11:05:19 | 219.925425 | 359.169041 
 4152.2841 | 08741.0203 | 11:05:20 | 219.923629 | 359.167877 
 4152.2826 | 08741.0219 | 11:05:21 | 219.922266 | 359.166141 
 4152.2802 | 08741.0233 | 11:05:22 | 219.921083 | 359.163372 
 4152.2771 | 08741.0239 | 11:05:23 | 219.920594 | 359.159802 
 4152.2737 | 08741.0241 | 11:05:24 | 219.920452 | 359.155890 
 4152.2699 | 08741.0241 | 11:05:25 | 219.920485 | 359.151519 
 4152.2657 | 08741.0240 | 11:05:26 | 219.920608 | 359.146689 
 4152.2611 | 08741.0240 | 11:05:27 | 219.920648 | 359.141397 
 4152.2563 | 08741.0240 | 11:05:28 | 219.920690 | 359.135876 
 4152.2514 | 08741.0239 | 11:05:29 | 219.920818 | 359.130241 
 4152.2464 | 08741.0238 | 11:05:30 | 219.920948 | 359.124490 
 4152.2415 | 08741.0236 | 11:05:31 | 219.921162 | 359.118855 
 4152.2366 | 08741.0234 | 11:05:32 | 219.921377 | 359.113220 
 4152.2317 | 08741.0232 | 11:05:33 | 219.921591 | 359.107585 
 4152.2266 | 08741.0231 | 11:05:34 | 219.921722 | 359.101720 
 4152.2212 | 08741.0232 | 11:05:35 | 219.921683 | 359.095508 
 4152.2159 | 08741.0231 | 11:05:36 | 219.921815 | 359.089412 
 4152.2102 | 08741.0230 | 11:05:37 | 219.921951 | 359.082856 
 4152.2044 | 08741.0230 | 11:05:38 | 219.922001 | 359.076185 
 4152.1985 | 08741.0230 | 11:05:39 | 219.922052 | 359.069398 
 4152.1924 | 08741.0230 | 11:05:40 | 219.922106 | 359.062382 
 4152.1866 | 08741.0231 | 11:05:41 | 219.922070 | 359.055709 
 4152.1809 | 08741.0231 | 11:05:42 | 219.922120 | 359.049153 
 4152.1755 | 08741.0229 | 11:05:43 | 219.922339 | 359.042943 
 4152.1703 | 08741.0228 | 11:05:44 | 219.922470 | 359.036962 
 4152.1653 | 08741.0226 | 11:05:45 | 219.922685 | 359.031212 
 4152.1607 | 08741.0224 | 11:05:46 | 219.922897 | 359.025923 
 4152.1566 | 08741.0223 | 11:05:47 | 219.923019 | 359.021207 
 4152.1529 | 08741.0222 | 11:05:48 | 219.923137 | 359.016952 
 4152.1500 | 08741.0220 | 11:05:49 | 219.923334 | 359.013617 
 4152.1481 | 08741.0219 | 11:05:50 | 219.923437 | 359.011433 
 4152.1473 | 08741.0218 | 11:05:51 | 219.923530 | 359.010513 
 4152.1472 | 08741.0218 | 11:05:52 | 219.923531 | 359.010398 
 4152.1471 | 08741.0218 | 11:05:53 | 219.923532 | 359.010283 
 4152.1470 | 08741.0218 | 11:05:54 | 219.923532 | 359.010168 
 4152.1468 | 08741.0217 | 11:05:55 | 219.923620 | 359.009939 
 4152.1468 | 08741.0216 | 11:05:56 | 219.923706 | 359.009939 
 4152.1467 | 08741.0216 | 11:05:57 | 219.923707 | 359.009824 
 4152.1467 | 08741.0216 | 11:05:58 | 219.923707 | 359.009824 
 4152.1467 | 08741.0216 | 11:05:59 | 219.923707 | 359.009824 
 4152.1467 | 08741.0216 | 11:06:00 | 219.923707 | 359.009824 
 4152.1467 | 08741.0216 | 11:06:01 | 219.923707 | 359.009824 
 4152.1467 | 08741.0216 | 11:06:02 | 219.923707 | 359.009824 
 4152.1467 | 08741.0216 | 11:06:03 | 219.923707 | 359.009824 
 4152.1467 | 08741.0216 | 11:06:04 | 219.923707 | 359.009824 
 4152.1467 | 08741.0216 | 11:06:05 | 219.923707 | 359.009824 
 4152.1467 | 08741.0216 | 11:06:06 | 219.923707 | 359.009824 
 4152.1467 | 08741.0216 | 11:06:07 | 219.923707 | 359.009824 
 4152.1467 | 08741.0216 | 11:06:08 | 219.923707 | 359.009824 
 4152.1467 | 08741.0216 | 11:06:09 | 219.923707 | 359.009824 
 4152.1467 | 08741.0216 | 11:06:10 | 219.923707 | 359.009824 
 4152.1467 | 08741.0216 | 11:06:11 | 219.923707 | 359.009824 
 4152.1469 | 08741.0216 | 11:06:12 | 219.923705 | 359.010054 
 4152.1458 | 08741.0215 | 11:06:13 | 219.923801 | 359.008790 
 4152.1441 | 08741.0210 | 11:06:14 | 219.924245 | 359.006837 
 4152.1422 | 08741.0196 | 11:06:15 | 219.925466 | 359.004661 
 4152.1405 | 08741.0168 | 11:06:16 | 219.927888 | 359.002724 
 4152.1396 | 08741.0127 | 11:06:17 | 219.931421 | 359.001715 
 4152.1401 | 08741.0057 | 11:06:18 | 219.937435 | 359.002336 
 4152.1407 | 08740.9989 | 11:06:19 | 219.943276 | 359.003070 
 4152.1414 | 08740.9920 | 11:06:20 | 219.949202 | 359.003921 
 4152.1419 | 08740.9851 | 11:06:21 | 219.955130 | 359.004541 
 4152.1423 | 08740.9780 | 11:06:22 | 219.961231 | 359.005047 
 4152.1427 | 08740.9704 | 11:06:23 | 219.967762 | 359.005557 
 4152.1428 | 08740.9630 | 11:06:24 | 219.974123 | 359.005720 
 4152.1436 | 08740.9555 | 11:06:25 | 219.980564 | 359.006689 
 4152.1437 | 08740.9477 | 11:06:26 | 219.987269 | 359.006855 
 4152.1435 | 08740.9400 | 11:06:27 | 219.993891 | 359.006675 
 4152.1436 | 08740.9324 | 11:06:28 | 220.000425 | 359.006839 
 4152.1435 | 08740.9247 | 11:06:29 | 220.007046 | 359.006775 
 4152.1433 | 08740.9169 | 11:06:30 | 220.013754 | 359.006596 
 4152.1433 | 08740.9092 | 11:06:31 | 220.020374 | 359.006646 
 4152.1433 | 08740.9017 | 11:06:32 | 220.026822 | 359.006695 
 4152.1433 | 08740.8943 | 11:06:33 | 220.033184 | 359.006743 
 4152.1431 | 08740.8877 | 11:06:34 | 220.038860 | 359.006556 
 4152.1428 | 08740.8814 | 11:06:35 | 220.044279 | 359.006252 
 4152.1426 | 08740.8760 | 11:06:36 | 220.048924 | 359.006057 
 4152.1424 | 08740.8715 | 11:06:37 | 220.052795 | 359.005857 
 4152.1424 | 08740.8682 | 11:06:38 | 220.055632 | 359.005878 
 4152.1424 | 08740.8663 | 11:06:39 | 220.057265 | 359.005891 
 4152.1424 | 08740.8657 | 11:06:40 | 220.057781 | 359.005895 
 4152.1424 | 08740.8658 | 11:06:41 | 220.057695 | 359.005894 
 4152.1422 | 08740.8660 | 11:06:42 | 220.057525 | 359.005663 
 4152.1422 | 08740.8660 | 11:06:43 | 220.057525 | 359.005663 
 4152.1422 | 08740.8660 | 11:06:44 | 220.057525 | 359.005663 
 4152.1422 | 08740.8660 | 11:06:45 | 220.057525 | 359.005663 
 4152.1422 | 08740.8660 | 11:06:46 | 220.057525 | 359.005663 
 4152.1422 | 08740.8660 | 11:06:47 | 220.057525 | 359.005663 
 4152.1422 | 08740.8660 | 11:06:48 | 220.057525 | 359.005663 
 4152.1422 | 08740.8660 | 11:06:49 | 220.057525 | 359.005663 
 4152.1422 | 08740.8660 | 11:06:50 | 220.057525 | 359.005663 
 4152.1422 | 08740.8660 | 11:06:51 | 220.057525 | 359.005663 
 4152.1422 | 08740.8660 | 11:06:52 | 220.057525 | 359.005663 
 4152.1422 | 08740.8660 | 11:06:53 | 220.057525 | 359.005663 
 4152.1422 | 08740.8660 | 11:06:54 | 220.057525 | 359.005663 
 4152.1422 | 08740.8660 | 11:06:55 | 220.057525 | 359.005663 
 4152.1422 | 08740.8660 | 11:06:56 | 220.057525 | 359.005663 
 4152.1407 | 08740.8662 | 11:06:57 | 220.057366 | 359.003936 
 4152.1407 | 08740.8637 | 11:06:58 | 220.059516 | 359.003952 
 4152.1407 | 08740.8599 | 11:06:59 | 220.062783 | 359.003977 
 4152.1407 | 08740.8554 | 11:07:00 | 220.066652 | 359.004006 
 4152.1408 | 08740.8503 | 11:07:01 | 220.071036 | 359.004155 
 4152.1408 | 08740.8449 | 11:07:02 | 220.075678 | 359.004190 
 4152.1408 | 08740.8392 | 11:07:03 | 220.080579 | 359.004227 
 4152.1409 | 08740.8334 | 11:07:04 | 220.085565 | 359.004380 
 4152.1411 | 08740.8275 | 11:07:05 | 220.090636 | 359.004649 
 4152.1413 | 08740.8215 | 11:07:06 | 220.095792 | 359.004918 
 4152.1415 | 08740.8152 | 11:07:07 | 220.101207 | 359.005189 
 4152.1418 | 08740.8086 | 11:07:08 | 220.106879 | 359.005578 
 4152.1420 | 08740.8016 | 11:07:09 | 220.112895 | 359.005854 
 4152.1423 | 08740.7944 | 11:07:10 | 220.119083 | 359.006246 
 4152.1424 | 08740.7870 | 11:07:11 | 220.125444 | 359.006409 
 4152.1427 | 08740.7793 | 11:07:12 | 220.132062 | 359.006805 
 4152.1429 | 08740.7716 | 11:07:13 | 220.138680 | 359.007085 
 4152.1431 | 08740.7639 | 11:07:14 | 220.145299 | 359.007366 
 4152.1431 | 08740.7561 | 11:07:15 | 220.152005 | 359.007417 
 4152.1432 | 08740.7483 | 11:07:16 | 220.158710 | 359.007583 
 4152.1433 | 08740.7404 | 11:07:17 | 220.165501 | 359.007750 
 4152.1435 | 08740.7324 | 11:07:18 | 220.172378 | 359.008032 
 4152.1436 | 08740.7244 | 11:07:19 | 220.179255 | 359.008200 
 4152.1438 | 08740.7163 | 11:07:20 | 220.186217 | 359.008483 
 4152.1440 | 08740.7081 | 11:07:21 | 220.193266 | 359.008767 
 4152.1441 | 08740.6999 | 11:07:22 | 220.200315 | 359.008935 
 4152.1443 | 08740.6919 | 11:07:23 | 220.207191 | 359.009218 
 4152.1444 | 08740.6841 | 11:07:24 | 220.213896 | 359.009384 
 4152.1444 | 08740.6766 | 11:07:25 | 220.220345 | 359.009433 
 4152.1445 | 08740.6693 | 11:07:26 | 220.226620 | 359.009596 
 4152.1445 | 08740.6621 | 11:07:27 | 220.232810 | 359.009644 
 4152.1446 | 08740.6550 | 11:07:28 | 220.238914 | 359.009805 
 4152.1448 | 08740.6482 | 11:07:29 | 220.244758 | 359.010080 
 4152.1450 | 08740.6415 | 11:07:30 | 220.250517 | 359.010354 
 4152.1451 | 08740.6349 | 11:07:31 | 220.256190 | 359.010512 
 4152.1451 | 08740.6290 | 11:07:32 | 220.261263 | 359.010551 
 4152.1450 | 08740.6238 | 11:07:33 | 220.265735 | 359.010470 
 4152.1451 | 08740.6194 | 11:07:34 | 220.269517 | 359.010614 
 4152.1450 | 08740.6159 | 11:07:35 | 220.272527 | 359.010522 
 4152.1450 | 08740.6133 | 11:07:36 | 220.274762 | 359.010539 
 4152.1449 | 08740.6116 | 11:07:37 | 220.276225 | 359.010435 
 4152.1450 | 08740.6106 | 11:07:38 | 220.277084 | 359.010557 
 4152.1450 | 08740.6101 | 11:07:39 | 220.277513 | 359.010560 
 4152.1450 | 08740.6100 | 11:07:40 | 220.277599 | 359.010561 
 4152.1450 | 08740.6101 | 11:07:41 | 220.277513 | 359.010560 
 4152.1450 | 08740.6101 | 11:07:42 | 220.277513 | 359.010560 
 4152.1450 | 08740.6101 | 11:07:43 | 220.277513 | 359.010560 
 4152.1450 | 08740.6101 | 11:07:44 | 220.277513 | 359.010560 
 4152.1450 | 08740.6101 | 11:07:45 | 220.277513 | 359.010560 
 4152.1450 | 08740.6101 | 11:07:46 | 220.277513 | 359.010560 
 4152.1450 | 08740.6101 | 11:07:47 | 220.277513 | 359.010560 
 4152.1450 | 08740.6101 | 11:07:48 | 220.277513 | 359.010560 
 4152.1450 | 08740.6101 | 11:07:49 | 220.277513 | 359.010560 
 4152.1450 | 08740.6101 | 11:07:50 | 220.277513 | 359.010560 
 4152.1450 | 08740.6101 | 11:07:51 | 220.277513 | 359.010560 
 4152.1450 | 08740.6101 | 11:07:52 | 220.277513 | 359.010560 
 4152.1450 | 08740.6101 | 11:07:53 | 220.277513 | 359.010560 
 4152.1450 | 08740.6101 | 11:07:54 | 220.277513 | 359.010560 
 4152.1450 | 08740.6101 | 11:07:55 | 220.277513 | 359.010560 
 4152.1450 | 08740.6101 | 11:07:56 | 220.277513 | 359.010560 
 4152.1450 | 08740.6101 | 11:07:57 | 220.277513 | 359.010560 
 4152.1450 | 08740.6101 | 11:07:58 | 220.277513 | 359.010560 
 4152.1450 | 08740.6101 | 11:07:59 | 220.277513 | 359.010560 
 4152.1458 | 08740.6106 | 11:08:00 | 220.277077 | 359.011477 
 4152.1457 | 08740.6103 | 11:08:01 | 220.277335 | 359.011364 
 4152.1457 | 08740.6103 | 11:08:02 | 220.277335 | 359.011364 
 4152.1456 | 08740.6103 | 11:08:03 | 220.277336 | 359.011249 
 4152.1456 | 08740.6103 | 11:08:04 | 220.277336 | 359.011249 
 4152.1456 | 08740.6103 | 11:08:05 | 220.277336 | 359.011249 
 4152.1456 | 08740.6103 | 11:08:06 | 220.277336 | 359.011249 
 4152.1456 | 08740.6103 | 11:08:07 | 220.277336 | 359.011249 
 4152.1456 | 08740.6103 | 11:08:08 | 220.277336 | 359.011249 
 4152.1456 | 08740.6103 | 11:08:09 | 220.277336 | 359.011249 
 4152.1456 | 08740.6103 | 11:08:10 | 220.277336 | 359.011249 
 4152.1456 | 08740.6103 | 11:08:11 | 220.277336 | 359.011249 
 4152.1456 | 08740.6103 | 11:08:12 | 220.277336 | 359.011249 
 4152.1456 | 08740.6103 | 11:08:13 | 220.277336 | 359.011249 
 4152.1456 | 08740.6103 | 11:08:14 | 220.277336 | 359.011249 
 4152.1456 | 08740.6103 | 11:08:15 | 220.277336 | 359.011249 
 4152.1456 | 08740.6103 | 11:08:16 | 220.277336 | 359.011249 
 4152.1456 | 08740.6103 | 11:08:17 | 220.277336 | 359.011249 
 4152.1445 | 08740.6100 | 11:08:18 | 220.277604 | 359.009986 
 4152.1445 | 08740.6087 | 11:08:19 | 220.278722 | 359.009994 
 4152.1444 | 08740.6062 | 11:08:20 | 220.280872 | 359.009896 
 4152.1443 | 08740.6031 | 11:08:21 | 220.283538 | 359.009801 
 4152.1443 | 08740.5992 | 11:08:22 | 220.286891 | 359.009827 
 4152.1443 | 08740.5947 | 11:08:23 | 220.290760 | 359.009856 
 4152.1443 | 08740.5896 | 11:08:24 | 220.295145 | 359.009890 
 4152.1444 | 08740.5840 | 11:08:25 | 220.299958 | 359.010042 
 4152.1446 | 08740.5780 | 11:08:26 | 220.305115 | 359.010311 
 4152.1448 | 08740.5719 | 11:08:27 | 220.310358 | 359.010582 
 4152.1450 | 08740.5656 | 11:08:28 | 220.315773 | 359.010853 
 4152.1452 | 08740.5591 | 11:08:29 | 220.321359 | 359.011126 
 4152.1453 | 08740.5527 | 11:08:30 | 220.326861 | 359.011283 
 4152.1454 | 08740.5462 | 11:08:31 | 220.332449 | 359.011441 
 4152.1457 | 08740.5394 | 11:08:32 | 220.338292 | 359.011831 
 4152.1460 | 08740.5325 | 11:08:33 | 220.344222 | 359.012221 
 4152.1464 | 08740.5256 | 11:08:34 | 220.350151 | 359.012727 
 4152.1467 | 08740.5185 | 11:08:35 | 220.356253 | 359.013119 
 4152.1470 | 08740.5113 | 11:08:36 | 220.362440 | 359.013511 
 4152.1472 | 08740.5040 | 11:08:37 | 220.368715 | 359.013790 
 4152.1474 | 08740.4969 | 11:08:38 | 220.374817 | 359.014066 
 4152.1476 | 08740.4900 | 11:08:39 | 220.380748 | 359.014342 
 4152.1477 | 08740.4833 | 11:08:40 | 220.386507 | 359.014501 
 4152.1478 | 08740.4766 | 11:08:41 | 220.392267 | 359.014660 
 4152.1479 | 08740.4701 | 11:08:42 | 220.397854 | 359.014818 
 4152.1480 | 08740.4642 | 11:08:43 | 220.402926 | 359.014972 
 4152.1481 | 08740.4593 | 11:08:44 | 220.407138 | 359.015120 
 4152.1482 | 08740.4556 | 11:08:45 | 220.410318 | 359.015259 
 4152.1483 | 08740.4529 | 11:08:46 | 220.412639 | 359.015392 
 4152.1483 | 08740.4509 | 11:08:47 | 220.414358 | 359.015405 
 4152.1484 | 08740.4495 | 11:08:48 | 220.415561 | 359.015529 
 4152.1484 | 08740.4483 | 11:08:49 | 220.416593 | 359.015537 
 4152.1484 | 08740.4472 | 11:08:50 | 220.417538 | 359.015545 
 4152.1484 | 08740.4460 | 11:08:51 | 220.418570 | 359.015552 
 4152.1484 | 08740.4449 | 11:08:52 | 220.419516 | 359.015560 
 4152.1485 | 08740.4436 | 11:08:53 | 220.420633 | 359.015683 
 4152.1485 | 08740.4423 | 11:08:54 | 220.421750 | 359.015692 
 4152.1485 | 08740.4407 | 11:08:55 | 220.423126 | 359.015703 
 4152.1487 | 08740.4393 | 11:08:56 | 220.424328 | 359.015942 
 4152.1488 | 08740.4381 | 11:08:57 | 220.425359 | 359.016065 
 4152.1489 | 08740.4368 | 11:08:58 | 220.426476 | 359.016188 
 4152.1489 | 08740.4354 | 11:08:59 | 220.427679 | 359.016198 
 4152.1488 | 08740.4339 | 11:09:00 | 220.428970 | 359.016092 
 4152.1486 | 08740.4327 | 11:09:01 | 220.430003 | 359.015870 
 4152.1485 | 08740.4313 | 11:09:02 | 220.431208 | 359.015765 
 4152.1486 | 08740.4297 | 11:09:03 | 220.432583 | 359.015890 
 4152.1483 | 08740.4273 | 11:09:04 | 220.434649 | 359.015561 
 4152.1484 | 08740.4237 | 11:09:05 | 220.437743 | 359.015700 
 4152.1487 | 08740.4185 | 11:09:06 | 220.442211 | 359.016079 
 4152.1488 | 08740.4130 | 11:09:07 | 220.446939 | 359.016231 
 4152.1491 | 08740.4070 | 11:09:08 | 220.452095 | 359.016615 
 4152.1495 | 08740.4003 | 11:09:09 | 220.457852 | 359.017120 
 4152.1494 | 08740.3933 | 11:09:10 | 220.463871 | 359.017051 
 4152.1494 | 08740.3861 | 11:09:11 | 220.470061 | 359.017099 
 4152.1491 | 08740.3790 | 11:09:12 | 220.476168 | 359.016800 
 4152.1490 | 08740.3722 | 11:09:13 | 220.482015 | 359.016730 
 4152.1490 | 08740.3660 | 11:09:14 | 220.487346 | 359.016771 
 4152.1491 | 08740.3605 | 11:09:15 | 220.492074 | 359.016923 
 4152.1491 | 08740.3558 | 11:09:16 | 220.496114 | 359.016954 
 4152.1491 | 08740.3515 | 11:09:17 | 220.499811 | 359.016982 
 4152.1492 | 08740.3472 | 11:09:18 | 220.503507 | 359.017126 
 4152.1494 | 08740.3423 | 11:09:19 | 220.507719 | 359.017388 
 4152.1497 | 08740.3368 | 11:09:20 | 220.512445 | 359.017770 
 4152.1498 | 08740.3308 | 11:09:21 | 220.517602 | 359.017925 
 4152.1499 | 08740.3247 | 11:09:22 | 220.522846 | 359.018080 
 4152.1500 | 08740.3189 | 11:09:23 | 220.527832 | 359.018233 
 4152.1501 | 08740.3137 | 11:09:24 | 220.532301 | 359.018383 
 4152.1500 | 08740.3095 | 11:09:25 | 220.535913 | 359.018296 
 4152.1498 | 08740.3057 | 11:09:26 | 220.539182 | 359.018091 
 4152.1495 | 08740.3019 | 11:09:27 | 220.542452 | 359.017771 
 4152.1500 | 08740.2987 | 11:09:28 | 220.545199 | 359.018367 
 4152.1535 | 08740.2978 | 11:09:29 | 220.545941 | 359.022399 
 4152.1544 | 08740.2951 | 11:09:30 | 220.548255 | 359.023452 
 4152.1550 | 08740.2926 | 11:09:31 | 220.550399 | 359.024159 
 4152.1558 | 08740.2903 | 11:09:32 | 220.552369 | 359.025094 
 4152.1569 | 08740.2880 | 11:09:33 | 220.554337 | 359.026375 
 4152.1579 | 08740.2869 | 11:09:34 | 220.555274 | 359.027532 
 4152.1590 | 08740.2864 | 11:09:35 | 220.555694 | 359.028801 
 4152.1591 | 08740.2865 | 11:09:36 | 220.555607 | 359.028915 
 4152.1585 | 08740.2865 | 11:09:37 | 220.555612 | 359.028225 
 4152.1586 | 08740.2851 | 11:09:38 | 220.556815 | 359.028350 
 4152.1573 | 08740.2872 | 11:09:39 | 220.555021 | 359.026840 
 4152.1489 | 08740.3000 | 11:09:40 | 220.544091 | 359.017093 
 4152.1473 | 08740.3001 | 11:09:41 | 220.544019 | 359.015252 
 4152.1476 | 08740.2988 | 11:09:42 | 220.545134 | 359.015606 
 4152.1477 | 08740.2980 | 11:09:43 | 220.545821 | 359.015726 
 4152.1450 | 08740.2929 | 11:09:45 | 220.550230 | 359.012654 
 4152.1467 | 08740.2823 | 11:09:46 | 220.559328 | 359.014680 
 4152.1470 | 08740.2749 | 11:09:47 | 220.565688 | 359.015074 
 4152.1481 | 08740.2679 | 11:09:48 | 220.571696 | 359.016386 
 4152.1482 | 08740.2604 | 11:09:49 | 220.578144 | 359.016551 
 4152.1489 | 08740.2519 | 11:09:50 | 220.585445 | 359.017412 
 4152.1496 | 08740.2449 | 11:09:51 | 220.591457 | 359.018264 
 4152.1500 | 08740.2375 | 11:09:52 | 220.597816 | 359.018773 
 4152.1501 | 08740.2303 | 11:09:53 | 220.604005 | 359.018936 
 4152.1505 | 08740.2230 | 11:09:54 | 220.610278 | 359.019445 
 4152.1510 | 08740.2159 | 11:09:55 | 220.616378 | 359.020067 
 4152.1513 | 08740.2091 | 11:09:56 | 220.622222 | 359.020457 
 4152.1504 | 08740.2030 | 11:09:57 | 220.627474 | 359.019462 
 4152.1507 | 08740.1970 | 11:09:58 | 220.632630 | 359.019847 
 4152.1506 | 08740.1909 | 11:09:59 | 220.637876 | 359.019773 
 4152.1505 | 08740.1848 | 11:10:00 | 220.643121 | 359.019698 
 4152.1506 | 08740.1787 | 11:10:01 | 220.648365 | 359.019854 
 4152.1507 | 08740.1725 | 11:10:02 | 220.653694 | 359.020010 
 4152.1526 | 08740.1677 | 11:10:03 | 220.657804 | 359.022228 
 4152.1539 | 08740.1618 | 11:10:04 | 220.662865 | 359.023762 
 4152.1536 | 08740.1568 | 11:10:05 | 220.667167 | 359.023450 
 4152.1534 | 08740.1532 | 11:10:06 | 220.670264 | 359.023244 
 4152.1531 | 08740.1509 | 11:10:07 | 220.672244 | 359.022914 
 4152.1530 | 08740.1496 | 11:10:08 | 220.673362 | 359.022808 
 4152.1530 | 08740.1490 | 11:10:09 | 220.673878 | 359.022812 
 4152.1526 | 08740.1486 | 11:10:10 | 220.674226 | 359.022355 
 4152.1525 | 08740.1482 | 11:10:11 | 220.674570 | 359.022242 
 4152.1525 | 08740.1482 | 11:10:12 | 220.674570 | 359.022242 
 4152.1525 | 08740.1482 | 11:10:13 | 220.674570 | 359.022242 
 4152.1525 | 08740.1472 | 11:10:14 | 220.675430 | 359.022249 
 4152.1524 | 08740.1468 | 11:10:15 | 220.675775 | 359.022136 
 4152.1524 | 08740.1464 | 11:10:16 | 220.676119 | 359.022139 
 4152.1523 | 08740.1455 | 11:10:17 | 220.676894 | 359.022030 
 4152.1523 | 08740.1439 | 11:10:18 | 220.678269 | 359.022041 
 4152.1522 | 08740.1412 | 11:10:19 | 220.680591 | 359.021944 
 4152.1521 | 08740.1373 | 11:10:20 | 220.683945 | 359.021855 
 4152.1524 | 08740.1325 | 11:10:21 | 220.688069 | 359.022232 
 4152.1527 | 08740.1270 | 11:10:22 | 220.692795 | 359.022613 
 4152.1531 | 08740.1207 | 11:10:23 | 220.698208 | 359.023115 
 4152.1533 | 08740.1139 | 11:10:24 | 220.704053 | 359.023391 
 4152.1535 | 08740.1066 | 11:10:25 | 220.710327 | 359.023669 
 4152.1538 | 08740.0991 | 11:10:26 | 220.716773 | 359.024064 
 4152.1539 | 08740.0915 | 11:10:27 | 220.723306 | 359.024230 
 4152.1540 | 08740.0839 | 11:10:28 | 220.729840 | 359.024396 
 4152.1541 | 08740.0761 | 11:10:29 | 220.736545 | 359.024563 
 4152.1542 | 08740.0682 | 11:10:30 | 220.743336 | 359.024730 
 4152.1544 | 08740.0606 | 11:10:31 | 220.749868 | 359.025011 
 4152.1546 | 08740.0533 | 11:10:32 | 220.756143 | 359.025290 
 4152.1546 | 08740.0460 | 11:10:33 | 220.762419 | 359.025338 
 4152.1547 | 08740.0385 | 11:10:34 | 220.768866 | 359.025504 
 4152.1546 | 08740.0309 | 11:10:35 | 220.775401 | 359.025439 
 4152.1545 | 08740.0229 | 11:10:36 | 220.782280 | 359.025378 
 4152.1544 | 08740.0145 | 11:10:37 | 220.789503 | 359.025319 
 4152.1542 | 08740.0057 | 11:10:38 | 220.797071 | 359.025147 
 4152.1541 | 08739.9970 | 11:10:39 | 220.804552 | 359.025090 
 4152.1542 | 08739.9885 | 11:10:40 | 220.811859 | 359.025262 
 4152.1544 | 08739.9805 | 11:10:41 | 220.818735 | 359.025546 
 4152.1545 | 08739.9727 | 11:10:42 | 220.825440 | 359.025713 
 4152.1548 | 08739.9650 | 11:10:43 | 220.832058 | 359.026109 
 4152.1551 | 08739.9575 | 11:10:44 | 220.838503 | 359.026505 
 4152.1554 | 08739.9501 | 11:10:45 | 220.844863 | 359.026899 
 4152.1557 | 08739.9428 | 11:10:46 | 220.851136 | 359.027293 
 4152.1560 | 08739.9352 | 11:10:47 | 220.857668 | 359.027689 
 4152.1561 | 08739.9274 | 11:10:48 | 220.864373 | 359.027856 
 4152.1562 | 08739.9197 | 11:10:49 | 220.870992 | 359.028023 
 4152.1562 | 08739.9122 | 11:10:50 | 220.877441 | 359.028073 
 4152.1563 | 08739.9049 | 11:10:51 | 220.883716 | 359.028237 
 4152.1565 | 08739.8976 | 11:10:52 | 220.889990 | 359.028516 
 4152.1566 | 08739.8903 | 11:10:53 | 220.896266 | 359.028679 
 4152.1567 | 08739.8830 | 11:10:54 | 220.902541 | 359.028843 
 4152.1569 | 08739.8762 | 11:10:55 | 220.908386 | 359.029119 
 4152.1570 | 08739.8697 | 11:10:56 | 220.913973 | 359.029278 
 4152.1570 | 08739.8637 | 11:10:57 | 220.919132 | 359.029318 
 4152.1575 | 08739.8582 | 11:10:58 | 220.923856 | 359.029930 
 4152.1576 | 08739.8538 | 11:10:59 | 220.927638 | 359.030074 
 4152.1578 | 08739.8507 | 11:11:00 | 220.930301 | 359.030325 
 4152.1579 | 08739.8483 | 11:11:01 | 220.932364 | 359.030456 
 4152.1581 | 08739.8461 | 11:11:02 | 220.934254 | 359.030701 
 4152.1581 | 08739.8447 | 11:11:03 | 220.935457 | 359.030710 
 4152.1581 | 08739.8429 | 11:11:04 | 220.937005 | 359.030722 
 4152.1579 | 08739.8407 | 11:11:05 | 220.938898 | 359.030507 
 4152.1579 | 08739.8373 | 11:11:06 | 220.941821 | 359.030530 
 4152.1578 | 08739.8337 | 11:11:07 | 220.944917 | 359.030439 
 4152.1578 | 08739.8296 | 11:11:08 | 220.948442 | 359.030466 
 4152.1583 | 08739.8246 | 11:11:09 | 220.952737 | 359.031075 
 4152.1589 | 08739.8194 | 11:11:10 | 220.957202 | 359.031800 
 4152.1594 | 08739.8143 | 11:11:11 | 220.961582 | 359.032409 
 4152.1586 | 08739.8096 | 11:11:12 | 220.965630 | 359.031521 
 4152.1582 | 08739.8062 | 11:11:13 | 220.968557 | 359.031084 
 4152.1582 | 08739.8042 | 11:11:14 | 220.970277 | 359.031097 
 4152.1580 | 08739.8037 | 11:11:15 | 220.970708 | 359.030870 
 4152.1577 | 08739.8036 | 11:11:16 | 220.970797 | 359.030526 
 4152.1576 | 08739.8035 | 11:11:17 | 220.970884 | 359.030411 
 4152.1576 | 08739.8035 | 11:11:18 | 220.970884 | 359.030411 
 4152.1574 | 08739.8029 | 11:11:19 | 220.971401 | 359.030185 
 4152.1574 | 08739.8018 | 11:11:20 | 220.972347 | 359.030193 
 4152.1577 | 08739.8005 | 11:11:21 | 220.973462 | 359.030547 
 4152.1580 | 08739.7990 | 11:11:22 | 220.974749 | 359.030902 
 4152.1582 | 08739.7966 | 11:11:23 | 220.976811 | 359.031148 
 4152.1578 | 08739.7934 | 11:11:24 | 220.979565 | 359.030709 
 4152.1576 | 08739.7887 | 11:11:25 | 220.983608 | 359.030511 
 4152.1577 | 08739.7833 | 11:11:26 | 220.988250 | 359.030662 
 4152.1577 | 08739.7772 | 11:11:27 | 220.993494 | 359.030703 
 4152.1578 | 08739.7708 | 11:11:28 | 220.998996 | 359.030861 
 4152.1579 | 08739.7645 | 11:11:29 | 221.004412 | 359.031018 
 4152.1576 | 08739.7563 | 11:11:30 | 221.011464 | 359.030728 
 4152.1574 | 08739.7483 | 11:11:31 | 221.018344 | 359.030552 
 4152.1573 | 08739.7409 | 11:11:32 | 221.024707 | 359.030487 
 4152.1572 | 08739.7338 | 11:11:33 | 221.030813 | 359.030419 
 4152.1572 | 08739.7272 | 11:11:34 | 221.036487 | 359.030464 
 4152.1572 | 08739.7209 | 11:11:35 | 221.041903 | 359.030506 
 4152.1572 | 08739.7153 | 11:11:36 | 221.046718 | 359.030544 
 4152.1573 | 08739.7108 | 11:11:37 | 221.050586 | 359.030689 
 4152.1574 | 08739.7076 | 11:11:38 | 221.053336 | 359.030826 
 4152.1575 | 08739.7058 | 11:11:39 | 221.054883 | 359.030953 
 4152.1576 | 08739.7050 | 11:11:40 | 221.055570 | 359.031073 
 4152.1575 | 08739.7047 | 11:11:41 | 221.055829 | 359.030960 
 4152.1574 | 08739.7046 | 11:11:42 | 221.055916 | 359.030846 
 4152.1573 | 08739.7047 | 11:11:43 | 221.055831 | 359.030730 
 4152.1573 | 08739.7047 | 11:11:44 | 221.055831 | 359.030730 
 4152.1573 | 08739.7047 | 11:11:45 | 221.055831 | 359.030730 
 4152.1573 | 08739.7047 | 11:11:46 | 221.055831 | 359.030730 
 4152.1573 | 08739.7047 | 11:11:47 | 221.055831 | 359.030730 
 4152.1573 | 08739.7047 | 11:11:48 | 221.055831 | 359.030730 
 4152.1573 | 08739.7047 | 11:11:49 | 221.055831 | 359.030730 
 4152.1585 | 08739.7028 | 11:11:50 | 221.057453 | 359.032123 
 4152.1586 | 08739.7011 | 11:11:51 | 221.058914 | 359.032250 
 4152.1578 | 08739.6985 | 11:11:52 | 221.061157 | 359.031347 
 4152.1573 | 08739.6946 | 11:11:53 | 221.064514 | 359.030798 
 4152.1572 | 08739.6896 | 11:11:54 | 221.068814 | 359.030717 
 4152.1572 | 08739.6842 | 11:11:55 | 221.073457 | 359.030753 
 4152.1574 | 08739.6780 | 11:11:56 | 221.078785 | 359.031025 
 4152.1577 | 08739.6713 | 11:11:57 | 221.084543 | 359.031415 
 4152.1580 | 08739.6641 | 11:11:58 | 221.090730 | 359.031809 
 4152.1581 | 08739.6569 | 11:11:59 | 221.096920 | 359.031972 
 4152.1584 | 08739.6494 | 11:12:00 | 221.103365 | 359.032368 
 4152.1586 | 08739.6415 | 11:12:01 | 221.110156 | 359.032651 
 4152.1587 | 08739.6336 | 11:12:02 | 221.116947 | 359.032819 
 4152.1589 | 08739.6256 | 11:12:03 | 221.123823 | 359.033103 
 4152.1589 | 08739.6179 | 11:12:04 | 221.130443 | 359.033155 
 4152.1592 | 08739.6102 | 11:12:05 | 221.137061 | 359.033552 
 4152.1593 | 08739.6027 | 11:12:06 | 221.143508 | 359.033718 
 4152.1590 | 08739.5958 | 11:12:07 | 221.149443 | 359.033419 
 4152.1590 | 08739.5884 | 11:12:08 | 221.155805 | 359.033469 
 4152.1595 | 08739.5808 | 11:12:09 | 221.162335 | 359.034095 
 4152.1596 | 08739.5733 | 11:12:10 | 221.168782 | 359.034261 
 4152.1597 | 08739.5661 | 11:12:11 | 221.174971 | 359.034425 
 4152.1600 | 08739.5591 | 11:12:12 | 221.180987 | 359.034817 
 4152.1599 | 08739.5525 | 11:12:13 | 221.186662 | 359.034747 
 4152.1599 | 08739.5458 | 11:12:14 | 221.192423 | 359.034792 
 4152.1599 | 08739.5389 | 11:12:15 | 221.198355 | 359.034838 
 4152.1599 | 08739.5318 | 11:12:16 | 221.204459 | 359.034886 
 4152.1599 | 08739.5244 | 11:12:17 | 221.210822 | 359.034936 
 4152.1601 | 08739.5168 | 11:12:18 | 221.217354 | 359.035218 
 4152.1603 | 08739.5089 | 11:12:19 | 221.224144 | 359.035501 
 4152.1604 | 08739.5009 | 11:12:20 | 221.231021 | 359.035670 
 4152.1606 | 08739.4928 | 11:12:21 | 221.237984 | 359.035955 
 4152.1608 | 08739.4846 | 11:12:22 | 221.245032 | 359.036241 
 4152.1611 | 08739.4765 | 11:12:23 | 221.251993 | 359.036640 
 4152.1608 | 08739.4670 | 11:12:24 | 221.260164 | 359.036360 
 4152.1623 | 08739.4545 | 11:12:25 | 221.270897 | 359.038170 
 4152.1624 | 08739.4454 | 11:12:26 | 221.278720 | 359.038346 
 4152.1625 | 08739.4359 | 11:12:27 | 221.286887 | 359.038526 
 4152.1625 | 08739.4267 | 11:12:28 | 221.294796 | 359.038588 
 4152.1626 | 08739.4173 | 11:12:29 | 221.302877 | 359.038767 
 4152.1624 | 08739.4083 | 11:12:30 | 221.310617 | 359.038598 
 4152.1626 | 08739.3994 | 11:12:31 | 221.318267 | 359.038888 
 4152.1628 | 08739.3906 | 11:12:32 | 221.325831 | 359.039178 
 4152.1628 | 08739.3820 | 11:12:33 | 221.333225 | 359.039236 
 4152.1628 | 08739.3737 | 11:12:34 | 221.340361 | 359.039292 
 4152.1629 | 08739.3655 | 11:12:35 | 221.347410 | 359.039463 
 4152.1629 | 08739.3575 | 11:12:36 | 221.354288 | 359.039517 
 4152.1633 | 08739.3496 | 11:12:37 | 221.361076 | 359.040031 
 4152.1634 | 08739.3417 | 11:12:38 | 221.367868 | 359.040199 
 4152.1634 | 08739.3336 | 11:12:39 | 221.374832 | 359.040254 
 4152.1635 | 08739.3255 | 11:12:40 | 221.381795 | 359.040424 
 4152.1637 | 08739.3174 | 11:12:41 | 221.388757 | 359.040709 
 4152.1639 | 08739.3094 | 11:12:42 | 221.395633 | 359.040994 
 4152.1640 | 08739.3015 | 11:12:43 | 221.402424 | 359.041163 
 4152.1641 | 08739.2933 | 11:12:44 | 221.409473 | 359.041333 
 4152.1641 | 08739.2850 | 11:12:45 | 221.416609 | 359.041390 
 4152.1642 | 08739.2767 | 11:12:46 | 221.423745 | 359.041561 
 4152.1642 | 08739.2685 | 11:12:47 | 221.430795 | 359.041617 
 4152.1644 | 08739.2597 | 11:12:48 | 221.438359 | 359.041907 
 4152.1645 | 08739.2509 | 11:12:49 | 221.445924 | 359.042082 
 4152.1646 | 08739.2421 | 11:12:50 | 221.453489 | 359.042257 
 4152.1648 | 08739.2334 | 11:12:51 | 221.460967 | 359.042546 
 4152.1650 | 08739.2248 | 11:12:52 | 221.468359 | 359.042834 
 4152.1650 | 08739.2162 | 11:12:53 | 221.475753 | 359.042893 
 4152.1650 | 08739.2071 | 11:12:54 | 221.483576 | 359.042955 
 4152.1651 | 08739.1980 | 11:12:55 | 221.491399 | 359.043132 
 4152.1654 | 08739.1889 | 11:12:56 | 221.499220 | 359.043539 
 4152.1655 | 08739.1800 | 11:12:57 | 221.506871 | 359.043715 
 4152.1656 | 08739.1711 | 11:12:58 | 221.514522 | 359.043890 
 4152.1657 | 08739.1622 | 11:12:59 | 221.522173 | 359.044066 
 4152.1660 | 08739.1534 | 11:13:00 | 221.529736 | 359.044471 
 4152.1664 | 08739.1447 | 11:13:01 | 221.537212 | 359.044990 
 4152.1656 | 08739.1391 | 11:13:02 | 221.542034 | 359.044108 
 4152.1662 | 08739.1310 | 11:13:03 | 221.548993 | 359.044854 
 4152.1663 | 08739.1240 | 11:13:04 | 221.555010 | 359.045017 
 4152.1665 | 08739.1174 | 11:13:05 | 221.560683 | 359.045292 
 4152.1665 | 08739.1114 | 11:13:06 | 221.565841 | 359.045333 
 4152.1665 | 08739.1056 | 11:13:07 | 221.570828 | 359.045372 
 4152.1665 | 08739.1003 | 11:13:08 | 221.575385 | 359.045408 
 4152.1665 | 08739.0954 | 11:13:09 | 221.579598 | 359.045442 
 4152.1665 | 08739.0910 | 11:13:10 | 221.583380 | 359.045472 
 4152.1665 | 08739.0872 | 11:13:11 | 221.586648 | 359.045498 
 4152.1665 | 08739.0841 | 11:13:12 | 221.589313 | 359.045519 
 4152.1665 | 08739.0819 | 11:13:13 | 221.591204 | 359.045534 
 4152.1665 | 08739.0808 | 11:13:14 | 221.592150 | 359.045542 
 4152.1665 | 08739.0804 | 11:13:15 | 221.592494 | 359.045544 
 4152.1666 | 08739.0804 | 11:13:16 | 221.592493 | 359.045659 
 4152.1666 | 08739.0805 | 11:13:17 | 221.592407 | 359.045659 
 4152.1666 | 08739.0805 | 11:13:18 | 221.592407 | 359.045659 
 4152.1666 | 08739.0805 | 11:13:19 | 221.592407 | 359.045659 
 4152.1666 | 08739.0805 | 11:13:20 | 221.592407 | 359.045659 
 4152.1666 | 08739.0805 | 11:13:21 | 221.592407 | 359.045659 
 4152.1666 | 08739.0805 | 11:13:22 | 221.592407 | 359.045659 
 4152.1666 | 08739.0805 | 11:13:23 | 221.592407 | 359.045659 
 4152.1666 | 08739.0805 | 11:13:24 | 221.592407 | 359.045659 
 4152.1666 | 08739.0805 | 11:13:25 | 221.592407 | 359.045659 
 4152.1666 | 08739.0805 | 11:13:26 | 221.592407 | 359.045659 
 4152.1666 | 08739.0805 | 11:13:27 | 221.592407 | 359.045659 
 4152.1666 | 08739.0805 | 11:13:28 | 221.592407 | 359.045659 
 4152.1671 | 08739.0796 | 11:13:29 | 221.593176 | 359.046240 
 4152.1672 | 08739.0774 | 11:13:30 | 221.595067 | 359.046370 
 4152.1674 | 08739.0740 | 11:13:31 | 221.597988 | 359.046623 
 4152.1676 | 08739.0695 | 11:13:32 | 221.601855 | 359.046884 
 4152.1677 | 08739.0644 | 11:13:33 | 221.606239 | 359.047034 
 4152.1677 | 08739.0588 | 11:13:34 | 221.611054 | 359.047072 
 4152.1677 | 08739.0529 | 11:13:35 | 221.616126 | 359.047113 
 4152.1678 | 08739.0468 | 11:13:36 | 221.621370 | 359.047269 
 4152.1679 | 08739.0404 | 11:13:37 | 221.626871 | 359.047428 
 4152.1679 | 08739.0336 | 11:13:38 | 221.632718 | 359.047475 
 4152.1680 | 08739.0263 | 11:13:39 | 221.638993 | 359.047639 
 4152.1681 | 08739.0181 | 11:13:40 | 221.646042 | 359.047811 
 4152.1682 | 08739.0096 | 11:13:41 | 221.653349 | 359.047984 
 4152.1681 | 08739.0009 | 11:13:42 | 221.660830 | 359.047928 
 4152.1679 | 08738.9921 | 11:13:43 | 221.668398 | 359.047758 
 4152.1677 | 08738.9835 | 11:13:44 | 221.675793 | 359.047587 
 4152.1675 | 08738.9753 | 11:13:45 | 221.682845 | 359.047413 
 4152.1674 | 08738.9679 | 11:13:46 | 221.689208 | 359.047349 
 4152.1674 | 08738.9613 | 11:13:47 | 221.694883 | 359.047394 
 4152.1674 | 08738.9555 | 11:13:48 | 221.699869 | 359.047434 
 4152.1673 | 08738.9503 | 11:13:49 | 221.704341 | 359.047355 
 4152.1673 | 08738.9460 | 11:13:50 | 221.708038 | 359.047384 
 4152.1675 | 08738.9423 | 11:13:51 | 221.711217 | 359.047639 
 4152.1675 | 08738.9386 | 11:13:52 | 221.714398 | 359.047665 
 4152.1676 | 08738.9347 | 11:13:53 | 221.717750 | 359.047807 
 4152.1676 | 08738.9308 | 11:13:54 | 221.721103 | 359.047833 
 4152.1677 | 08738.9275 | 11:13:55 | 221.723940 | 359.047971 
 4152.1677 | 08738.9251 | 11:13:56 | 221.726003 | 359.047987 
 4152.1676 | 08738.9237 | 11:13:57 | 221.727208 | 359.047882 
 4152.1675 | 08738.9229 | 11:13:58 | 221.727896 | 359.047772 
 4152.1675 | 08738.9227 | 11:13:59 | 221.728068 | 359.047774 
 4152.1675 | 08738.9227 | 11:14:00 | 221.728068 | 359.047774 
 4152.1675 | 08738.9228 | 11:14:01 | 221.727982 | 359.047773 
 4152.1675 | 08738.9228 | 11:14:02 | 221.727982 | 359.047773 
 4152.1675 | 08738.9228 | 11:14:03 | 221.727982 | 359.047773 
 4152.1675 | 08738.9228 | 11:14:04 | 221.727982 | 359.047773 
 4152.1675 | 08738.9228 | 11:14:05 | 221.727982 | 359.047773 
 4152.1675 | 08738.9228 | 11:14:06 | 221.727982 | 359.047773 
 4152.1675 | 08738.9228 | 11:14:07 | 221.727982 | 359.047773 
 4152.1675 | 08738.9228 | 11:14:08 | 221.727982 | 359.047773 
 4152.1675 | 08738.9228 | 11:14:09 | 221.727982 | 359.047773 
 4152.1675 | 08738.9228 | 11:14:10 | 221.727982 | 359.047773 
 4152.1675 | 08738.9228 | 11:14:11 | 221.727982 | 359.047773 
 4152.1675 | 08738.9228 | 11:14:12 | 221.727982 | 359.047773 
 4152.1675 | 08738.9228 | 11:14:13 | 221.727982 | 359.047773 
 4152.1675 | 08738.9228 | 11:14:14 | 221.727982 | 359.047773 
 4152.1675 | 08738.9228 | 11:14:15 | 221.727982 | 359.047773 
 4152.1675 | 08738.9228 | 11:14:16 | 221.727982 | 359.047773 
 4152.1675 | 08738.9228 | 11:14:17 | 221.727982 | 359.047773 
 4152.1675 | 08738.9228 | 11:14:18 | 221.727982 | 359.047773 
 4152.1675 | 08738.9228 | 11:14:19 | 221.727982 | 359.047773 
 4152.1675 | 08738.9228 | 11:14:20 | 221.727982 | 359.047773 
 4152.1675 | 08738.9228 | 11:14:21 | 221.727982 | 359.047773 
 4152.1675 | 08738.9228 | 11:14:22 | 221.727982 | 359.047773 
 4152.1675 | 08738.9228 | 11:14:23 | 221.727982 | 359.047773 
 4152.1675 | 08738.9228 | 11:14:24 | 221.727982 | 359.047773 
 4152.1675 | 08738.9228 | 11:14:25 | 221.727982 | 359.047773 
 4152.1697 | 08738.9245 | 11:14:26 | 221.726501 | 359.050292 
 4152.1694 | 08738.9248 | 11:14:27 | 221.726245 | 359.049945 
 4152.1691 | 08738.9252 | 11:14:28 | 221.725904 | 359.049597 
 4152.1689 | 08738.9256 | 11:14:29 | 221.725562 | 359.049364 
 4152.1688 | 08738.9263 | 11:14:30 | 221.724961 | 359.049245 
 4152.1686 | 08738.9268 | 11:14:31 | 221.724533 | 359.049011 
 4152.1684 | 08738.9272 | 11:14:32 | 221.724191 | 359.048778 
 4152.1683 | 08738.9273 | 11:14:33 | 221.724106 | 359.048663 
 4152.1682 | 08738.9276 | 11:14:34 | 221.723849 | 359.048545 
 4152.1681 | 08738.9278 | 11:14:35 | 221.723678 | 359.048429 
 4152.1680 | 08738.9280 | 11:14:36 | 221.723507 | 359.048313 
 4152.1671 | 08738.9248 | 11:14:37 | 221.726267 | 359.047299 
 4152.1689 | 08738.9229 | 11:14:38 | 221.727884 | 359.049383 
 4152.1687 | 08738.9223 | 11:14:39 | 221.728401 | 359.049157 
 4152.1687 | 08738.9215 | 11:14:40 | 221.729089 | 359.049162 
 4152.1702 | 08738.9200 | 11:14:41 | 221.730365 | 359.050898 
 4152.1708 | 08738.9193 | 11:14:42 | 221.730961 | 359.051593 
 4152.1711 | 08738.9193 | 11:14:43 | 221.730959 | 359.051938 
 4152.1710 | 08738.9195 | 11:14:44 | 221.730787 | 359.051822 
 4152.1709 | 08738.9192 | 11:14:45 | 221.731046 | 359.051709 
 4152.1710 | 08738.9194 | 11:14:46 | 221.730873 | 359.051822 
 4152.1713 | 08738.9193 | 11:14:47 | 221.730957 | 359.052168 
 4152.1715 | 08738.9191 | 11:14:48 | 221.731127 | 359.052400 
 4152.1713 | 08738.9186 | 11:14:49 | 221.731558 | 359.052173 
 4152.1713 | 08738.9186 | 11:14:50 | 221.731558 | 359.052173 
 4152.1718 | 08738.9190 | 11:14:51 | 221.731210 | 359.052745 
 4152.1723 | 08738.9181 | 11:14:52 | 221.731979 | 359.053327 
 4152.1729 | 08738.9179 | 11:14:53 | 221.732146 | 359.054018 
 4152.1738 | 08738.9175 | 11:14:54 | 221.732481 | 359.055056 
 4152.1743 | 08738.9181 | 11:14:55 | 221.731961 | 359.055627 
 4152.1749 | 08738.9185 | 11:14:56 | 221.731611 | 359.056315 
 4152.1753 | 08738.9187 | 11:14:57 | 221.731436 | 359.056773 
 4152.1759 | 08738.9189 | 11:14:58 |