 4147.5444 | 08806.6625 | 11:26:41 | 197.892450 | 353.604133 
 4147.5491 | 08806.6479 | 11:26:51 | 197.905004 | 353.609571 
 4147.5506 | 08806.6429 | 11:26:52 | 197.909303 | 353.611308 
 4147.5523 | 08806.6371 | 11:26:53 | 197.914291 | 353.613276 
 4147.5540 | 08806.6310 | 11:26:54 | 197.919536 | 353.615245 
 4147.5557 | 08806.6248 | 11:26:55 | 197.924868 | 353.617215 
 4147.5571 | 08806.6185 | 11:26:56 | 197.930287 | 353.618839 
 4147.5581 | 08806.6121 | 11:26:57 | 197.935793 | 353.620003 
 4147.5597 | 08806.6060 | 11:26:58 | 197.941039 | 353.621857 
 4147.5608 | 08806.6001 | 11:26:59 | 197.946114 | 353.623136 
 4147.5621 | 08806.5947 | 11:27:00 | 197.950759 | 353.624643 
 4147.5644 | 08806.5895 | 11:27:01 | 197.955228 | 353.627300 
 4147.5670 | 08806.5839 | 11:27:02 | 197.960040 | 353.630304 
 4147.5697 | 08806.5785 | 11:27:03 | 197.964680 | 353.633421 
 4147.5727 | 08806.5745 | 11:27:04 | 197.968115 | 353.636881 
 4147.5865 | 08806.5882 | 11:27:05 | 197.956281 | 353.652723 
 4147.5932 | 08806.5904 | 11:27:06 | 197.954367 | 353.660425 
 4147.5996 | 08806.5920 | 11:27:07 | 197.952971 | 353.667783 
 4147.6057 | 08806.5932 | 11:27:08 | 197.951919 | 353.674797 
 4147.6127 | 08806.5946 | 11:27:09 | 197.950693 | 353.682845 
 4147.6194 | 08806.5958 | 11:27:10 | 197.949640 | 353.690549 
 4147.6263 | 08806.5971 | 11:27:11 | 197.948501 | 353.698483 
 4147.6331 | 08806.5981 | 11:27:12 | 197.947620 | 353.706302 
 4147.6400 | 08806.5990 | 11:27:13 | 197.946824 | 353.714236 
 4147.6472 | 08806.6000 | 11:27:14 | 197.945942 | 353.722516 
 4147.6541 | 08806.6007 | 11:27:15 | 197.945319 | 353.730451 
 4147.6608 | 08806.6014 | 11:27:16 | 197.944696 | 353.738156 
 4147.6671 | 08806.6026 | 11:27:17 | 197.943645 | 353.745400 
 4147.6734 | 08806.6035 | 11:27:18 | 197.942851 | 353.752644 
 4147.6798 | 08806.6045 | 11:27:19 | 197.941971 | 353.760003 
 4147.6862 | 08806.6053 | 11:27:20 | 197.941264 | 353.767363 
 4147.6927 | 08806.6061 | 11:27:21 | 197.940556 | 353.774838 
 4147.6992 | 08806.6071 | 11:27:22 | 197.939675 | 353.782312 
 4147.7058 | 08806.6079 | 11:27:23 | 197.938967 | 353.789902 
 4147.7124 | 08806.6087 | 11:27:24 | 197.938259 | 353.797491 
 4147.7188 | 08806.6095 | 11:27:25 | 197.937551 | 353.804851 
 4147.7252 | 08806.6104 | 11:27:26 | 197.936757 | 353.812210 
 4147.7315 | 08806.6112 | 11:27:27 | 197.936050 | 353.819455 
 4147.7377 | 08806.6119 | 11:27:28 | 197.935429 | 353.826585 
 4147.7441 | 08806.6124 | 11:27:29 | 197.934979 | 353.833945 
 4147.7503 | 08806.6128 | 11:27:30 | 197.934617 | 353.841076 
 4147.7564 | 08806.6130 | 11:27:31 | 197.934426 | 353.848092 
 4147.7625 | 08806.6133 | 11:27:32 | 197.934150 | 353.855108 
 4147.7680 | 08806.6135 | 11:27:33 | 197.933961 | 353.861433 
 4147.7728 | 08806.6136 | 11:27:34 | 197.933861 | 353.866954 
 4147.7771 | 08806.6131 | 11:27:35 | 197.934278 | 353.871901 
 4147.7794 | 08806.6130 | 11:27:36 | 197.934358 | 353.874547 
 4147.7810 | 08806.6126 | 11:27:37 | 197.934697 | 353.876388 
 4147.7815 | 08806.6125 | 11:27:38 | 197.934782 | 353.876964 
 4147.7815 | 08806.6124 | 11:27:39 | 197.934868 | 353.876964 
 4147.7815 | 08806.6122 | 11:27:40 | 197.935040 | 353.876964 
 4147.7815 | 08806.6122 | 11:27:41 | 197.935040 | 353.876964 
 4147.7815 | 08806.6122 | 11:27:42 | 197.935040 | 353.876964 
 4147.7815 | 08806.6122 | 11:27:43 | 197.935040 | 353.876964 
 4147.7815 | 08806.6122 | 11:27:44 | 197.935040 | 353.876964 
 4147.7815 | 08806.6122 | 11:27:45 | 197.935040 | 353.876964 
 4147.7815 | 08806.6122 | 11:27:46 | 197.935040 | 353.876964 
 4147.7815 | 08806.6122 | 11:27:47 | 197.935040 | 353.876964 
 4147.7815 | 08806.6122 | 11:27:48 | 197.935040 | 353.876964 
 4147.7815 | 08806.6122 | 11:27:49 | 197.935040 | 353.876964 
 4147.7815 | 08806.6122 | 11:27:50 | 197.935040 | 353.876964 
 4147.7815 | 08806.6122 | 11:27:51 | 197.935040 | 353.876964 
 4147.7810 | 08806.6109 | 11:27:52 | 197.936160 | 353.876392 
 4147.7815 | 08806.6102 | 11:27:53 | 197.936761 | 353.876969 
 4147.7822 | 08806.6082 | 11:27:54 | 197.938481 | 353.877778 
 4147.7832 | 08806.6044 | 11:27:55 | 197.941749 | 353.878937 
 4147.7848 | 08806.5991 | 11:27:56 | 197.946306 | 353.880789 
 4147.7863 | 08806.5929 | 11:27:57 | 197.951638 | 353.882529 
 4147.7880 | 08806.5859 | 11:27:58 | 197.957658 | 353.884500 
 4147.7898 | 08806.5782 | 11:27:59 | 197.964280 | 353.886587 
 4147.7917 | 08806.5702 | 11:28:00 | 197.971160 | 353.888791 
 4147.7937 | 08806.5619 | 11:28:01 | 197.978298 | 353.891110 
 4147.7956 | 08806.5531 | 11:28:02 | 197.985867 | 353.893315 
 4147.7977 | 08806.5438 | 11:28:03 | 197.993865 | 353.895751 
 4147.7998 | 08806.5340 | 11:28:04 | 198.002294 | 353.898189 
 4147.8018 | 08806.5238 | 11:28:05 | 198.011067 | 353.900512 
 4147.8036 | 08806.5132 | 11:28:06 | 198.020186 | 353.902606 
 4147.8052 | 08806.5022 | 11:28:07 | 198.029649 | 353.904472 
 4147.7878 | 08806.4860 | 11:28:08 | 198.043645 | 353.884494 
 4147.7874 | 08806.4735 | 11:28:09 | 198.054405 | 353.884062 
 4147.7867 | 08806.4608 | 11:28:10 | 198.065339 | 353.883286 
 4147.7870 | 08806.4480 | 11:28:11 | 198.076355 | 353.883660 
 4147.7876 | 08806.4351 | 11:28:12 | 198.087457 | 353.884379 
 4147.7890 | 08806.4223 | 11:28:13 | 198.098470 | 353.886018 
 4147.7909 | 08806.4093 | 11:28:14 | 198.109653 | 353.888233 
 4147.7927 | 08806.3959 | 11:28:15 | 198.121182 | 353.890334 
 4147.7977 | 08806.3833 | 11:28:16 | 198.132012 | 353.896114 
 4147.8010 | 08806.3700 | 11:28:17 | 198.143449 | 353.899940 
 4147.8035 | 08806.3567 | 11:28:18 | 198.154889 | 353.902846 
 4147.8059 | 08806.3431 | 11:28:19 | 198.166588 | 353.905637 
 4147.8086 | 08806.3294 | 11:28:20 | 198.178372 | 353.908774 
 4147.8119 | 08806.3155 | 11:28:21 | 198.190326 | 353.912602 
 4147.8149 | 08806.3012 | 11:28:22 | 198.202625 | 353.916085 
 4147.8177 | 08806.2867 | 11:28:23 | 198.215097 | 353.919339 
 4147.8204 | 08806.2720 | 11:28:24 | 198.227741 | 353.922478 
 4147.8232 | 08806.2573 | 11:28:25 | 198.240385 | 353.925732 
 4147.8260 | 08806.2425 | 11:28:26 | 198.253115 | 353.928987 
 4147.8288 | 08806.2275 | 11:28:27 | 198.266017 | 353.932242 
 4147.8317 | 08806.2125 | 11:28:28 | 198.278919 | 353.935612 
 4147.8345 | 08806.1975 | 11:28:29 | 198.291821 | 353.938867 
 4147.8373 | 08806.1828 | 11:28:30 | 198.304465 | 353.942122 
 4147.8400 | 08806.1684 | 11:28:31 | 198.316851 | 353.945261 
 4147.8425 | 08806.1543 | 11:28:32 | 198.328980 | 353.948169 
 4147.8450 | 08806.1406 | 11:28:33 | 198.340764 | 353.951076 
 4147.8473 | 08806.1274 | 11:28:34 | 198.352118 | 353.953752 
 4147.8495 | 08806.1147 | 11:28:35 | 198.363042 | 353.956312 
 4147.8520 | 08806.1026 | 11:28:36 | 198.373449 | 353.959216 
 4147.8541 | 08806.0908 | 11:28:37 | 198.383599 | 353.961659 
 4147.8560 | 08806.0792 | 11:28:38 | 198.393577 | 353.963871 
 4147.8583 | 08806.0680 | 11:28:39 | 198.403210 | 353.966543 
 4147.8606 | 08806.0571 | 11:28:40 | 198.412585 | 353.969213 
 4147.8624 | 08806.0464 | 11:28:41 | 198.421789 | 353.971309 
 4147.8643 | 08806.0360 | 11:28:42 | 198.430734 | 353.973518 
 4147.8663 | 08806.0258 | 11:28:43 | 198.439507 | 353.975843 
 4147.8684 | 08806.0162 | 11:28:44 | 198.447764 | 353.978280 
 4147.8704 | 08806.0071 | 11:28:45 | 198.455590 | 353.980602 
 4147.8718 | 08805.9986 | 11:28:46 | 198.462901 | 353.982232 
 4147.8733 | 08805.9907 | 11:28:47 | 198.469696 | 353.983976 
 4147.8748 | 08805.9835 | 11:28:48 | 198.475889 | 353.985718 
 4147.8762 | 08805.9768 | 11:28:49 | 198.481651 | 353.987344 
 4147.8776 | 08805.9707 | 11:28:50 | 198.486897 | 353.988969 
 4147.8789 | 08805.9651 | 11:28:51 | 198.491713 | 353.990477 
 4147.8801 | 08805.9600 | 11:28:52 | 198.496099 | 353.991870 
 4147.8812 | 08805.9558 | 11:28:53 | 198.499710 | 353.993145 
 4147.8820 | 08805.9521 | 11:28:54 | 198.502893 | 353.994074 
 4147.8825 | 08805.9494 | 11:28:55 | 198.505215 | 353.994655 
 4147.8822 | 08805.9480 | 11:28:56 | 198.506421 | 353.994313 
 4147.8822 | 08805.9477 | 11:28:57 | 198.506679 | 353.994314 
 4147.8819 | 08805.9477 | 11:28:58 | 198.506680 | 353.993969 
 4147.8817 | 08805.9477 | 11:28:59 | 198.506681 | 353.993739 
 4147.8830 | 08805.9470 | 11:29:00 | 198.507279 | 353.995236 
 4147.8833 | 08805.9447 | 11:29:01 | 198.509258 | 353.995586 
 4147.8837 | 08805.9417 | 11:29:02 | 198.511839 | 353.996053 
 4147.8844 | 08805.9374 | 11:29:03 | 198.515537 | 353.996869 
 4147.8853 | 08805.9321 | 11:29:04 | 198.520096 | 353.997916 
 4147.8864 | 08805.9258 | 11:29:05 | 198.525515 | 353.999196 
 4147.8875 | 08805.9192 | 11:29:06 | 198.531193 | 354.000477 
 4147.8890 | 08805.9121 | 11:29:07 | 198.537299 | 354.002219 
 4147.8905 | 08805.9043 | 11:29:08 | 198.544008 | 354.003963 
 4147.8920 | 08805.8963 | 11:29:09 | 198.550889 | 354.005707 
 4147.8935 | 08805.8885 | 11:29:10 | 198.557597 | 354.007451 
 4147.8950 | 08805.8813 | 11:29:11 | 198.563790 | 354.009193 
 4147.8964 | 08805.8741 | 11:29:12 | 198.569982 | 354.010820 
 4147.8978 | 08805.8673 | 11:29:13 | 198.575831 | 354.012447 
 4147.8992 | 08805.8608 | 11:29:14 | 198.581421 | 354.014072 
 4147.9005 | 08805.8545 | 11:29:15 | 198.586839 | 354.015582 
 4147.9017 | 08805.8487 | 11:29:16 | 198.591827 | 354.016976 
 4147.9031 | 08805.8433 | 11:29:17 | 198.596471 | 354.018599 
 4147.9045 | 08805.8385 | 11:29:18 | 198.600598 | 354.020221 
 4147.9055 | 08805.8348 | 11:29:19 | 198.603779 | 354.021380 
 4147.9062 | 08805.8321 | 11:29:20 | 198.606101 | 354.022192 
 4147.9068 | 08805.8305 | 11:29:21 | 198.607476 | 354.022886 
 4147.9072 | 08805.8294 | 11:29:22 | 198.608422 | 354.023348 
 4147.9072 | 08805.8293 | 11:29:23 | 198.608508 | 354.023348 
 4147.9075 | 08805.8290 | 11:29:24 | 198.608765 | 354.023694 
 4147.9079 | 08805.8277 | 11:29:25 | 198.609883 | 354.024157 
 4147.9085 | 08805.8250 | 11:29:26 | 198.612205 | 354.024854 
 4147.9093 | 08805.8210 | 11:29:27 | 198.615645 | 354.025784 
 4147.9099 | 08805.8159 | 11:29:28 | 198.620033 | 354.026486 
 4147.9090 | 08805.8108 | 11:29:29 | 198.624425 | 354.025463 
 4147.9095 | 08805.8044 | 11:29:30 | 198.629932 | 354.026053 
 4147.9108 | 08805.7969 | 11:29:31 | 198.636383 | 354.027566 
 4147.9123 | 08805.7892 | 11:29:32 | 198.643006 | 354.029310 
 4147.9140 | 08805.7808 | 11:29:33 | 198.650230 | 354.031285 
 4147.9157 | 08805.7719 | 11:29:34 | 198.657885 | 354.033261 
 4147.9175 | 08805.7622 | 11:29:35 | 198.666228 | 354.035355 
 4147.9194 | 08805.7520 | 11:29:36 | 198.675001 | 354.037565 
 4147.9216 | 08805.7414 | 11:29:37 | 198.684118 | 354.040120 
 4147.9238 | 08805.7306 | 11:29:38 | 198.693406 | 354.042676 
 4147.9261 | 08805.7195 | 11:29:39 | 198.702953 | 354.045348 
 4147.9282 | 08805.7079 | 11:29:40 | 198.712930 | 354.047792 
 4147.9307 | 08805.6958 | 11:29:41 | 198.723336 | 354.050696 
 4147.9331 | 08805.6834 | 11:29:42 | 198.734001 | 354.053486 
 4147.9357 | 08805.6705 | 11:29:43 | 198.745096 | 354.056508 
 4147.9380 | 08805.6575 | 11:29:44 | 198.756278 | 354.059184 
 4147.9405 | 08805.6444 | 11:29:45 | 198.767545 | 354.062091 
 4147.9430 | 08805.6314 | 11:29:46 | 198.778726 | 354.064998 
 4147.9456 | 08805.6185 | 11:29:47 | 198.789820 | 354.068019 
 4147.9476 | 08805.6057 | 11:29:48 | 198.800831 | 354.070351 
 4147.9498 | 08805.5932 | 11:29:49 | 198.811582 | 354.072911 
 4147.9522 | 08805.5806 | 11:29:50 | 198.822419 | 354.075702 
 4147.9547 | 08805.5682 | 11:29:51 | 198.833084 | 354.078608 
 4147.9570 | 08805.5561 | 11:29:52 | 198.843491 | 354.081282 
 4147.9594 | 08805.5439 | 11:29:53 | 198.853984 | 354.084072 
 4147.9618 | 08805.5323 | 11:29:54 | 198.863960 | 354.086861 
 4147.9643 | 08805.5208 | 11:29:55 | 198.873850 | 354.089764 
 4147.9657 | 08805.5092 | 11:29:56 | 198.883829 | 354.091402 
 4147.9678 | 08805.4980 | 11:29:57 | 198.893462 | 354.093845 
 4147.9693 | 08805.4882 | 11:29:58 | 198.901892 | 354.095594 
 4147.9708 | 08805.4814 | 11:29:59 | 198.907740 | 354.097336 
 4147.9716 | 08805.4767 | 11:30:00 | 198.911782 | 354.098267 
 4147.9717 | 08805.4742 | 11:30:01 | 198.913934 | 354.098389 
 4147.9715 | 08805.4734 | 11:30:02 | 198.914623 | 354.098160 
 4147.9716 | 08805.4735 | 11:30:03 | 198.914537 | 354.098275 
 4147.9716 | 08805.4736 | 11:30:04 | 198.914451 | 354.098275 
 4147.9716 | 08805.4736 | 11:30:05 | 198.914451 | 354.098275 
 4147.9716 | 08805.4736 | 11:30:06 | 198.914451 | 354.098275 
 4147.9716 | 08805.4736 | 11:30:07 | 198.914451 | 354.098275 
 4147.9716 | 08805.4736 | 11:30:08 | 198.914451 | 354.098275 
 4147.9716 | 08805.4736 | 11:30:09 | 198.914451 | 354.098275 
 4147.9716 | 08805.4736 | 11:30:10 | 198.914451 | 354.098275 
 4147.9716 | 08805.4736 | 11:30:11 | 198.914451 | 354.098275 
 4147.9716 | 08805.4736 | 11:30:12 | 198.914451 | 354.098275 
 4147.9716 | 08805.4736 | 11:30:13 | 198.914451 | 354.098275 
 4147.9716 | 08805.4736 | 11:30:14 | 198.914451 | 354.098275 
 4147.9716 | 08805.4736 | 11:30:15 | 198.914451 | 354.098275 
 4147.9716 | 08805.4736 | 11:30:16 | 198.914451 | 354.098275 
 4147.9716 | 08805.4736 | 11:30:17 | 198.914451 | 354.098275 
 4147.9716 | 08805.4736 | 11:30:18 | 198.914451 | 354.098275 
 4147.9716 | 08805.4736 | 11:30:19 | 198.914451 | 354.098275 
 4147.9716 | 08805.4736 | 11:30:20 | 198.914451 | 354.098275 
 4147.9716 | 08805.4736 | 11:30:21 | 198.914451 | 354.098275 
 4147.9716 | 08805.4736 | 11:30:22 | 198.914451 | 354.098275 
 4147.9716 | 08805.4736 | 11:30:23 | 198.914451 | 354.098275 
 4147.9716 | 08805.4736 | 11:30:24 | 198.914451 | 354.098275 
 4147.9716 | 08805.4736 | 11:30:25 | 198.914451 | 354.098275 
 4147.9716 | 08805.4736 | 11:30:26 | 198.914451 | 354.098275 
 4147.9716 | 08805.4736 | 11:30:27 | 198.914451 | 354.098275 
 4147.9716 | 08805.4736 | 11:30:28 | 198.914451 | 354.098275 
 4147.9716 | 08805.4736 | 11:30:29 | 198.914451 | 354.098275 
 4147.9716 | 08805.4736 | 11:30:30 | 198.914451 | 354.098275 
 4147.9716 | 08805.4736 | 11:30:31 | 198.914451 | 354.098275 
 4147.9716 | 08805.4736 | 11:30:32 | 198.914451 | 354.098275 
 4147.9716 | 08805.4736 | 11:30:33 | 198.914451 | 354.098275 
 4147.9716 | 08805.4736 | 11:30:34 | 198.914451 | 354.098275 
 4147.9716 | 08805.4736 | 11:30:35 | 198.914451 | 354.098275 
 4147.9716 | 08805.4736 | 11:30:36 | 198.914451 | 354.098275 
 4147.9716 | 08805.4736 | 11:30:37 | 198.914451 | 354.098275 
 4147.9716 | 08805.4736 | 11:30:38 | 198.914451 | 354.098275 
 4147.9716 | 08805.4736 | 11:30:39 | 198.914451 | 354.098275 
 4147.9716 | 08805.4736 | 11:30:40 | 198.914451 | 354.098275 
 4147.9716 | 08805.4736 | 11:30:41 | 198.914451 | 354.098275 
 4147.9716 | 08805.4736 | 11:30:42 | 198.914451 | 354.098275 
 4147.9716 | 08805.4736 | 11:30:43 | 198.914451 | 354.098275 
 4147.9716 | 08805.4736 | 11:30:44 | 198.914451 | 354.098275 
 4147.9716 | 08805.4736 | 11:30:45 | 198.914451 | 354.098275 
 4147.9716 | 08805.4736 | 11:30:46 | 198.914451 | 354.098275 
 4147.9716 | 08805.4736 | 11:30:47 | 198.914451 | 354.098275 
 4147.9716 | 08805.4736 | 11:30:48 | 198.914451 | 354.098275 
 4147.9716 | 08805.4736 | 11:30:49 | 198.914451 | 354.098275 
 4147.9716 | 08805.4736 | 11:30:50 | 198.914451 | 354.098275 
 4147.9716 | 08805.4736 | 11:30:51 | 198.914451 | 354.098275 
 4147.9716 | 08805.4736 | 11:30:52 | 198.914451 | 354.098275 
 4147.9716 | 08805.4736 | 11:30:53 | 198.914451 | 354.098275 
 4147.9716 | 08805.4736 | 11:30:54 | 198.914451 | 354.098275 
 4147.9716 | 08805.4736 | 11:30:55 | 198.914451 | 354.098275 
 4147.9664 | 08805.4744 | 11:30:56 | 198.913779 | 354.092292 
 4147.9634 | 08805.4718 | 11:30:57 | 198.916026 | 354.088847 
 4147.9621 | 08805.4678 | 11:30:58 | 198.919473 | 354.087362 
 4147.9621 | 08805.4624 | 11:30:59 | 198.924121 | 354.087375 
 4147.9631 | 08805.4561 | 11:31:00 | 198.929540 | 354.088540 
 4147.9644 | 08805.4490 | 11:31:01 | 198.935647 | 354.090053 
 4147.9705 | 08805.4421 | 11:31:02 | 198.941566 | 354.097086 
 4147.9737 | 08805.4338 | 11:31:03 | 198.948699 | 354.100787 
 4147.9750 | 08805.4246 | 11:31:04 | 198.956613 | 354.102305 
 4147.9757 | 08805.4149 | 11:31:05 | 198.964960 | 354.103134 
 4147.9768 | 08805.4046 | 11:31:06 | 198.973821 | 354.104424 
 4147.9789 | 08805.3939 | 11:31:07 | 198.983024 | 354.106865 
 4147.9805 | 08805.3824 | 11:31:08 | 198.992916 | 354.108734 
 4147.9825 | 08805.3706 | 11:31:09 | 199.003066 | 354.111063 
 4147.9844 | 08805.3583 | 11:31:10 | 199.013646 | 354.113279 
 4147.9861 | 08805.3459 | 11:31:11 | 199.024313 | 354.115264 
 4147.9877 | 08805.3333 | 11:31:12 | 199.035152 | 354.117135 
 4147.9893 | 08805.3205 | 11:31:13 | 199.046164 | 354.119007 
 4147.9913 | 08805.3073 | 11:31:14 | 199.057518 | 354.121340 
 4147.9932 | 08805.2940 | 11:31:15 | 199.068959 | 354.123558 
 4147.9950 | 08805.2806 | 11:31:16 | 199.080486 | 354.125661 
 4147.9967 | 08805.2665 | 11:31:17 | 199.092616 | 354.127651 
 4147.9984 | 08805.2522 | 11:31:18 | 199.104919 | 354.129642 
 4148.0001 | 08805.2377 | 11:31:19 | 199.117393 | 354.131633 
 4148.0018 | 08805.2229 | 11:31:20 | 199.130125 | 354.133625 
 4148.0035 | 08805.2079 | 11:31:21 | 199.143030 | 354.135617 
 4148.0052 | 08805.1926 | 11:31:22 | 199.156193 | 354.137610 
 4148.0065 | 08805.1774 | 11:31:23 | 199.169271 | 354.139143 
 4148.0072 | 08805.1622 | 11:31:24 | 199.182351 | 354.139986 
 4148.0086 | 08805.1473 | 11:31:25 | 199.195170 | 354.141633 
 4148.0102 | 08805.1322 | 11:31:26 | 199.208161 | 354.143511 
 4148.0114 | 08805.1172 | 11:31:27 | 199.221067 | 354.144929 
 4148.0128 | 08805.1023 | 11:31:28 | 199.233887 | 354.146576 
 4148.0143 | 08805.0875 | 11:31:29 | 199.246620 | 354.148338 
 4148.0156 | 08805.0727 | 11:31:30 | 199.259354 | 354.149870 
 4148.0168 | 08805.0579 | 11:31:31 | 199.272088 | 354.151288 
 4148.0189 | 08805.0432 | 11:31:32 | 199.284732 | 354.153740 
 4148.0203 | 08805.0283 | 11:31:33 | 199.297552 | 354.155387 
 4148.0213 | 08805.0134 | 11:31:34 | 199.310373 | 354.156575 
 4148.0224 | 08804.9985 | 11:31:35 | 199.323193 | 354.157877 
 4148.0232 | 08804.9836 | 11:31:36 | 199.336014 | 354.158835 
 4148.0246 | 08804.9690 | 11:31:37 | 199.348576 | 354.160482 
 4148.0261 | 08804.9542 | 11:31:38 | 199.361309 | 354.162244 
 4148.0275 | 08804.9393 | 11:31:39 | 199.374128 | 354.163892 
 4148.0290 | 08804.9244 | 11:31:40 | 199.386947 | 354.165655 
 4148.0319 | 08804.9096 | 11:31:41 | 199.399675 | 354.169028 
 4148.0335 | 08804.8948 | 11:31:42 | 199.412408 | 354.170905 
 4148.0375 | 08804.8797 | 11:31:43 | 199.425390 | 354.175544 
 4148.0395 | 08804.8644 | 11:31:44 | 199.438552 | 354.177883 
 4148.0415 | 08804.8491 | 11:31:45 | 199.451713 | 354.180222 
 4148.0434 | 08804.8335 | 11:31:46 | 199.465134 | 354.182447 
 4148.0453 | 08804.8178 | 11:31:47 | 199.478640 | 354.184673 
 4148.0459 | 08804.7992 | 11:31:48 | 199.494646 | 354.185410 
 4148.0450 | 08804.7830 | 11:31:49 | 199.508592 | 354.184416 
 4148.0449 | 08804.7671 | 11:31:50 | 199.522277 | 354.184341 
 4148.0456 | 08804.7525 | 11:31:51 | 199.534840 | 354.185183 
 4148.0482 | 08804.7393 | 11:31:52 | 199.546192 | 354.188208 
 4148.0494 | 08804.7258 | 11:31:53 | 199.557807 | 354.189622 
 4148.0504 | 08804.7126 | 11:31:54 | 199.569165 | 354.190806 
 4148.0517 | 08804.6997 | 11:31:55 | 199.580263 | 354.192334 
 4148.0529 | 08804.6868 | 11:31:56 | 199.591362 | 354.193748 
 4148.0542 | 08804.6739 | 11:31:57 | 199.602460 | 354.195276 
 4148.0551 | 08804.6605 | 11:31:58 | 199.613990 | 354.196345 
 4148.0565 | 08804.6476 | 11:31:59 | 199.625087 | 354.197989 
 4148.0570 | 08804.6357 | 11:32:00 | 199.635328 | 354.198594 
 4148.0580 | 08804.6239 | 11:32:01 | 199.645480 | 354.199775 
 4148.0590 | 08804.6116 | 11:32:02 | 199.656063 | 354.200957 
 4148.0599 | 08804.5989 | 11:32:03 | 199.666990 | 354.202025 
 4148.0608 | 08804.5862 | 11:32:04 | 199.677918 | 354.203092 
 4148.0618 | 08804.5734 | 11:32:05 | 199.688931 | 354.204276 
 4148.0625 | 08804.5597 | 11:32:06 | 199.700719 | 354.205116 
 4148.0635 | 08804.5460 | 11:32:07 | 199.712507 | 354.206302 
 4148.0640 | 08804.5329 | 11:32:08 | 199.723780 | 354.206910 
 4148.0646 | 08804.5201 | 11:32:09 | 199.734795 | 354.207634 
 4148.0644 | 08804.5113 | 11:32:10 | 199.742369 | 354.207426 
 4148.0634 | 08804.5031 | 11:32:11 | 199.749430 | 354.206297 
 4148.0627 | 08804.4970 | 11:32:12 | 199.754683 | 354.205508 
 4148.0621 | 08804.4933 | 11:32:13 | 199.757869 | 354.204827 
 4148.0614 | 08804.4916 | 11:32:14 | 199.759335 | 354.204027 
 4148.0625 | 08804.4911 | 11:32:15 | 199.759761 | 354.205293 
 4148.0629 | 08804.4910 | 11:32:16 | 199.759846 | 354.205754 
 4148.0628 | 08804.4911 | 11:32:17 | 199.759760 | 354.205638 
 4148.0628 | 08804.4911 | 11:32:18 | 199.759760 | 354.205638 
 4148.0628 | 08804.4911 | 11:32:19 | 199.759760 | 354.205638 
 4148.0628 | 08804.4911 | 11:32:20 | 199.759760 | 354.205638 
 4148.0628 | 08804.4911 | 11:32:21 | 199.759760 | 354.205638 
 4148.0628 | 08804.4911 | 11:32:22 | 199.759760 | 354.205638 
 4148.0628 | 08804.4911 | 11:32:23 | 199.759760 | 354.205638 
 4148.0628 | 08804.4911 | 11:32:24 | 199.759760 | 354.205638 
 4148.0628 | 08804.4911 | 11:32:25 | 199.759760 | 354.205638 
 4148.0628 | 08804.4911 | 11:32:26 | 199.759760 | 354.205638 
 4148.0628 | 08804.4911 | 11:32:27 | 199.759760 | 354.205638 
 4148.0628 | 08804.4911 | 11:32:28 | 199.759760 | 354.205638 
 4148.0628 | 08804.4911 | 11:32:29 | 199.759760 | 354.205638 
 4148.0628 | 08804.4911 | 11:32:30 | 199.759760 | 354.205638 
 4148.0623 | 08804.4925 | 11:32:31 | 199.758557 | 354.205059 
 4148.0624 | 08804.4925 | 11:32:32 | 199.758557 | 354.205175 
 4148.0624 | 08804.4927 | 11:32:33 | 199.758385 | 354.205174 
 4148.0624 | 08804.4928 | 11:32:34 | 199.758298 | 354.205174 
 4148.0624 | 08804.4929 | 11:32:35 | 199.758212 | 354.205173 
 4148.0623 | 08804.4929 | 11:32:36 | 199.758213 | 354.205058 
 4148.0604 | 08804.4928 | 11:32:37 | 199.758305 | 354.202873 
 4148.0595 | 08804.4928 | 11:32:38 | 199.758308 | 354.201838 
 4148.0589 | 08804.4928 | 11:32:39 | 199.758311 | 354.201148 
 4148.0586 | 08804.4929 | 11:32:40 | 199.758226 | 354.200803 
 4148.0581 | 08804.4932 | 11:32:41 | 199.757969 | 354.200227 
 4148.0581 | 08804.4934 | 11:32:42 | 199.757797 | 354.200226 
 4148.0578 | 08804.4935 | 11:32:43 | 199.757712 | 354.199881 
 4148.0575 | 08804.4936 | 11:32:44 | 199.757627 | 354.199536 
 4148.0571 | 08804.4936 | 11:32:45 | 199.757628 | 354.199075 
 4148.0568 | 08804.4936 | 11:32:46 | 199.757629 | 354.198730 
 4148.0565 | 08804.4936 | 11:32:47 | 199.757630 | 354.198385 
 4148.0572 | 08804.4935 | 11:32:48 | 199.757714 | 354.199191 
 4148.0569 | 08804.4934 | 11:32:49 | 199.757801 | 354.198846 
 4148.0580 | 08804.4930 | 11:32:50 | 199.758142 | 354.200112 
 4148.0581 | 08804.4928 | 11:32:51 | 199.758313 | 354.200228 
 4148.0592 | 08804.4937 | 11:32:52 | 199.757535 | 354.201491 
 4148.0595 | 08804.4936 | 11:32:53 | 199.757620 | 354.201836 
 4148.0597 | 08804.4925 | 11:32:54 | 199.758566 | 354.202069 
 4148.0603 | 08804.4898 | 11:32:55 | 199.760888 | 354.202766 
 4148.0602 | 08804.4859 | 11:32:56 | 199.764245 | 354.202661 
 4148.0691 | 08804.4808 | 11:32:57 | 199.768603 | 354.212911 
 4148.0697 | 08804.4748 | 11:32:58 | 199.773765 | 354.213617 
 4148.0704 | 08804.4680 | 11:32:59 | 199.779615 | 354.214440 
 4148.0708 | 08804.4602 | 11:33:00 | 199.786327 | 354.214920 
 4148.0715 | 08804.4519 | 11:33:01 | 199.793468 | 354.215747 
 4148.0724 | 08804.4432 | 11:33:02 | 199.800953 | 354.216805 
 4148.0734 | 08804.4339 | 11:33:03 | 199.808954 | 354.217979 
 4148.0748 | 08804.4236 | 11:33:04 | 199.817814 | 354.219616 
 4148.0757 | 08804.4132 | 11:33:05 | 199.826761 | 354.220678 
 4148.0767 | 08804.4023 | 11:33:06 | 199.836139 | 354.221857 
 4148.0777 | 08804.3910 | 11:33:07 | 199.845861 | 354.223037 
 4148.0787 | 08804.3798 | 11:33:08 | 199.855497 | 354.224216 
 4148.0795 | 08804.3682 | 11:33:09 | 199.865478 | 354.225166 
 4148.0805 | 08804.3561 | 11:33:10 | 199.875888 | 354.226348 
 4148.0814 | 08804.3437 | 11:33:11 | 199.886558 | 354.227416 
 4148.0823 | 08804.3311 | 11:33:12 | 199.897399 | 354.228484 
 4148.0832 | 08804.3181 | 11:33:13 | 199.908584 | 354.229553 
 4148.0843 | 08804.3048 | 11:33:14 | 199.920027 | 354.230853 
 4148.0851 | 08804.2914 | 11:33:15 | 199.931557 | 354.231809 
 4148.0898 | 08804.2762 | 11:33:16 | 199.944623 | 354.237254 
 4148.0909 | 08804.2620 | 11:33:17 | 199.956840 | 354.238557 
 4148.0919 | 08804.2479 | 11:33:18 | 199.968972 | 354.239744 
 4148.0930 | 08804.2337 | 11:33:19 | 199.981190 | 354.241047 
 4148.0928 | 08804.2192 | 11:33:20 | 199.993670 | 354.240855 
 4148.0938 | 08804.2047 | 11:33:21 | 200.006146 | 354.242043 
 4148.0977 | 08804.1904 | 11:33:22 | 200.018440 | 354.246567 
 4148.1023 | 08804.1764 | 11:33:23 | 200.030473 | 354.251895 
 4148.1044 | 08804.1622 | 11:33:24 | 200.042687 | 354.254348 
 4148.1060 | 08804.1484 | 11:33:25 | 200.054558 | 354.256225 
 4148.1074 | 08804.1345 | 11:33:26 | 200.066516 | 354.257872 
 4148.1088 | 08804.1213 | 11:33:27 | 200.077872 | 354.259517 
 4148.1101 | 08804.1082 | 11:33:28 | 200.089142 | 354.261047 
 4148.1113 | 08804.0955 | 11:33:29 | 200.100068 | 354.262461 
 4148.1124 | 08804.0832 | 11:33:30 | 200.110650 | 354.263759 
 4148.1136 | 08804.0714 | 11:33:31 | 200.120802 | 354.265171 
 4148.1147 | 08804.0606 | 11:33:32 | 200.130093 | 354.266465 
 4148.1158 | 08804.0510 | 11:33:33 | 200.138351 | 354.267756 
 4148.1167 | 08804.0426 | 11:33:34 | 200.145577 | 354.268813 
 4148.1170 | 08804.0356 | 11:33:35 | 200.151601 | 354.269177 
 4148.1175 | 08804.0294 | 11:33:36 | 200.156935 | 354.269769 
 4148.1179 | 08804.0237 | 11:33:37 | 200.161840 | 354.270244 
 4148.1182 | 08804.0181 | 11:33:38 | 200.166658 | 354.270604 
 4148.1194 | 08804.0161 | 11:33:39 | 200.168375 | 354.271989 
 4148.1108 | 08804.0226 | 11:33:40 | 200.162812 | 354.262080 
 4148.1020 | 08804.0292 | 11:33:41 | 200.157163 | 354.251941 
 4148.0991 | 08804.0316 | 11:33:42 | 200.155107 | 354.248598 
 4148.0961 | 08804.0338 | 11:33:43 | 200.153225 | 354.245142 
 4148.0932 | 08804.0359 | 11:33:44 | 200.151428 | 354.241801 
 4148.0904 | 08804.0379 | 11:33:45 | 200.149716 | 354.238575 
 4148.0879 | 08804.0377 | 11:33:46 | 200.149897 | 354.235700 
 4148.0853 | 08804.0388 | 11:33:47 | 200.148960 | 354.232706 
 4148.0796 | 08804.0234 | 11:33:48 | 200.162234 | 354.226191 
 4148.0872 | 08804.0151 | 11:33:49 | 200.169351 | 354.234955 
 4148.0851 | 08804.0127 | 11:33:50 | 200.171424 | 354.232546 
 4148.0842 | 08804.0100 | 11:33:51 | 200.173751 | 354.231518 
 4148.0862 | 08804.0069 | 11:33:52 | 200.176412 | 354.233826 
 4148.0864 | 08804.0046 | 11:33:53 | 200.178390 | 354.234063 
 4148.0861 | 08804.0030 | 11:33:54 | 200.179769 | 354.233722 
 4148.0860 | 08804.0021 | 11:33:55 | 200.180544 | 354.233609 
 4148.0860 | 08804.0021 | 11:33:56 | 200.180544 | 354.233609 
 4148.0862 | 08804.0021 | 11:33:57 | 200.180543 | 354.233839 
 4148.0862 | 08804.0021 | 11:33:58 | 200.180543 | 354.233839 
 4148.0862 | 08804.0021 | 11:33:59 | 200.180543 | 354.233839 
 4148.0862 | 08804.0021 | 11:34:00 | 200.180543 | 354.233839 
 4148.0862 | 08804.0021 | 11:34:01 | 200.180543 | 354.233839 
 4148.0862 | 08804.0021 | 11:34:02 | 200.180543 | 354.233839 
 4148.0862 | 08804.0021 | 11:34:03 | 200.180543 | 354.233839 
 4148.0862 | 08804.0021 | 11:34:04 | 200.180543 | 354.233839 
 4148.0862 | 08804.0021 | 11:34:05 | 200.180543 | 354.233839 
 4148.0862 | 08804.0021 | 11:34:06 | 200.180543 | 354.233839 
 4148.0862 | 08804.0021 | 11:34:07 | 200.180543 | 354.233839 
 4148.0862 | 08804.0021 | 11:34:08 | 200.180543 | 354.233839 
 4148.0833 | 08804.0033 | 11:34:09 | 200.179520 | 354.230500 
 4148.0849 | 08804.0028 | 11:34:10 | 200.179945 | 354.232342 
 4148.0858 | 08804.0023 | 11:34:11 | 200.180372 | 354.233379 
 4148.0848 | 08804.0034 | 11:34:12 | 200.179429 | 354.232225 
 4148.0834 | 08804.0038 | 11:34:13 | 200.179090 | 354.230614 
 4148.0834 | 08804.0038 | 11:34:14 | 200.179090 | 354.230614 
 4148.0834 | 08804.0038 | 11:34:15 | 200.179090 | 354.230614 
 4148.0834 | 08804.0038 | 11:34:16 | 200.179090 | 354.230614 
 4148.0834 | 08804.0038 | 11:34:17 | 200.179090 | 354.230614 
 4148.0834 | 08804.0038 | 11:34:18 | 200.179090 | 354.230614 
 4148.0834 | 08804.0038 | 11:34:19 | 200.179090 | 354.230614 
 4148.0834 | 08804.0038 | 11:34:20 | 200.179090 | 354.230614 
 4148.0825 | 08804.0037 | 11:34:21 | 200.179179 | 354.229579 
 4148.0828 | 08804.0019 | 11:34:22 | 200.180727 | 354.229929 
 4148.0830 | 08804.0008 | 11:34:23 | 200.181673 | 354.230162 
 4148.0834 | 08804.0002 | 11:34:24 | 200.182188 | 354.230624 
 4148.0835 | 08804.0022 | 11:34:25 | 200.180466 | 354.230733 
 4148.0846 | 08804.0032 | 11:34:26 | 200.179602 | 354.231996 
 4148.0856 | 08804.0037 | 11:34:27 | 200.179168 | 354.233145 
 4148.0856 | 08804.0037 | 11:34:28 | 200.179168 | 354.233145 
 4148.0856 | 08804.0037 | 11:34:29 | 200.179168 | 354.233145 
 4148.0856 | 08804.0037 | 11:34:30 | 200.179168 | 354.233145 
 4148.0846 | 08804.0049 | 11:34:31 | 200.178139 | 354.231991 
 4148.0846 | 08804.0052 | 11:34:32 | 200.177880 | 354.231991 
 4148.0847 | 08804.0055 | 11:34:33 | 200.177622 | 354.232105 
 4148.0848 | 08804.0048 | 11:34:34 | 200.178224 | 354.232222 
 4148.0848 | 08804.0049 | 11:34:35 | 200.178138 | 354.232221 
 4148.0846 | 08804.0056 | 11:34:36 | 200.177536 | 354.231989 
 4148.0846 | 08804.0056 | 11:34:37 | 200.177536 | 354.231989 
 4148.0846 | 08804.0056 | 11:34:38 | 200.177536 | 354.231989 
 4148.0846 | 08804.0056 | 11:34:39 | 200.177536 | 354.231989 
 4148.0846 | 08804.0056 | 11:34:40 | 200.177536 | 354.231989 
 4148.0846 | 08804.0056 | 11:34:41 | 200.177536 | 354.231989 
 4148.0846 | 08804.0056 | 11:34:43 | 200.177536 | 354.231989 
 4148.0846 | 08804.0056 | 11:34:44 | 200.177536 | 354.231989 
 4148.0846 | 08804.0056 | 11:34:45 | 200.177536 | 354.231989 
 4148.0846 | 08804.0056 | 11:34:46 | 200.177536 | 354.231989 
 4148.0846 | 08804.0056 | 11:34:47 | 200.177536 | 354.231989 
 4148.0846 | 08804.0056 | 11:34:48 | 200.177536 | 354.231989 
 4148.0846 | 08804.0056 | 11:34:49 | 200.177536 | 354.231989 
 4148.0846 | 08804.0056 | 11:34:50 | 200.177536 | 354.231989 
 4148.0846 | 08804.0056 | 11:34:51 | 200.177536 | 354.231989 
 4148.0846 | 08804.0056 | 11:34:52 | 200.177536 | 354.231989 
 4148.0846 | 08804.0056 | 11:34:53 | 200.177536 | 354.231989 
 4148.0846 | 08804.0056 | 11:34:54 | 200.177536 | 354.231989 
 4148.0846 | 08804.0056 | 11:34:55 | 200.177536 | 354.231989 
 4148.0846 | 08804.0056 | 11:34:56 | 200.177536 | 354.231989 
 4148.0846 | 08804.0056 | 11:34:57 | 200.177536 | 354.231989 
 4148.0846 | 08804.0056 | 11:34:58 | 200.177536 | 354.231989 
 4148.0846 | 08804.0056 | 11:34:59 | 200.177536 | 354.231989 
 4148.0846 | 08804.0056 | 11:35:00 | 200.177536 | 354.231989 
 4148.0846 | 08804.0056 | 11:35:01 | 200.177536 | 354.231989 
 4148.0846 | 08804.0056 | 11:35:02 | 200.177536 | 354.231989 
 4148.0846 | 08804.0056 | 11:35:03 | 200.177536 | 354.231989 
 4148.0846 | 08804.0056 | 11:35:04 | 200.177536 | 354.231989 
 4148.0846 | 08804.0056 | 11:35:05 | 200.177536 | 354.231989 
 4148.0846 | 08804.0056 | 11:35:06 | 200.177536 | 354.231989 
 4148.0846 | 08804.0056 | 11:35:07 | 200.177536 | 354.231989 
 4148.0846 | 08804.0056 | 11:35:08 | 200.177536 | 354.231989 
 4148.0846 | 08804.0056 | 11:35:09 | 200.177536 | 354.231989 
 4148.0846 | 08804.0056 | 11:35:10 | 200.177536 | 354.231989 
 4148.0846 | 08804.0056 | 11:35:11 | 200.177536 | 354.231989 
 4148.0846 | 08804.0056 | 11:35:12 | 200.177536 | 354.231989 
 4148.0902 | 08804.0000 | 11:35:13 | 200.182336 | 354.238446 
 4148.0894 | 08804.0004 | 11:35:14 | 200.181995 | 354.237524 
 4148.0892 | 08804.0005 | 11:35:15 | 200.181909 | 354.237294 
 4148.0894 | 08804.0003 | 11:35:16 | 200.182081 | 354.237525 
 4148.0894 | 08804.0003 | 11:35:17 | 200.182081 | 354.237525 
 4148.0894 | 08804.0003 | 11:35:18 | 200.182081 | 354.237525 
 4148.0894 | 08804.0003 | 11:35:19 | 200.182081 | 354.237525 
 4148.0894 | 08804.0003 | 11:35:20 | 200.182081 | 354.237525 
 4148.0894 | 08804.0003 | 11:35:21 | 200.182081 | 354.237525 
 4148.0894 | 08804.0003 | 11:35:22 | 200.182081 | 354.237525 
 4148.0894 | 08804.0003 | 11:35:23 | 200.182081 | 354.237525 
 4148.0894 | 08804.0003 | 11:35:24 | 200.182081 | 354.237525 
 4148.0894 | 08804.0003 | 11:35:25 | 200.182081 | 354.237525 
 4148.0894 | 08804.0003 | 11:35:26 | 200.182081 | 354.237525 
 4148.0894 | 08804.0003 | 11:35:27 | 200.182081 | 354.237525 
 4148.0894 | 08804.0003 | 11:35:28 | 200.182081 | 354.237525 
 4148.0894 | 08804.0003 | 11:35:29 | 200.182081 | 354.237525 
 4148.0894 | 08804.0003 | 11:35:30 | 200.182081 | 354.237525 
 4148.0894 | 08804.0003 | 11:35:31 | 200.182081 | 354.237525 
 4148.0894 | 08804.0003 | 11:35:32 | 200.182081 | 354.237525 
 4148.0894 | 08804.0003 | 11:35:33 | 200.182081 | 354.237525 
 4148.0894 | 08804.0003 | 11:35:34 | 200.182081 | 354.237525 
 4148.0894 | 08804.0003 | 11:35:35 | 200.182081 | 354.237525 
 4148.0894 | 08804.0003 | 11:35:36 | 200.182081 | 354.237525 
 4148.0894 | 08804.0003 | 11:35:37 | 200.182081 | 354.237525 
 4148.0894 | 08804.0003 | 11:35:38 | 200.182081 | 354.237525 
 4148.0894 | 08804.0003 | 11:35:39 | 200.182081 | 354.237525 
 4148.0894 | 08804.0003 | 11:35:40 | 200.182081 | 354.237525 
 4148.0894 | 08804.0003 | 11:35:41 | 200.182081 | 354.237525 
 4148.0894 | 08804.0003 | 11:35:42 | 200.182081 | 354.237525 
 4148.0894 | 08804.0003 | 11:35:43 | 200.182081 | 354.237525 
 4148.0894 | 08804.0003 | 11:35:44 | 200.182081 | 354.237525 
 4148.0894 | 08804.0003 | 11:35:45 | 200.182081 | 354.237525 
 4148.0894 | 08804.0003 | 11:35:46 | 200.182081 | 354.237525 
 4148.0894 | 08804.0003 | 11:35:47 | 200.182081 | 354.237525 
 4148.0894 | 08804.0003 | 11:35:48 | 200.182081 | 354.237525 
 4148.0894 | 08804.0003 | 11:35:49 | 200.182081 | 354.237525 
 4148.0894 | 08804.0003 | 11:35:50 | 200.182081 | 354.237525 
 4148.0894 | 08804.0003 | 11:35:51 | 200.182081 | 354.237525 
 4148.0894 | 08804.0003 | 11:35:52 | 200.182081 | 354.237525 
 4148.0894 | 08804.0003 | 11:35:53 | 200.182081 | 354.237525 
 4148.0894 | 08804.0003 | 11:35:54 | 200.182081 | 354.237525 
 4148.0894 | 08804.0003 | 11:35:55 | 200.182081 | 354.237525 
 4148.0894 | 08804.0003 | 11:35:56 | 200.182081 | 354.237525 
 4148.0894 | 08804.0003 | 11:35:57 | 200.182081 | 354.237525 
 4148.0894 | 08804.0003 | 11:35:58 | 200.182081 | 354.237525 
 4148.0894 | 08804.0003 | 11:35:59 | 200.182081 | 354.237525 
 4148.0894 | 08804.0003 | 11:36:00 | 200.182081 | 354.237525 
 4148.0894 | 08804.0003 | 11:36:01 | 200.182081 | 354.237525 
 4148.0894 | 08804.0003 | 11:36:02 | 200.182081 | 354.237525 
 4148.0894 | 08804.0003 | 11:36:03 | 200.182081 | 354.237525 
 4148.0894 | 08804.0003 | 11:36:04 | 200.182081 | 354.237525 
 4148.0894 | 08804.0003 | 11:36:05 | 200.182081 | 354.237525 
 4148.0894 | 08804.0003 | 11:36:06 | 200.182081 | 354.237525 
 4148.0894 | 08804.0003 | 11:36:07 | 200.182081 | 354.237525 
 4148.0894 | 08804.0003 | 11:36:08 | 200.182081 | 354.237525 
 4148.0894 | 08804.0003 | 11:36:09 | 200.182081 | 354.237525 
 4148.0894 | 08804.0003 | 11:36:10 | 200.182081 | 354.237525 
 4148.0894 | 08804.0003 | 11:36:11 | 200.182081 | 354.237525 
 4148.0894 | 08804.0003 | 11:36:12 | 200.182081 | 354.237525 
 4148.0894 | 08804.0003 | 11:36:13 | 200.182081 | 354.237525 
 4148.0894 | 08804.0003 | 11:36:14 | 200.182081 | 354.237525 
 4148.0894 | 08804.0003 | 11:36:15 | 200.182081 | 354.237525 
 4148.0894 | 08804.0003 | 11:36:16 | 200.182081 | 354.237525 
 4148.0894 | 08804.0003 | 11:36:17 | 200.182081 | 354.237525 
 4148.0894 | 08804.0003 | 11:36:18 | 200.182081 | 354.237525 
 4148.0894 | 08804.0003 | 11:36:19 | 200.182081 | 354.237525 
 4148.0894 | 08804.0003 | 11:36:20 | 200.182081 | 354.237525 
 4148.0894 | 08804.0003 | 11:36:21 | 200.182081 | 354.237525 
 4148.0894 | 08804.0003 | 11:36:22 | 200.182081 | 354.237525 
 4148.0894 | 08804.0003 | 11:36:23 | 200.182081 | 354.237525 
 4148.0894 | 08804.0003 | 11:36:24 | 200.182081 | 354.237525 
 4148.0894 | 08804.0003 | 11:36:25 | 200.182081 | 354.237525 
 4148.0894 | 08804.0003 | 11:36:26 | 200.182081 | 354.237525 
 4148.0894 | 08804.0003 | 11:36:27 | 200.182081 | 354.237525 
 4148.0894 | 08804.0003 | 11:36:28 | 200.182081 | 354.237525 
 4148.0894 | 08804.0003 | 11:36:29 | 200.182081 | 354.237525 
 4148.0894 | 08804.0003 | 11:36:30 | 200.182081 | 354.237525 
 4148.0894 | 08804.0003 | 11:36:31 | 200.182081 | 354.237525 
 4148.0894 | 08804.0003 | 11:36:32 | 200.182081 | 354.237525 
 4148.0894 | 08804.0003 | 11:36:33 | 200.182081 | 354.237525 
 4148.0894 | 08804.0003 | 11:36:34 | 200.182081 | 354.237525 
 4148.0894 | 08804.0003 | 11:36:35 | 200.182081 | 354.237525 
 4148.0894 | 08804.0003 | 11:36:36 | 200.182081 | 354.237525 
 4148.0894 | 08804.0003 | 11:36:37 | 200.182081 | 354.237525 
 4148.0894 | 08804.0003 | 11:36:38 | 200.182081 | 354.237525 
 4148.0894 | 08804.0003 | 11:36:39 | 200.182081 | 354.237525 
 4148.0894 | 08804.0003 | 11:36:40 | 200.182081 | 354.237525 
 4148.0894 | 08804.0003 | 11:36:41 | 200.182081 | 354.237525 
 4148.0894 | 08804.0003 | 11:36:42 | 200.182081 | 354.237525 
 4148.0894 | 08804.0003 | 11:36:43 | 200.182081 | 354.237525 
 4148.0894 | 08804.0003 | 11:36:44 | 200.182081 | 354.237525 
 4148.0894 | 08804.0003 | 11:36:45 |