 4150.0545 | 08801.9296 | 11:56:05 | 201.956329 | 356.503737 
 4150.0545 | 08801.9296 | 11:56:17 | 201.956329 | 356.503737 
 4150.0545 | 08801.9296 | 11:56:18 | 201.956329 | 356.503737 
 4150.0545 | 08801.9296 | 11:56:19 | 201.956329 | 356.503737 
 4150.0545 | 08801.9296 | 11:56:20 | 201.956329 | 356.503737 
 4150.0545 | 08801.9296 | 11:56:21 | 201.956329 | 356.503737 
 4150.0569 | 08801.9292 | 11:56:22 | 201.956664 | 356.506499 
 4150.0568 | 08801.9288 | 11:56:23 | 201.957008 | 356.506385 
 4150.0566 | 08801.9284 | 11:56:24 | 201.957353 | 356.506156 
 4150.0564 | 08801.9281 | 11:56:25 | 201.957612 | 356.505927 
 4150.0564 | 08801.9276 | 11:56:26 | 201.958042 | 356.505929 
 4150.0564 | 08801.9270 | 11:56:27 | 201.958558 | 356.505931 
 4150.0564 | 08801.9266 | 11:56:28 | 201.958902 | 356.505932 
 4150.0563 | 08801.9260 | 11:56:29 | 201.959419 | 356.505819 
 4150.0563 | 08801.9255 | 11:56:30 | 201.959849 | 356.505820 
 4150.0560 | 08801.9260 | 11:56:31 | 201.959420 | 356.505473 
 4150.0557 | 08801.9261 | 11:56:32 | 201.959335 | 356.505128 
 4150.0555 | 08801.9262 | 11:56:33 | 201.959250 | 356.504898 
 4150.0555 | 08801.9262 | 11:56:34 | 201.959250 | 356.504898 
 4150.0527 | 08801.9288 | 11:56:35 | 201.957025 | 356.501669 
 4150.0486 | 08801.9283 | 11:56:36 | 201.957471 | 356.496955 
 4150.0444 | 08801.9281 | 11:56:37 | 201.957660 | 356.492124 
 4150.0409 | 08801.9279 | 11:56:38 | 201.957847 | 356.488099 
 4150.0378 | 08801.9277 | 11:56:39 | 201.958031 | 356.484534 
 4150.0348 | 08801.9278 | 11:56:40 | 201.957957 | 356.481083 
 4150.0321 | 08801.9280 | 11:56:41 | 201.957796 | 356.477977 
 4150.0297 | 08801.9285 | 11:56:42 | 201.957376 | 356.475215 
 4150.0273 | 08801.9289 | 11:56:43 | 201.957041 | 356.472453 
 4150.0251 | 08801.9294 | 11:56:44 | 201.956620 | 356.469921 
 4150.0227 | 08801.9300 | 11:56:45 | 201.956114 | 356.467159 
 4150.0202 | 08801.9305 | 11:56:46 | 201.955694 | 356.464281 
 4150.0177 | 08801.9309 | 11:56:47 | 201.955360 | 356.461405 
 4150.0153 | 08801.9312 | 11:56:48 | 201.955111 | 356.458643 
 4150.0133 | 08801.9311 | 11:56:49 | 201.955205 | 356.456343 
 4150.0117 | 08801.9311 | 11:56:50 | 201.955212 | 356.454503 
 4150.0104 | 08801.9310 | 11:56:51 | 201.955303 | 356.453008 
 4150.0097 | 08801.9309 | 11:56:52 | 201.955392 | 356.452203 
 4150.0093 | 08801.9309 | 11:56:53 | 201.955393 | 356.451743 
 4150.0091 | 08801.9308 | 11:56:54 | 201.955480 | 356.451513 
 4150.0091 | 08801.9307 | 11:56:55 | 201.955566 | 356.451513 
 4150.0091 | 08801.9307 | 11:56:56 | 201.955566 | 356.451513 
 4150.0091 | 08801.9307 | 11:56:57 | 201.955566 | 356.451513 
 4150.0091 | 08801.9307 | 11:56:58 | 201.955566 | 356.451513 
 4150.0091 | 08801.9307 | 11:56:59 | 201.955566 | 356.451513 
 4150.0091 | 08801.9307 | 11:57:00 | 201.955566 | 356.451513 
 4150.0082 | 08801.9305 | 11:57:01 | 201.955742 | 356.450479 
 4150.0073 | 08801.9304 | 11:57:02 | 201.955832 | 356.449444 
 4150.0057 | 08801.9305 | 11:57:03 | 201.955752 | 356.447603 
 4150.0034 | 08801.9306 | 11:57:04 | 201.955675 | 356.444957 
 4150.0005 | 08801.9307 | 11:57:05 | 201.955601 | 356.441621 
 4149.9969 | 08801.9308 | 11:57:06 | 201.955529 | 356.437480 
 4149.9933 | 08801.9310 | 11:57:07 | 201.955372 | 356.433339 
 4149.9899 | 08801.9311 | 11:57:08 | 201.955300 | 356.429427 
 4149.9865 | 08801.9313 | 11:57:09 | 201.955141 | 356.425516 
 4149.9830 | 08801.9314 | 11:57:10 | 201.955069 | 356.421490 
 4149.9793 | 08801.9316 | 11:57:11 | 201.954912 | 356.417233 
 4149.9755 | 08801.9313 | 11:57:12 | 201.955186 | 356.412863 
 4149.9716 | 08801.9307 | 11:57:13 | 201.955717 | 356.408379 
 4149.9678 | 08801.9300 | 11:57:14 | 201.956335 | 356.404010 
 4149.9646 | 08801.9244 | 11:57:15 | 201.961165 | 356.400347 
 4149.9636 | 08801.9182 | 11:57:16 | 201.966503 | 356.399215 
 4149.9629 | 08801.9118 | 11:57:17 | 201.972011 | 356.398429 
 4149.9629 | 08801.9047 | 11:57:18 | 201.978119 | 356.398451 
 4149.9630 | 08801.8981 | 11:57:19 | 201.983796 | 356.398586 
 4149.9630 | 08801.8917 | 11:57:20 | 201.989302 | 356.398605 
 4149.9627 | 08801.8852 | 11:57:21 | 201.994894 | 356.398280 
 4149.9639 | 08801.8813 | 11:57:22 | 201.998245 | 356.399672 
 4149.9651 | 08801.8772 | 11:57:23 | 202.001767 | 356.401064 
 4149.9654 | 08801.8731 | 11:57:24 | 202.005292 | 356.401422 
 4149.9656 | 08801.8692 | 11:57:25 | 202.008647 | 356.401664 
 4149.9658 | 08801.8655 | 11:57:26 | 202.011829 | 356.401905 
 4149.9660 | 08801.8622 | 11:57:27 | 202.014667 | 356.402145 
 4149.9662 | 08801.8590 | 11:57:28 | 202.017419 | 356.402385 
 4149.9665 | 08801.8560 | 11:57:29 | 202.019998 | 356.402739 
 4149.9667 | 08801.8530 | 11:57:30 | 202.022578 | 356.402978 
 4149.9669 | 08801.8502 | 11:57:31 | 202.024986 | 356.403216 
 4149.9690 | 08801.8470 | 11:57:32 | 202.027730 | 356.405642 
 4149.9695 | 08801.8436 | 11:57:33 | 202.030653 | 356.406227 
 4149.9702 | 08801.8441 | 11:57:34 | 202.030220 | 356.407031 
 4149.9707 | 08801.8428 | 11:57:35 | 202.031336 | 356.407610 
 4149.9710 | 08801.8399 | 11:57:36 | 202.033830 | 356.407964 
 4149.9714 | 08801.8355 | 11:57:37 | 202.037613 | 356.408437 
 4149.9719 | 08801.8302 | 11:57:38 | 202.042170 | 356.409028 
 4149.9725 | 08801.8242 | 11:57:39 | 202.047330 | 356.409737 
 4149.9732 | 08801.8174 | 11:57:40 | 202.053176 | 356.410562 
 4149.9737 | 08801.8100 | 11:57:41 | 202.059540 | 356.411160 
 4149.9744 | 08801.8023 | 11:57:42 | 202.066161 | 356.411989 
 4149.9751 | 08801.7943 | 11:57:43 | 202.073040 | 356.412818 
 4149.9757 | 08801.7865 | 11:57:44 | 202.079748 | 356.413532 
 4149.9764 | 08801.7794 | 11:57:45 | 202.085852 | 356.414359 
 4149.9770 | 08801.7730 | 11:57:46 | 202.091356 | 356.415068 
 4149.9775 | 08801.7671 | 11:57:47 | 202.096429 | 356.415661 
 4149.9788 | 08801.7635 | 11:57:48 | 202.099521 | 356.417168 
 4149.9799 | 08801.7600 | 11:57:49 | 202.102527 | 356.418443 
 4149.9805 | 08801.7565 | 11:57:50 | 202.105535 | 356.419144 
 4149.9807 | 08801.7532 | 11:57:51 | 202.108373 | 356.419384 
 4149.9811 | 08801.7502 | 11:57:52 | 202.110952 | 356.419854 
 4149.9815 | 08801.7477 | 11:57:53 | 202.113101 | 356.420321 
 4149.9816 | 08801.7459 | 11:57:54 | 202.114649 | 356.420442 
 4149.9818 | 08801.7448 | 11:57:55 | 202.115595 | 356.420675 
 4149.9820 | 08801.7440 | 11:57:56 | 202.116282 | 356.420908 
 4149.9822 | 08801.7437 | 11:57:57 | 202.116539 | 356.421139 
 4149.9823 | 08801.7435 | 11:57:58 | 202.116711 | 356.421254 
 4149.9825 | 08801.7436 | 11:57:59 | 202.116624 | 356.421484 
 4149.9826 | 08801.7436 | 11:58:00 | 202.116624 | 356.421599 
 4149.9828 | 08801.7432 | 11:58:01 | 202.116967 | 356.421830 
 4149.9830 | 08801.7423 | 11:58:02 | 202.117740 | 356.422063 
 4149.9835 | 08801.7404 | 11:58:03 | 202.119373 | 356.422644 
 4149.9839 | 08801.7372 | 11:58:04 | 202.122124 | 356.423114 
 4149.9845 | 08801.7327 | 11:58:05 | 202.125993 | 356.423818 
 4149.9852 | 08801.7273 | 11:58:06 | 202.130635 | 356.424639 
 4149.9860 | 08801.7214 | 11:58:07 | 202.135707 | 356.425578 
 4149.9864 | 08801.7146 | 11:58:08 | 202.141555 | 356.426058 
 4149.9870 | 08801.7071 | 11:58:09 | 202.148005 | 356.426771 
 4149.9879 | 08801.6994 | 11:58:10 | 202.154625 | 356.427830 
 4149.9889 | 08801.6915 | 11:58:11 | 202.161416 | 356.429004 
 4149.9897 | 08801.6833 | 11:58:12 | 202.168467 | 356.429950 
 4149.9907 | 08801.6753 | 11:58:13 | 202.175345 | 356.431124 
 4149.9918 | 08801.6676 | 11:58:14 | 202.181964 | 356.432413 
 4149.9928 | 08801.6598 | 11:58:15 | 202.188670 | 356.433587 
 4149.9936 | 08801.6520 | 11:58:16 | 202.195377 | 356.434531 
 4149.9949 | 08801.6443 | 11:58:17 | 202.201995 | 356.436050 
 4149.9962 | 08801.6365 | 11:58:18 | 202.208700 | 356.437570 
 4149.9976 | 08801.6286 | 11:58:19 | 202.215490 | 356.439204 
 4149.9990 | 08801.6208 | 11:58:20 | 202.222194 | 356.440838 
 4150.0002 | 08801.6130 | 11:58:21 | 202.228899 | 356.442243 
 4150.0024 | 08801.6080 | 11:58:22 | 202.233191 | 356.444788 
 4150.0038 | 08801.6015 | 11:58:23 | 202.238777 | 356.446419 
 4150.0051 | 08801.5951 | 11:58:24 | 202.244277 | 356.447934 
 4150.0060 | 08801.5891 | 11:58:25 | 202.249435 | 356.448987 
 4150.0070 | 08801.5830 | 11:58:26 | 202.254678 | 356.450156 
 4150.0082 | 08801.5783 | 11:58:27 | 202.258716 | 356.451551 
 4150.0090 | 08801.5736 | 11:58:28 | 202.262756 | 356.452486 
 4150.0087 | 08801.5691 | 11:58:29 | 202.266628 | 356.452154 
 4150.0083 | 08801.5651 | 11:58:30 | 202.270071 | 356.451707 
 4150.0105 | 08801.5660 | 11:58:31 | 202.269287 | 356.454234 
 4150.0114 | 08801.5665 | 11:58:32 | 202.268854 | 356.455268 
 4150.0120 | 08801.5671 | 11:58:33 | 202.268335 | 356.455956 
 4150.0122 | 08801.5674 | 11:58:34 | 202.268076 | 356.456186 
 4150.0122 | 08801.5675 | 11:58:35 | 202.267990 | 356.456185 
 4150.0122 | 08801.5675 | 11:58:36 | 202.267990 | 356.456185 
 4150.0122 | 08801.5675 | 11:58:37 | 202.267990 | 356.456185 
 4150.0122 | 08801.5675 | 11:58:38 | 202.267990 | 356.456185 
 4150.0122 | 08801.5675 | 11:58:39 | 202.267990 | 356.456185 
 4150.0122 | 08801.5675 | 11:58:40 | 202.267990 | 356.456185 
 4150.0122 | 08801.5675 | 11:58:41 | 202.267990 | 356.456185 
 4150.0122 | 08801.5675 | 11:58:42 | 202.267990 | 356.456185 
 4150.0122 | 08801.5675 | 11:58:43 | 202.267990 | 356.456185 
 4150.0122 | 08801.5675 | 11:58:44 | 202.267990 | 356.456185 
 4150.0122 | 08801.5675 | 11:58:45 | 202.267990 | 356.456185 
 4150.0122 | 08801.5675 | 11:58:46 | 202.267990 | 356.456185 
 4150.0122 | 08801.5675 | 11:58:47 | 202.267990 | 356.456185 
 4150.0122 | 08801.5675 | 11:58:48 | 202.267990 | 356.456185 
 4150.0122 | 08801.5675 | 11:58:49 | 202.267990 | 356.456185 
 4150.0122 | 08801.5675 | 11:58:50 | 202.267990 | 356.456185 
 4150.0122 | 08801.5675 | 11:58:51 | 202.267990 | 356.456185 
 4150.0119 | 08801.5672 | 11:58:52 | 202.268249 | 356.455841 
 4150.0123 | 08801.5666 | 11:58:53 | 202.268764 | 356.456303 
 4150.0130 | 08801.5656 | 11:58:54 | 202.269621 | 356.457111 
 4150.0140 | 08801.5634 | 11:58:55 | 202.271510 | 356.458268 
 4150.0106 | 08801.5581 | 11:58:56 | 202.276083 | 356.454374 
 4150.0107 | 08801.5541 | 11:58:57 | 202.279523 | 356.454501 
 4150.0114 | 08801.5503 | 11:58:58 | 202.282789 | 356.455318 
 4150.0119 | 08801.5465 | 11:58:59 | 202.286056 | 356.455905 
 4150.0126 | 08801.5415 | 11:59:00 | 202.290355 | 356.456725 
 4150.0129 | 08801.5366 | 11:59:01 | 202.294568 | 356.457086 
 4150.0206 | 08801.5351 | 11:59:02 | 202.295827 | 356.465947 
 4150.0261 | 08801.5340 | 11:59:03 | 202.296751 | 356.472277 
 4150.0348 | 08801.5344 | 11:59:04 | 202.296371 | 356.482283 
 4150.0445 | 08801.5362 | 11:59:05 | 202.294782 | 356.493434 
 4150.0522 | 08801.5366 | 11:59:06 | 202.294406 | 356.502290 
 4150.0601 | 08801.5369 | 11:59:07 | 202.294116 | 356.511376 
 4150.0684 | 08801.5375 | 11:59:08 | 202.293566 | 356.520921 
 4150.0770 | 08801.5381 | 11:59:09 | 202.293014 | 356.530811 
 4150.0859 | 08801.5387 | 11:59:10 | 202.292461 | 356.541046 
 4150.0953 | 08801.5388 | 11:59:11 | 202.292336 | 356.551858 
 4150.1049 | 08801.5393 | 11:59:12 | 202.291867 | 356.562899 
 4150.1150 | 08801.5397 | 11:59:13 | 202.291481 | 356.574515 
 4150.1252 | 08801.5402 | 11:59:14 | 202.291009 | 356.586246 
 4150.1356 | 08801.5406 | 11:59:15 | 202.290622 | 356.598207 
 4150.1463 | 08801.5411 | 11:59:16 | 202.290148 | 356.610513 
 4150.1571 | 08801.5418 | 11:59:17 | 202.289501 | 356.622934 
 4150.1679 | 08801.5424 | 11:59:18 | 202.288941 | 356.635355 
 4150.1787 | 08801.5431 | 11:59:19 | 202.288294 | 356.647775 
 4150.1896 | 08801.5437 | 11:59:20 | 202.287733 | 356.660311 
 4150.2006 | 08801.5441 | 11:59:21 | 202.287344 | 356.672962 
 4150.2117 | 08801.5444 | 11:59:22 | 202.287040 | 356.685729 
 4150.2229 | 08801.5447 | 11:59:23 | 202.286736 | 356.698611 
 4150.2340 | 08801.5453 | 11:59:24 | 202.286174 | 356.711376 
 4150.2457 | 08801.5458 | 11:59:25 | 202.285695 | 356.724833 
 4150.2572 | 08801.5464 | 11:59:26 | 202.285132 | 356.738059 
 4150.2689 | 08801.5470 | 11:59:27 | 202.284568 | 356.751514 
 4150.2804 | 08801.5476 | 11:59:28 | 202.284004 | 356.764740 
 4150.2921 | 08801.5481 | 11:59:29 | 202.283526 | 356.778197 
 4150.3034 | 08801.5486 | 11:59:30 | 202.283049 | 356.791193 
 4150.3140 | 08801.5492 | 11:59:31 | 202.282490 | 356.803383 
 4150.3246 | 08801.5496 | 11:59:32 | 202.282102 | 356.815575 
 4150.3351 | 08801.5500 | 11:59:33 | 202.281715 | 356.827651 
 4150.3455 | 08801.5504 | 11:59:34 | 202.281328 | 356.839612 
 4150.3556 | 08801.5506 | 11:59:35 | 202.281114 | 356.851229 
 4150.3657 | 08801.5509 | 11:59:36 | 202.280814 | 356.862846 
 4150.3755 | 08801.5511 | 11:59:37 | 202.280602 | 356.874117 
 4150.3849 | 08801.5512 | 11:59:38 | 202.280477 | 356.884929 
 4150.3941 | 08801.5514 | 11:59:39 | 202.280267 | 356.895511 
 4150.4026 | 08801.5515 | 11:59:40 | 202.280146 | 356.905288 
 4150.4102 | 08801.5516 | 11:59:41 | 202.280029 | 356.914029 
 4150.4173 | 08801.5518 | 11:59:42 | 202.279828 | 356.922195 
 4150.4240 | 08801.5524 | 11:59:43 | 202.279284 | 356.929900 
 4150.4264 | 08801.5523 | 11:59:44 | 202.279360 | 356.932661 
 4150.4294 | 08801.5522 | 11:59:45 | 202.279434 | 356.936112 
 4150.4316 | 08801.5519 | 11:59:46 | 202.279683 | 356.938643 
 4150.4324 | 08801.5521 | 11:59:47 | 202.279508 | 356.939563 
 4150.4320 | 08801.5514 | 11:59:48 | 202.280111 | 356.939105 
 4150.4322 | 08801.5515 | 11:59:49 | 202.280025 | 356.939335 
 4150.4322 | 08801.5516 | 11:59:50 | 202.279939 | 356.939334 
 4150.4312 | 08801.5511 | 11:59:51 | 202.280373 | 356.938186 
 4150.4312 | 08801.5511 | 11:59:52 | 202.280373 | 356.938186 
 4150.4312 | 08801.5511 | 11:59:53 | 202.280373 | 356.938186 
 4150.4312 | 08801.5511 | 11:59:54 | 202.280373 | 356.938186 
 4150.4312 | 08801.5511 | 11:59:55 | 202.280373 | 356.938186 
 4150.4312 | 08801.5511 | 11:59:56 | 202.280373 | 356.938186 
 4150.4312 | 08801.5511 | 11:59:57 | 202.280373 | 356.938186 
 4150.4312 | 08801.5511 | 11:59:58 | 202.280373 | 356.938186 
 4150.4312 | 08801.5511 | 11:59:59 | 202.280373 | 356.938186 
 4150.4312 | 08801.5511 | 12:00:00 | 202.280373 | 356.938186 
 4150.4303 | 08801.5504 | 12:00:01 | 202.280979 | 356.937153 
 4150.4317 | 08801.5505 | 12:00:02 | 202.280887 | 356.938763 
 4150.4341 | 08801.5509 | 12:00:03 | 202.280533 | 356.941522 
 4150.4372 | 08801.5514 | 12:00:04 | 202.280090 | 356.945086 
 4150.4409 | 08801.5517 | 12:00:05 | 202.279817 | 356.949341 
 4150.4451 | 08801.5521 | 12:00:06 | 202.279455 | 356.954171 
 4150.4504 | 08801.5524 | 12:00:07 | 202.279175 | 356.960266 
 4150.4559 | 08801.5527 | 12:00:08 | 202.278895 | 356.966592 
 4150.4617 | 08801.5529 | 12:00:09 | 202.278699 | 356.973262 
 4150.4680 | 08801.5532 | 12:00:10 | 202.278415 | 356.980508 
 4150.4748 | 08801.5536 | 12:00:11 | 202.278043 | 356.988328 
 4150.4822 | 08801.5542 | 12:00:12 | 202.277496 | 356.996838 
 4150.4900 | 08801.5547 | 12:00:13 | 202.277034 | 357.005809 
 4150.4981 | 08801.5555 | 12:00:14 | 202.276313 | 357.015123 
 4150.5065 | 08801.5563 | 12:00:15 | 202.275590 | 357.024783 
 4150.5154 | 08801.5578 | 12:00:16 | 202.274263 | 357.035015 
 4150.5242 | 08801.5585 | 12:00:17 | 202.273625 | 357.045135 
 4150.5330 | 08801.5596 | 12:00:18 | 202.272643 | 357.055254 
 4150.5419 | 08801.5606 | 12:00:19 | 202.271746 | 357.065488 
 4150.5509 | 08801.5615 | 12:00:20 | 202.270935 | 357.075837 
 4150.5600 | 08801.5625 | 12:00:21 | 202.270037 | 357.086301 
 4150.5691 | 08801.5634 | 12:00:22 | 202.269226 | 357.096766 
 4150.5783 | 08801.5642 | 12:00:23 | 202.268500 | 357.107346 
 4150.5867 | 08801.5629 | 12:00:24 | 202.269583 | 357.117012 
 4150.5959 | 08801.5629 | 12:00:25 | 202.269545 | 357.127594 
 4150.6047 | 08801.5607 | 12:00:26 | 202.271401 | 357.137723 
 4150.6134 | 08801.5599 | 12:00:27 | 202.272054 | 357.147732 
 4150.6219 | 08801.5599 | 12:00:28 | 202.272019 | 357.157509 
 4150.6303 | 08801.5602 | 12:00:29 | 202.271726 | 357.167170 
 4150.6387 | 08801.5606 | 12:00:30 | 202.271347 | 357.176831 
 4150.6463 | 08801.5607 | 12:00:31 | 202.271230 | 357.185573 
 4150.6534 | 08801.5607 | 12:00:32 | 202.271201 | 357.193739 
 4150.6595 | 08801.5601 | 12:00:33 | 202.271692 | 357.200758 
 4150.6648 | 08801.5590 | 12:00:34 | 202.272616 | 357.206857 
 4150.6698 | 08801.5577 | 12:00:35 | 202.273714 | 357.212613 
 4150.6742 | 08801.5523 | 12:00:36 | 202.278340 | 357.217690 
 4150.6775 | 08801.5486 | 12:00:37 | 202.281509 | 357.221497 
 4150.6812 | 08801.5450 | 12:00:38 | 202.284590 | 357.225764 
 4150.6758 | 08801.5260 | 12:00:39 | 202.300954 | 357.219612 
 4150.6754 | 08801.5159 | 12:00:40 | 202.309642 | 357.219183 
 4150.6756 | 08801.5067 | 12:00:41 | 202.317554 | 357.219441 
 4150.6768 | 08801.4979 | 12:00:42 | 202.325118 | 357.220849 
 4150.6779 | 08801.4888 | 12:00:43 | 202.332940 | 357.222142 
 4150.6792 | 08801.4797 | 12:00:44 | 202.340761 | 357.223665 
 4150.6806 | 08801.4707 | 12:00:45 | 202.348496 | 357.225304 
 4150.6820 | 08801.4618 | 12:00:46 | 202.356145 | 357.226941 
 4150.6836 | 08801.4527 | 12:00:47 | 202.363965 | 357.228810 
 4150.6851 | 08801.4431 | 12:00:48 | 202.372216 | 357.230565 
 4150.6869 | 08801.4333 | 12:00:49 | 202.380637 | 357.232666 
 4150.6891 | 08801.4236 | 12:00:50 | 202.388971 | 357.235226 
 4150.6918 | 08801.4142 | 12:00:51 | 202.397045 | 357.238361 
 4150.6953 | 08801.4049 | 12:00:52 | 202.405029 | 357.242416 
 4150.6986 | 08801.3955 | 12:00:53 | 202.413100 | 357.246241 
 4150.7016 | 08801.3860 | 12:00:54 | 202.421258 | 357.249721 
 4150.7044 | 08801.3765 | 12:00:55 | 202.429417 | 357.252971 
 4150.7070 | 08801.3669 | 12:00:56 | 202.437663 | 357.255992 
 4150.7094 | 08801.3573 | 12:00:57 | 202.445910 | 357.258782 
 4150.7116 | 08801.3477 | 12:00:58 | 202.454158 | 357.261343 
 4150.7131 | 08801.3374 | 12:00:59 | 202.463010 | 357.263100 
 4150.7145 | 08801.3272 | 12:01:00 | 202.471777 | 357.264742 
 4150.7157 | 08801.3170 | 12:01:01 | 202.480545 | 357.266154 
 4150.7166 | 08801.3067 | 12:01:02 | 202.489400 | 357.267222 
 4150.7181 | 08801.2967 | 12:01:03 | 202.497994 | 357.268978 
 4150.7187 | 08801.2862 | 12:01:04 | 202.507023 | 357.269701 
 4150.7190 | 08801.2756 | 12:01:05 | 202.516138 | 357.270079 
 4150.7189 | 08801.2644 | 12:01:06 | 202.525771 | 357.269999 
 4150.7188 | 08801.2534 | 12:01:07 | 202.535233 | 357.269919 
 4150.7187 | 08801.2426 | 12:01:08 | 202.544522 | 357.269837 
 4150.7189 | 08801.2322 | 12:01:09 | 202.553466 | 357.270100 
 4150.7190 | 08801.2220 | 12:01:10 | 202.562238 | 357.270247 
 4150.7191 | 08801.2118 | 12:01:11 | 202.571010 | 357.270394 
 4150.7191 | 08801.2014 | 12:01:12 | 202.579955 | 357.270427 
 4150.7192 | 08801.1909 | 12:01:13 | 202.588986 | 357.270575 
 4150.7193 | 08801.1803 | 12:01:14 | 202.598102 | 357.270723 
 4150.7194 | 08801.1696 | 12:01:15 | 202.607304 | 357.270872 
 4150.7195 | 08801.1588 | 12:01:16 | 202.616593 | 357.271021 
 4150.7197 | 08801.1478 | 12:01:17 | 202.626053 | 357.271285 
 4150.7199 | 08801.1370 | 12:01:18 | 202.635341 | 357.271549 
 4150.7201 | 08801.1265 | 12:01:19 | 202.644371 | 357.271812 
 4150.7202 | 08801.1163 | 12:01:20 | 202.653143 | 357.271960 
 4150.7204 | 08801.1064 | 12:01:21 | 202.661657 | 357.272221 
 4150.7206 | 08801.0968 | 12:01:22 | 202.669913 | 357.272481 
 4150.7207 | 08801.0876 | 12:01:23 | 202.677825 | 357.272625 
 4150.7209 | 08801.0788 | 12:01:24 | 202.685393 | 357.272883 
 4150.7211 | 08801.0704 | 12:01:25 | 202.692617 | 357.273140 
 4150.7211 | 08801.0622 | 12:01:26 | 202.699669 | 357.273166 
 4150.7212 | 08801.0543 | 12:01:27 | 202.706463 | 357.273306 
 4150.7213 | 08801.0465 | 12:01:28 | 202.713172 | 357.273445 
 4150.7215 | 08801.0386 | 12:01:29 | 202.719965 | 357.273700 
 4150.7218 | 08801.0308 | 12:01:30 | 202.726673 | 357.274070 
 4150.7221 | 08801.0229 | 12:01:31 | 202.733466 | 357.274440 
 4150.7222 | 08801.0153 | 12:01:32 | 202.740002 | 357.274579 
 4150.7220 | 08801.0084 | 12:01:33 | 202.745937 | 357.274371 
 4150.7218 | 08801.0028 | 12:01:34 | 202.750755 | 357.274159 
 4150.7218 | 08800.9979 | 12:01:35 | 202.754969 | 357.274174 
 4150.7219 | 08800.9928 | 12:01:36 | 202.759355 | 357.274305 
 4150.7219 | 08800.9870 | 12:01:37 | 202.764343 | 357.274324 
 4150.7221 | 08800.9803 | 12:01:38 | 202.770105 | 357.274575 
 4150.7223 | 08800.9729 | 12:01:39 | 202.776469 | 357.274829 
 4150.7223 | 08800.9650 | 12:01:40 | 202.783263 | 357.274854 
 4150.7224 | 08800.9568 | 12:01:41 | 202.790315 | 357.274995 
 4150.7229 | 08800.9484 | 12:01:42 | 202.797538 | 357.275597 
 4150.7233 | 08800.9397 | 12:01:43 | 202.805019 | 357.276085 
 4150.7238 | 08800.9308 | 12:01:44 | 202.812671 | 357.276688 
 4150.7242 | 08800.9220 | 12:01:45 | 202.820238 | 357.277176 
 4150.7245 | 08800.9131 | 12:01:46 | 202.827892 | 357.277549 
 4150.7249 | 08800.9042 | 12:01:47 | 202.835545 | 357.278038 
 4150.7252 | 08800.8951 | 12:01:48 | 202.843370 | 357.278412 
 4150.7255 | 08800.8858 | 12:01:49 | 202.851368 | 357.278787 
 4150.7260 | 08800.8763 | 12:01:50 | 202.859536 | 357.279392 
 4150.7263 | 08800.8666 | 12:01:51 | 202.867878 | 357.279768 
 4150.7263 | 08800.8567 | 12:01:52 | 202.876392 | 357.279800 
 4150.7266 | 08800.8468 | 12:01:53 | 202.884906 | 357.280177 
 4150.7270 | 08800.8368 | 12:01:54 | 202.893505 | 357.280669 
 4150.7274 | 08800.8266 | 12:01:55 | 202.902276 | 357.281161 
 4150.7279 | 08800.8161 | 12:01:56 | 202.911304 | 357.281770 
 4150.7283 | 08800.8055 | 12:01:57 | 202.920419 | 357.282264 
 4150.7288 | 08800.7948 | 12:01:58 | 202.929620 | 357.282874 
 4150.7292 | 08800.7841 | 12:01:59 | 202.938821 | 357.283368 
 4150.7296 | 08800.7734 | 12:02:00 | 202.948022 | 357.283862 
 4150.7299 | 08800.7630 | 12:02:01 | 202.956966 | 357.284241 
 4150.7298 | 08800.7536 | 12:02:02 | 202.965051 | 357.284156 
 4150.7298 | 08800.7451 | 12:02:03 | 202.972361 | 357.284183 
 4150.7297 | 08800.7380 | 12:02:04 | 202.978468 | 357.284091 
 4150.7297 | 08800.7320 | 12:02:05 | 202.983629 | 357.284110 
 4150.7295 | 08800.7272 | 12:02:06 | 202.987758 | 357.283896 
 4150.7293 | 08800.7237 | 12:02:07 | 202.990769 | 357.283677 
 4150.7305 | 08800.7216 | 12:02:08 | 202.992570 | 357.285064 
 4150.7301 | 08800.7202 | 12:02:09 | 202.993776 | 357.284608 
 4150.7300 | 08800.7195 | 12:02:10 | 202.994378 | 357.284496 
 4150.7299 | 08800.7194 | 12:02:11 | 202.994465 | 357.284381 
 4150.7297 | 08800.7196 | 12:02:12 | 202.994294 | 357.284150 
 4150.7295 | 08800.7197 | 12:02:13 | 202.994208 | 357.283920 
 4150.7293 | 08800.7196 | 12:02:14 | 202.994295 | 357.283690 
 4150.7291 | 08800.7192 | 12:02:15 | 202.994640 | 357.283461 
 4150.7290 | 08800.7185 | 12:02:16 | 202.995243 | 357.283349 
 4150.7290 | 08800.7179 | 12:02:17 | 202.995759 | 357.283351 
 4150.7289 | 08800.7173 | 12:02:18 | 202.996275 | 357.283238 
 4150.7287 | 08800.7165 | 12:02:19 | 202.996964 | 357.283010 
 4150.7286 | 08800.7156 | 12:02:20 | 202.997739 | 357.282898 
 4150.7285 | 08800.7146 | 12:02:21 | 202.998599 | 357.282786 
 4150.7284 | 08800.7135 | 12:02:22 | 202.999546 | 357.282675 
 4150.7284 | 08800.7123 | 12:02:23 | 203.000578 | 357.282678 
 4150.7282 | 08800.7110 | 12:02:24 | 203.001697 | 357.282453 
 4150.7281 | 08800.7097 | 12:02:25 | 203.002815 | 357.282342 
 4150.7281 | 08800.7085 | 12:02:26 | 203.003847 | 357.282346 
 4150.7281 | 08800.7076 | 12:02:27 | 203.004621 | 357.282349 
 4150.7280 | 08800.7071 | 12:02:28 | 203.005052 | 357.282235 
 4150.7279 | 08800.7070 | 12:02:29 | 203.005138 | 357.282120 
 4150.7279 | 08800.7071 | 12:02:30 | 203.005052 | 357.282120 
 4150.7279 | 08800.7071 | 12:02:31 | 203.005052 | 357.282120 
 4150.7279 | 08800.7071 | 12:02:32 | 203.005052 | 357.282120 
 4150.7279 | 08800.7071 | 12:02:33 | 203.005052 | 357.282120 
 4150.7279 | 08800.7071 | 12:02:34 | 203.005052 | 357.282120 
 4150.7279 | 08800.7071 | 12:02:35 | 203.005052 | 357.282120 
 4150.7279 | 08800.7071 | 12:02:36 | 203.005052 | 357.282120 
 4150.7279 | 08800.7071 | 12:02:37 | 203.005052 | 357.282120 
 4150.7279 | 08800.7071 | 12:02:38 | 203.005052 | 357.282120 
 4150.7279 | 08800.7071 | 12:02:39 | 203.005052 | 357.282120 
 4150.7279 | 08800.7071 | 12:02:40 | 203.005052 | 357.282120 
 4150.7279 | 08800.7071 | 12:02:41 | 203.005052 | 357.282120 
 4150.7279 | 08800.7071 | 12:02:42 | 203.005052 | 357.282120 
 4150.7279 | 08800.7071 | 12:02:43 | 203.005052 | 357.282120 
 4150.7279 | 08800.7071 | 12:02:44 | 203.005052 | 357.282120 
 4150.7279 | 08800.7071 | 12:02:45 | 203.005052 | 357.282120 
 4150.7279 | 08800.7071 | 12:02:46 | 203.005052 | 357.282120 
 4150.7279 | 08800.7071 | 12:02:47 | 203.005052 | 357.282120 
 4150.7279 | 08800.7071 | 12:02:48 | 203.005052 | 357.282120 
 4150.7279 | 08800.7071 | 12:02:49 | 203.005052 | 357.282120 
 4150.7279 | 08800.7071 | 12:02:50 | 203.005052 | 357.282120 
 4150.7279 | 08800.7071 | 12:02:51 | 203.005052 | 357.282120 
 4150.7279 | 08800.7071 | 12:02:52 | 203.005052 | 357.282120 
 4150.7279 | 08800.7071 | 12:02:53 | 203.005052 | 357.282120 
 4150.7279 | 08800.7071 | 12:02:54 | 203.005052 | 357.282120 
 4150.7279 | 08800.7071 | 12:02:55 | 203.005052 | 357.282120 
 4150.7279 | 08800.7071 | 12:02:56 | 203.005052 | 357.282120 
 4150.7279 | 08800.7071 | 12:02:57 | 203.005052 | 357.282120 
 4150.7279 | 08800.7071 | 12:02:58 | 203.005052 | 357.282120 
 4150.7279 | 08800.7071 | 12:02:59 | 203.005052 | 357.282120 
 4150.7279 | 08800.7071 | 12:03:00 | 203.005052 | 357.282120 
 4150.7279 | 08800.7071 | 12:03:01 | 203.005052 | 357.282120 
 4150.7279 | 08800.7071 | 12:03:02 | 203.005052 | 357.282120 
 4150.7279 | 08800.7071 | 12:03:03 | 203.005052 | 357.282120 
 4150.7279 | 08800.7071 | 12:03:04 | 203.005052 | 357.282120 
 4150.7279 | 08800.7071 | 12:03:05 | 203.005052 | 357.282120 
 4150.7279 | 08800.7071 | 12:03:06 | 203.005052 | 357.282120 
 4150.7279 | 08800.7071 | 12:03:07 | 203.005052 | 357.282120 
 4150.7279 | 08800.7071 | 12:03:08 | 203.005052 | 357.282120 
 4150.7279 | 08800.7071 | 12:03:09 | 203.005052 | 357.282120 
 4150.7279 | 08800.7071 | 12:03:10 | 203.005052 | 357.282120 
 4150.7279 | 08800.7071 | 12:03:11 | 203.005052 | 357.282120 
 4150.7279 | 08800.7071 | 12:03:12 | 203.005052 | 357.282120 
 4150.7279 | 08800.7071 | 12:03:13 | 203.005052 | 357.282120 
 4150.7279 | 08800.7071 | 12:03:14 | 203.005052 | 357.282120 
 4150.7279 | 08800.7071 | 12:03:15 | 203.005052 | 357.282120 
 4150.7366 | 08800.7102 | 12:03:16 | 203.002349 | 357.292117 
 4150.7366 | 08800.7080 | 12:03:17 | 203.004241 | 357.292124 
 4150.7367 | 08800.7041 | 12:03:18 | 203.007595 | 357.292252 
 4150.7367 | 08800.6992 | 12:03:19 | 203.011809 | 357.292268 
 4150.7368 | 08800.6934 | 12:03:20 | 203.016797 | 357.292401 
 4150.7370 | 08800.6865 | 12:03:21 | 203.022731 | 357.292654 
 4150.7373 | 08800.6787 | 12:03:22 | 203.029438 | 357.293024 
 4150.7375 | 08800.6703 | 12:03:23 | 203.036662 | 357.293281 
 4150.7377 | 08800.6614 | 12:03:24 | 203.044315 | 357.293540 
 4150.7380 | 08800.6518 | 12:03:25 | 203.052571 | 357.293916 
 4150.7382 | 08800.6417 | 12:03:26 | 203.061257 | 357.294179 
 4150.7385 | 08800.6311 | 12:03:27 | 203.070372 | 357.294558 
 4150.7387 | 08800.6204 | 12:03:28 | 203.079574 | 357.294823 
 4150.7390 | 08800.6094 | 12:03:29 | 203.089033 | 357.295203 
 4150.7391 | 08800.5982 | 12:03:30 | 203.098666 | 357.295354 
 4150.7392 | 08800.5868 | 12:03:31 | 203.108470 | 357.295506 
 4150.7393 | 08800.5754 | 12:03:32 | 203.118274 | 357.295658 
 4150.7394 | 08800.5639 | 12:03:33 | 203.128165 | 357.295811 
 4150.7394 | 08800.5524 | 12:03:34 | 203.138056 | 357.295848 
 4150.7394 | 08800.5408 | 12:03:35 | 203.148032 | 357.295886 
 4150.7395 | 08800.5291 | 12:03:36 | 203.158095 | 357.296039 
 4150.7398 | 08800.5171 | 12:03:37 | 203.168414 | 357.296423 
 4150.7402 | 08800.5051 | 12:03:38 | 203.178733 | 357.296922 
 4150.7404 | 08800.4932 | 12:03:39 | 203.188967 | 357.297191 
 4150.7407 | 08800.4814 | 12:03:40 | 203.199115 | 357.297574 
 4150.7410 | 08800.4699 | 12:03:41 | 203.209004 | 357.297957 
 4150.7413 | 08800.4588 | 12:03:42 | 203.218550 | 357.298338 
 4150.7415 | 08800.4483 | 12:03:43 | 203.227580 | 357.298602 
 4150.7418 | 08800.4385 | 12:03:44 | 203.236007 | 357.298979 
 4150.7420 | 08800.4293 | 12:03:45 | 203.243919 | 357.299239 
 4150.7422 | 08800.4209 | 12:03:46 | 203.251143 | 357.299497 
 4150.7424 | 08800.4130 | 12:03:47 | 203.257936 | 357.299753 
 4150.7429 | 08800.4056 | 12:03:48 | 203.264299 | 357.300352 
 4150.7435 | 08800.3985 | 12:03:49 | 203.270402 | 357.301066 
 4150.7430 | 08800.3923 | 12:03:50 | 203.275737 | 357.300511 
 4150.7428 | 08800.3868 | 12:03:51 | 203.280468 | 357.300299 
 4150.7424 | 08800.3830 | 12:03:52 | 203.283738 | 357.299851 
 4150.7419 | 08800.3806 | 12:03:53 | 203.285805 | 357.299284 
 4150.7416 | 08800.3797 | 12:03:54 | 203.286580 | 357.298942 
 4150.7413 | 08800.3792 | 12:03:55 | 203.287011 | 357.298598 
 4150.7410 | 08800.3789 | 12:03:56 | 203.287271 | 357.298254 
 4150.7408 | 08800.3784 | 12:03:57 | 203.287702 | 357.298026 
 4150.7408 | 08800.3771 | 12:03:58 | 203.288820 | 357.298030 
 4150.7419 | 08800.3747 | 12:03:59 | 203.290879 | 357.299303 
 4150.7442 | 08800.3732 | 12:04:00 | 203.292159 | 357.301954 
 4150.7468 | 08800.3728 | 12:04:01 | 203.292492 | 357.304945 
 4150.7492 | 08800.3727 | 12:04:02 | 203.292567 | 357.307706 
 4150.7535 | 08800.3729 | 12:04:03 | 203.292376 | 357.312652 
 4150.7569 | 08800.3739 | 12:04:04 | 203.291501 | 357.316559 
 4150.7639 | 08800.3773 | 12:04:05 | 203.288547 | 357.324600 
 4150.7677 | 08800.3785 | 12:04:06 | 203.287498 | 357.328967 
 4150.7705 | 08800.3791 | 12:04:07 | 203.286970 | 357.332186 
 4150.7737 | 08800.3792 | 12:04:08 | 203.286870 | 357.335866 
 4150.7758 | 08800.3798 | 12:04:09 | 203.286344 | 357.338280 
 4150.7715 | 08800.3674 | 12:04:10 | 203.297028 | 357.333374 
 4150.7711 | 08800.3620 | 12:04:11 | 203.301674 | 357.332932 
 4150.7709 | 08800.3565 | 12:04:12 | 203.306405 | 357.332720 
 4150.7706 | 08800.3513 | 12:04:13 | 203.310879 | 357.332392 
 4150.7704 | 08800.3464 | 12:04:14 | 203.315094 | 357.332178 
 4150.7701 | 08800.3423 | 12:04:15 | 203.318622 | 357.331846 
 4150.7699 | 08800.3377 | 12:04:16 | 203.322579 | 357.331631 
 4150.7697 | 08800.3330 | 12:04:17 | 203.326622 | 357.331416 
 4150.7695 | 08800.3283 | 12:04:18 | 203.330665 | 357.331202 
 4150.7695 | 08800.3233 | 12:04:19 | 203.334965 | 357.331218 
 4150.7696 | 08800.3184 | 12:04:20 | 203.339179 | 357.331349 
 4150.7697 | 08800.3137 | 12:04:21 | 203.343221 | 357.331480 
 4150.7697 | 08800.3094 | 12:04:22 | 203.346919 | 357.331494 
 4150.7698 | 08800.3052 | 12:04:23 | 203.350531 | 357.331623 
 4150.7697 | 08800.3013 | 12:04:24 | 203.353886 | 357.331521 
 4150.7698 | 08800.2977 | 12:04:25 | 203.356982 | 357.331647 
 4150.7699 | 08800.2943 | 12:04:26 | 203.359906 | 357.331774 
 4150.7700 | 08800.2912 | 12:04:27 | 203.362571 | 357.331899 
 4150.7702 | 08800.2884 | 12:04:28 | 203.364979 | 357.332138 
 4150.7703 | 08800.2862 | 12:04:29 | 203.366870 | 357.332260 
 4150.7703 | 08800.2844 | 12:04:30 | 203.368418 | 357.332266 
 4150.7718 | 08800.2836 | 12:04:31 | 203.369100 | 357.333994 
 4150.7723 | 08800.2829 | 12:04:32 | 203.369700 | 357.334572 
 4150.7722 | 08800.2819 | 12:04:33 | 203.370560 | 357.334460 
 4150.7724 | 08800.2805 | 12:04:34 | 203.371763 | 357.334695 
 4150.7723 | 08800.2787 | 12:04:35 | 203.373312 | 357.334586 
 4150.7717 | 08800.2775 | 12:04:36 | 203.374347 | 357.333899 
 4150.7712 | 08800.2769 | 12:04:37 | 203.374865 | 357.333326 
 4150.7711 | 08800.2771 | 12:04:38 | 203.374693 | 357.333211 
 4150.7707 | 08800.2773 | 12:04:39 | 203.374523 | 357.332750 
 4150.7705 | 08800.2776 | 12:04:40 | 203.374266 | 357.332519 
 4150.7705 | 08800.2779 | 12:04:41 | 203.374008 | 357.332518 
 4150.7703 | 08800.2781 | 12:04:42 | 203.373837 | 357.332287 
 4150.7695 | 08800.2783 | 12:04:43 | 203.373668 | 357.331366 
 4150.7679 | 08800.2794 | 12:04:44 | 203.372729 | 357.329522 
 4150.7665 | 08800.2799 | 12:04:45 | 203.372305 | 357.327910 
 4150.7651 | 08800.2805 | 12:04:46 | 203.371796 | 357.326298 
 4150.7640 | 08800.2806 | 12:04:47 | 203.371714 | 357.325032 
 4150.7624 | 08800.2808 | 12:04:48 | 203.371549 | 357.323191 
 4150.7606 | 08800.2796 | 12:04:49 | 203.372589 | 357.321125 
 4150.7613 | 08800.2759 | 12:04:50 | 203.375769 | 357.321942 
 4150.7622 | 08800.2741 | 12:04:51 | 203.377313 | 357.322983 
 4150.7629 | 08800.2724 | 12:04:52 | 203.378772 | 357.323794 
 4150.7636 | 08800.2708 | 12:04:53 | 203.380145 | 357.324605 
 4150.7649 | 08800.2694 | 12:04:54 | 203.381343 | 357.326104 
 4150.7654 | 08800.2678 | 12:04:55 | 203.382717 | 357.326685 
 4150.7658 | 08800.2662 | 12:04:56 | 203.384091 | 357.327150 
 4150.7661 | 08800.2647 | 12:04:57 | 203.385380 | 357.327500 
 4150.7655 | 08800.2725 | 12:04:58 | 203.378674 | 357.326784 
 4150.7665 | 08800.2735 | 12:04:59 | 203.377810 | 357.327931 
 4150.7664 | 08800.2735 | 12:05:00 | 203.377810 | 357.327816 
 4150.7664 | 08800.2735 | 12:05:01 | 203.377810 | 357.327816 
 4150.7664 | 08800.2735 | 12:05:02 | 203.377810 | 357.327816 
 4150.7664 | 08800.2735 | 12:05:03 | 203.377810 | 357.327816 
 4150.7664 | 08800.2735 | 12:05:04 | 203.377810 | 357.327816 
 4150.7664 | 08800.2735 | 12:05:05 | 203.377810 | 357.327816 
 4150.7664 | 08800.2735 | 12:05:06 | 203.377810 | 357.327816 
 4150.7664 | 08800.2735 | 12:05:07 | 203.377810 | 357.327816 
 4150.7664 | 08800.2735 | 12:05:08 | 203.377810 | 357.327816 
 4150.7664 | 08800.2735 | 12:05:09 | 203.377810 | 357.327816 
 4150.7635 | 08800.2715 | 12:05:10 | 203.379543 | 357.324487 
 4150.7655 | 08800.2726 | 12:05:11 | 203.378588 | 357.326784 
 4150.7656 | 08800.2721 | 12:05:12 | 203.379018 | 357.326901 
 4150.7659 | 08800.2724 | 12:05:13 | 203.378759 | 357.327245 
 4150.7659 | 08800.2724 | 12:05:14 | 203.378759 | 357.327245 
 4150.7659 | 08800.2724 | 12:05:15 | 203.378759 | 357.327245 
 4150.7659 | 08800.2724 | 12:05:16 | 203.378759 | 357.327245 
 4150.7659 | 08800.2724 | 12:05:17 | 203.378759 | 357.327245 
 4150.7659 | 08800.2724 | 12:05:18 | 203.378759 | 357.327245 
 4150.7659 | 08800.2724 | 12:05:19 | 203.378759 | 357.327245 
 4150.7659 | 08800.2724 | 12:05:20 | 203.378759 | 357.327245 
 4150.7659 | 08800.2724 | 12:05:21 | 203.378759 | 357.327245 
 4150.7659 | 08800.2724 | 12:05:22 | 203.378759 | 357.327245 
 4150.7659 | 08800.2724 | 12:05:23 | 203.378759 | 357.327245 
 4150.7659 | 08800.2724 | 12:05:24 | 203.378759 | 357.327245 
 4150.7659 | 08800.2724 | 12:05:25 | 203.378759 | 357.327245 
 4150.7659 | 08800.2724 | 12:05:26 | 203.378759 | 357.327245 
 4150.7659 | 08800.2724 | 12:05:27 | 203.378759 | 357.327245 
 4150.7659 | 08800.2724 | 12:05:28 | 203.378759 | 357.327245 
 4150.7659 | 08800.2724 | 12:05:29 | 203.378759 | 357.327245 
 4150.7659 | 08800.2724 | 12:05:30 | 203.378759 | 357.327245 
 4150.7659 | 08800.2724 | 12:05:31 | 203.378759 | 357.327245 
 4150.7659 | 08800.2724 | 12:05:32 | 203.378759 | 357.327245 
 4150.7659 | 08800.2724 | 12:05:33 | 203.378759 | 357.327245 
 4150.7659 | 08800.2724 | 12:05:34 | 203.378759 | 357.327245 
 4150.7659 | 08800.2724 | 12:05:35 | 203.378759 | 357.327245 
 4150.7659 | 08800.2724 | 12:05:36 | 203.378759 | 357.327245 
 4150.7659 | 08800.2724 | 12:05:37 | 203.378759 | 357.327245 
 4150.7659 | 08800.2724 | 12:05:38 | 203.378759 | 357.327245 
 4150.7659 | 08800.2724 | 12:05:39 | 203.378759 | 357.327245 
 4150.7659 | 08800.2724 | 12:05:40 | 203.378759 | 357.327245 
 4150.7659 | 08800.2724 | 12:05:41 | 203.378759 | 357.327245 
 4150.7659 | 08800.2724 | 12:05:42 | 203.378759 | 357.327245 
 4150.7659 | 08800.2724 | 12:05:43 | 203.378759 | 357.327245 
 4150.7659 | 08800.2724 | 12:05:44 | 203.378759 | 357.327245 
 4150.7659 | 08800.2724 | 12:05:45 | 203.378759 | 357.327245 
 4150.7659 | 08800.2724 | 12:05:46 | 203.378759 | 357.327245 
 4150.7659 | 08800.2724 | 12:05:47 | 203.378759 | 357.327245 
 4150.7659 | 08800.2724 | 12:05:48 | 203.378759 | 357.327245 
 4150.7659 | 08800.2724 | 12:05:49 | 203.378759 | 357.327245 
 4150.7659 | 08800.2724 | 12:05:50 | 203.378759 | 357.327245 
 4150.7659 | 08800.2724 | 12:05:51 | 203.378759 | 357.327245 
 4150.7659 | 08800.2724 | 12:05:52 | 203.378759 | 357.327245 
 4150.7659 | 08800.2724 | 12:05:53 | 203.378759 | 357.327245 
 4150.7659 | 08800.2724 | 12:05:54 | 203.378759 | 357.327245 
 4150.7659 | 08800.2724 | 12:05:55 | 203.378759 | 357.327245 
 4150.7659 | 08800.2724 | 12:05:56 | 203.378759 | 357.327245 
 4150.7659 | 08800.2724 | 12:05:57 | 203.378759 | 357.327245 
 4150.7659 | 08800.2724 | 12:05:58 | 203.378759 | 357.327245 
 4150.7659 | 08800.2724 | 12:05:59 | 203.378759 | 357.327245 
 4150.7659 | 08800.2724 | 12:06:00 | 203.378759 | 357.327245 
 4150.7659 | 08800.2724 | 12:06:01 | 203.378759 | 357.327245 
 4150.7659 | 08800.2724 | 12:06:02 | 203.378759 | 357.327245 
 4150.7659 | 08800.2724 | 12:06:03 | 203.378759 | 357.327245 
 4150.7659 | 08800.2724 | 12:06:04 | 203.378759 | 357.327245 
 4150.7659 | 08800.2724 | 12:06:05 | 203.378759 | 357.327245 
 4150.7659 | 08800.2724 | 12:06:06 | 203.378759 | 357.327245 
 4150.7659 | 08800.2724 | 12:06:07 | 203.378759 | 357.327245 
 4150.7659 | 08800.2724 | 12:06:08 | 203.378759 | 357.327245 
 4150.7659 | 08800.2724 | 12:06:09 | 203.378759 | 357.327245 
 4150.7659 | 08800.2724 | 12:06:10 | 203.378759 | 357.327245 
 4150.7659 | 08800.2724 | 12:06:11 | 203.378759 | 357.327245 
 4150.7659 | 08800.2724 | 12:06:12 | 203.378759 | 357.327245 
 4150.7659 | 08800.2724 | 12:06:13 | 203.378759 | 357.327245 
 4150.7659 | 08800.2724 | 12:06:14 | 203.378759 | 357.327245 
 4150.7659 | 08800.2724 | 12:06:15 | 203.378759 | 357.327245 
 4150.7659 | 08800.2724 | 12:06:16 | 203.378759 | 357.327245 
 4150.7659 | 08800.2724 | 12:06:17 | 203.378759 | 357.327245 
 4150.7659 | 08800.2724 | 12:06:18 | 203.378759 | 357.327245 
 4150.7659 | 08800.2724 | 12:06:19 | 203.378759 | 357.327245 
 4150.7659 | 08800.2724 | 12:06:20 | 203.378759 | 357.327245 
 4150.7659 | 08800.2724 | 12:06:21 | 203.378759 | 357.327245 
 4150.7659 | 08800.2724 | 12:06:22 | 203.378759 | 357.327245 
 4150.7659 | 08800.2724 | 12:06:23 | 203.378759 | 357.327245 
 4150.7659 | 08800.2724 | 12:06:24 | 203.378759 | 357.327245 
 4150.7659 | 08800.2724 | 12:06:25 | 203.378759 | 357.327245 
 4150.7659 | 08800.2724 | 12:06:26 | 203.378759 | 357.327245 
 4150.7659 | 08800.2724 | 12:06:27 | 203.378759 | 357.327245 
 4150.7659 | 08800.2724 | 12:06:28 | 203.378759 | 357.327245 
 4150.7659 | 08800.2724 | 12:06:29 | 203.378759 | 357.327245 
 4150.7659 | 08800.2724 | 12:06:30 | 203.378759 | 357.327245 
 4150.7659 | 08800.2724 | 12:06:31 | 203.378759 | 357.327245 
 4150.7659 | 08800.2724 | 12:06:32 | 203.378759 | 357.327245 
 4150.7659 | 08800.2724 | 12:06:33 | 203.378759 | 357.327245 
 4150.7659 | 08800.2724 | 12:06:34 | 203.378759 | 357.327245 
 4150.7659 | 08800.2724 | 12:06:35 | 203.378759 | 357.327245 
 4150.7659 | 08800.2724 | 12:06:36 | 203.378759 | 357.327245 
 4150.7659 | 08800.2724 | 12:06:37 | 203.378759 | 357.327245 
 4150.7659 | 08800.2724 | 12:06:38 | 203.378759 | 357.327245 
 4150.7659 | 08800.2724 | 12:06:39 | 203.378759 | 357.327245 
 4150.7659 | 08800.2724 | 12:06:40 | 203.378759 | 357.327245 
 4150.7659 | 08800.2724 | 12:06:41 | 203.378759 | 357.327245 
 4150.7659 | 08800.2724 | 12:06:42 | 203.378759 | 357.327245 
 4150.7659 | 08800.2724 | 12:06:43 | 203.378759 | 357.327245 
 4150.7659 | 08800.2724 | 12:06:44 | 203.378759 | 357.327245 
 4150.7659 | 08800.2724 | 12:06:45 | 203.378759 | 357.327245 
 4150.7659 | 08800.2724 | 12:06:46 | 203.378759 | 357.327245 
 4150.7659 | 08800.2724 | 12:06:47 | 203.378759 | 357.327245 
 4150.7659 | 08800.2724 | 12:06:48 | 203.378759 | 357.327245 
 4150.7659 | 08800.2724 | 12:06:49 | 203.378759 | 357.327245 
 4150.7659 | 08800.2724 | 12:06:50 | 203.378759 | 357.327245 
 4150.7659 | 08800.2724 | 12:06:51 | 203.378759 | 357.327245 
 4150.7659 | 08800.2724 | 12:06:52 | 203.378759 | 357.327245 
 4150.7659 | 08800.2724 | 12:06:53 | 203.378759 | 357.327245 
 4150.7659 | 08800.2724 | 12:06:54 | 203.378759 | 357.327245 
 4150.7659 | 08800.2724 | 12:06:55 | 203.378759 | 357.327245 
 4150.7659 | 08800.2724 | 12:06:56 | 203.378759 | 357.327245 
 4150.7659 | 08800.2724 | 12:06:57 | 203.378759 | 357.327245 
 4150.7659 | 08800.2724 | 12:06:58 | 203.378759 | 357.327245 
 4150.7659 | 08800.2724 | 12:06:59 | 203.378759 | 357.327245 
 4150.7659 | 08800.2724 | 12:07:00 | 203.378759 | 357.327245 
 4150.7659 | 08800.2724 | 12:07:01 | 203.378759 | 357.327245 
 4150.7659 | 08800.2724 | 12:07:02 | 203.378759 | 357.327245 
 4150.7659 | 08800.2724 | 12:07:03 | 203.378759 | 357.327245 
 4150.7659 | 08800.2724 | 12:07:04 | 203.378759 | 357.327245 
 4150.7659 | 08800.2724 | 12:07:05 | 203.378759 | 357.327245 
 4150.7659 | 08800.2724 | 12:07:06 | 203.378759 | 357.327245 
 4150.7659 | 08800.2724 | 12:07:07 | 203.378759 | 357.327245 
 4150.7659 | 08800.2724 | 12:07:08 | 203.378759 | 357.327245 
 4150.7659 | 08800.2724 | 12:07:09 | 203.378759 | 357.327245 
 4150.7659 | 08800.2724 | 12:07:10 | 203.378759 | 357.327245 
 4150.7659 | 08800.2724 | 12:07:11 | 203.378759 | 357.327245 
 4150.7659 | 08800.2724 | 12:07:12 | 203.378759 | 357.327245 
 4150.7659 | 08800.2724 | 12:07:13 | 203.378759 | 357.327245 
 4150.7659 | 08800.2724 | 12:07:14 | 203.378759 | 357.327245 
 4150.7659 | 08800.2724 | 12:07:15 | 203.378759 | 357.327245 
 4150.7659 | 08800.2724 | 12:07:16 | 203