 4152.4170 | 08738.7691 | 18:29:00 | 221.857829 | 359.335817 
 4152.3718 | 08738.7989 | 18:29:09 | 221.832626 | 359.283621 
 4152.3759 | 08738.7945 | 18:29:13 | 221.836371 | 359.288367 
 4152.3767 | 08738.7939 | 18:29:15 | 221.836880 | 359.289291 
 4152.3776 | 08738.7934 | 18:29:18 | 221.837301 | 359.290330 
 4152.3782 | 08738.7931 | 18:29:21 | 221.837554 | 359.291022 
 4152.3756 | 08738.7946 | 18:29:29 | 221.836288 | 359.288021 
 4152.3755 | 08738.7949 | 18:29:31 | 221.836031 | 359.287904 
 4152.3755 | 08738.7951 | 18:29:32 | 221.835859 | 359.287903 
 4152.3755 | 08738.7948 | 18:29:37 | 221.836117 | 359.287905 
 4152.3757 | 08738.7949 | 18:29:38 | 221.836029 | 359.288134 
 4152.3729 | 08738.7978 | 18:29:46 | 221.833562 | 359.284894 
 4152.3721 | 08738.7974 | 18:29:50 | 221.833913 | 359.283976 
 4152.3709 | 08738.7981 | 18:30:07 | 221.833322 | 359.282591 
 4152.3705 | 08738.7981 | 18:30:17 | 221.833326 | 359.282131 
 4152.3706 | 08738.7982 | 18:30:18 | 221.833239 | 359.282245 
 4152.3706 | 08738.7983 | 18:30:19 | 221.833153 | 359.282244 
 4152.3708 | 08738.7986 | 18:30:22 | 221.832893 | 359.282472 
 4152.3632 | 08738.8062 | 18:30:44 | 221.826430 | 359.273678 
 4152.3632 | 08738.8062 | 18:30:54 | 221.826430 | 359.273678 
 4152.3632 | 08738.8062 | 18:30:56 | 221.826430 | 359.273678 
 4152.3990 | 08738.8178 | 18:31:15 | 221.816128 | 359.314778 
 4152.4114 | 08738.8260 | 18:31:19 | 221.808964 | 359.328984 
 4152.4191 | 08738.8391 | 18:31:21 | 221.797631 | 359.337751 
 4152.4254 | 08738.8427 | 18:31:23 | 221.794478 | 359.344973 
 4152.4327 | 08738.8457 | 18:31:25 | 221.791832 | 359.353349 
 4152.4598 | 08738.8455 | 18:31:29 | 221.791755 | 359.384523 
 4152.4691 | 08738.8454 | 18:31:31 | 221.791755 | 359.395221 
 4152.4856 | 08738.8506 | 18:31:37 | 221.787133 | 359.414164 
 4152.4870 | 08738.8513 | 18:31:38 | 221.786519 | 359.415770 
 4152.4873 | 08738.8519 | 18:31:39 | 221.786000 | 359.416111 
 4152.4850 | 08738.8509 | 18:31:40 | 221.786881 | 359.413472 
 4152.4849 | 08738.8513 | 18:31:41 | 221.786538 | 359.413354 
 4152.4849 | 08738.8517 | 18:31:42 | 221.786194 | 359.413351 
 4152.4849 | 08738.8517 | 18:31:43 | 221.786194 | 359.413351 
 4152.4849 | 08738.8517 | 18:31:44 | 221.786194 | 359.413351 
 4152.4849 | 08738.8517 | 18:31:45 | 221.786194 | 359.413351 
 4152.4839 | 08738.8552 | 18:31:46 | 221.783194 | 359.412177 
 4152.4836 | 08738.8567 | 18:31:47 | 221.781908 | 359.411822 
 4152.4832 | 08738.8582 | 18:31:48 | 221.780622 | 359.411351 
 4152.4831 | 08738.8597 | 18:31:49 | 221.779333 | 359.411226 
 4152.4828 | 08738.8609 | 18:31:50 | 221.778304 | 359.410873 
 4152.4826 | 08738.8617 | 18:31:51 | 221.777618 | 359.410637 
 4152.4825 | 08738.8624 | 18:31:52 | 221.777018 | 359.410517 
 4152.4823 | 08738.8626 | 18:31:53 | 221.776847 | 359.410286 
 4152.4828 | 08738.8612 | 18:31:54 | 221.778046 | 359.410871 
 4152.4827 | 08738.8617 | 18:31:55 | 221.777617 | 359.410752 
 4152.4826 | 08738.8621 | 18:31:56 | 221.777275 | 359.410634 
 4152.4824 | 08738.8637 | 18:31:59 | 221.775901 | 359.410393 
 4152.4822 | 08738.8643 | 18:32:00 | 221.775387 | 359.410159 
 4152.4820 | 08738.8650 | 18:32:01 | 221.774787 | 359.409924 
 4152.4820 | 08738.8657 | 18:32:02 | 221.774185 | 359.409920 
 4152.4826 | 08738.8730 | 18:32:06 | 221.767904 | 359.410560 
 4152.4839 | 08738.8766 | 18:32:07 | 221.764797 | 359.412030 
 4152.4851 | 08738.8809 | 18:32:08 | 221.761089 | 359.413381 
 4152.4865 | 08738.8856 | 18:32:09 | 221.757036 | 359.414959 
 4152.4951 | 08738.8944 | 18:32:10 | 221.749392 | 359.424791 
 4152.4952 | 08738.9001 | 18:32:11 | 221.744491 | 359.424867 
 4152.4953 | 08738.9063 | 18:32:12 | 221.739160 | 359.424939 
 4152.4983 | 08738.9140 | 18:32:13 | 221.732513 | 359.428337 
 4152.4987 | 08738.9214 | 18:32:14 | 221.726147 | 359.428747 
 4152.4990 | 08738.9293 | 18:32:15 | 221.719353 | 359.429037 
 4152.4867 | 08739.0455 | 18:32:25 | 221.619571 | 359.414094 
 4152.4864 | 08739.0546 | 18:32:27 | 221.611750 | 359.413686 
 4152.4857 | 08739.0630 | 18:32:31 | 221.604535 | 359.412824 
 4152.4848 | 08739.0641 | 18:32:33 | 221.603598 | 359.411781 
 4152.4824 | 08739.0647 | 18:32:35 | 221.603104 | 359.409016 
 4152.4948 | 08739.0682 | 18:32:36 | 221.599982 | 359.423256 
 4152.5011 | 08739.0693 | 18:32:37 | 221.598978 | 359.430495 
 4152.5107 | 08739.0700 | 18:32:39 | 221.598289 | 359.441532 
 4152.5152 | 08739.0699 | 18:32:40 | 221.598334 | 359.446709 
 4152.5184 | 08739.0702 | 18:32:41 | 221.598047 | 359.450388 
 4152.5219 | 08739.0702 | 18:32:42 | 221.598015 | 359.454414 
 4152.5258 | 08739.0699 | 18:32:43 | 221.598237 | 359.458902 
 4152.5295 | 08739.0695 | 18:32:44 | 221.598547 | 359.463161 
 4152.5330 | 08739.0690 | 18:32:45 | 221.598945 | 359.467190 
 4152.5366 | 08739.0686 | 18:32:46 | 221.599256 | 359.471334 
 4152.5399 | 08739.0681 | 18:32:47 | 221.599655 | 359.475133 
 4152.5431 | 08739.0675 | 18:32:48 | 221.600142 | 359.478818 
 4152.5431 | 08739.0675 | 18:32:49 | 221.600142 | 359.478818 
 4152.4868 | 08739.0756 | 18:32:50 | 221.593693 | 359.414003 
 4152.4851 | 08739.0755 | 18:32:51 | 221.593795 | 359.412048 
 4152.4841 | 08739.0752 | 18:32:52 | 221.594062 | 359.410900 
 4152.4832 | 08739.0750 | 18:32:53 | 221.594242 | 359.409866 
 4152.4762 | 08739.0767 | 18:32:54 | 221.592844 | 359.401803 
 4152.4747 | 08739.0767 | 18:32:55 | 221.592858 | 359.400078 
 4152.4740 | 08739.0763 | 18:32:56 | 221.593208 | 359.399275 
 4152.4735 | 08739.0759 | 18:32:57 | 221.593557 | 359.398703 
 4152.4734 | 08739.0758 | 18:32:58 | 221.593644 | 359.398588 
 4152.4726 | 08739.0750 | 18:32:59 | 221.594339 | 359.397674 
 4152.4736 | 08739.0782 | 18:33:00 | 221.591579 | 359.398802 
 4152.4733 | 08739.0783 | 18:33:01 | 221.591495 | 359.398456 
 4152.4727 | 08739.0797 | 18:33:02 | 221.590297 | 359.397757 
 4152.4731 | 08739.0834 | 18:33:03 | 221.587113 | 359.398191 
 4152.4726 | 08739.0844 | 18:33:04 | 221.586258 | 359.397609 
 4152.4705 | 08739.0845 | 18:33:06 | 221.586191 | 359.395193 
 4152.4699 | 08739.0855 | 18:33:07 | 221.585337 | 359.394496 
 4152.4679 | 08739.0846 | 18:33:08 | 221.586129 | 359.392202 
 4152.4679 | 08739.0853 | 18:33:09 | 221.585527 | 359.392197 
 4152.4674 | 08739.0849 | 18:33:10 | 221.585875 | 359.391625 
 4152.4673 | 08739.0851 | 18:33:11 | 221.585704 | 359.391508 
 4152.4669 | 08739.0850 | 18:33:12 | 221.585794 | 359.391049 
 4152.4669 | 08739.0850 | 18:33:13 | 221.585794 | 359.391049 
 4152.4669 | 08739.0850 | 18:33:14 | 221.585794 | 359.391049 
 4152.4669 | 08739.0850 | 18:33:15 | 221.585794 | 359.391049 
 4152.4669 | 08739.0850 | 18:33:17 | 221.585794 | 359.391049 
 4152.4669 | 08739.0850 | 18:33:18 | 221.585794 | 359.391049 
 4152.4669 | 08739.0850 | 18:33:20 | 221.585794 | 359.391049 
 4152.4669 | 08739.0850 | 18:33:23 | 221.585794 | 359.391049 
 4152.4669 | 08739.0850 | 18:33:24 | 221.585794 | 359.391049 
 4152.4669 | 08739.0850 | 18:33:25 | 221.585794 | 359.391049 
 4152.4669 | 08739.0850 | 18:33:26 | 221.585794 | 359.391049 
 4152.4669 | 08739.0850 | 18:33:27 | 221.585794 | 359.391049 
 4152.4669 | 08739.0850 | 18:33:28 | 221.585794 | 359.391049 
 4152.4669 | 08739.0850 | 18:33:29 | 221.585794 | 359.391049 
 4152.4669 | 08739.0850 | 18:33:30 | 221.585794 | 359.391049 
 4152.4655 | 08739.0890 | 18:33:32 | 221.582368 | 359.389411 
 4152.4651 | 08739.0893 | 18:33:33 | 221.582114 | 359.388949 
 4152.4644 | 08739.0895 | 18:33:34 | 221.581948 | 359.388142 
 4152.4638 | 08739.0897 | 18:33:35 | 221.581782 | 359.387451 
 4152.4628 | 08739.0899 | 18:33:36 | 221.581619 | 359.386299 
 4152.4607 | 08739.1005 | 18:33:38 | 221.572525 | 359.383811 
 4152.4599 | 08739.1030 | 18:33:39 | 221.570383 | 359.382874 
 4152.4595 | 08739.1058 | 18:33:40 | 221.567980 | 359.382395 
 4152.4588 | 08739.1086 | 18:33:41 | 221.565579 | 359.381571 
 4152.4591 | 08739.1115 | 18:33:42 | 221.563083 | 359.381896 
 4152.4525 | 08739.1186 | 18:33:43 | 221.557040 | 359.374256 
 4152.4524 | 08739.1231 | 18:33:44 | 221.553172 | 359.374110 
 4152.4520 | 08739.1276 | 18:33:45 | 221.549307 | 359.373619 
 4152.4594 | 08739.1365 | 18:33:46 | 221.541588 | 359.382070 
 4152.4585 | 08739.1413 | 18:33:47 | 221.537470 | 359.381002 
 4152.4561 | 08739.1491 | 18:33:48 | 221.530786 | 359.378189 
 4152.4549 | 08739.1553 | 18:33:49 | 221.525467 | 359.376766 
 4152.4536 | 08739.1617 | 18:33:50 | 221.519977 | 359.375227 
 4152.4518 | 08739.1763 | 18:33:51 | 221.507442 | 359.373057 
 4152.4553 | 08739.1851 | 18:33:52 | 221.499845 | 359.377023 
 4152.4549 | 08739.1927 | 18:33:53 | 221.493315 | 359.376511 
 4152.4557 | 08739.1993 | 18:33:54 | 221.487633 | 359.377386 
 4152.4571 | 08739.2074 | 18:33:55 | 221.480657 | 359.378942 
 4152.4569 | 08739.2150 | 18:33:56 | 221.474125 | 359.378660 
 4152.4575 | 08739.2241 | 18:33:57 | 221.466297 | 359.379288 
 4152.4587 | 08739.2368 | 18:33:58 | 221.455368 | 359.380582 
 4152.4588 | 08739.2460 | 18:33:59 | 221.447458 | 359.380634 
 4152.4589 | 08739.2547 | 18:34:00 | 221.439977 | 359.380690 
 4152.4589 | 08739.2629 | 18:34:01 | 221.432928 | 359.380634 
 4152.4585 | 08739.2710 | 18:34:02 | 221.425968 | 359.380119 
 4152.4583 | 08739.2791 | 18:34:03 | 221.419006 | 359.379834 
 4152.4582 | 08739.2872 | 18:34:04 | 221.412044 | 359.379664 
 4152.4580 | 08739.2951 | 18:34:05 | 221.405254 | 359.379380 
 4152.4575 | 08739.3020 | 18:34:06 | 221.399327 | 359.378758 
 4152.4573 | 08739.3089 | 18:34:07 | 221.393397 | 359.378481 
 4152.4574 | 08739.3156 | 18:34:08 | 221.387636 | 359.378551 
 4152.4578 | 08739.3218 | 18:34:09 | 221.382302 | 359.378969 
 4152.4566 | 08739.3251 | 18:34:10 | 221.379476 | 359.377566 
 4152.4564 | 08739.3291 | 18:34:11 | 221.376039 | 359.377309 
 4152.4563 | 08739.3326 | 18:34:12 | 221.373031 | 359.377170 
 4152.4561 | 08739.3340 | 18:34:13 | 221.371829 | 359.376931 
 4152.4554 | 08739.3348 | 18:34:14 | 221.371148 | 359.376120 
 4152.4543 | 08739.3355 | 18:34:15 | 221.370556 | 359.374850 
 4152.4541 | 08739.3347 | 18:34:16 | 221.371246 | 359.374625 
 4152.4538 | 08739.3348 | 18:34:17 | 221.371162 | 359.374280 
 4152.4538 | 08739.3348 | 18:34:18 | 221.371162 | 359.374280 
 4152.4538 | 08739.3348 | 18:34:19 | 221.371162 | 359.374280 
 4152.4538 | 08739.3348 | 18:34:20 | 221.371162 | 359.374280 
 4152.4538 | 08739.3348 | 18:34:21 | 221.371162 | 359.374280 
 4152.4538 | 08739.3348 | 18:34:22 | 221.371162 | 359.374280 
 4152.4538 | 08739.3348 | 18:34:23 | 221.371162 | 359.374280 
 4152.4538 | 08739.3348 | 18:34:24 | 221.371162 | 359.374280 
 4152.4538 | 08739.3348 | 18:34:25 | 221.371162 | 359.374280 
 4152.4538 | 08739.3348 | 18:34:26 | 221.371162 | 359.374280 
 4152.4557 | 08739.3324 | 18:34:27 | 221.373208 | 359.376481 
 4152.4560 | 08739.3342 | 18:34:28 | 221.371658 | 359.376814 
 4152.4560 | 08739.3369 | 18:34:29 | 221.369337 | 359.376796 
 4152.4554 | 08739.3453 | 18:34:31 | 221.362121 | 359.376049 
 4152.4552 | 08739.3502 | 18:34:32 | 221.357910 | 359.375785 
 4152.4547 | 08739.3552 | 18:34:33 | 221.353617 | 359.375176 
 4152.4542 | 08739.3652 | 18:34:35 | 221.345024 | 359.374533 
 4152.4541 | 08739.3700 | 18:34:36 | 221.340899 | 359.374386 
 4152.4539 | 08739.3747 | 18:34:37 | 221.336860 | 359.374124 
 4152.4537 | 08739.3793 | 18:34:38 | 221.332907 | 359.373863 
 4152.4535 | 08739.3840 | 18:34:39 | 221.328868 | 359.373601 
 4152.4534 | 08739.3886 | 18:34:40 | 221.324915 | 359.373455 
 4152.4532 | 08739.3934 | 18:34:41 | 221.320790 | 359.373192 
 4152.4531 | 08739.4049 | 18:34:43 | 221.310904 | 359.372999 
 4152.4530 | 08739.4109 | 18:34:44 | 221.305747 | 359.372843 
 4152.4529 | 08739.4168 | 18:34:45 | 221.300676 | 359.372688 
 4152.4533 | 08739.4334 | 18:34:48 | 221.286401 | 359.373036 
 4152.4511 | 08739.4347 | 18:34:49 | 221.285304 | 359.370497 
 4152.4503 | 08739.4378 | 18:34:50 | 221.282646 | 359.369555 
 4152.4496 | 08739.4409 | 18:34:51 | 221.279987 | 359.368729 
 4152.4489 | 08739.4441 | 18:34:52 | 221.277242 | 359.367902 
 4152.4477 | 08739.4457 | 18:34:53 | 221.275878 | 359.366511 
 4152.4469 | 08739.4482 | 18:34:54 | 221.273736 | 359.365574 
 4152.4435 | 08739.4521 | 18:34:55 | 221.270414 | 359.361637 
 4152.4422 | 08739.4550 | 18:34:56 | 221.267932 | 359.360122 
 4152.4442 | 08739.4458 | 18:34:57 | 221.275824 | 359.362485 
 4152.4443 | 08739.4448 | 18:34:58 | 221.276682 | 359.362606 
 4152.4442 | 08739.4447 | 18:34:59 | 221.276769 | 359.362492 
 4152.4442 | 08739.4449 | 18:35:00 | 221.276597 | 359.362491 
 4152.4440 | 08739.4462 | 18:35:01 | 221.275481 | 359.362252 
 4152.4440 | 08739.4482 | 18:35:02 | 221.273762 | 359.362238 
 4152.4443 | 08739.4509 | 18:35:03 | 221.271438 | 359.362565 
 4152.4443 | 08739.4550 | 18:35:04 | 221.267913 | 359.362537 
 4152.4451 | 08739.4595 | 18:35:05 | 221.264038 | 359.363427 
 4152.4413 | 08739.4663 | 18:35:06 | 221.258226 | 359.359010 
 4152.4437 | 08739.4785 | 18:35:08 | 221.247716 | 359.361688 
 4152.4438 | 08739.4859 | 18:35:09 | 221.241353 | 359.361753 
 4152.4440 | 08739.5011 | 18:35:11 | 221.228284 | 359.361881 
 4152.4449 | 08739.5109 | 18:35:12 | 221.219851 | 359.362850 
 4152.4452 | 08739.5204 | 18:35:13 | 221.211681 | 359.363130 
 4152.4450 | 08739.5300 | 18:35:14 | 221.203430 | 359.362835 
 4152.4448 | 08739.5396 | 18:35:15 | 221.195179 | 359.362541 
 4152.4449 | 08739.5491 | 18:35:16 | 221.187011 | 359.362591 
 4152.4448 | 08739.5586 | 18:35:17 | 221.178845 | 359.362412 
 4152.4448 | 08739.5681 | 18:35:18 | 221.170677 | 359.362348 
 4152.4446 | 08739.5776 | 18:35:19 | 221.162512 | 359.362054 
 4152.4446 | 08739.5877 | 18:35:20 | 221.153829 | 359.361986 
 4152.4440 | 08739.5971 | 18:35:21 | 221.145754 | 359.361232 
 4152.4440 | 08739.6069 | 18:35:22 | 221.137329 | 359.361166 
 4152.4454 | 08739.6164 | 18:35:23 | 221.129149 | 359.362712 
 4152.4459 | 08739.6260 | 18:35:24 | 221.120891 | 359.363223 
 4152.4460 | 08739.6356 | 18:35:25 | 221.112637 | 359.363273 
 4152.4462 | 08739.6450 | 18:35:26 | 221.104554 | 359.363440 
 4152.4468 | 08739.6541 | 18:35:27 | 221.096726 | 359.364069 
 4152.4450 | 08739.6701 | 18:35:29 | 221.082987 | 359.361891 
 4152.4447 | 08739.6768 | 18:35:30 | 221.077230 | 359.361500 
 4152.4443 | 08739.6829 | 18:35:31 | 221.071989 | 359.360999 
 4152.4428 | 08739.6895 | 18:35:32 | 221.066329 | 359.359229 
 4152.4435 | 08739.6907 | 18:35:33 | 221.065291 | 359.360027 
 4152.4434 | 08739.6967 | 18:35:37 | 221.060133 | 359.359871 
 4152.4435 | 08739.6969 | 18:35:38 | 221.059961 | 359.359985 
 4152.4434 | 08739.6970 | 18:35:39 | 221.059875 | 359.359869 
 4152.4434 | 08739.6971 | 18:35:40 | 221.059789 | 359.359869 
 4152.4434 | 08739.6971 | 18:35:41 | 221.059789 | 359.359869 
 4152.4411 | 08739.6961 | 18:35:42 | 221.060670 | 359.357230 
 4152.4398 | 08739.6961 | 18:35:43 | 221.060682 | 359.355734 
 4152.4384 | 08739.6962 | 18:35:44 | 221.060608 | 359.354123 
 4152.4370 | 08739.6965 | 18:35:45 | 221.060363 | 359.352511 
 4152.4397 | 08739.6958 | 18:35:46 | 221.060940 | 359.355621 
 4152.4398 | 08739.6958 | 18:35:47 | 221.060939 | 359.355736 
 4152.4388 | 08739.6965 | 18:35:48 | 221.060347 | 359.354581 
 4152.4388 | 08739.6965 | 18:35:49 | 221.060347 | 359.354581 
 4152.4388 | 08739.6965 | 18:35:50 | 221.060347 | 359.354581 
 4152.4388 | 08739.6965 | 18:35:51 | 221.060347 | 359.354581 
 4152.4388 | 08739.6965 | 18:35:52 | 221.060347 | 359.354581 
 4152.4388 | 08739.6965 | 18:35:53 | 221.060347 | 359.354581 
 4152.4388 | 08739.6965 | 18:35:54 | 221.060347 | 359.354581 
 4152.4388 | 08739.6965 | 18:35:55 | 221.060347 | 359.354581 
 4152.4388 | 08739.6965 | 18:35:56 | 221.060347 | 359.354581 
 4152.4388 | 08739.6965 | 18:35:57 | 221.060347 | 359.354581 
 4152.4388 | 08739.6965 | 18:35:58 | 221.060347 | 359.354581 
 4152.4388 | 08739.6965 | 18:35:59 | 221.060347 | 359.354581 
 4152.4388 | 08739.6965 | 18:36:00 | 221.060347 | 359.354581 
 4152.4388 | 08739.6965 | 18:36:01 | 221.060347 | 359.354581 
 4152.4388 | 08739.6965 | 18:36:02 | 221.060347 | 359.354581 
 4152.4388 | 08739.6965 | 18:36:04 | 221.060347 | 359.354581 
 4152.4388 | 08739.6965 | 18:36:05 | 221.060347 | 359.354581 
 4152.4388 | 08739.6965 | 18:36:06 | 221.060347 | 359.354581 
 4152.4453 | 08739.6980 | 18:36:07 | 221.058999 | 359.362048 
 4152.4463 | 08739.6979 | 18:36:08 | 221.059076 | 359.363199 
 4152.4468 | 08739.7002 | 18:36:09 | 221.057094 | 359.363759 
 4152.4448 | 08739.7033 | 18:36:10 | 221.054447 | 359.361437 
 4152.4456 | 08739.7061 | 18:36:11 | 221.052032 | 359.362339 
 4152.4462 | 08739.7089 | 18:36:12 | 221.049620 | 359.363010 
 4152.4468 | 08739.7117 | 18:36:13 | 221.047207 | 359.363681 
 4152.4476 | 08739.7145 | 18:36:14 | 221.044793 | 359.364583 
 4152.4513 | 08739.7275 | 18:36:15 | 221.033584 | 359.368751 
 4152.4528 | 08739.7343 | 18:36:16 | 221.027724 | 359.370431 
 4152.4539 | 08739.7411 | 18:36:17 | 221.021868 | 359.371650 
 4152.4545 | 08739.7478 | 18:36:18 | 221.016103 | 359.372295 
 4152.4558 | 08739.7564 | 18:36:19 | 221.008698 | 359.373733 
 4152.4563 | 08739.7643 | 18:36:20 | 221.001902 | 359.374255 
 4152.4561 | 08739.7722 | 18:36:21 | 220.995112 | 359.373972 
 4152.4558 | 08739.7802 | 18:36:22 | 220.988237 | 359.373573 
 4152.4554 | 08739.7883 | 18:36:23 | 220.981278 | 359.373059 
 4152.4551 | 08739.7966 | 18:36:24 | 220.974145 | 359.372658 
 4152.4544 | 08739.8054 | 18:36:25 | 220.966586 | 359.371794 
 4152.4538 | 08739.8143 | 18:36:26 | 220.958940 | 359.371044 
 4152.4527 | 08739.8235 | 18:36:27 | 220.951041 | 359.369717 
 4152.4500 | 08739.8420 | 18:36:29 | 220.935161 | 359.366487 
 4152.4484 | 08739.8514 | 18:36:30 | 220.927094 | 359.364584 
 4152.4357 | 08739.8647 | 18:36:31 | 220.915774 | 359.349886 
 4152.4348 | 08739.8826 | 18:36:33 | 220.900393 | 359.348731 
 4152.4356 | 08739.8883 | 18:36:34 | 220.895486 | 359.349613 
 4152.4355 | 08739.8934 | 18:36:35 | 220.891102 | 359.349464 
 4152.4355 | 08739.9001 | 18:36:36 | 220.885342 | 359.349419 
 4152.4359 | 08739.9208 | 18:36:39 | 220.867543 | 359.349741 
 4152.4364 | 08739.9274 | 18:36:40 | 220.861864 | 359.350272 
 4152.4333 | 08739.9389 | 18:36:42 | 220.852006 | 359.346629 
 4152.4332 | 08739.9442 | 18:36:43 | 220.847450 | 359.346479 
 4152.4331 | 08739.9496 | 18:36:44 | 220.842809 | 359.346327 
 4152.4329 | 08739.9548 | 18:36:45 | 220.838340 | 359.346063 
 4152.4328 | 08739.9599 | 18:36:46 | 220.833957 | 359.345914 
 4152.4328 | 08739.9646 | 18:36:47 | 220.829916 | 359.345882 
 4152.4326 | 08739.9691 | 18:36:48 | 220.826049 | 359.345622 
 4152.4324 | 08739.9733 | 18:36:49 | 220.822440 | 359.345364 
 4152.4335 | 08739.9485 | 18:36:50 | 220.843751 | 359.346795 
 4152.4330 | 08739.9490 | 18:36:51 | 220.843325 | 359.346216 
 4152.4328 | 08739.9495 | 18:36:52 | 220.842897 | 359.345983 
 4152.4333 | 08739.9498 | 18:36:53 | 220.842635 | 359.346556 
 4152.4339 | 08739.9501 | 18:36:54 | 220.842372 | 359.347244 
 4152.4346 | 08739.9505 | 18:36:55 | 220.842022 | 359.348047 
 4152.4434 | 08739.9572 | 18:36:56 | 220.836183 | 359.358124 
 4152.4436 | 08739.9613 | 18:36:57 | 220.832656 | 359.358327 
 4152.4437 | 08739.9655 | 18:36:58 | 220.829045 | 359.358414 
 4152.4434 | 08739.9698 | 18:36:59 | 220.825351 | 359.358040 
 4152.4432 | 08739.9740 | 18:37:00 | 220.821742 | 359.357782 
 4152.4432 | 08739.9786 | 18:37:01 | 220.817787 | 359.357751 
 4152.4437 | 08739.9809 | 18:37:02 | 220.815805 | 359.358311 
 4152.4437 | 08739.9858 | 18:37:04 | 220.811593 | 359.358278 
 4152.4432 | 08739.9883 | 18:37:05 | 220.809448 | 359.357686 
 4152.4440 | 08739.9904 | 18:37:06 | 220.807636 | 359.358593 
 4152.4442 | 08739.9923 | 18:37:07 | 220.806000 | 359.358810 
 4152.4442 | 08739.9942 | 18:37:08 | 220.804367 | 359.358797 
 4152.4440 | 08739.9960 | 18:37:09 | 220.802821 | 359.358555 
 4152.4408 | 08739.9968 | 18:37:10 | 220.802162 | 359.354869 
 4152.4384 | 08739.9981 | 18:37:11 | 220.801066 | 359.352100 
 4152.4358 | 08739.9989 | 18:37:12 | 220.800402 | 359.349104 
 4152.4326 | 08740.0001 | 18:37:13 | 220.799398 | 359.345415 
 4152.4295 | 08740.0010 | 18:37:14 | 220.798652 | 359.341843 
 4152.4265 | 08740.0020 | 18:37:15 | 220.797820 | 359.338386 
 4152.4235 | 08740.0029 | 18:37:16 | 220.797073 | 359.334929 
 4152.4209 | 08740.0041 | 18:37:17 | 220.796064 | 359.331930 
 4152.4186 | 08740.0050 | 18:37:18 | 220.795311 | 359.329279 
 4152.4169 | 08740.0056 | 18:37:19 | 220.794810 | 359.327319 
 4152.4361 | 08739.9938 | 18:37:20 | 220.804783 | 359.349483 
 4152.4304 | 08739.9921 | 18:37:21 | 220.806296 | 359.342938 
 4152.4300 | 08739.9923 | 18:37:22 | 220.806127 | 359.342476 
 4152.4300 | 08739.9923 | 18:37:23 | 220.806127 | 359.342476 
 4152.4296 | 08739.9920 | 18:37:24 | 220.806389 | 359.342018 
 4152.4293 | 08739.9916 | 18:37:25 | 220.806735 | 359.341676 
 4152.4290 | 08739.9909 | 18:37:26 | 220.807340 | 359.341335 
 4152.4284 | 08739.9901 | 18:37:27 | 220.808033 | 359.340651 
 4152.4278 | 08739.9890 | 18:37:28 | 220.808984 | 359.339968 
 4152.4269 | 08739.9879 | 18:37:29 | 220.809938 | 359.338940 
 4152.4257 | 08739.9867 | 18:37:30 | 220.810980 | 359.337568 
 4152.4238 | 08739.9855 | 18:37:31 | 220.812029 | 359.335390 
 4152.4210 | 08739.9846 | 18:37:32 | 220.812827 | 359.332176 
 4152.4168 | 08739.9839 | 18:37:33 | 220.813467 | 359.327349 
 4152.4108 | 08739.9839 | 18:37:34 | 220.813520 | 359.320448 
 4152.3728 | 08739.9917 | 18:37:35 | 220.807154 | 359.276686 
 4152.3676 | 08739.9914 | 18:37:36 | 220.807459 | 359.270707 
 4152.3622 | 08739.9912 | 18:37:37 | 220.807679 | 359.264497 
 4152.3560 | 08739.9911 | 18:37:38 | 220.807820 | 359.257366 
 4152.3508 | 08739.9908 | 18:37:39 | 220.808125 | 359.251386 
 4152.3460 | 08739.9906 | 18:37:40 | 220.808339 | 359.245866 
 4152.3417 | 08739.9904 | 18:37:41 | 220.808550 | 359.240922 
 4152.3375 | 08739.9904 | 18:37:42 | 220.808587 | 359.236091 
 4152.3333 | 08739.9905 | 18:37:43 | 220.808539 | 359.231259 
 4152.3348 | 08739.9936 | 18:37:44 | 220.805860 | 359.232964 
 4152.3321 | 08739.9933 | 18:37:45 | 220.806142 | 359.229860 
 4152.3295 | 08739.9932 | 18:37:46 | 220.806252 | 359.226870 
 4152.3273 | 08739.9930 | 18:37:47 | 220.806443 | 359.224341 
 4152.3253 | 08739.9929 | 18:37:48 | 220.806547 | 359.222041 
 4152.3243 | 08739.9926 | 18:37:49 | 220.806814 | 359.220893 
 4152.3244 | 08739.9943 | 18:37:50 | 220.805352 | 359.220996 
 4152.3231 | 08739.9942 | 18:37:51 | 220.805449 | 359.219502 
 4152.3219 | 08739.9943 | 18:37:52 | 220.805374 | 359.218121 
 4152.3207 | 08739.9942 | 18:37:53 | 220.805471 | 359.216741 
 4152.3194 | 08739.9939 | 18:37:54 | 220.805740 | 359.215248 
 4152.3178 | 08739.9935 | 18:37:55 | 220.806098 | 359.213410 
 4152.3164 | 08739.9931 | 18:37:56 | 220.806455 | 359.211802 
 4152.3148 | 08739.9927 | 18:37:57 | 220.806813 | 359.209965 
 4152.3129 | 08739.9924 | 18:37:58 | 220.807088 | 359.207781 
 4152.3109 | 08739.9922 | 18:37:59 | 220.807278 | 359.205482 
 4152.3094 | 08739.9920 | 18:38:00 | 220.807463 | 359.203758 
 4152.3052 | 08739.9926 | 18:38:01 | 220.806985 | 359.198923 
 4152.2999 | 08739.9937 | 18:38:02 | 220.806086 | 359.192819 
 4152.2975 | 08739.9941 | 18:38:03 | 220.805764 | 359.190056 
 4152.2950 | 08739.9942 | 18:38:04 | 220.805700 | 359.187180 
 4152.2757 | 08739.9965 | 18:38:13 | 220.803895 | 359.164964 
 4152.2854 | 08740.0512 | 18:38:23 | 220.756781 | 359.175757 
 4152.2928 | 08740.0524 | 18:38:24 | 220.755684 | 359.184261 
 4152.2977 | 08740.0545 | 18:38:25 | 220.753834 | 359.189883 
 4152.3018 | 08740.0568 | 18:38:26 | 220.751821 | 359.194584 
 4152.3047 | 08740.0595 | 18:38:27 | 220.749473 | 359.197901 
 4152.3072 | 08740.0622 | 18:38:28 | 220.747130 | 359.200759 
 4152.3211 | 08740.0593 | 18:38:29 | 220.749499 | 359.216767 
 4152.3227 | 08740.0623 | 18:38:30 | 220.746906 | 359.218587 
 4152.3241 | 08740.0648 | 18:38:31 | 220.744744 | 359.220181 
 4152.3258 | 08740.0679 | 18:38:32 | 220.742064 | 359.222116 
 4152.3272 | 08740.0702 | 18:38:33 | 220.740074 | 359.223711 
 4152.3287 | 08740.0723 | 18:38:34 | 220.738255 | 359.225422 
 4152.3298 | 08740.0739 | 18:38:35 | 220.736870 | 359.226677 
 4152.3308 | 08740.0750 | 18:38:36 | 220.735915 | 359.227820 
 4152.3330 | 08740.0792 | 18:38:38 | 220.732284 | 359.230322 
 4152.3339 | 08740.0807 | 18:38:39 | 220.730987 | 359.231347 
 4152.3359 | 08740.0852 | 18:38:41 | 220.727100 | 359.233618 
 4152.3364 | 08740.0879 | 18:38:42 | 220.724775 | 359.234175 
 4152.3367 | 08740.0904 | 18:38:43 | 220.722623 | 359.234503 
 4152.3368 | 08740.0934 | 18:38:44 | 220.720043 | 359.234598 
 4152.3362 | 08740.0977 | 18:38:45 | 220.716351 | 359.233880 
 4152.3349 | 08740.1036 | 18:38:46 | 220.711290 | 359.232345 
 4152.3334 | 08740.1092 | 18:38:47 | 220.706489 | 359.230582 
 4152.3255 | 08740.1274 | 18:38:48 | 220.690913 | 359.221374 
 4152.3237 | 08740.1365 | 18:38:50 | 220.683105 | 359.219243 
 4152.3214 | 08740.1517 | 18:38:54 | 220.670058 | 359.216496 
 4152.3180 | 08740.1526 | 18:38:55 | 220.669315 | 359.212580 
 4152.3136 | 08740.1525 | 18:38:56 | 220.669440 | 359.207519 
 4152.3113 | 08740.1546 | 18:38:57 | 220.667655 | 359.204860 
 4152.3088 | 08740.1565 | 18:38:58 | 220.666044 | 359.201971 
 4152.3065 | 08740.1575 | 18:38:59 | 220.665204 | 359.199319 
 4152.3026 | 08740.1558 | 18:39:00 | 220.666701 | 359.194844 
 4152.2881 | 08740.1400 | 18:39:01 | 220.680413 | 359.178271 
 4152.2809 | 08740.1350 | 18:39:02 | 220.684776 | 359.170022 
 4152.2808 | 08740.1360 | 18:39:03 | 220.683917 | 359.169901 
 4152.2793 | 08740.1361 | 18:39:04 | 220.683845 | 359.168175 
 4152.2780 | 08740.1360 | 18:39:05 | 220.683942 | 359.166680 
 4152.2763 | 08740.1360 | 18:39:06 | 220.683957 | 359.164725 
 4152.2747 | 08740.1359 | 18:39:07 | 220.684057 | 359.162885 
 4152.2729 | 08740.1359 | 18:39:08 | 220.684073 | 359.160814 
 4152.2710 | 08740.1359 | 18:39:09 | 220.684090 | 359.158629 
 4152.2686 | 08740.1362 | 18:39:10 | 220.683854 | 359.155866 
 4152.2646 | 08740.1367 | 18:39:11 | 220.683460 | 359.151262 
 4152.2617 | 08740.1371 | 18:39:12 | 220.683142 | 359.147924 
 4152.2583 | 08740.1378 | 18:39:13 | 220.682570 | 359.144008 
 4152.2555 | 08740.1381 | 18:39:14 | 220.682337 | 359.140785 
 4152.2503 | 08740.1348 | 18:39:15 | 220.685220 | 359.134826 
 4152.2350 | 08740.1320 | 18:39:17 | 220.687764 | 359.117246 
 4152.2018 | 08740.1356 | 18:39:18 | 220.684964 | 359.079033 
 4152.1895 | 08740.1359 | 18:39:19 | 220.684816 | 359.064883 
 4152.1836 | 08740.1350 | 18:39:20 | 220.685642 | 359.058103 
 4152.1784 | 08740.1338 | 18:39:21 | 220.686720 | 359.052130 
 4152.1735 | 08740.1305 | 18:39:22 | 220.689601 | 359.046515 
 4152.1682 | 08740.1297 | 18:39:23 | 220.690336 | 359.040424 
 4152.1642 | 08740.1279 | 18:39:24 | 220.691919 | 359.035835 
 4152.1594 | 08740.1270 | 18:39:25 | 220.692736 | 359.030320 
 4152.1548 | 08740.1262 | 18:39:26 | 220.693465 | 359.025034 
 4152.1551 | 08740.1219 | 18:39:27 | 220.697159 | 359.025408 
 4152.1524 | 08740.1187 | 18:39:28 | 220.699934 | 359.022323 
 4152.1497 | 08740.1164 | 18:39:29 | 220.701936 | 359.019233 
 4152.1476 | 08740.1150 | 18:39:30 | 220.703158 | 359.016827 
 4152.1462 | 08740.1142 | 18:39:31 | 220.703858 | 359.015222 
 4152.1445 | 08740.1135 | 18:39:32 | 220.704475 | 359.013271 
 4152.1436 | 08740.1134 | 18:39:33 | 220.704569 | 359.012237 
 4152.1432 | 08740.1136 | 18:39:34 | 220.704401 | 359.011775 
 4152.1473 | 08740.1194 | 18:39:35 | 220.699378 | 359.016453 
 4152.1544 | 08740.1294 | 18:39:36 | 220.690717 | 359.024553 
 4152.1527 | 08740.1281 | 18:39:37 | 220.691850 | 359.022606 
 4152.1511 | 08740.1279 | 18:39:38 | 220.692036 | 359.020767 
 4152.1495 | 08740.1276 | 18:39:39 | 220.692308 | 359.018929 
 4152.1477 | 08740.1275 | 18:39:40 | 220.692410 | 359.016859 
 4152.1457 | 08740.1274 | 18:39:41 | 220.692514 | 359.014559 
 4152.1436 | 08740.1273 | 18:39:42 | 220.692619 | 359.012144 
 4152.1413 | 08740.1272 | 18:39:43 | 220.692725 | 359.009499 
 4152.1386 | 08740.1272 | 18:39:44 | 220.692749 | 359.006393 
 4152.1348 | 08740.1277 | 18:39:45 | 220.692353 | 359.002019 
 4152.1317 | 08740.1275 | 18:39:46 | 220.692553 | 358.998455 
 4152.0869 | 08740.1361 | 18:39:47 | 220.685557 | 358.946866 
 4152.0806 | 08740.1370 | 18:39:48 | 220.684840 | 358.939614 
 4152.0750 | 08740.1379 | 18:39:49 | 220.684116 | 358.933166 
 4152.0691 | 08740.1382 | 18:39:50 | 220.683910 | 358.926378 
 4152.0629 | 08740.1379 | 18:39:51 | 220.684224 | 358.919248 
 4152.0580 | 08740.1395 | 18:39:52 | 220.682892 | 358.913601 
 4152.0504 | 08740.1308 | 18:39:53 | 220.690439 | 358.904917 
 4152.0458 | 08740.1312 | 18:39:54 | 220.690136 | 358.899623 
 4152.0415 | 08740.1317 | 18:39:55 | 220.689745 | 358.894674 
 4152.0377 | 08740.1314 | 18:39:56 | 220.690036 | 358.890305 
 4152.0348 | 08740.1332 | 18:39:57 | 220.688515 | 358.886957 
 4152.0325 | 08740.1329 | 18:39:58 | 220.688793 | 358.884314 
 4152.0308 | 08740.1327 | 18:39:59 | 220.688980 | 358.882360 
 4152.0295 | 08740.1321 | 18:40:00 | 220.689508 | 358.880868 
 4152.0289 | 08740.1320 | 18:40:01 | 220.689599 | 358.880179 
 4152.0287 | 08740.1323 | 18:40:02 | 220.689343 | 358.879947 
 4152.0289 | 08740.1319 | 18:40:03 | 220.689685 | 358.880180 
 4152.0278 | 08740.1293 | 18:40:04 | 220.691930 | 358.878932 
 4152.0272 | 08740.1281 | 18:40:05 | 220.692967 | 358.878249 
 4152.0272 | 08740.1281 | 18:40:06 | 220.692967 | 358.878249 
 4152.0272 | 08740.1281 | 18:40:07 | 220.692967 | 358.878249 
 4152.0272 | 08740.1281 | 18:40:08 | 220.692967 | 358.878249 
 4152.0272 | 08740.1281 | 18:40:09 | 220.692967 | 358.878249 
 4152.0272 | 08740.1281 | 18:40:10 | 220.692967 | 358.878249 
 4152.0268 | 08740.1292 | 18:40:11 | 220.692025 | 358.877782 
 4152.0259 | 08740.1288 | 18:40:12 | 220.692377 | 358.876749 
 4152.0248 | 08740.1287 | 18:40:13 | 220.692473 | 358.875485 
 4152.0257 | 08740.1308 | 18:40:14 | 220.690659 | 358.876506 
 4152.0257 | 08740.1315 | 18:40:15 | 220.690057 | 358.876501 
 4152.0246 | 08740.1315 | 18:40:16 | 220.690067 | 358.875236 
 4152.0232 | 08740.1315 | 18:40:17 | 220.690080 | 358.873626 
 4152.0217 | 08740.1314 | 18:40:18 | 220.690179 | 358.871901 
 4152.0202 | 08740.1316 | 18:40:19 | 220.690020 | 358.870174 
 4152.0187 | 08740.1319 | 18:40:20 | 220.689776 | 358.868447 
 4152.0171 | 08740.1328 | 18:40:21 | 220.689016 | 358.866601 
 4152.0129 | 08740.1335 | 18:40:22 | 220.688452 | 358.861765 
 4152.0104 | 08740.1346 | 18:40:23 | 220.687528 | 358.858882 
 4152.0141 | 08740.1563 | 18:40:24 | 220.668838 | 358.862994 
 4152.0139 | 08740.1625 | 18:40:25 | 220.663509 | 358.862722 
 4152.0138 | 08740.1689 | 18:40:26 | 220.658007 | 358.862565 
 4152.0142 | 08740.1768 | 18:40:27 | 220.651211 | 358.862972 
 4152.0143 | 08740.1834 | 18:40:28 | 220.645536 | 358.863043 
 4152.0142 | 08740.1893 | 18:40:29 | 220.640464 | 358.862889 
 4152.0138 | 08740.1941 | 18:40:30 | 220.636340 | 358.862397 
 4152.0133 | 08740.1985 | 18:40:31 | 220.632562 | 358.861793 
 4152.0161 | 08740.2004 | 18:40:32 | 220.630903 | 358.865001 
 4152.0171 | 08740.2063 | 18:40:34 | 220.625822 | 358.866112 
 4152.0208 | 08740.2073 | 18:40:35 | 220.624929 | 358.870361 
 4152.0234 | 08740.2090 | 18:40:36 | 220.623444 | 358.873341 
 4152.0266 | 08740.2102 | 18:40:37 | 220.622384 | 358.877013 
 4152.0303 | 08740.2111 | 18:40:38 | 220.621577 | 358.881263 
 4152.0339 | 08740.2120 | 18:40:39 | 220.620772 | 358.885398 
 4152.0475 | 08740.2150 | 18:40:42 | 220.618071 | 358.901022 
 4152.0510 | 08740.2133 | 18:40:43 | 220.619502 | 358.905059 
 4152.0550 | 08740.2130 | 18:40:44 | 220.619724 | 358.909662 
 4152.0629 | 08740.2122 | 18:40:46 | 220.620342 | 358.918754 
 4152.0664 | 08740.2114 | 18:40:47 | 220.620999 | 358.922785 
 4152.0706 | 08740.2117 | 18:40:48 | 220.620703 | 358.927615 
 4152.0748 | 08740.2121 | 18:40:49 | 220.620322 | 358.932443 
 4152.0792 | 08740.2125 | 18:40:50 | 220.619939 | 358.937501 
 4152.0837 | 08740.2125 | 18:40:51 | 220.619899 | 358.942677 
 4152.0970 | 08740.2127 | 18:40:54 | 220.619609 | 358.957975 
 4152.1054 | 08740.2132 | 18:40:56 | 220.619105 | 358.967633 
 4152.1095 | 08740.2134 | 18:40:57 | 220.618896 | 358.972348 
 4152.1180 | 08740.2139 | 18:40:59 | 220.618391 | 358.982122 
 4152.1261 | 08740.2141 | 18:41:01 | 220.618147 | 358.991438 
 4152.1371 | 08740.2109 | 18:41:04 | 220.620800 | 359.004112 
 4152.1387 | 08740.2137 | 18:41:05 | 220.618379 | 359.005933 
 4152.1435 | 08740.2149 | 18:41:08 | 220.617304 | 359.011447 
 4152.1439 | 08740.2158 | 18:41:09 | 220.616527 | 359.011901 
 4152.1442 | 08740.2161 | 18:41:10 | 220.616266 | 359.012244 
 4152.1445 | 08740.2162 | 18:41:11 | 220.616178 | 359.012588 
 4152.1451 | 08740.2163 | 18:41:12 | 220.616086 | 359.013278 
 4152.1420 | 08740.2250 | 18:41:15 | 220.608634 | 359.009654 
 4152.1419 | 08740.2251 | 18:41:16 | 220.608549 | 359.009538 
 4152.1419 | 08740.2251 | 18:41:17 | 220.608549 | 359.009538 
 4152.1419 | 08740.2251 | 18:41:18 | 220.608549 | 359.009538 
 4152.1419 | 08740.2251 | 18:41:21 | 220.608549 | 359.009538 
 4152.1419 | 08740.2251 | 18:41:23 | 220.608549 | 359.009538 
 4152.1419 | 08740.2251 | 18:41:24 | 220.608549 | 359.009538 
 4152.1419 | 08740.2251 | 18:41:25 | 220.608549 | 359.009538 
 4152.1419 | 08740.2251 | 18:41:26 | 220.608549 | 359.009538 
 4152.1419 | 08740.2251 | 18:41:27 | 220.608549 | 359.009538 
 4152.1419 | 08740.2251 | 18:41:28 | 220.608549 | 359.009538 
 4152.1419 | 08740.2251 | 18:41:29 | 220.608549 | 359.009538 
 4152.1419 | 08740.2251 | 18:41:30 | 220.608549 | 359.009538 
 4152.1419 | 08740.2251 | 18:41:31 | 220.608549 | 359.009538 
 4152.1419 | 08740.2251 | 18:41:33 | 220.608549 | 359.009538 
 4152.1440 | 08740.2239 | 18:41:34 | 220.609562 | 359.011962 
 4152.1450 | 08740.2235 | 18:41:35 | 220.609897 | 359.013115 
 4152.1475 | 08740.2263 | 18:41:36 | 220.607468 | 359.015972 
 4152.1489 | 08740.2267 | 18:41:37 | 220.607111 | 359.017580 
 4152.1502 | 08740.2270 | 18:41:38 | 220.606842 | 359.019073 
 4152.1512 | 08740.2278 | 18:41:39 | 220.606145 | 359.020218 
 4152.1529 | 08740.2309 | 18:41:40 | 220.603465 | 359.022153 
 4152.1540 | 08740.2313 | 18:41:41 | 220.603111 | 359.023415 
 4152.1551 | 08740.2320 | 18:41:42 | 220.602499 | 359.024676 
 4152.1561 | 08740.2329 | 18:41:43 | 220.601717 | 359.025820 
 4152.1570 | 08740.2341 | 18:41:44 | 220.600677 | 359.026848 
 4152.1520 | 08740.2514 | 18:41:45 | 220.585848 | 359.020981 
 4152.1518 | 08740.2570 | 18:41:46 | 220.581035 | 359.020714 
 4152.1520 | 08740.2614 | 18:41:47 | 220.577250 | 359.020915 
 4152.1523 | 08740.2652 | 18:41:48 | 220.573980 | 359.021235 
 4152.1526 | 08740.2689 | 18:41:49 | 220.570797 | 359.021555 
 4152.1528 | 08740.2726 | 18:41:50 | 220.567614 | 359.021761 
 4152.1531 | 08740.2762 | 18:41:51 | 220.564516 | 359.022082 
 4152.1547 | 08740.2794 | 18:41:52 | 220.561750 | 359.023901 
 4152.1559 | 08740.2827 | 18:41:53 | 220.558903 | 359.025260 
 4152.1570 | 08740.2860 | 18:41:54 | 220.556056 | 359.026503 
 4152.1580 | 08740.2892 | 18:41:55 | 220.553296 | 359.027632 
 4152.1592 | 08740.2923 | 18:41:56 | 220.550620 | 359.028992 
 4152.1602 | 08740.2952 | 18:41:57 | 220.548117 | 359.030123 
 4152.1609 | 08740.2979 | 18:41:58 | 220.545790 | 359.030910 
 4152.1566 | 08740.2828 | 18:41:59 | 220.558810 | 359.026064 
 4152.1563 | 08740.2818 | 18:42:00 | 220.559673 | 359.025726 
 4152.1562 | 08740.2816 | 18:42:01 | 220.559846 | 359.025612 
 4152.1496 | 08740.2576 | 18:42:02 | 220.580538 | 359.018180 
 4152.1496 | 08740.2576 | 18:42:03 | 220.580538 | 359.018180 
 4152.1345 | 08740.2070 | 18:42:04 | 220.624176 | 359.001147 
 4152.1319 | 08740.1997 | 18:42:05 | 220.630476 | 358.998205 
 4152.1318 | 08740.1995 | 18:42:06 | 220.630649 | 358.998091 
 4152.1314 | 08740.1996 | 18:42:07 | 220.630566 | 358.997630 
 4152.1314 | 08740.1996 | 18:42:08 | 220.630566 | 358.997630 
 4152.1284 | 08740.2015 | 18:42:09 | 220.628959 | 358.994167 
 4152.1272 | 08740.2021 | 18:42:10 | 220.628454 | 358.992783 
 4152.1263 | 08740.2026 | 18:42:11 | 220.628032 | 358.991744 
 4152.1258 | 08740.2042 | 18:42:12 | 220.626661 | 358.991158 
 4152.1250 | 08740.2048 | 18:42:13 | 220.626152 | 358.990234 
 4152.1242 | 08740.2057 | 18:42:14 | 220.625386 | 358.989308 
 4152.1232 | 08740.2090 | 18:42:16 | 220.622557 | 358.988136 
 4152.1524 | 08740.2673 | 18:42:18 | 220.572174 | 359.021336 
 4152.1410 | 08740.3146 | 18:42:19 | 220.531608 | 359.007910 
 4152.1413 | 08740.3270 | 18:42:20 | 220.520945 | 359.008173 
 4152.1435 | 08740.3614 | 18:42:23 | 220.491349 | 359.010475 
 4152.1474 | 08740.3850 | 18:42:24 | 220.471024 | 359.014805 
 4152.1470 | 08740.3905 | 18:42:25 | 220.466299 | 359.014309 
 4152.1464 | 08740.3972 | 18:42:26 | 220.460544 | 359.013574 
 4152.1442 | 08740.4035 | 18:42:27 | 220.455147 | 359.011002 
 4152.1431 | 08740.4076 | 18:42:28 | 220.451632 | 359.009710 
 4152.1418 | 08740.4105 | 18:42:29 | 220.449150 | 359.008195 
 4152.1394 | 08740.4159 | 18:42:31 | 220.444529 | 359.005399 
 4152.1464 | 08740.4145 | 18:42:32 | 220.445670 | 359.013460 
 4152.1461 | 08740.4162 | 18:42:33 | 220.444211 | 359.013104 
 4152.1458 | 08740.4179 | 18:42:34 | 220.442752 | 359.012747 
 4152.1456 | 08740.4196 | 18:42:35 | 220.441293 | 359.012506 
 4152.1455 | 08740.4218 | 18:42:36 | 220.439402 | 359.012377 
 4152.1468 | 08740.4260 | 18:42:37 | 220.435780 | 359.013844 
 4152.1467 | 08740.4281 | 18:42:38 | 220.433975 | 359.013715 
 4152.1466 | 08740.4301 | 18:42:39 | 220.432256 | 359.013587 
 4152.1465 | 08740.4322 | 18:42:40 | 220.430452 | 359.013458 
 4152.1472 | 08740.4356 | 18:42:41 | 220.427522 | 359.014241 
 4152.1472 | 08740.4375 | 18:42:42 | 220.425889 | 359.014228 
 4152.1455 | 08740.4351 | 18:42:43 | 220.427967 | 359.012289 
 4152.1456 | 08740.4358 | 18:42:44 | 220.427365 | 359.012399 
 4152.1456 | 08740.4361 | 18:42:45 | 220.427107 | 359.012397 
 4152.1456 | 08740.4361 | 18:42:46 | 220.427107 | 359.012397 
 4152.1456 | 08740.4361 | 18:42:47 | 220.427107 | 359.012397 
 4152.1456 | 08740.4361 | 18:42:48 | 220.427107 | 359.012397 
 4152.1456 | 08740.4361 | 18:42:49 | 220.427107 | 359.012397 
 4152.1456 | 08740.4361 | 18:42:50 | 220.427107 | 359.012397 
 4152.1456 | 08740.4361 | 18:42:51 | 220.427107 | 359.012397 
 4152.1436 | 08740.4383 | 18:42:52 | 220.425233 | 359.010082 
 4152.1438 | 08740.4402 | 18:42:53 | 220.423597 | 359.010300 
 4152.1441 | 08740.4432 | 18:42:54 | 220.421016 | 359.010625 
 4152.1447 | 08740.4468 | 18:42:55 | 220.417915 | 359.011291 
 4152.1417 | 08740.4518 | 18:42:56 | 220.413643 | 359.007808 
 4152.1411 | 08740.4562 | 18:42:57 | 220.409865 | 359.007088 
 4152.1464 | 08740.4587 | 18:42:58 | 220.407669 | 359.013168 
 4152.1482 | 08740.4620 | 18:42:59 | 220.404816 | 359.015217 
 4152.1480 | 08740.4667 | 18:43:00 | 220.400777 | 359.014956 
 4152.1477 | 08740.4712 | 18:43:01 | 220.396910 | 359.014581 
 4152.1481 | 08740.4757 | 18:43:02 | 220.393038 | 359.015011 
 4152.1481 | 08740.4794 | 18:43:03 | 220.389857 | 359.014987 
 4152.1481 | 08740.4836 | 18:43:04 | 220.386246 | 359.014959 
 4152.1484 | 08740.4889 | 18:43:05 | 220.381686 | 359.015269 
 4152.1488 | 08740.4947 | 18:43:06 | 220.376696 | 359.015691 
 4152.1488 | 08740.5005 | 18:43:07 | 220.371710 | 359.015653 
 4152.1491 | 08740.5063 | 18:43:08 | 220.366720 | 359.015960 
 4152.1495 | 08740.5119 | 18:43:09 | 220.361902 | 359.016383 
 4152.1496 | 08740.5170 | 18:43:10 | 220.357517 | 359.016464 
 4152.1503 | 08740.5214 | 18:43:11 | 220.353728 | 359.017241 
 4152.1482 | 08740.5269 | 18:43:12 | 220.349017 | 359.014789 
 4152.1485 | 08740.5308 | 18:43:13 | 220.345662 | 359.015108 
 4152.1490 | 08740.5342 | 18:43:14 | 220.342734 | 359.015661 
 4152.1491 | 08740.5358 | 18:43:15 | 220.341358 | 359.015765 
 4152.1493 | 08740.5374 | 18:43:16 | 220.339980 | 359.015985 
 4152.1494 | 08740.5379 | 18:43:17 | 220.339549 | 359.016097 
 4152.1488 | 08740.5375 | 18:43:19 | 220.339899 | 359.015409 
 4152.1489 | 08740.5374 | 18:43:20 | 220.339984 | 359.015525 
 4152.1489 | 08740.5374 | 18:43:21 | 220.339984 | 359.015525 
 4152.1489 | 08740.5374 | 18:43:22 | 220.339984 | 359.015525 
 4152.1489 | 08740.5374 | 18:43:23 | 220.339984 | 359.015525 
 4152.1489 | 08740.5374 | 18:43:24 | 220.339984 | 359.015525 
 4152.1489 | 08740.5374 | 18:43:25 | 220.339984 | 359.015525 
 4152.1489 | 08740.5374 | 18:43:26 | 220.339984 | 359.015525 
 4152.1489 | 08740.5374 | 18:43:27 | 220.339984 | 359.015525 
 4152.1489 | 08740.5374 | 18:43:28 | 220.339984 | 359.015525 
 4152.1489 | 08740.5374 | 18:43:29 | 220.339984 | 359.015525 
 4152.1489 | 08740.5374 | 18:43:30 | 220.339984 | 359.015525 
 4152.1489 | 08740.5374 | 18:43:31 | 220.339984 | 359.015525 
 4152.1489 | 08740.5374 | 18:43:32 | 220.339984 | 359.015525 
 4152.1489 | 08740.5374 | 18:43:33 | 220.339984 | 359.015525 
 4152.1489 | 08740.5374 | 18:43:34 | 220.339984 | 359.015525 
 4152.1489 | 08740.5374 | 18:43:35 | 220.339984 | 359.015525 
 4152.1489 | 08740.5374 | 18:43:36 | 220.339984 | 359.015525 
 4152.1489 | 08740.5374 | 18:43:37 | 220.339984 | 359.015525 
 4152.1489 | 08740.5374 | 18:43:38 | 220.339984 | 359.015525 
 4152.1489 | 08740.5374 | 18:43:39 | 220.339984 | 359.015525 
 4152.1489 | 08740.5374 | 18:43:40 | 220.339984 | 359.015525 
 4152.1489 | 08740.5374 | 18:43:41 | 220.339984 | 359.015525 
 4152.1489 | 08740.5374 | 18:43:42 | 220.339984 | 359.015525 
 4152.1489 | 08740.5374 | 18:43:43 | 220.339984 | 359.015525 
 4152.1514 | 08740.5351 | 18:43:44 | 220.341939 | 359.018416 
 4152.1507 | 08740.5368 | 18:43:45 | 220.340484 | 359.017599 
 4152.1504 | 08740.5389 | 18:43:46 | 220.338681 | 359.017240 
 4152.1502 | 08740.5416 | 18:43:47 | 220.336361 | 359.016992 
 4152.1499 | 08740.5451 | 18:43:48 | 220.333355 | 359.016624 
 4152.1495 | 08740.5492 | 18:43:49 | 220.329833 | 359.016137 
 4152.1491 | 08740.5535 | 18:43:50 | 220.326140 | 359.015649 
 4152.1486 | 08740.5580 | 18:43:51 | 220.322275 | 359.015044 
 4152.1484 | 08740.5622 | 18:43:52 | 220.318666 | 359.014786 
 4152.1482 | 08740.5676 | 18:43:53 | 220.314025 | 359.014521 
 4152.1480 | 08740.5715 | 18:43:54 | 220.310674 | 359.014265 
 4152.1479 | 08740.5754 | 18:43:55 | 220.307322 | 359.014124 
 4152.1474 | 08740.5831 | 18:43:57 | 220.300706 | 359.013499 
 4152.1453 | 08740.5883 | 18:43:58 | 220.296254 | 359.011049 
 4152.1429 | 08740.5960 | 18:43:59 | 220.289655 | 359.008238 
 4152.1425 | 08740.6014 | 18:44:00 | 220.285015 | 359.007742 
 4152.1417 | 08740.6182 | 18:44:03 | 220.270578 | 359.006711 
 4152.1418 | 08740.6238 | 18:44:04 | 220.265763 | 359.006790 
 4152.1418 | 08740.6360 | 18:44:06 | 220.255274 | 359.006709 
 4152.1417 | 08740.6430 | 18:44:07 | 220.249256 | 359.006548 
 4152.1415 | 08740.6501 | 18:44:08 | 220.243154 | 359.006272 
 4152.1414 | 08740.6571 | 18:44:09 | 220.237136 | 359.006111 
 4152.1412 | 08740.6640 | 18:44:10 | 220.231206 | 359.005835 
 4152.1408 | 08740.6709 | 18:44:11 | 220.225277 | 359.005330 
 4152.1414 | 08740.6778 | 18:44:12 | 220.219339 | 359.005975 
 4152.1404 | 08740.6848 | 18:44:13 | 220.213330 | 359.004779 
 4152.1371 | 08740.6923 | 18:44:14 | 220.206910 | 359.000933 
 4152.1346 | 08740.6996 | 18:44:15 | 220.200656 | 358.998010 
 4152.1332 | 08740.7063 | 18:44:16 | 220.194908 | 358.996356 
 4152.1327 | 08740.7127 | 18:44:17 | 220.189410 | 358.995739 
 4152.1313 | 08740.7253 | 18:44:19 | 220.178589 | 358.994046 
 4152.1305 | 08740.7314 | 18:44:20 | 220.173352 | 358.993085 
 4152.1298 | 08740.7372 | 18:44:21 | 220.168371 | 358.992242 
 4152.1294 | 08740.7427 | 18:44:22 | 220.163646 | 358.991746 
 4152.1290 | 08740.7480 | 18:44:23 | 220.159093 | 358.991251 
 4152.1294 | 08740.7530 | 18:44:24 | 220.154790 | 358.991679 
 4152.1290 | 08740.7586 | 18:44:25 | 220.149979 | 358.991182 
 4152.1298 | 08740.7639 | 18:44:26 | 220.145415 | 358.992067 
 4152.1297 | 08740.7696 | 18:44:27 | 220.140516 | 358.991915 
 4152.1298 | 08740.7753 | 18:44:28 | 220.135614 | 358.991993 
 4152.1274 | 08740.7811 | 18:44:29 | 220.130648 | 358.989194 
 4152.1263 | 08740.7864 | 18:44:30 | 220.126101 | 358.987894 
 4152.1283 | 08740.7901 | 18:44:31 | 220.122903 | 358.990170 
 4152.1281 | 08740.7947 | 18:44:32 | 220.118950 | 358.989910 
 4152.1278 | 08740.7991 | 18:44:33 | 220.115169 | 358.989536 
 4152.1275 | 08740.8035 | 18:44:34 | 220.111389 | 358.989162 
 4152.1271 | 08740.8076 | 18:44:35 | 220.107867 | 358.988676 
 4152.1268 | 08740.8113 | 18:44:36 | 220.104689 | 358.988306 
 4152.1267 | 08740.8145 | 18:44:37 | 220.101938 | 358.988170 
 4152.1266 | 08740.8171 | 18:44:38 | 220.099704 | 358.988038 
 4152.1272 | 08740.8192 | 18:44:39 | 220.097893 | 358.988715 
 4152.1270 | 08740.8210 | 18:44:40 | 220.096347 | 358.988473 
 4152.1267 | 08740.8229 | 18:44:41 | 220.094716 | 358.988115 
 4152.1225 | 08740.8255 | 18:44:42 | 220.092518 | 358.983267 
 4152.1220 | 08740.8275 | 18:44:43 | 220.090803 | 358.982679 
 4152.1218 | 08740.8292 | 18:44:44 | 220.089343 | 358.982438 
 4152.1235 | 08740.8297 | 18:44:45 | 220.088898 | 358.984390 
 4152.1237 | 08740.8305 | 18:44:46 | 220.088208 | 358.984615 
 4152.1374 | 08740.8238 | 18:44:47 | 220.093849 | 359.000417 
 4152.1374 | 08740.8262 | 18:44:48 | 220.091786 | 359.000401 
 4152.1375 | 08740.8294 | 18:44:49 | 220.089033 | 359.000496 
 4152.1377 | 08740.8337 | 18:44:50 | 220.085335 | 359.000697 
 4152.1396 | 08740.8375 | 18:44:51 | 220.082051 | 359.002858 
 4152.1398 | 08740.8424 | 18:44:52 | 220.077836 | 359.003056 
 4152.1400 | 08740.8480 | 18:44:53 | 220.073020 | 359.003250 
 4152.1400 | 08740.8542 | 18:44:54 | 220.067689 | 359.003209 
 4152.1399 | 08740.8605 | 18:44:55 | 220.062274 | 359.003053 
 4152.1397 | 08740.8671 | 18:44:56 | 220.056601 | 359.002780 
 4152.1386 | 08740.8743 | 18:44:57 | 220.050420 | 359.001467 
 4152.1380 | 08740.8959 | 18:45:00 | 220.031855 | 359.000636 
 4152.1379 | 08740.9031 | 18:45:01 | 220.025665 | 359.000474 
 4152.1358 | 08740.9124 | 18:45:02 | 220.017688 | 358.997998 
 4152.1358 | 08740.9197 | 18:45:03 | 220.011412 | 358.997950 
 4152.1356 | 08740.9336 | 18:45:05 | 219.999463 | 358.997630 
 4152.1354 | 08740.9409 | 18:45:06 | 219.993188 | 358.997352 
 4152.1353 | 08740.9477 | 18:45:07 | 219.987343 | 358.997193 
 4152.1352 | 08740.9547 | 18:45:08 | 219.981325 | 358.997032 
 4152.1340 | 08740.9631 | 18:45:09 | 219.974114 | 358.995597 
 4152.1324 | 08740.9657 | 18:45:10 | 219.971892 | 358.993740 
 4152.1357 | 08740.9684 | 18:45:11 | 219.969542 | 358.997518 
 4152.1364 | 08740.9722 | 18:45:12 | 219.966269 | 358.998298 
 4152.1368 | 08740.9758 | 18:45:13 | 219.963170 | 358.998735 
 4152.1374 | 08740.9793 | 18:45:14 | 219.960156 | 358.999402 
 4152.1378 | 08740.9830 | 18:45:15 | 219.956971 | 358.999838 
 4152.1381 | 08740.9867 | 18:45:16 | 219.953788 | 359.000159 
 4152.1383 | 08740.9904 | 18:45:17 | 219.950605 | 359.000365 
 4152.1373 | 08740.9941 | 18:45:18 | 219.947432 | 358.999191 
 4152.1376 | 08740.9977 | 18:45:19 | 219.944335 | 358.999512 
 4152.1392 | 08740.9989 | 18:45:20 | 219.943289 | 359.001345 
 4152.1402 | 08741.0013 | 18:45:21 | 219.941217 | 359.002480 
 4152.1349 | 08740.9945 | 18:45:22 | 219.947109 | 358.996428 
 4152.1416 | 08740.9962 | 18:45:23 | 219.945589 | 359.004123 
 4152.1405 | 08740.9960 | 18:45:24 | 219.945771 | 359.002859 
 4152.1410 | 08740.9963 | 18:45:25 | 219.945509 | 359.003432 
 4152.1414 | 08740.9965 | 18:45:26 | 219.945333 | 359.003891 
 4152.1417 | 08740.9967 | 18:45:27 | 219.945159 | 359.004235 
 4152.1421 | 08740.9970 | 18:45:28 | 219.944897 | 359.004693 
 4152.1424 | 08740.9972 | 18:45:29 | 219.944723 | 359.005037 
 4152.1412 | 08740.9968 | 18:45:30 | 219.945077 | 359.003659 
 4152.1429 | 08741.0001 | 18:45:31 | 219.942225 | 359.005593 
 4152.1442 | 08740.9984 | 18:45:32 | 219.943675 | 359.007100 
 4152.1445 | 08740.9980 | 18:45:33 | 219.944016 | 359.007447 
 4152.1446 | 08740.9979 | 18:45:34 | 219.944102 | 359.007563 
 4152.1462 | 08740.9972 | 18:45:35 | 219.944689 | 359.009408 
 4152.1468 | 08740.9951 | 18:45:36 | 219.946490 | 359.010112 
 4152.1474 | 08740.9942 | 18:45:37 | 219.947258 | 359.010808 
 4152.1481 | 08740.9932 | 18:45:38 | 219.948112 | 359.011619 
 4152.1462 | 08740.9924 | 18:45:39 | 219.948816 | 359.009439 
 4152.1471 | 08740.9921 | 18:45:40 | 219.949066 | 359.010476 
 4152.1474 | 08740.9911 | 18:45:41 | 219.949924 | 359.010828 
 4152.1475 | 08740.9904 | 18:45:42 | 219.950525 | 359.010948 
 4152.1477 | 08740.9897 | 18:45:43 | 219.951125 | 359.011182 
 4152.1481 | 08740.9881 | 18:45:45 | 219.952497 | 359.011653 
 4152.1483 | 08740.9873 | 18:45:46 | 219.953183 | 359.011888 
 4152.1485 | 08740.9865 | 18:45:47 | 219.953869 | 359.012123 
 4152.1487 | 08740.9857 | 18:45:48 | 219.954555 | 359.012358 
 4152.1489 | 08740.9849 | 18:45:49 | 219.955241 | 359.012594 
 4152.1490 | 08740.9842 | 18:45:50 | 219.955842 | 359.012713 
 4152.1491 | 08740.9838 | 18:45:51 | 219.956185 | 359.012831 
 4152.1491 | 08740.9832 | 18:45:52 | 219.956701 | 359.012835 
 4152.1494 | 08740.9817 | 18:45:53 | 219.957988 | 359.013190 
 4152.1496 | 08740.9810 | 18:45:54 | 219.958588 | 359.013424 
 4152.1497 | 08740.9799 | 18:45:55 | 219.959533 | 359.013546 
 4152.1498 | 08740.9790 | 18:45:56 | 219.960306 | 359.013667 
 4152.1499 | 08740.9783 | 18:45:57 | 219.960907 | 359.013787 
 4152.1528 | 08740.9791 | 18:45:58 | 219.960194 | 359.017117 
 4152.1533 | 08740.9784 | 18:45:59 | 219.960791 | 359.017697 
 4152.1537 | 08740.9778 | 18:46:00 | 219.961303 | 359.018161 
 4152.1542 | 08740.9769 | 18:46:01 | 219.962073 | 359.018742 
 4152.1531 | 08740.9756 | 18:46:02 | 219.963200 | 359.017485 
 4152.1313 | 08740.9666 | 18:46:03 | 219.971128 | 358.992468 
 4152.1301 | 08740.9652 | 18:46:04 | 219.972342 | 358.991097 
 4152.1325 | 08740.9662 | 18:46:05 | 219.971462 | 358.993851 
 4152.1336 | 08740.9662 | 18:46:06 | 219.971452 | 358.995117 
 4152.1335 | 08740.9638 | 18:46:09 | 219.973516 | 358.995017 
 4152.1337 | 08740.9607 | 18:46:15 | 219.976180 | 358.995268 
 4152.1335 | 08740.9600 | 18:46:16 | 219.976783 | 358.995042 
 4152.1332 | 08740.9595 | 18:46:17 | 219.977216 | 358.994700 
 4152.1330 | 08740.9589 | 18:46:18 | 219.977733 | 358.994474 
 4152.1328 | 08740.9584 | 18:46:19 | 219.978165 | 358.994247 
 4152.1325 | 08740.9576 | 18:46:20 | 219.978855 | 358.993907 
 4152.1324 | 08740.9567 | 18:46:21 | 219.979630 | 358.993798 
 4152.1324 | 08740.9557 | 18:46:22 | 219.980490 | 358.993805 
 4152.1326 | 08740.9549 | 18:46:23 | 219.981176 | 358.994040 
 4152.1331 | 08740.9520 | 18:46:24 | 219.983665 | 358.994634 
 4152.1331 | 08740.9507 | 18:46:25 | 219.984783 | 358.994643 
 4152.1335 | 08740.9500 | 18:46:26 | 219.985381 | 358.995107 
 4152.1431 | 08740.9532 | 18:46:27 | 219.982546 | 359.006129 
 4152.1442 | 08740.9527 | 18:46:28 | 219.982966 | 359.007397 
 4152.1447 | 08740.9520 | 18:46:29 | 219.983564 | 359.007977 
 4152.1453 | 08740.9513 | 18:46:30 | 219.984160 | 359.008672 
 4152.1459 | 08740.9506 | 18:46:31 | 219.984757 | 359.009366 
 4152.1466 | 08740.9493 | 18:46:32 | 219.985869 | 359.010180 
 4152.1471 | 08740.9485 | 18:46:33 | 219.986552 | 359.010760 
 4152.1475 | 08740.9477 | 18:46:34 | 219.987236 | 359.011226 
 4152.1478 | 08740.9467 | 18:46:35 | 219.988093 | 359.011577 
 4152.1483 | 08740.9449 | 18:46:36 | 219.989637 | 359.012164 
 4152.1488 | 08740.9439 | 18:46:37 | 219.990492 | 359.012746 
 4152.1493 | 08740.9428 | 18:46:38 | 219.991433 | 359.013328 
 4152.1499 | 08740.9418 | 18:46:39 | 219.992288 | 359.014025 
 4152.1505 | 08740.9409 | 18:46:40 | 219.993057 | 359.014721 
 4152.1512 | 08740.9403 | 18:46:41 | 219.993566 | 359.015530 
 4152.1516 | 08740.9395 | 18:46:42 | 219.994251 | 359.015995 
 4152.1522 | 08740.9385 | 18:46:43 | 219.995105 | 359.016692 
 4152.1517 | 08740.9378 | 18:46:44 | 219.995711 | 359.016121 
 4152.1517 | 08740.9431 | 18:46:45 | 219.991155 | 359.016087 
 4152.1519 | 08740.9434 | 18:46:46 | 219.990895 | 359.016315 
 4152.1521 | 08740.9433 | 18:46:47 | 219.990979 | 359.016546 
 4152.1530 | 08740.9445 | 18:46:51 | 219.989940 | 359.017573 
 4152.1532 | 08740.9446 | 18:46:52 | 219.989852 | 359.017802 
 4152.1549 | 08740.9466 | 18:47:00 | 219.988118 | 359.019745 
 4152.1552 | 08740.9451 | 18:47:01 | 219.989405 | 359.020100 
 4152.1555 | 08740.9442 | 18:47:02 | 219.990176 | 359.020451 
 4152.1558 | 08740.9436 | 18:47:03 | 219.990689 | 359.020800 
 4152.1558 | 08740.9436 | 18:47:05 | 219.990689 | 359.020800 
 4152.1558 | 08740.9436 | 18:47:06 | 219.990689 | 359.020800 
 4152.1558 | 08740.9436 | 18:47:07 | 219.990689 | 359.020800 
 4152.1558 | 08740.9436 | 18:47:08 | 219.990689 | 359.020800 
 4152.1558 | 08740.9436 | 18:47:09 | 219.990689 | 359.020800 
 4152.1558 | 08740.9436 | 18:47:10 | 219.990689 | 359.020800 
 4152.1558 | 08740.9436 | 18:47:11 | 219.990689 | 359.020800 
 4152.1558 | 08740.9436 | 18:47:12 | 219.990689 | 359.020800 
 4152.1558 | 08740.9436 | 18:47:13 | 219.990689 | 359.020800 
 4152.1555 | 08740.9349 | 18:47:14 | 219.998171 | 359.020511 
 4152.1557 | 08740.9332 | 18:47:16 | 219.999631 | 359.020752 
 4152.1558 | 08740.9328 | 18:47:17 | 219.999974 | 359.020870 
 4152.1561 | 08740.9325 | 18:47:18 | 220.000230 | 359.021217 
 4152.1562 | 08740.9322 | 18:47:20 | 220.000487 | 359.021334 
 4152.1562 | 08740.9322 | 18:47:24 | 220.000487 | 359.021334 
 4152.1562 | 08740.9322 | 18:47:25 | 220.000487 | 359.021334 
 4152.1562 | 08740.9322 | 18:47:26 | 220.000487 | 359.021334 
 4152.1562 | 08740.9322 | 18:47:31 | 220.000487 | 359.021334 
 4152.1713 | 08740.9468 | 18:47:42 | 219.987803 | 359.038608 
 4152.1721 | 08740.9467 | 18:47:43 | 219.987882 | 359.039528 
 4152.1739 | 08740.9493 | 18:47:45 | 219.985630 | 359.041582 
 4152.1717 | 08740.9508 | 18:47:46 | 219.984360 | 359.039042 
 4152.1719 | 08740.9524 | 18:47:48 | 219.982983 | 359.039261 
 4152.1711 | 08740.9538 | 18:47:49 | 219.981786 | 359.038332 
 4152.1672 | 08740.9567 | 18:47:51 | 219.979327 | 35