 4152.1546 | 08740.9506 | 11:13:41 | 219.984681 | 359.019374 
 4152.1599 | 08740.9483 | 11:13:42 | 219.986612 | 359.025485 
 4152.1683 | 08740.9479 | 11:13:44 | 219.986883 | 359.035150 
 4152.1697 | 08740.9496 | 11:13:45 | 219.985409 | 359.036749 
 4152.1720 | 08740.9536 | 11:13:47 | 219.981950 | 359.039368 
 4152.1690 | 08740.9615 | 11:13:51 | 219.975184 | 359.035866 
 4152.1656 | 08740.9573 | 11:13:55 | 219.978825 | 359.031983 
 4152.1678 | 08740.9553 | 11:13:56 | 219.980525 | 359.034526 
 4152.1651 | 08740.9581 | 11:13:57 | 219.978141 | 359.031402 
 4152.1635 | 08740.9568 | 11:13:58 | 219.979273 | 359.029570 
 4152.1627 | 08740.9569 | 11:13:59 | 219.979194 | 359.028650 
 4152.1609 | 08740.9582 | 11:14:00 | 219.978092 | 359.026571 
 4152.1584 | 08740.9593 | 11:14:01 | 219.977168 | 359.023688 
 4152.1590 | 08740.9578 | 11:14:02 | 219.978452 | 359.024388 
 4152.1567 | 08740.9599 | 11:14:03 | 219.976667 | 359.021729 
 4152.1559 | 08740.9628 | 11:14:04 | 219.974181 | 359.020789 
 4152.1551 | 08740.9621 | 11:14:05 | 219.974790 | 359.019874 
 4152.1557 | 08740.9599 | 11:14:06 | 219.976676 | 359.020578 
 4152.1571 | 08740.9554 | 11:14:07 | 219.980532 | 359.022218 
 4152.1554 | 08740.9566 | 11:14:08 | 219.979516 | 359.020255 
 4152.1544 | 08740.9538 | 11:14:09 | 219.981932 | 359.019123 
 4152.1571 | 08740.9522 | 11:14:10 | 219.983284 | 359.022239 
 4152.1533 | 08740.9518 | 11:14:11 | 219.983661 | 359.017870 
 4152.1505 | 08740.9502 | 11:14:12 | 219.985061 | 359.014660 
 4152.1527 | 08740.9493 | 11:14:13 | 219.985815 | 359.017197 
 4152.1516 | 08740.9498 | 11:14:14 | 219.985395 | 359.015928 
 4152.1556 | 08740.9451 | 11:14:16 | 219.989401 | 359.020560 
 4152.1572 | 08740.9421 | 11:14:17 | 219.991966 | 359.022420 
 4152.1560 | 08740.9430 | 11:14:18 | 219.991203 | 359.021033 
 4152.1535 | 08740.9452 | 11:14:19 | 219.989333 | 359.018144 
 4152.1524 | 08740.9456 | 11:14:20 | 219.988999 | 359.016876 
 4152.1468 | 08740.9477 | 11:14:22 | 219.987242 | 359.010421 
 4152.1486 | 08740.9446 | 11:14:23 | 219.989892 | 359.012511 
 4152.1473 | 08740.9453 | 11:14:24 | 219.989301 | 359.011011 
 4152.1500 | 08740.9431 | 11:14:25 | 219.991169 | 359.014131 
 4152.1509 | 08740.9415 | 11:14:26 | 219.992537 | 359.015177 
 4152.1486 | 08740.9414 | 11:14:27 | 219.992643 | 359.012532 
 4152.1490 | 08740.9403 | 11:14:28 | 219.993585 | 359.012999 
 4152.1480 | 08740.9414 | 11:14:29 | 219.992648 | 359.011842 
 4152.1442 | 08740.9438 | 11:14:30 | 219.990618 | 359.007455 
 4152.1471 | 08740.9404 | 11:14:31 | 219.993516 | 359.010813 
 4152.1454 | 08740.9384 | 11:14:32 | 219.995250 | 359.008871 
 4152.1462 | 08740.9370 | 11:14:33 | 219.996447 | 359.009800 
 4152.1447 | 08740.9267 | 11:14:41 | 220.005316 | 359.008142 
 4152.1428 | 08740.9244 | 11:14:43 | 220.007310 | 359.005971 
 4152.1450 | 08740.9235 | 11:14:44 | 220.008064 | 359.008508 
 4152.1413 | 08740.9237 | 11:14:46 | 220.007925 | 359.004251 
 4152.1406 | 08740.9252 | 11:14:47 | 220.006641 | 359.003436 
 4152.1420 | 08740.9231 | 11:14:48 | 220.008434 | 359.005060 
 4152.1422 | 08740.9211 | 11:14:50 | 220.010152 | 359.005303 
 4152.1416 | 08740.9196 | 11:14:51 | 220.011447 | 359.004622 
 4152.1426 | 08740.9181 | 11:14:52 | 220.012728 | 359.005783 
 4152.1420 | 08740.9180 | 11:14:53 | 220.012819 | 359.005093 
 4152.1394 | 08740.9177 | 11:14:54 | 220.013100 | 359.002104 
 4152.1413 | 08740.9153 | 11:14:55 | 220.015147 | 359.004305 
 4152.1442 | 08740.9119 | 11:14:56 | 220.018045 | 359.007663 
 4152.1455 | 08740.9102 | 11:14:57 | 220.019495 | 359.009170 
 4152.1476 | 08740.9080 | 11:14:58 | 220.021368 | 359.011600 
 4152.1465 | 08740.9085 | 11:14:59 | 220.020948 | 359.010331 
 4152.1463 | 08740.9074 | 11:15:00 | 220.021895 | 359.010108 
 4152.1449 | 08740.9069 | 11:15:01 | 220.022337 | 359.008501 
 4152.1483 | 08740.9034 | 11:15:03 | 220.025317 | 359.012435 
 4152.1462 | 08740.9033 | 11:15:05 | 220.025421 | 359.010020 
 4152.1479 | 08740.9013 | 11:15:06 | 220.027126 | 359.011988 
 4152.1459 | 08740.8998 | 11:15:08 | 220.028433 | 359.009698 
 4152.1442 | 08740.8997 | 11:15:09 | 220.028534 | 359.007743 
 4152.1466 | 08740.8971 | 11:15:10 | 220.030748 | 359.010521 
 4152.1460 | 08740.8960 | 11:15:11 | 220.031699 | 359.009838 
 4152.1426 | 08740.8965 | 11:15:12 | 220.031299 | 359.005923 
 4152.1417 | 08740.8971 | 11:15:13 | 220.030791 | 359.004884 
 4152.1389 | 08740.8987 | 11:15:14 | 220.029440 | 359.001653 
 4152.1392 | 08740.8963 | 11:15:15 | 220.031500 | 359.002014 
 4152.1404 | 08740.8945 | 11:15:16 | 220.033038 | 359.003406 
 4152.1411 | 08740.8929 | 11:15:17 | 220.034407 | 359.004222 
 4152.1434 | 08740.8916 | 11:15:18 | 220.035505 | 359.006876 
 4152.1438 | 08740.8900 | 11:15:19 | 220.036877 | 359.007346 
 4152.1448 | 08740.8880 | 11:15:20 | 220.038588 | 359.008510 
 4152.1458 | 08740.8866 | 11:15:21 | 220.039783 | 359.009669 
 4152.1483 | 08740.8849 | 11:15:22 | 220.041222 | 359.012556 
 4152.1454 | 08740.8871 | 11:15:23 | 220.039356 | 359.009206 
 4152.1460 | 08740.8856 | 11:15:24 | 220.040641 | 359.009905 
 4152.1434 | 08740.8848 | 11:15:25 | 220.041351 | 359.006920 
 4152.1436 | 08740.8826 | 11:15:26 | 220.043241 | 359.007164 
 4152.1423 | 08740.8817 | 11:15:27 | 220.044026 | 359.005675 
 4152.1442 | 08740.8786 | 11:15:28 | 220.046675 | 359.007881 
 4152.1457 | 08740.8769 | 11:15:29 | 220.048123 | 359.009617 
 4152.1422 | 08740.8804 | 11:15:30 | 220.045144 | 359.005568 
 4152.1438 | 08740.8797 | 11:15:31 | 220.045732 | 359.007413 
 4152.1397 | 08740.8790 | 11:15:33 | 220.046370 | 359.002702 
 4152.1492 | 08740.8586 | 11:15:52 | 220.063826 | 359.013763 
 4152.1492 | 08740.8590 | 11:15:53 | 220.063482 | 359.013760 
 4152.1595 | 08740.8419 | 11:16:15 | 220.078094 | 359.025719 
 4152.1593 | 08740.8410 | 11:16:17 | 220.078870 | 359.025495 
 4152.1605 | 08740.8394 | 11:16:20 | 220.080235 | 359.026886 
 4152.1609 | 08740.8382 | 11:16:22 | 220.081263 | 359.027354 
 4152.1618 | 08740.8369 | 11:16:24 | 220.082373 | 359.028398 
 4152.1625 | 08740.8357 | 11:16:26 | 220.083398 | 359.029211 
 4152.1630 | 08740.8351 | 11:16:27 | 220.083910 | 359.029790 
 4152.1635 | 08740.8345 | 11:16:28 | 220.084421 | 359.030369 
 4152.1637 | 08740.8340 | 11:16:29 | 220.084849 | 359.030602 
 4152.1638 | 08740.8336 | 11:16:30 | 220.085192 | 359.030720 
 4152.1641 | 08740.8331 | 11:16:31 | 220.085620 | 359.031068 
 4152.1645 | 08740.8325 | 11:16:32 | 220.086132 | 359.031532 
 4152.1650 | 08740.8318 | 11:16:33 | 220.086729 | 359.032112 
 4152.1703 | 08740.8278 | 11:16:41 | 220.090122 | 359.038234 
 4152.1732 | 08740.8258 | 11:16:45 | 220.091816 | 359.041583 
 4152.1744 | 08740.8247 | 11:16:47 | 220.092751 | 359.042971 
 4152.1840 | 08740.8150 | 11:17:00 | 220.101007 | 359.054076 
 4152.1847 | 08740.8143 | 11:17:01 | 220.101603 | 359.054886 
 4152.1912 | 08740.8041 | 11:17:17 | 220.110315 | 359.062430 
 4152.1917 | 08740.8034 | 11:17:18 | 220.110913 | 359.063009 
 4152.1922 | 08740.8029 | 11:17:19 | 220.111338 | 359.063588 
 4152.2210 | 08740.7691 | 11:18:15 | 220.140146 | 359.096936 
 4152.2445 | 08740.7399 | 11:19:03 | 220.165044 | 359.124158 
 4152.2482 | 08740.7363 | 11:19:08 | 220.168107 | 359.128438 
 4152.2505 | 08740.7343 | 11:19:11 | 220.169806 | 359.131097 
 4152.2523 | 08740.7325 | 11:19:13 | 220.171338 | 359.133179 
 4152.2508 | 08740.7314 | 11:19:15 | 220.172297 | 359.131461 
 4152.2513 | 08740.7309 | 11:19:16 | 220.172722 | 359.132039 
 4152.2518 | 08740.7303 | 11:19:17 | 220.173234 | 359.132618 
 4152.2522 | 08740.7298 | 11:19:18 | 220.173660 | 359.133081 
 4152.2527 | 08740.7292 | 11:19:19 | 220.174171 | 359.133661 
 4152.2528 | 08740.7288 | 11:19:20 | 220.174514 | 359.133778 
 4152.2531 | 08740.7283 | 11:19:21 | 220.174942 | 359.134127 
 4152.2535 | 08740.7278 | 11:19:22 | 220.175368 | 359.134590 
 4152.2539 | 08740.7273 | 11:19:23 | 220.175794 | 359.135053 
 4152.2543 | 08740.7268 | 11:19:24 | 220.176221 | 359.135517 
 4152.2547 | 08740.7263 | 11:19:25 | 220.176647 | 359.135980 
 4152.2551 | 08740.7258 | 11:19:26 | 220.177073 | 359.136443 
 4152.2554 | 08740.7253 | 11:19:27 | 220.177501 | 359.136792 
 4152.2552 | 08740.7245 | 11:19:28 | 220.178190 | 359.136567 
 4152.2557 | 08740.7238 | 11:19:29 | 220.178788 | 359.137147 
 4152.2562 | 08740.7231 | 11:19:30 | 220.179385 | 359.137726 
 4152.2571 | 08740.7229 | 11:19:31 | 220.179549 | 359.138763 
 4152.2576 | 08740.7222 | 11:19:32 | 220.180146 | 359.139343 
 4152.2581 | 08740.7215 | 11:19:33 | 220.180744 | 359.139922 
 4152.2586 | 08740.7209 | 11:19:34 | 220.181255 | 359.140501 
 4152.2608 | 08740.7198 | 11:19:37 | 220.182182 | 359.143039 
 4152.2613 | 08740.7192 | 11:19:38 | 220.182693 | 359.143618 
 4152.2623 | 08740.7180 | 11:19:40 | 220.183716 | 359.144776 
 4152.2614 | 08740.7176 | 11:19:41 | 220.184068 | 359.143744 
 4152.2621 | 08740.7163 | 11:19:43 | 220.185179 | 359.144558 
 4152.2626 | 08740.7157 | 11:19:44 | 220.185691 | 359.145137 
 4152.2630 | 08740.7151 | 11:19:45 | 220.186203 | 359.145601 
 4152.2634 | 08740.7144 | 11:19:46 | 220.186802 | 359.146065 
 4152.2638 | 08740.7138 | 11:19:47 | 220.187314 | 359.146529 
 4152.2642 | 08740.7131 | 11:19:48 | 220.187912 | 359.146994 
 4152.2650 | 08740.7119 | 11:19:50 | 220.188937 | 359.147922 
 4152.2640 | 08740.7116 | 11:19:52 | 220.189204 | 359.146774 
 4152.2654 | 08740.7089 | 11:19:57 | 220.191513 | 359.148402 
 4152.2702 | 08740.7052 | 11:20:01 | 220.194651 | 359.153947 
 4152.2711 | 08740.7040 | 11:20:03 | 220.195675 | 359.154990 
 4152.2827 | 08740.6530 | 11:21:00 | 220.239420 | 359.168668 
 4152.2830 | 08740.6038 | 11:21:54 | 220.281716 | 359.169337 
 4152.2823 | 08740.6008 | 11:22:16 | 220.284301 | 359.168551 
 4152.2818 | 08740.5972 | 11:23:09 | 220.287401 | 359.168000 
 4152.2834 | 08740.5765 | 11:23:31 | 220.305183 | 359.169976 
 4152.2832 | 08740.5677 | 11:23:39 | 220.312750 | 359.169804 
 4152.2834 | 08740.5646 | 11:23:42 | 220.315414 | 359.170055 
 4152.2835 | 08740.5625 | 11:23:44 | 220.317218 | 359.170183 
 4152.2836 | 08740.5615 | 11:23:45 | 220.318077 | 359.170305 
 4152.2839 | 08740.5607 | 11:23:46 | 220.318762 | 359.170655 
 4152.2839 | 08740.5597 | 11:23:47 | 220.319622 | 359.170662 
 4152.2832 | 08740.5616 | 11:23:48 | 220.317995 | 359.169844 
 4152.2831 | 08740.5611 | 11:23:49 | 220.318425 | 359.169733 
 4152.2831 | 08740.5602 | 11:23:50 | 220.319199 | 359.169738 
 4152.2832 | 08740.5593 | 11:23:51 | 220.319972 | 359.169859 
 4152.2832 | 08740.5583 | 11:23:52 | 220.320832 | 359.169866 
 4152.2828 | 08740.5590 | 11:23:53 | 220.320233 | 359.169401 
 4152.2827 | 08740.5587 | 11:23:54 | 220.320492 | 359.169288 
 4152.2828 | 08740.5579 | 11:23:55 | 220.321179 | 359.169409 
 4152.2829 | 08740.5570 | 11:23:56 | 220.321952 | 359.169529 
 4152.2853 | 08740.5545 | 11:23:57 | 220.324080 | 359.172307 
 4152.2854 | 08740.5537 | 11:23:58 | 220.324767 | 359.172427 
 4152.2855 | 08740.5529 | 11:23:59 | 220.325454 | 359.172547 
 4152.2860 | 08740.5504 | 11:24:02 | 220.327599 | 359.173139 
 4152.2861 | 08740.5497 | 11:24:03 | 220.328200 | 359.173258 
 4152.2867 | 08740.5469 | 11:24:07 | 220.330602 | 359.173967 
 4152.2867 | 08740.5470 | 11:24:08 | 220.330516 | 359.173966 
 4152.2867 | 08740.5471 | 11:24:09 | 220.330430 | 359.173966 
 4152.2868 | 08740.5470 | 11:24:10 | 220.330515 | 359.174081 
 4152.2862 | 08740.5480 | 11:24:11 | 220.329660 | 359.173385 
 4152.2863 | 08740.5477 | 11:24:12 | 220.329918 | 359.173502 
 4152.2866 | 08740.5471 | 11:24:13 | 220.330431 | 359.173851 
 4152.2868 | 08740.5463 | 11:24:14 | 220.331117 | 359.174086 
 4152.2870 | 08740.5455 | 11:24:15 | 220.331803 | 359.174321 
 4152.2871 | 08740.4788 | 11:25:12 | 220.389146 | 359.174876 
 4152.2885 | 08740.4721 | 11:25:18 | 220.394894 | 359.176530 
 4152.2876 | 08740.4675 | 11:25:24 | 220.398856 | 359.175526 
 4152.2877 | 08740.4637 | 11:25:28 | 220.402122 | 359.175666 
 4152.2878 | 08740.4617 | 11:25:30 | 220.403841 | 359.175794 
 4152.2791 | 08740.4572 | 11:25:41 | 220.407787 | 359.165816 
 4152.2786 | 08740.4559 | 11:25:43 | 220.408909 | 359.165250 
 4152.2781 | 08740.4543 | 11:25:45 | 220.410289 | 359.164685 
 4152.2774 | 08740.4519 | 11:25:48 | 220.412358 | 359.163896 
 4152.2767 | 08740.4478 | 11:25:53 | 220.415889 | 359.163118 
 4152.2781 | 08740.4341 | 11:26:01 | 220.427655 | 359.164819 
 4152.2783 | 08740.4324 | 11:26:03 | 220.429115 | 359.165060 
 4152.2786 | 08740.4315 | 11:26:04 | 220.429886 | 359.165411 
 4152.2785 | 08740.4306 | 11:26:05 | 220.430661 | 359.165302 
 4152.2786 | 08740.4297 | 11:26:06 | 220.431434 | 359.165423 
 4152.2788 | 08740.4289 | 11:26:07 | 220.432120 | 359.165658 
 4152.2789 | 08740.4281 | 11:26:08 | 220.432807 | 359.165779 
 4152.2789 | 08740.4273 | 11:26:09 | 220.433494 | 359.165784 
 4152.2787 | 08740.4246 | 11:26:12 | 220.435817 | 359.165572 
 4152.2787 | 08740.4238 | 11:26:13 | 220.436505 | 359.165577 
 4152.2787 | 08740.4229 | 11:26:14 | 220.437279 | 359.165583 
 4152.2784 | 08740.4195 | 11:26:18 | 220.440205 | 359.165260 
 4152.2785 | 08740.4169 | 11:26:22 | 220.442439 | 359.165392 
 4152.2788 | 08740.4164 | 11:26:23 | 220.442866 | 359.165741 
 4152.2796 | 08740.4154 | 11:26:26 | 220.443719 | 359.166668 
 4152.2807 | 08740.4153 | 11:26:29 | 220.443795 | 359.167934 
 4152.2820 | 08740.4169 | 11:26:30 | 220.442408 | 359.169418 
 4152.2833 | 08740.4188 | 11:26:31 | 220.440763 | 359.170901 
 4152.2844 | 08740.4207 | 11:26:32 | 220.439120 | 359.172154 
 4152.2854 | 08740.4220 | 11:26:33 | 220.437993 | 359.173296 
 4152.2883 | 08740.4238 | 11:26:34 | 220.436420 | 359.176619 
 4152.2888 | 08740.4246 | 11:26:35 | 220.435728 | 359.177189 
 4152.2892 | 08740.4252 | 11:26:36 | 220.435209 | 359.177645 
 4152.2894 | 08740.4254 | 11:26:37 | 220.435035 | 359.177874 
 4152.2895 | 08740.4256 | 11:26:38 | 220.434862 | 359.177988 
 4152.2907 | 08740.4256 | 11:26:41 | 220.434852 | 359.179368 
 4152.2916 | 08740.4258 | 11:26:44 | 220.434672 | 359.180402 
 4152.2916 | 08740.4255 | 11:26:45 | 220.434930 | 359.180404 
 4152.2924 | 08740.4256 | 11:26:48 | 220.434837 | 359.181323 
 4152.2914 | 08740.4234 | 11:26:51 | 220.436737 | 359.180188 
 4152.2912 | 08740.4216 | 11:26:52 | 220.438286 | 359.179970 
 4152.2910 | 08740.4203 | 11:26:53 | 220.439406 | 359.179748 
 4152.2909 | 08740.4189 | 11:26:54 | 220.440610 | 359.179642 
 4152.2909 | 08740.4175 | 11:26:55 | 220.441814 | 359.179652 
 4152.2880 | 08740.4179 | 11:26:56 | 220.441495 | 359.176313 
 4152.2879 | 08740.4159 | 11:26:57 | 220.443216 | 359.176211 
 4152.2879 | 08740.4137 | 11:26:58 | 220.445107 | 359.176226 
 4152.2878 | 08740.4116 | 11:26:59 | 220.446913 | 359.176125 
 4152.2878 | 08740.4094 | 11:27:00 | 220.448805 | 359.176139 
 4152.2877 | 08740.4064 | 11:27:01 | 220.451385 | 359.176044 
 4152.2876 | 08740.4033 | 11:27:02 | 220.454051 | 359.175950 
 4152.2875 | 08740.3983 | 11:27:05 | 220.458351 | 359.175868 
 4152.2874 | 08740.3964 | 11:27:06 | 220.459985 | 359.175765 
 4152.2874 | 08740.3949 | 11:27:07 | 220.461274 | 359.175775 
 4152.2874 | 08740.3913 | 11:27:10 | 220.464370 | 359.175799 
 4152.2873 | 08740.3895 | 11:27:11 | 220.465918 | 359.175696 
 4152.2873 | 08740.3880 | 11:27:12 | 220.467208 | 359.175706 
 4152.2872 | 08740.3867 | 11:27:13 | 220.468326 | 359.175599 
 4152.2874 | 08740.3810 | 11:27:21 | 220.473225 | 359.175867 
 4152.2918 | 08740.3768 | 11:27:25 | 220.476797 | 359.180956 
 4152.2919 | 08740.3741 | 11:27:29 | 220.479117 | 359.181089 
 4152.2919 | 08740.3690 | 11:27:37 | 220.483502 | 359.181123 
 4152.2952 | 08740.3925 | 11:28:09 | 220.463269 | 359.184763 
 4152.2946 | 08740.3864 | 11:28:10 | 220.468518 | 359.184113 
 4152.2942 | 08740.3797 | 11:28:11 | 220.474282 | 359.183697 
 4152.2948 | 08740.3579 | 11:28:12 | 220.493019 | 359.184532 
 4152.2945 | 08740.3394 | 11:28:13 | 220.508927 | 359.184309 
 4152.2935 | 08740.3259 | 11:28:14 | 220.520542 | 359.183248 
 4152.2936 | 08740.3178 | 11:28:15 | 220.527505 | 359.183417 
 4152.2924 | 08740.3111 | 11:28:16 | 220.533275 | 359.182081 
 4152.2893 | 08740.2992 | 11:28:20 | 220.543534 | 359.178594 
 4152.2904 | 08740.2639 | 11:28:59 | 220.573872 | 359.180093 
 4152.2908 | 08740.2839 | 11:29:06 | 220.556674 | 359.180421 
 4152.2915 | 08740.2837 | 11:29:07 | 220.556840 | 359.181227 
 4152.2924 | 08740.2855 | 11:29:08 | 220.555285 | 359.182251 
 4152.2917 | 08740.2621 | 11:29:10 | 220.575408 | 359.181601 
 4152.2928 | 08740.2639 | 11:29:12 | 220.573851 | 359.182854 
 4152.2935 | 08740.2779 | 11:29:13 | 220.561809 | 359.183566 
 4152.2928 | 08740.2791 | 11:29:14 | 220.560783 | 359.182753 
 4152.2930 | 08740.2786 | 11:29:17 | 220.561211 | 359.182987 
 4152.2949 | 08740.2744 | 11:29:20 | 220.564805 | 359.185200 
 4152.2975 | 08740.2646 | 11:29:22 | 220.573208 | 359.188256 
 4152.2940 | 08740.2655 | 11:29:25 | 220.572465 | 359.184224 
 4152.2940 | 08740.2619 | 11:29:26 | 220.575560 | 359.184248 
 4152.2941 | 08740.2485 | 11:29:28 | 220.587079 | 359.184451 
 4152.2919 | 08740.2436 | 11:29:29 | 220.591312 | 359.181953 
 4152.2917 | 08740.2388 | 11:29:30 | 220.595440 | 359.181755 
 4152.2915 | 08740.2357 | 11:29:31 | 220.598107 | 359.181546 
 4152.2938 | 08740.2328 | 11:29:32 | 220.600580 | 359.184211 
 4152.2958 | 08740.2292 | 11:29:33 | 220.603657 | 359.186535 
 4152.2936 | 08740.1939 | 11:30:18 | 220.634025 | 359.184239 
 4152.2928 | 08740.1925 | 11:30:20 | 220.635236 | 359.183328 
 4152.2924 | 08740.1916 | 11:30:21 | 220.636013 | 359.182874 
 4152.2909 | 08740.1893 | 11:30:25 | 220.638004 | 359.181164 
 4152.2888 | 08740.1874 | 11:30:30 | 220.639656 | 359.178761 
 4152.2863 | 08740.1834 | 11:30:37 | 220.643117 | 359.175912 
 4152.2858 | 08740.1800 | 11:30:39 | 220.646045 | 359.175359 
 4152.2859 | 08740.1769 | 11:30:40 | 220.648709 | 359.175495 
 4152.2862 | 08740.1750 | 11:30:41 | 220.650340 | 359.175853 
 4152.2860 | 08740.1738 | 11:30:42 | 220.651373 | 359.175631 
 4152.2935 | 08740.1420 | 11:31:11 | 220.678646 | 359.184469 
 4152.2935 | 08740.1401 | 11:31:13 | 220.680279 | 359.184482 
 4152.2936 | 08740.1387 | 11:31:15 | 220.681482 | 359.184606 
 4152.2903 | 08740.1395 | 11:31:16 | 220.680824 | 359.180805 
 4152.2898 | 08740.1388 | 11:31:17 | 220.681430 | 359.180234 
 4152.2894 | 08740.1381 | 11:31:18 | 220.682035 | 359.179779 
 4152.2890 | 08740.1373 | 11:31:19 | 220.682727 | 359.179324 
 4152.2885 | 08740.1366 | 11:31:20 | 220.683333 | 359.178754 
 4152.2881 | 08740.1358 | 11:31:21 | 220.684024 | 359.178299 
 4152.2876 | 08740.1351 | 11:31:22 | 220.684630 | 359.177728 
 4152.2873 | 08740.1339 | 11:31:23 | 220.685665 | 359.177391 
 4152.2869 | 08740.1332 | 11:31:24 | 220.686270 | 359.176936 
 4152.2860 | 08740.1322 | 11:31:26 | 220.687138 | 359.175907 
 4152.2855 | 08740.1316 | 11:31:27 | 220.687658 | 359.175336 
 4152.2851 | 08740.1310 | 11:31:28 | 220.688178 | 359.174880 
 4152.2846 | 08740.1303 | 11:31:29 | 220.688784 | 359.174310 
 4152.2842 | 08740.1297 | 11:31:30 | 220.689303 | 359.173853 
 4152.2837 | 08740.1290 | 11:31:31 | 220.689909 | 359.173283 
 4152.2833 | 08740.1285 | 11:31:32 | 220.690343 | 359.172826 
 4152.2829 | 08740.1277 | 11:31:33 | 220.691034 | 359.172371 
 4152.2823 | 08740.1279 | 11:31:35 | 220.690868 | 359.171680 
 4152.2821 | 08740.1351 | 11:31:37 | 220.684679 | 359.171402 
