 4147.5471 | 08806.6631 | 09:22:28 | 197.891926 | 353.607237 
 4147.5464 | 08806.6514 | 09:22:39 | 197.901999 | 353.606458 
 4147.5464 | 08806.6468 | 09:22:40 | 197.905959 | 353.606468 
 4147.5462 | 08806.6419 | 09:22:41 | 197.910177 | 353.606249 
 4147.5460 | 08806.6369 | 09:22:42 | 197.914482 | 353.606030 
 4147.5478 | 08806.6323 | 09:22:43 | 197.918436 | 353.608111 
 4147.5496 | 08806.6268 | 09:22:44 | 197.923165 | 353.610194 
 4147.5509 | 08806.6210 | 09:22:45 | 197.928153 | 353.611702 
 4147.5518 | 08806.6156 | 09:22:46 | 197.932799 | 353.612749 
 4147.5533 | 08806.6097 | 09:22:47 | 197.937873 | 353.614488 
 4147.5524 | 08806.6049 | 09:22:48 | 197.942008 | 353.613463 
 4147.5538 | 08806.5991 | 09:22:49 | 197.946996 | 353.615086 
 4147.5621 | 08806.5903 | 09:22:50 | 197.954546 | 353.624653 
 4147.5637 | 08806.5849 | 09:22:51 | 197.959189 | 353.626506 
 4147.5656 | 08806.5791 | 09:22:52 | 197.964176 | 353.628704 
 4147.5674 | 08806.5741 | 09:22:53 | 197.968475 | 353.630786 
 4147.5935 | 08806.5859 | 09:22:54 | 197.958239 | 353.660780 
 4147.5964 | 08806.5932 | 09:22:55 | 197.951947 | 353.664099 
 4147.6016 | 08806.5934 | 09:22:56 | 197.951759 | 353.670080 
 4147.6067 | 08806.5935 | 09:22:57 | 197.951658 | 353.675946 
 4147.6119 | 08806.5937 | 09:22:58 | 197.951470 | 353.681927 
 4147.6172 | 08806.5941 | 09:22:59 | 197.951110 | 353.688022 
 4147.6277 | 08806.5944 | 09:23:01 | 197.950821 | 353.700099 
 4147.6330 | 08806.5948 | 09:23:02 | 197.950461 | 353.706194 
 4147.6422 | 08806.6062 | 09:23:03 | 197.940620 | 353.716751 
 4147.6506 | 08806.6021 | 09:23:04 | 197.944124 | 353.726422 
 4147.6631 | 08806.6013 | 09:23:05 | 197.944776 | 353.740802 
 4147.6700 | 08806.6009 | 09:23:06 | 197.945099 | 353.748739 
 4147.6769 | 08806.6009 | 09:23:07 | 197.945079 | 353.756676 
 4147.6843 | 08806.6009 | 09:23:08 | 197.945057 | 353.765187 
 4147.6912 | 08806.6017 | 09:23:09 | 197.944347 | 353.773122 
 4147.6981 | 08806.6029 | 09:23:10 | 197.943294 | 353.781056 
 4147.7046 | 08806.6044 | 09:23:11 | 197.941983 | 353.788529 
 4147.7114 | 08806.6055 | 09:23:12 | 197.941016 | 353.796348 
 4147.7183 | 08806.6066 | 09:23:13 | 197.940049 | 353.804282 
 4147.7249 | 08806.6078 | 09:23:14 | 197.938996 | 353.811871 
 4147.7316 | 08806.6088 | 09:23:15 | 197.938115 | 353.819576 
 4147.7368 | 08806.6118 | 09:23:16 | 197.935518 | 353.825550 
 4147.7437 | 08806.6127 | 09:23:17 | 197.934722 | 353.833485 
 4147.7510 | 08806.6132 | 09:23:18 | 197.934270 | 353.841880 
 4147.7579 | 08806.6137 | 09:23:19 | 197.933819 | 353.849816 
 4147.7646 | 08806.6143 | 09:23:20 | 197.933283 | 353.857521 
 4147.7711 | 08806.6150 | 09:23:21 | 197.932661 | 353.864996 
 4147.7775 | 08806.6148 | 09:23:22 | 197.932814 | 353.872358 
 4147.7838 | 08806.6146 | 09:23:23 | 197.932967 | 353.879605 
 4147.7820 | 08806.6209 | 09:23:24 | 197.927550 | 353.877520 
 4147.7861 | 08806.6225 | 09:23:25 | 197.926161 | 353.882232 
 4147.7853 | 08806.6215 | 09:23:26 | 197.927024 | 353.881314 
 4147.7849 | 08806.6210 | 09:23:27 | 197.927455 | 353.880856 
 4147.7842 | 08806.6127 | 09:23:28 | 197.934601 | 353.880069 
 4147.7852 | 08806.6097 | 09:23:29 | 197.937181 | 353.881226 
 4147.7862 | 08806.6073 | 09:23:30 | 197.939243 | 353.882381 
 4147.7887 | 08806.6027 | 09:23:31 | 197.943195 | 353.885267 
 4147.7902 | 08806.5985 | 09:23:32 | 197.946806 | 353.887002 
 4147.7856 | 08806.5823 | 09:23:33 | 197.960763 | 353.881747 
 4147.7854 | 08806.5728 | 09:23:34 | 197.968941 | 353.881538 
 4147.7800 | 08806.5603 | 09:23:35 | 197.979716 | 353.875355 
 4147.7792 | 08806.5495 | 09:23:36 | 197.989015 | 353.874459 
 4147.7784 | 08806.5383 | 09:23:37 | 197.998657 | 353.873564 
 4147.7805 | 08806.5254 | 09:23:38 | 198.009754 | 353.876009 
 4147.7838 | 08806.5116 | 09:23:39 | 198.021622 | 353.879836 
 4147.7849 | 08806.4988 | 09:23:40 | 198.032636 | 353.881130 
 4147.7860 | 08806.4860 | 09:23:41 | 198.043650 | 353.882424 
 4147.7867 | 08806.4732 | 09:23:42 | 198.054666 | 353.883258 
 4147.7867 | 08806.4600 | 09:23:43 | 198.066027 | 353.883288 
 4147.7896 | 08806.4436 | 09:23:44 | 198.080134 | 353.886660 
 4147.7909 | 08806.4292 | 09:23:45 | 198.092525 | 353.888188 
 4147.7923 | 08806.4148 | 09:23:46 | 198.104915 | 353.889831 
 4147.7937 | 08806.4007 | 09:23:47 | 198.117047 | 353.891473 
 4147.7950 | 08806.3853 | 09:23:48 | 198.130298 | 353.893004 
 4147.7974 | 08806.3715 | 09:23:49 | 198.142169 | 353.895796 
 4147.7988 | 08806.3551 | 09:23:50 | 198.156281 | 353.897443 
 4147.8012 | 08806.3413 | 09:23:51 | 198.168151 | 353.900235 
 4147.8079 | 08806.3242 | 09:23:52 | 198.182849 | 353.907981 
 4147.8099 | 08806.3099 | 09:23:53 | 198.195152 | 353.910314 
 4147.8128 | 08806.2948 | 09:23:54 | 198.208140 | 353.913684 
 4147.8159 | 08806.2799 | 09:23:55 | 198.220955 | 353.917284 
 4147.8181 | 08806.2657 | 09:23:56 | 198.233171 | 353.919847 
 4147.8208 | 08806.2512 | 09:23:57 | 198.245643 | 353.922986 
 4147.8236 | 08806.2367 | 09:23:58 | 198.258115 | 353.926240 
 4147.8264 | 08806.2221 | 09:23:59 | 198.270672 | 353.929494 
 4147.8297 | 08806.2074 | 09:24:00 | 198.283315 | 353.933323 
 4147.8325 | 08806.1925 | 09:24:01 | 198.296131 | 353.936578 
 4147.8359 | 08806.1777 | 09:24:02 | 198.308859 | 353.940523 
 4147.8389 | 08806.1637 | 09:24:03 | 198.320900 | 353.944006 
 4147.8408 | 08806.1506 | 09:24:04 | 198.332169 | 353.946222 
 4147.8432 | 08806.1371 | 09:24:05 | 198.343782 | 353.949014 
 4147.8465 | 08806.1229 | 09:24:06 | 198.355994 | 353.952842 
 4147.8499 | 08806.1076 | 09:24:07 | 198.369152 | 353.956789 
 4147.8530 | 08806.0931 | 09:24:08 | 198.381623 | 353.960388 
 4147.8557 | 08806.0785 | 09:24:09 | 198.394181 | 353.963528 
 4147.8586 | 08806.0642 | 09:24:10 | 198.406480 | 353.966896 
 4147.8614 | 08806.0497 | 09:24:11 | 198.418952 | 353.970151 
 4147.8640 | 08806.0360 | 09:24:12 | 198.430735 | 353.973173 
 4147.8669 | 08806.0219 | 09:24:13 | 198.442862 | 353.976542 
 4147.8696 | 08806.0076 | 09:24:14 | 198.455162 | 353.979681 
 4147.8722 | 08805.9932 | 09:24:15 | 198.467548 | 353.982705 
 4147.8750 | 08805.9789 | 09:24:16 | 198.479847 | 353.985959 
 4147.8777 | 08805.9646 | 09:24:17 | 198.492147 | 353.989098 
 4147.8802 | 08805.9502 | 09:24:18 | 198.504534 | 353.992008 
 4147.8826 | 08805.9358 | 09:24:19 | 198.516920 | 353.994802 
 4147.8843 | 08805.9229 | 09:24:20 | 198.528018 | 353.996788 
 4147.8866 | 08805.9092 | 09:24:21 | 198.539802 | 353.999465 
 4147.8892 | 08805.8949 | 09:24:22 | 198.552102 | 354.002490 
 4147.8919 | 08805.8806 | 09:24:23 | 198.564402 | 354.005629 
 4147.8945 | 08805.8663 | 09:24:24 | 198.576702 | 354.008653 
 4147.8973 | 08805.8520 | 09:24:25 | 198.589001 | 354.011908 
 4147.9001 | 08805.8378 | 09:24:26 | 198.601214 | 354.015162 
 4147.9031 | 08805.8238 | 09:24:27 | 198.613255 | 354.018646 
 4147.9062 | 08805.8096 | 09:24:28 | 198.625467 | 354.022245 
 4147.9093 | 08805.7954 | 09:24:29 | 198.637679 | 354.025844 
 4147.9101 | 08805.7863 | 09:24:30 | 198.645509 | 354.026786 
 4147.9135 | 08805.7731 | 09:24:31 | 198.656859 | 354.030728 
 4147.9168 | 08805.7598 | 09:24:32 | 198.668296 | 354.034555 
 4147.9201 | 08805.7467 | 09:24:33 | 198.679561 | 354.038382 
 4147.9235 | 08805.7335 | 09:24:34 | 198.690911 | 354.042325 
 4147.9266 | 08805.7206 | 09:24:35 | 198.702004 | 354.045921 
 4147.9294 | 08805.7078 | 09:24:36 | 198.713012 | 354.049172 
 4147.9306 | 08805.6967 | 09:24:37 | 198.722562 | 354.050579 
 4147.9320 | 08805.6850 | 09:24:38 | 198.732628 | 354.052217 
 4147.9342 | 08805.6719 | 09:24:39 | 198.743896 | 354.054779 
 4147.9365 | 08805.6589 | 09:24:40 | 198.755078 | 354.057456 
 4147.9389 | 08805.6463 | 09:24:41 | 198.765915 | 354.060246 
 4147.9411 | 08805.6340 | 09:24:42 | 198.776494 | 354.062806 
 4147.9434 | 08805.6220 | 09:24:43 | 198.786815 | 354.065481 
 4147.9437 | 08805.6109 | 09:24:44 | 198.796368 | 354.065852 
 4147.9447 | 08805.5998 | 09:24:45 | 198.805918 | 354.067029 
 4147.9484 | 08805.5891 | 09:24:46 | 198.815116 | 354.071311 
 4147.9501 | 08805.5781 | 09:24:47 | 198.824578 | 354.073293 
 4147.9518 | 08805.5675 | 09:24:48 | 198.833696 | 354.075274 
 4147.9526 | 08805.5579 | 09:24:49 | 198.841956 | 354.076217 
 4147.9548 | 08805.5485 | 09:24:50 | 198.850039 | 354.078770 
 4147.9564 | 08805.5392 | 09:24:51 | 198.858039 | 354.080633 
 4147.9580 | 08805.5300 | 09:24:52 | 198.865952 | 354.082495 
 4147.9595 | 08805.5213 | 09:24:53 | 198.873435 | 354.084242 
 4147.9613 | 08805.5130 | 09:24:54 | 198.880573 | 354.086332 
 4147.9628 | 08805.5073 | 09:24:55 | 198.885474 | 354.088071 
 4147.9646 | 08805.5010 | 09:24:56 | 198.890890 | 354.090157 
 4147.9659 | 08805.4951 | 09:24:57 | 198.895964 | 354.091667 
 4147.9669 | 08805.4898 | 09:24:58 | 198.900523 | 354.092830 
 4147.9674 | 08805.4853 | 09:24:59 | 198.904394 | 354.093416 
 4147.9682 | 08805.4812 | 09:25:00 | 198.907920 | 354.094346 
 4147.9688 | 08805.4780 | 09:25:01 | 198.910673 | 354.095044 
 4147.9695 | 08805.4754 | 09:25:02 | 198.912908 | 354.095855 
 4147.9706 | 08805.4734 | 09:25:03 | 198.914626 | 354.097125 
 4147.9700 | 08805.4750 | 09:25:04 | 198.913251 | 354.096431 
 4147.9689 | 08805.4767 | 09:25:05 | 198.911791 | 354.095162 
 4147.9685 | 08805.4774 | 09:25:06 | 198.911190 | 354.094700 
 4147.9685 | 08805.4774 | 09:25:07 | 198.911190 | 354.094700 
 4147.9685 | 08805.4774 | 09:25:08 | 198.911190 | 354.094700 
 4147.9685 | 08805.4774 | 09:25:09 | 198.911190 | 354.094700 
 4147.9685 | 08805.4774 | 09:25:10 | 198.911190 | 354.094700 
 4147.9685 | 08805.4774 | 09:25:11 | 198.911190 | 354.094700 
 4147.9685 | 08805.4774 | 09:25:12 | 198.911190 | 354.094700 
 4147.9681 | 08805.4769 | 09:25:13 | 198.911622 | 354.094241 
 4147.9686 | 08805.4742 | 09:25:14 | 198.913944 | 354.094823 
 4147.9692 | 08805.4700 | 09:25:15 | 198.917557 | 354.095523 
 4147.9699 | 08805.4649 | 09:25:16 | 198.921944 | 354.096341 
 4147.9711 | 08805.4581 | 09:25:17 | 198.927793 | 354.097737 
 4147.9722 | 08805.4507 | 09:25:18 | 198.934158 | 354.099021 
 4147.9735 | 08805.4425 | 09:25:19 | 198.941212 | 354.100536 
 4147.9747 | 08805.4335 | 09:25:20 | 198.948954 | 354.101938 
 4147.9765 | 08805.4227 | 09:25:21 | 198.958244 | 354.104035 
 4147.9779 | 08805.4126 | 09:25:22 | 198.966932 | 354.105670 
 4147.9791 | 08805.4023 | 09:25:23 | 198.975793 | 354.107075 
 4147.9805 | 08805.3909 | 09:25:24 | 198.985600 | 354.108713 
 4147.9814 | 08805.3797 | 09:25:25 | 198.995237 | 354.109776 
 4147.9845 | 08805.3642 | 09:25:26 | 199.008568 | 354.113379 
 4147.9864 | 08805.3510 | 09:25:27 | 199.019922 | 354.115597 
 4147.9881 | 08805.3377 | 09:25:28 | 199.031364 | 354.117585 
 4147.9897 | 08805.3242 | 09:25:29 | 199.042978 | 354.119458 
 4147.9910 | 08805.3106 | 09:25:30 | 199.054679 | 354.120987 
 4147.9923 | 08805.2969 | 09:25:31 | 199.066466 | 354.122516 
 4147.9934 | 08805.2832 | 09:25:32 | 199.078254 | 354.123815 
 4147.9961 | 08805.2657 | 09:25:33 | 199.093307 | 354.126963 
 4147.9975 | 08805.2513 | 09:25:34 | 199.105696 | 354.128609 
 4148.0004 | 08805.2319 | 09:25:35 | 199.122384 | 354.131992 
 4148.0026 | 08805.2151 | 09:25:36 | 199.136836 | 354.134564 
 4148.0043 | 08805.1992 | 09:25:37 | 199.150515 | 354.136559 
 4148.0061 | 08805.1835 | 09:25:38 | 199.164022 | 354.138668 
 4148.0085 | 08805.1646 | 09:25:39 | 199.180281 | 354.141475 
 4148.0107 | 08805.1469 | 09:25:40 | 199.195508 | 354.144050 
 4148.0124 | 08805.1304 | 09:25:41 | 199.209703 | 354.146046 
 4148.0150 | 08805.1122 | 09:25:42 | 199.225359 | 354.149082 
 4148.0167 | 08805.0955 | 09:25:43 | 199.239726 | 354.151079 
 4148.0196 | 08805.0771 | 09:25:44 | 199.255553 | 354.154460 
 4148.0204 | 08805.0603 | 09:25:45 | 199.270010 | 354.155422 
 4148.0220 | 08805.0440 | 09:25:46 | 199.284034 | 354.157303 
 4148.0236 | 08805.0278 | 09:25:47 | 199.297971 | 354.159184 
 4148.0211 | 08805.0209 | 09:25:48 | 199.303918 | 354.156326 
 4148.0220 | 08805.0060 | 09:25:49 | 199.316739 | 354.157398 
 4148.0236 | 08804.9896 | 09:25:50 | 199.330849 | 354.159280 
 4148.0253 | 08804.9729 | 09:25:51 | 199.345217 | 354.161277 
 4148.0267 | 08804.9568 | 09:25:52 | 199.359069 | 354.162928 
 4148.0283 | 08804.9414 | 09:25:53 | 199.372318 | 354.164807 
 4148.0298 | 08804.9250 | 09:25:54 | 199.386428 | 354.166573 
 4148.0313 | 08804.9086 | 09:25:55 | 199.400538 | 354.168340 
 4148.0333 | 08804.8930 | 09:25:56 | 199.413958 | 354.170680 
 4148.0349 | 08804.8769 | 09:25:57 | 199.427809 | 354.172561 
 4148.0365 | 08804.8605 | 09:25:58 | 199.441919 | 354.174443 
 4148.0381 | 08804.8444 | 09:25:59 | 199.455770 | 354.176324 
 4148.0400 | 08804.8287 | 09:26:00 | 199.469276 | 354.178549 
 4148.0420 | 08804.8134 | 09:26:01 | 199.482438 | 354.180888 
 4148.0440 | 08804.7985 | 09:26:02 | 199.495255 | 354.183226 
 4148.0461 | 08804.7840 | 09:26:03 | 199.507728 | 354.185678 
 4148.0472 | 08804.7691 | 09:26:04 | 199.520548 | 354.186982 
 4148.0488 | 08804.7544 | 09:26:05 | 199.533194 | 354.188859 
 4148.0504 | 08804.7400 | 09:26:06 | 199.545582 | 354.190736 
 4148.0521 | 08804.7255 | 09:26:07 | 199.558056 | 354.192729 
 4148.0533 | 08804.7109 | 09:26:08 | 199.570618 | 354.194146 
 4148.0547 | 08804.6967 | 09:26:09 | 199.582835 | 354.195793 
 4148.0562 | 08804.6831 | 09:26:10 | 199.594535 | 354.197553 
 4148.0574 | 08804.6697 | 09:26:11 | 199.606064 | 354.198967 
 4148.0588 | 08804.6569 | 09:26:12 | 199.617075 | 354.200610 
 4148.0603 | 08804.6444 | 09:26:13 | 199.627829 | 354.202368 
 4148.0615 | 08804.6324 | 09:26:14 | 199.638152 | 354.203779 
 4148.0627 | 08804.6208 | 09:26:15 | 199.648132 | 354.205189 
 4148.0635 | 08804.6096 | 09:26:16 | 199.657769 | 354.206138 
 4148.0643 | 08804.5989 | 09:26:17 | 199.666975 | 354.207086 
 4148.0657 | 08804.5891 | 09:26:18 | 199.675405 | 354.208721 
 4148.0665 | 08804.5794 | 09:26:19 | 199.683751 | 354.209666 
 4148.0674 | 08804.5704 | 09:26:20 | 199.691493 | 354.210725 
 4148.0683 | 08804.5619 | 09:26:21 | 199.698806 | 354.211782 
 4148.0691 | 08804.5538 | 09:26:22 | 199.705775 | 354.212723 
 4148.0696 | 08804.5464 | 09:26:23 | 199.712142 | 354.213317 
 4148.0700 | 08804.5397 | 09:26:24 | 199.717907 | 354.213794 
 4148.0703 | 08804.5338 | 09:26:25 | 199.722984 | 354.214155 
 4148.0704 | 08804.5288 | 09:26:26 | 199.727287 | 354.214283 
 4148.0710 | 08804.5244 | 09:26:27 | 199.731072 | 354.214984 
 4148.0715 | 08804.5209 | 09:26:28 | 199.734082 | 354.215568 
 4148.0722 | 08804.5184 | 09:26:29 | 199.736232 | 354.216380 
 4148.0727 | 08804.5168 | 09:26:30 | 199.737607 | 354.216959 
 4148.0720 | 08804.5163 | 09:26:31 | 199.738040 | 354.216155 
 4148.0720 | 08804.5161 | 09:26:32 | 199.738212 | 354.216156 
 4148.0721 | 08804.5161 | 09:26:33 | 199.738211 | 354.216271 
 4148.0721 | 08804.5161 | 09:26:34 | 199.738211 | 354.216271 
 4148.0721 | 08804.5161 | 09:26:35 | 199.738211 | 354.216271 
 4148.0721 | 08804.5161 | 09:26:36 | 199.738211 | 354.216271 
 4148.0721 | 08804.5161 | 09:26:37 | 199.738211 | 354.216271 
 4148.0721 | 08804.5161 | 09:26:38 | 199.738211 | 354.216271 
 4148.0721 | 08804.5161 | 09:26:39 | 199.738211 | 354.216271 
 4148.0721 | 08804.5161 | 09:26:40 | 199.738211 | 354.216271 
 4148.0721 | 08804.5161 | 09:26:41 | 199.738211 | 354.216271 
 4148.0721 | 08804.5161 | 09:26:42 | 199.738211 | 354.216271 
 4148.0721 | 08804.5161 | 09:26:43 | 199.738211 | 354.216271 
 4148.0721 | 08804.5161 | 09:26:44 | 199.738211 | 354.216271 
 4148.0721 | 08804.5161 | 09:26:45 | 199.738211 | 354.216271 
 4148.0721 | 08804.5161 | 09:26:46 | 199.738211 | 354.216271 
 4148.0721 | 08804.5161 | 09:26:47 | 199.738211 | 354.216271 
 4148.0721 | 08804.5161 | 09:26:48 | 199.738211 | 354.216271 
 4148.0721 | 08804.5161 | 09:26:49 | 199.738211 | 354.216271 
 4148.0721 | 08804.5161 | 09:26:50 | 199.738211 | 354.216271 
 4148.0721 | 08804.5161 | 09:26:51 | 199.738211 | 354.216271 
 4148.0721 | 08804.5161 | 09:26:52 | 199.738211 | 354.216271 
 4148.0721 | 08804.5161 | 09:26:53 | 199.738211 | 354.216271 
 4148.0708 | 08804.5179 | 09:26:54 | 199.736667 | 354.214771 
 4148.0598 | 08804.5168 | 09:26:55 | 199.737651 | 354.202121 
 4148.0566 | 08804.5144 | 09:26:56 | 199.739728 | 354.198447 
 4148.0550 | 08804.5132 | 09:26:57 | 199.740766 | 354.196609 
 4148.0647 | 08804.4953 | 09:26:58 | 199.756139 | 354.207813 
 4148.0744 | 08804.4726 | 09:26:59 | 199.775642 | 354.219029 
 4148.0742 | 08804.4636 | 09:27:00 | 199.783389 | 354.218822 
 4148.0748 | 08804.4539 | 09:27:01 | 199.791735 | 354.219537 
 4148.0769 | 08804.4404 | 09:27:02 | 199.803347 | 354.221988 
 4148.0781 | 08804.4292 | 09:27:03 | 199.812982 | 354.223397 
 4148.0793 | 08804.4174 | 09:27:04 | 199.823134 | 354.224808 
 4148.0805 | 08804.4052 | 09:27:05 | 199.833630 | 354.226220 
 4148.0817 | 08804.3929 | 09:27:06 | 199.844212 | 354.227633 
 4148.0826 | 08804.3809 | 09:27:07 | 199.854537 | 354.228699 
 4148.0836 | 08804.3686 | 09:27:08 | 199.865119 | 354.229881 
 4148.0851 | 08804.3554 | 09:27:09 | 199.876475 | 354.231641 
 4148.0866 | 08804.3416 | 09:27:10 | 199.888347 | 354.233403 
 4148.0881 | 08804.3279 | 09:27:11 | 199.900133 | 354.235164 
 4148.0897 | 08804.3140 | 09:27:12 | 199.912090 | 354.237040 
 4148.0910 | 08804.3001 | 09:27:13 | 199.924049 | 354.238572 
 4148.0923 | 08804.2861 | 09:27:14 | 199.936094 | 354.240104 
 4148.0937 | 08804.2718 | 09:27:15 | 199.948396 | 354.241752 
 4148.0951 | 08804.2573 | 09:27:16 | 199.960871 | 354.243400 
 4148.0958 | 08804.2422 | 09:27:17 | 199.973864 | 354.244245 
 4148.0984 | 08804.2270 | 09:27:18 | 199.986937 | 354.247276 
 4148.1003 | 08804.2118 | 09:27:19 | 200.000012 | 354.249501 
 4148.1021 | 08804.1968 | 09:27:20 | 200.012916 | 354.251611 
 4148.1040 | 08804.1814 | 09:27:21 | 200.026163 | 354.253837 
 4148.1058 | 08804.1662 | 09:27:22 | 200.039239 | 354.255948 
 4148.1078 | 08804.1509 | 09:27:23 | 200.052400 | 354.258289 
 4148.1100 | 08804.1356 | 09:27:24 | 200.065560 | 354.260860 
 4148.1122 | 08804.1203 | 09:27:25 | 200.078721 | 354.263431 
 4148.1152 | 08804.1052 | 09:27:26 | 200.091706 | 354.266921 
 4148.1174 | 08804.0900 | 09:27:27 | 200.104780 | 354.269492 
 4148.1194 | 08804.0750 | 09:27:28 | 200.117683 | 354.271833 
 4148.1219 | 08804.0597 | 09:27:29 | 200.130842 | 354.274749 
 4148.1200 | 08804.0453 | 09:27:30 | 200.143242 | 354.272602 
 4148.1217 | 08804.0304 | 09:27:31 | 200.156060 | 354.274597 
 4148.1231 | 08804.0155 | 09:27:32 | 200.168878 | 354.276247 
 4148.1245 | 08804.0005 | 09:27:33 | 200.181783 | 354.277897 
 4148.1272 | 08803.9841 | 09:27:34 | 200.195888 | 354.281047 
 4148.1297 | 08803.9677 | 09:27:35 | 200.209994 | 354.283966 
 4148.1316 | 08803.9521 | 09:27:36 | 200.223413 | 354.286193 
 4148.1333 | 08803.9365 | 09:27:37 | 200.236833 | 354.288191 
 4148.1348 | 08803.9209 | 09:27:38 | 200.250254 | 354.289958 
 4148.1364 | 08803.9054 | 09:27:39 | 200.263589 | 354.291840 
 4148.1366 | 08803.8935 | 09:27:40 | 200.273830 | 354.292102 
 4148.1382 | 08803.8788 | 09:27:41 | 200.286475 | 354.293982 
 4148.1395 | 08803.8655 | 09:27:42 | 200.297917 | 354.295513 
 4148.1410 | 08803.8525 | 09:27:43 | 200.309100 | 354.297273 
 4148.1427 | 08803.8396 | 09:27:44 | 200.320197 | 354.299263 
 4148.1444 | 08803.8269 | 09:27:45 | 200.331121 | 354.301253 
 4148.1461 | 08803.8142 | 09:27:46 | 200.342045 | 354.303243 
 4148.1477 | 08803.8016 | 09:27:47 | 200.352883 | 354.305117 
 4148.1486 | 08803.7909 | 09:27:48 | 200.362089 | 354.306181 
 4148.1505 | 08803.7781 | 09:27:49 | 200.373098 | 354.308401 
 4148.1523 | 08803.7652 | 09:27:50 | 200.384194 | 354.310507 
 4148.1540 | 08803.7521 | 09:27:51 | 200.395463 | 354.312497 
 4148.1549 | 08803.7402 | 09:27:52 | 200.405701 | 354.313565 
 4148.1566 | 08803.7273 | 09:27:53 | 200.416797 | 354.315555 
 4148.1582 | 08803.7143 | 09:27:54 | 200.427980 | 354.317431 
 4148.1598 | 08803.7008 | 09:27:55 | 200.439593 | 354.319308 
 4148.1618 | 08803.6862 | 09:27:56 | 200.452151 | 354.321648 
 4148.1651 | 08803.6722 | 09:27:57 | 200.464188 | 354.325482 
 4148.1673 | 08803.6595 | 09:27:58 | 200.475110 | 354.328047 
 4148.1687 | 08803.6464 | 09:27:59 | 200.486379 | 354.329693 
 4148.1704 | 08803.6335 | 09:28:00 | 200.497475 | 354.331684 
 4148.1721 | 08803.6205 | 09:28:01 | 200.508658 | 354.333675 
 4148.1741 | 08803.6075 | 09:28:02 | 200.519839 | 354.336011 
 4148.1760 | 08803.5949 | 09:28:03 | 200.530676 | 354.338231 
 4148.1779 | 08803.5825 | 09:28:04 | 200.541341 | 354.340450 
 4148.1796 | 08803.5704 | 09:28:05 | 200.551748 | 354.342439 
 4148.1815 | 08803.5583 | 09:28:06 | 200.562155 | 354.344657 
 4148.1836 | 08803.5456 | 09:28:07 | 200.573077 | 354.347108 
 4148.1854 | 08803.5332 | 09:28:08 | 200.583743 | 354.349212 
 4148.1872 | 08803.5208 | 09:28:09 | 200.594408 | 354.351317 
 4148.1894 | 08803.5073 | 09:28:10 | 200.606019 | 354.353884 
 4148.1912 | 08803.4946 | 09:28:11 | 200.616942 | 354.355990 
 4148.1929 | 08803.4821 | 09:28:12 | 200.627694 | 354.357980 
 4148.1947 | 08803.4695 | 09:28:13 | 200.638531 | 354.360085 
 4148.1963 | 08803.4568 | 09:28:14 | 200.649455 | 354.361960 
 4148.1982 | 08803.4512 | 09:28:15 | 200.654268 | 354.364161 
 4148.1993 | 08803.4420 | 09:28:16 | 200.662182 | 354.365452 
 4148.2003 | 08803.4339 | 09:28:17 | 200.669149 | 354.366624 
 4148.2013 | 08803.4251 | 09:28:18 | 200.676719 | 354.367799 
 4148.2025 | 08803.4161 | 09:28:19 | 200.684460 | 354.369204 
 4148.2042 | 08803.4074 | 09:28:20 | 200.691942 | 354.371184 
 4148.2055 | 08803.3982 | 09:28:21 | 200.699855 | 354.372704 
 4148.2067 | 08803.3886 | 09:28:22 | 200.708112 | 354.374111 
 4148.2084 | 08803.3784 | 09:28:23 | 200.716885 | 354.376095 
 4148.2098 | 08803.3682 | 09:28:24 | 200.725658 | 354.377734 
 4148.2159 | 08803.3192 | 09:28:28 | 200.767806 | 354.384886 
 4148.2182 | 08803.3062 | 09:28:29 | 200.778986 | 354.387568 
 4148.2199 | 08803.2924 | 09:28:30 | 200.790856 | 354.389562 
 4148.2227 | 08803.2794 | 09:28:31 | 200.802034 | 354.392819 
 4148.2248 | 08803.2662 | 09:28:32 | 200.813387 | 354.395271 
 4148.2268 | 08803.2525 | 09:28:33 | 200.825170 | 354.397610 
 4148.2288 | 08803.2385 | 09:28:34 | 200.837211 | 354.399949 
 4148.2309 | 08803.2244 | 09:28:35 | 200.849338 | 354.402404 
 4148.2352 | 08803.1961 | 09:28:37 | 200.873678 | 354.407430 
 4148.2368 | 08803.1818 | 09:28:38 | 200.885979 | 354.409310 
 4148.2383 | 08803.1637 | 09:28:39 | 200.901550 | 354.411086 
 4148.2402 | 08803.1489 | 09:28:40 | 200.914281 | 354.413313 
 4148.2421 | 08803.1344 | 09:28:41 | 200.926753 | 354.415540 
 4148.2441 | 08803.1201 | 09:28:42 | 200.939052 | 354.417880 
 4148.2462 | 08803.1061 | 09:28:43 | 200.951093 | 354.420335 
 4148.2489 | 08803.0913 | 09:28:44 | 200.963820 | 354.423483 
 4148.2513 | 08803.0773 | 09:28:45 | 200.975860 | 354.426283 
 4148.2536 | 08803.0634 | 09:28:46 | 200.987814 | 354.428967 
 4148.2559 | 08803.0499 | 09:28:47 | 200.999423 | 354.431651 
 4148.2579 | 08803.0369 | 09:28:48 | 201.010604 | 354.433988 
 4148.2599 | 08803.0241 | 09:28:49 | 201.021612 | 354.436325 
 4148.2619 | 08803.0112 | 09:28:50 | 201.032707 | 354.438662 
 4148.2639 | 08802.9988 | 09:28:51 | 201.043371 | 354.440998 
 4148.2657 | 08802.9868 | 09:28:52 | 201.053692 | 354.443102 
 4148.2675 | 08802.9755 | 09:28:53 | 201.063410 | 354.445205 
 4148.2691 | 08802.9648 | 09:28:54 | 201.072612 | 354.447076 
 4148.2709 | 08802.9547 | 09:28:55 | 201.081298 | 354.449175 
 4148.2728 | 08802.9450 | 09:28:56 | 201.089639 | 354.451388 
 4148.2743 | 08802.9354 | 09:28:57 | 201.097895 | 354.453140 
 4148.2761 | 08802.9262 | 09:28:58 | 201.105806 | 354.455237 
 4148.2778 | 08802.9170 | 09:28:59 | 201.113717 | 354.457219 
 4148.2792 | 08802.9084 | 09:29:00 | 201.121113 | 354.458853 
 4148.2807 | 08802.8999 | 09:29:01 | 201.128422 | 354.460603 
 4148.2817 | 08802.8929 | 09:29:02 | 201.134443 | 354.461773 
 4148.2830 | 08802.8858 | 09:29:03 | 201.140548 | 354.463289 
 4148.2842 | 08802.8788 | 09:29:04 | 201.146568 | 354.464689 
 4148.2854 | 08802.8723 | 09:29:05 | 201.152158 | 354.466088 
 4148.2866 | 08802.8657 | 09:29:06 | 201.157833 | 354.467487 
 4148.2876 | 08802.8596 | 09:29:07 | 201.163079 | 354.468655 
 4148.2888 | 08802.8532 | 09:29:08 | 201.168582 | 354.470053 
 4148.2899 | 08802.8468 | 09:29:09 | 201.174086 | 354.471337 
 4148.2909 | 08802.8405 | 09:29:10 | 201.179504 | 354.472505 
 4148.2918 | 08802.8344 | 09:29:11 | 201.184750 | 354.473558 
 4148.2927 | 08802.8286 | 09:29:12 | 201.189739 | 354.474610 
 4148.2936 | 08802.8232 | 09:29:13 | 201.194382 | 354.475660 
 4148.2945 | 08802.8179 | 09:29:14 | 201.198940 | 354.476711 
 4148.2952 | 08802.8132 | 09:29:15 | 201.202982 | 354.477529 
 4148.2959 | 08802.8088 | 09:29:16 | 201.206766 | 354.478347 
 4148.2966 | 08802.8049 | 09:29:17 | 201.210120 | 354.479164 
 4148.2972 | 08802.8013 | 09:29:18 | 201.213216 | 354.479864 
 4148.2978 | 08802.7979 | 09:29:19 | 201.216140 | 354.480564 
 4148.2981 | 08802.7947 | 09:29:20 | 201.218893 | 354.480918 
 4148.2986 | 08802.7909 | 09:29:21 | 201.222161 | 354.481504 
 4148.2985 | 08802.7862 | 09:29:22 | 201.226206 | 354.481403 
 4148.3002 | 08802.7793 | 09:29:23 | 201.232138 | 354.483378 
 4148.3013 | 08802.7729 | 09:29:24 | 201.237642 | 354.484662 
 4148.3022 | 08802.7659 | 09:29:25 | 201.243663 | 354.485717 
 4148.3033 | 08802.7582 | 09:29:26 | 201.250285 | 354.487004 
 4148.3047 | 08802.7503 | 09:29:27 | 201.257079 | 354.488637 
 4148.3061 | 08802.7421 | 09:29:28 | 201.264130 | 354.490271 
 4148.3077 | 08802.7337 | 09:29:29 | 201.271353 | 354.492136 
 4148.3094 | 08802.7250 | 09:29:30 | 201.278834 | 354.494116 
 4148.3115 | 08802.7156 | 09:29:31 | 201.286916 | 354.496559 
 4148.3135 | 08802.7062 | 09:29:32 | 201.294998 | 354.498887 
 4148.3155 | 08802.6969 | 09:29:33 | 201.302994 | 354.501214 
 4148.3174 | 08802.6869 | 09:29:34 | 201.311592 | 354.503428 
 4148.3193 | 08802.6772 | 09:29:35 | 201.319933 | 354.505642 
 4148.3214 | 08802.6679 | 09:29:36 | 201.327929 | 354.508084 
 4148.3235 | 08802.6585 | 09:29:37 | 201.336010 | 354.510527 
 4148.3268 | 08802.6481 | 09:29:38 | 201.344948 | 354.514353 
 4148.3294 | 08802.6384 | 09:29:39 | 201.353286 | 354.517371 
 4148.3318 | 08802.6288 | 09:29:40 | 201.361538 | 354.520160 
 4148.3340 | 08802.6192 | 09:29:41 | 201.369791 | 354.522718 
 4148.3366 | 08802.6092 | 09:29:42 | 201.378387 | 354.525738 
 4148.3390 | 08802.5992 | 09:29:43 | 201.386984 | 354.528527 
 4148.3412 | 08802.5899 | 09:29:44 | 201.394979 | 354.531085 
 4148.3435 | 08802.5805 | 09:29:45 | 201.403060 | 354.533758 
 4148.3454 | 08802.5713 | 09:29:46 | 201.410970 | 354.535970 
 4148.3477 | 08802.5615 | 09:29:47 | 201.419395 | 354.538644 
 4148.3496 | 08802.5520 | 09:29:48 | 201.427563 | 354.540857 
 4148.3526 | 08802.5402 | 09:29:49 | 201.437707 | 354.544342 
 4148.3549 | 08802.5299 | 09:29:50 | 201.446562 | 354.547018 
 4148.3586 | 08802.5159 | 09:29:51 | 201.458596 | 354.551314 
 4148.3603 | 08802.5074 | 09:29:52 | 201.465905 | 354.553294 
 4148.3631 | 08802.4959 | 09:29:53 | 201.475791 | 354.556549 
 4148.3657 | 08802.4847 | 09:29:54 | 201.485419 | 354.559572 
 4148.3681 | 08802.4741 | 09:29:55 | 201.494532 | 354.562364 
 4148.3702 | 08802.4643 | 09:29:56 | 201.502958 | 354.564808 
 4148.3721 | 08802.4552 | 09:29:57 | 201.510782 | 354.567020 
 4148.3739 | 08802.4466 | 09:29:58 | 201.518176 | 354.569115 
 4148.3759 | 08802.4378 | 09:29:59 | 201.525741 | 354.571442 
 4148.3769 | 08802.4318 | 09:30:00 | 201.530901 | 354.572609 
 4148.3785 | 08802.4247 | 09:30:01 | 201.537005 | 354.574471 
 4148.3802 | 08802.4176 | 09:30:02 | 201.543108 | 354.576447 
 4148.3821 | 08802.4099 | 09:30:03 | 201.549728 | 354.578655 
 4148.3838 | 08802.4029 | 09:30:04 | 201.555745 | 354.580631 
 4148.3847 | 08802.3983 | 09:30:05 | 201.559700 | 354.581680 
 4148.3859 | 08802.3930 | 09:30:06 | 201.564257 | 354.583075 
 4148.3872 | 08802.3873 | 09:30:07 | 201.569157 | 354.584587 
 4148.3881 | 08802.3828 | 09:30:08 | 201.573026 | 354.585636 
 4148.3892 | 08802.3782 | 09:30:09 | 201.576981 | 354.586915 
 4148.3902 | 08802.3738 | 09:30:10 | 201.580763 | 354.588078 
 4148.3896 | 08802.3750 | 09:30:11 | 201.579733 | 354.587384 
 4148.3901 | 08802.3727 | 09:30:12 | 201.581710 | 354.587966 
 4148.3906 | 08802.3705 | 09:30:13 | 201.583602 | 354.588548 
 4148.3910 | 08802.3692 | 09:30:14 | 201.584719 | 354.589012 
 4148.3909 | 08802.3690 | 09:30:15 | 201.584891 | 354.588897 
 4148.3910 | 08802.3688 | 09:30:16 | 201.585063 | 354.589013 
 4148.3910 | 08802.3687 | 09:30:17 | 201.585149 | 354.589013 
 4148.3910 | 08802.3687 | 09:30:18 | 201.585149 | 354.589013 
 4148.3910 | 08802.3687 | 09:30:19 | 201.585149 | 354.589013 
 4148.3910 | 08802.3687 | 09:30:20 | 201.585149 | 354.589013 
 4148.3910 | 08802.3687 | 09:30:21 | 201.585149 | 354.589013 
 4148.3910 | 08802.3687 | 09:30:22 | 201.585149 | 354.589013 
 4148.3910 | 08802.3687 | 09:30:23 | 201.585149 | 354.589013 
 4148.3910 | 08802.3687 | 09:30:24 | 201.585149 | 354.589013 
 4148.3910 | 08802.3687 | 09:30:25 | 201.585149 | 354.589013 
 4148.3910 | 08802.3687 | 09:30:26 | 201.585149 | 354.589013 
 4148.3910 | 08802.3687 | 09:30:27 | 201.585149 | 354.589013 
 4148.3910 | 08802.3687 | 09:30:28 | 201.585149 | 354.589013 
 4148.3910 | 08802.3687 | 09:30:29 | 201.585149 | 354.589013 
 4148.3910 | 08802.3687 | 09:30:30 | 201.585149 | 354.589013 
 4148.3917 | 08802.3688 | 09:30:31 | 201.585060 | 354.589818 
 4148.3919 | 08802.3673 | 09:30:32 | 201.586350 | 354.590052 
 4148.3919 | 08802.3654 | 09:30:33 | 201.587986 | 354.590058 
 4148.3920 | 08802.3635 | 09:30:34 | 201.589620 | 354.590179 
 4148.3920 | 08802.3616 | 09:30:35 | 201.591255 | 354.590184 
 4148.3919 | 08802.3595 | 09:30:36 | 201.593063 | 354.590075 
 4148.3961 | 08802.3456 | 09:30:37 | 201.605009 | 354.594947 
 4148.3979 | 08802.3377 | 09:30:38 | 201.611800 | 354.597041 
 4148.3997 | 08802.3295 | 09:30:39 | 201.618850 | 354.599136 
 4148.4016 | 08802.3208 | 09:30:40 | 201.626330 | 354.601347 
 4148.4037 | 08802.3113 | 09:30:41 | 201.634497 | 354.603790 
 4148.4057 | 08802.3017 | 09:30:42 | 201.642751 | 354.606119 
 4148.4079 | 08802.2911 | 09:30:43 | 201.651865 | 354.608681 
 4148.4103 | 08802.2800 | 09:30:44 | 201.661408 | 354.611474 
 4148.4127 | 08802.2689 | 09:30:45 | 201.670951 | 354.614268 
 4148.4150 | 08802.2577 | 09:30:46 | 201.680580 | 354.616946 
 4148.4174 | 08802.2467 | 09:30:47 | 201.690037 | 354.619739 
 4148.4197 | 08802.2328 | 09:30:48 | 201.701990 | 354.622426 
 4148.4221 | 08802.2215 | 09:30:49 | 201.711705 | 354.625220 
 4148.4250 | 08802.2071 | 09:30:50 | 201.724086 | 354.628599 
 4148.4291 | 08802.1934 | 09:30:51 | 201.735860 | 354.633355 
 4148.4319 | 08802.1809 | 09:30:52 | 201.746606 | 354.636613 
 4148.4349 | 08802.1678 | 09:30:53 | 201.757868 | 354.640103 
 4148.4379 | 08802.1552 | 09:30:54 | 201.768699 | 354.643591 
 4148.4408 | 08802.1425 | 09:30:55 | 201.779617 | 354.646964 
 4148.4428 | 08802.1296 | 09:30:56 | 201.790711 | 354.649303 
 4148.4454 | 08802.1168 | 09:30:57 | 201.801716 | 354.652332 
 4148.4479 | 08802.1039 | 09:30:58 | 201.812807 | 354.655246 
 4148.4499 | 08802.0926 | 09:30:59 | 201.822524 | 354.657580 
 4148.4521 | 08802.0805 | 09:31:00 | 201.832928 | 354.660147 
 4148.4545 | 08802.0678 | 09:31:01 | 201.843848 | 354.662946 
 4148.4571 | 08802.0547 | 09:31:02 | 201.855111 | 354.665976 
 4148.4596 | 08802.0416 | 09:31:03 | 201.866375 | 354.668890 
 4148.4622 | 08802.0285 | 09:31:04 | 201.877638 | 354.671920 
 4148.4648 | 08802.0153 | 09:31:05 | 201.888987 | 354.674950 
 4148.4672 | 08802.0022 | 09:31:06 | 201.900251 | 354.677750 
 4148.4687 | 08801.9909 | 09:31:07 | 201.909969 | 354.679510 
 4148.4704 | 08801.9786 | 09:31:08 | 201.920548 | 354.681502 
 4148.4727 | 08801.9646 | 09:31:09 | 201.932587 | 354.684190 
 4148.4746 | 08801.9511 | 09:31:10 | 201.944197 | 354.686416 
 4148.4762 | 08801.9380 | 09:31:11 | 201.955464 | 354.688296 
 4148.4778 | 08801.9249 | 09:31:12 | 201.966731 | 354.690175 
 4148.4789 | 08801.9112 | 09:31:13 | 201.978516 | 354.691482 
 4148.4800 | 08801.8972 | 09:31:14 | 201.990560 | 354.692790 
 4148.4814 | 08801.8831 | 09:31:15 | 202.002688 | 354.694443 
 4148.4831 | 08801.8687 | 09:31:16 | 202.015074 | 354.696441 
 4148.4845 | 08801.8541 | 09:31:17 | 202.027632 | 354.698096 
 4148.4860 | 08801.8394 | 09:31:18 | 202.040277 | 354.699866 
 4148.4874 | 08801.8244 | 09:31:19 | 202.053180 | 354.701522 
 4148.4890 | 08801.8094 | 09:31:20 | 202.066082 | 354.703408 
 4148.4903 | 08801.7943 | 09:31:21 | 202.079071 | 354.704949 
 4148.4922 | 08801.7795 | 09:31:22 | 202.091800 | 354.707179 
 4148.4935 | 08801.7646 | 09:31:23 | 202.104617 | 354.708720 
 4148.4947 | 08801.7495 | 09:31:24 | 202.117607 | 354.710146 
 4148.4960 | 08801.7344 | 09:31:25 | 202.130596 | 354.711687 
 4148.4972 | 08801.7193 | 09:31:26 | 202.143586 | 354.713114 
 4148.4984 | 08801.7041 | 09:31:27 | 202.156662 | 354.714540 
 4148.4997 | 08801.6888 | 09:31:28 | 202.169823 | 354.716082 
 4148.5010 | 08801.6736 | 09:31:29 | 202.182898 | 354.717624 
 4148.5021 | 08801.6584 | 09:31:30 | 202.195975 | 354.718936 
 4148.5003 | 08801.6445 | 09:31:31 | 202.207944 | 354.716908 
 4148.5009 | 08801.6304 | 09:31:32 | 202.220075 | 354.717641 
 4148.5018 | 08801.6155 | 09:31:33 | 202.232894 | 354.718722 
 4148.5026 | 08801.6006 | 09:31:34 | 202.245713 | 354.719688 
 4148.4982 | 08801.5917 | 09:31:35 | 202.253391 | 354.714655 
 4148.4975 | 08801.5787 | 09:31:36 | 202.264581 | 354.713889 
 4148.4976 | 08801.5661 | 09:31:37 | 202.275424 | 354.714043 
 4148.4968 | 08801.5534 | 09:31:38 | 202.286356 | 354.713162 
 4148.4966 | 08801.5412 | 09:31:39 | 202.296856 | 354.712970 
 4148.4968 | 08801.5289 | 09:31:40 | 202.307440 | 354.713237 
 4148.4963 | 08801.5181 | 09:31:41 | 202.316736 | 354.712696 
 4148.4965 | 08801.5064 | 09:31:42 | 202.326804 | 354.712962 
 4148.4940 | 08801.4936 | 09:31:43 | 202.337830 | 354.710126 
 4148.4937 | 08801.4811 | 09:31:44 | 202.348588 | 354.709819 
 4148.4925 | 08801.4674 | 09:31:45 | 202.360383 | 354.708481 
 4148.4918 | 08801.4536 | 09:31:46 | 202.372262 | 354.707719 
 4148.4917 | 08801.4399 | 09:31:47 | 202.384052 | 354.707646 
 4148.4915 | 08801.4264 | 09:31:48 | 202.395671 | 354.707458 
 4148.4916 | 08801.4129 | 09:31:49 | 202.407288 | 354.707615 
 4148.4917 | 08801.3993 | 09:31:50 | 202.418991 | 354.707772 
 4148.4901 | 08801.3850 | 09:31:51 | 202.431304 | 354.705976 
 4148.4893 | 08801.3711 | 09:31:52 | 202.443269 | 354.705099 
 4148.4886 | 08801.3574 | 09:31:53 | 202.455062 | 354.704337 
 4148.4883 | 08801.3438 | 09:31:54 | 202.466767 | 354.704034 
 4148.4878 | 08801.3303 | 09:31:55 | 202.478387 | 354.703501 
 4148.4879 | 08801.3171 | 09:31:56 | 202.489746 | 354.703657 
 4148.4879 | 08801.3039 | 09:31:57 | 202.501106 | 354.703698 
 4148.4879 | 08801.2907 | 09:31:58 | 202.512465 | 354.703739 
 4148.4877 | 08801.2774 | 09:31:59 | 202.523912 | 354.703551 
 4148.4874 | 08801.2642 | 09:32:00 | 202.535272 | 354.703247 
 4148.4870 | 08801.2512 | 09:32:01 | 202.546462 | 354.702828 
 4148.4867 | 08801.2382 | 09:32:02 | 202.557650 | 354.702523 
 4148.4874 | 08801.2260 | 09:32:03 | 202.568146 | 354.703367 
 4148.4873 | 08801.2131 | 09:32:04 | 202.579248 | 354.703292 
 4148.4871 | 08801.2000 | 09:32:05 | 202.590522 | 354.703103 
 4148.4870 | 08801.1869 | 09:32:06 | 202.601796 | 354.703029 
 4148.4869 | 08801.1737 | 09:32:07 | 202.613156 | 354.702956 
 4148.4902 | 08801.1615 | 09:32:08 | 202.623641 | 354.706790 
 4148.4915 | 08801.1487 | 09:32:09 | 202.634651 | 354.708325 
 4148.4920 | 08801.1356 | 09:32:10 | 202.645923 | 354.708942 
 4148.4926 | 08801.1225 | 09:32:11 | 202.657194 | 354.709673 
 4148.4932 | 08801.1091 | 09:32:12 | 202.668723 | 354.710405 
 4148.4938 | 08801.0956 | 09:32:13 | 202.680338 | 354.711138 
 4148.4933 | 08801.0821 | 09:32:14 | 202.691958 | 354.710606 
 4148.4942 | 08801.0685 | 09:32:15 | 202.703658 | 354.711684 
 4148.4958 | 08801.0552 | 09:32:16 | 202.715097 | 354.713566 
 4148.4971 | 08801.0415 | 09:32:17 | 202.726881 | 354.715105 
 4148.4987 | 08801.0279 | 09:32:18 | 202.738578 | 354.716988 
 4148.5004 | 08801.0141 | 09:32:19 | 202.750447 | 354.718987 
 4148.5020 | 08801.0007 | 09:32:20 | 202.761971 | 354.720870 
 4148.5034 | 08800.9876 | 09:32:21 | 202.773239 | 354.722522 
 4148.5047 | 08800.9748 | 09:32:22 | 202.784249 | 354.724058 
 4148.5060 | 08800.9619 | 09:32:23 | 202.795345 | 354.725594 
 4148.5074 | 08800.9492 | 09:32:24 | 202.806268 | 354.727245 
 4148.5087 | 08800.9364 | 09:32:25 | 202.817278 | 354.728781 
 4148.5100 | 08800.9237 | 09:32:26 | 202.828201 | 354.730317 
 4148.5113 | 08800.9109 | 09:32:27 | 202.839211 | 354.731853 
 4148.5125 | 08800.8981 | 09:32:28 | 202.850221 | 354.733274 
 4148.5138 | 08800.8851 | 09:32:29 | 202.861403 | 354.734811 
 4148.5153 | 08800.8716 | 09:32:30 | 202.873014 | 354.736579 
 4148.5167 | 08800.8583 | 09:32:31 | 202.884454 | 354.738232 
 4148.5180 | 08800.8450 | 09:32:32 | 202.895894 | 354.739770 
 4148.5194 | 08800.8316 | 09:32:33 | 202.907419 | 354.741423 
 4148.5208 | 08800.8183 | 09:32:34 | 202.918859 | 354.743076 
 4148.5218 | 08800.8065 | 09:32:35 | 202.929009 | 354.744264 
 4148.5231 | 08800.7942 | 09:32:36 | 202.939589 | 354.745798 
 4148.5245 | 08800.7820 | 09:32:37 | 202.950081 | 354.747448 
 4148.5261 | 08800.7699 | 09:32:38 | 202.960487 | 354.749327 
 4148.5278 | 08800.7579 | 09:32:39 | 202.970807 | 354.751321 
 4148.5287 | 08800.7490 | 09:32:40 | 202.978462 | 354.752385 
 4148.5303 | 08800.7378 | 09:32:41 | 202.988094 | 354.754261 
 4148.5319 | 08800.7268 | 09:32:42 | 202.997553 | 354.756137 
 4148.5336 | 08800.7158 | 09:32:43 | 203.007012 | 354.758128 
 4148.5352 | 08800.7050 | 09:32:44 | 203.016299 | 354.760003 
 4148.5368 | 08800.6945 | 09:32:45 | 203.025328 | 354.761877 
 4148.5383 | 08800.6843 | 09:32:46 | 203.034099 | 354.763635 
 4148.5397 | 08800.6746 | 09:32:47 | 203.042441 | 354.765277 
 4148.5410 | 08800.6655 | 09:32:48 | 203.050266 | 354.766801 
 4148.5424 | 08800.6567 | 09:32:49 | 203.057833 | 354.768440 
 4148.5437 | 08800.6485 | 09:32:50 | 203.064884 | 354.769962 
 4148.5445 | 08800.6418 | 09:32:51 | 203.070646 | 354.770904 
 4148.5352 | 08800.6724 | 09:32:52 | 203.044353 | 354.760108 
 4148.5364 | 08800.6700 | 09:32:53 | 203.046413 | 354.761496 
 4148.5382 | 08800.6680 | 09:32:54 | 203.048127 | 354.763573 
 4148.5326 | 08800.6742 | 09:32:55 | 203.042815 | 354.757111 
 4148.5331 | 08800.6737 | 09:32:56 | 203.043244 | 354.757688 
 4148.5338 | 08800.6730 | 09:32:57 | 203.043843 | 354.758496 
 4148.5338 | 08800.6730 | 09:32:58 | 203.043843 | 354.758496 
 4148.5338 | 08800.6730 | 09:32:59 | 203.043843 | 354.758496 
 4148.5338 | 08800.6730 | 09:33:00 | 203.043843 | 354.758496 
 4148.5338 | 08800.6730 | 09:33:01 | 203.043843 | 354.758496 
 4148.5338 | 08800.6730 | 09:33:02 | 203.043843 | 354.758496 
 4148.5338 | 08800.6730 | 09:33:03 | 203.043843 | 354.758496 
 4148.5338 | 08800.6730 | 09:33:04 | 203.043843 | 354.758496 
 4148.5338 | 08800.6730 | 09:33:05 | 203.043843 | 354.758496 
 4148.5338 | 08800.6730 | 09:33:06 | 203.043843 | 354.758496 
 4148.5338 | 08800.6730 | 09:33:07 | 203.043843 | 354.758496 
 4148.5338 | 08800.6730 | 09:33:08 | 203.043843 | 354.758496 
 4148.5338 | 08800.6730 | 09:33:09 | 203.043843 | 354.758496 
 4148.5338 | 08800.6730 | 09:33:10 | 203.043843 | 354.758496 
 4148.5338 | 08800.6730 | 09:33:11 | 203.043843 | 354.758496 
 4148.5338 | 08800.6730 | 09:33:12 | 203.043843 | 354.758496 
 4148.5338 | 08800.6730 | 09:33:13 | 203.043843 | 354.758496 
 4148.5338 | 08800.6730 | 09:33:14 | 203.043843 | 354.758496 
 4148.5338 | 08800.6730 | 09:33:15 | 203.043843 | 354.758496 
 4148.5338 | 08800.6730 | 09:33:16 | 203.043843 | 354.758496 
 4148.5338 | 08800.6730 | 09:33:17 | 203.043843 | 354.758496 
 4148.5338 | 08800.6730 | 09:33:18 | 203.043843 | 354.758496 
 4148.5338 | 08800.6730 | 09:33:19 | 203.043843 | 354.758496 
 4148.5338 | 08800.6730 | 09:33:20 | 203.043843 | 354.758496 
 4148.5338 | 08800.6730 | 09:33:21 | 203.043843 | 354.758496 
 4148.5338 | 08800.6730 | 09:33:22 | 203.043843 | 354.758496 
 4148.5338 | 08800.6730 | 09:33:23 | 203.043843 | 354.758496 
 4148.5338 | 08800.6730 | 09:33:24 | 203.043843 | 354.758496 
 4148.5338 | 08800.6730 | 09:33:25 | 203.043843 | 354.758496 
 4148.5338 | 08800.6730 | 09:33:26 | 203.043843 | 354.758496 
 4148.5338 | 08800.6730 | 09:33:27 | 203.043843 | 354.758496 
 4148.5338 | 08800.6730 | 09:33:28 | 203.043843 | 354.758496 
 4148.5338 | 08800.6730 | 09:33:29 | 203.043843 | 354.758496 
 4148.5391 | 08800.6618 | 09:33:30 | 203.053458 | 354.764628 
 4148.5390 | 08800.6598 | 09:33:31 | 203.055180 | 354.764519 
 4148.5385 | 08800.6575 | 09:33:32 | 203.057161 | 354.763952 
 4148.5379 | 08800.6550 | 09:33:33 | 203.059315 | 354.763270 
 4148.5371 | 08800.6523 | 09:33:34 | 203.061642 | 354.762358 
 4148.5405 | 08800.6354 | 09:33:35 | 203.076171 | 354.766323 
 4148.5409 | 08800.6271 | 09:33:36 | 203.083312 | 354.766810 
 4148.5411 | 08800.6188 | 09:33:37 | 203.090454 | 354.767067 
 4148.5414 | 08800.6093 | 09:33:38 | 203.098628 | 354.767443 
 4148.5411 | 08800.6003 | 09:33:39 | 203.106374 | 354.767127 
 4148.5409 | 08800.5913 | 09:33:40 | 203.114120 | 354.766926 
 4148.5438 | 08800.5723 | 09:33:41 | 203.130458 | 354.770323 
 4148.5445 | 08800.5594 | 09:33:42 | 203.141556 | 354.771170 
 4148.5451 | 08800.5468 | 09:33:43 | 203.152397 | 354.771902 
 4148.5456 | 08800.5344 | 09:33:44 | 203.163066 | 354.772517 
 4148.5461 | 08800.5219 | 09:33:45 | 203.173820 | 354.773133 
 4148.5459 | 08800.5097 | 09:33:46 | 203.184320 | 354.772942 
 4148.5472 | 08800.4942 | 09:33:47 | 203.197653 | 354.774488 
 4148.5480 | 08800.4804 | 09:33:48 | 203.209525 | 354.775453 
 4148.5486 | 08800.4668 | 09:33:49 | 203.221226 | 354.776188 
 4148.5492 | 08800.4531 | 09:33:50 | 203.233013 | 354.776922 
 4148.5499 | 08800.4394 | 09:33:51 | 203.244800 | 354.777772 
 4148.5496 | 08800.4274 | 09:33:52 | 203.255128 | 354.777466 
 4148.5502 | 08800.4135 | 09:33:53 | 203.267087 | 354.778202 
 4148.5507 | 08800.3994 | 09:33:54 | 203.279219 | 354.778823 
 4148.5514 | 08800.3854 | 09:33:55 | 203.291264 | 354.779674 
 4148.5525 | 08800.3710 | 09:33:56 | 203.303651 | 354.780987 
 4148.5532 | 08800.3568 | 09:33:57 | 203.315868 | 354.781838 
 4148.5549 | 08800.3423 | 09:33:58 | 203.328338 | 354.783841 
 4148.5561 | 08800.3279 | 09:33:59 | 203.340725 | 354.785269 
 4148.5573 | 08800.3134 | 09:34:00 | 203.353198 | 354.786697 
 4148.5581 | 08800.2996 | 09:34:01 | 203.365070 | 354.787662 
 4148.5591 | 08800.2854 | 09:34:02 | 203.377286 | 354.788859 
 4148.5607 | 08800.2713 | 09:34:03 | 203.389412 | 354.790746 
 4148.5621 | 08800.2572 | 09:34:04 | 203.401540 | 354.792403 
 4148.5635 | 08800.2433 | 09:34:05 | 203.413496 | 354.794059 
 4148.5648 | 08800.2295 | 09:34:06 | 203.425366 | 354.795600 
 4148.5628 | 08800.2176 | 09:34:07 | 203.435615 | 354.793338 
 4148.5637 | 08800.2043 | 09:34:08 | 203.447056 | 354.794418 
 4148.5637 | 08800.1935 | 09:34:09 | 203.456350 | 354.794453 
 4148.5645 | 08800.1816 | 09:34:10 | 203.466588 | 354.795413 
 4148.5655 | 08800.1695 | 09:34:11 | 203.476996 | 354.796603 
 4148.5646 | 08800.1605 | 09:34:12 | 203.484745 | 354.795598 
 4148.5649 | 08800.1499 | 09:34:13 | 203.493865 | 354.795978 
 4148.5652 | 08800.1395 | 09:34:14 | 203.502814 | 354.796357 
 4148.5653 | 08800.1289 | 09:34:15 | 203.511935 | 354.796507 
 4148.5657 | 08800.1179 | 09:34:16 | 203.521400 | 354.797004 
 4148.5664 | 08800.1068 | 09:34:17 | 203.530949 | 354.797846 
 4148.5670 | 08800.0957 | 09:34:18 | 203.540498 | 354.798573 
 4148.5676 | 08800.0845 | 09:34:19 | 203.550134 | 354.799300 
 4148.5682 | 08800.0732 | 09:34:20 | 203.559855 | 354.800028 
 4148.5689 | 08800.0619 | 09:34:21 | 203.569576 | 354.800871 
 4148.5697 | 08800.0506 | 09:34:22 | 203.579297 | 354.801829 
 4148.5703 | 08800.0392 | 09:34:23 | 203.589105 | 354.802557 
 4148.5708 | 08800.0278 | 09:34:24 | 203.598913 | 354.803170 
 4148.5715 | 08800.0167 | 09:34:25 | 203.608462 | 354.804012 
 4148.5724 | 08800.0045 | 09:34:26 | 203.618957 | 354.805088 
 4148.5733 | 08759.9930 | 09:34:27 | 203.628849 | 354.806162 
 4148.5740 | 08759.9820 | 09:34:28 | 203.638312 | 354.807003 
 4148.5747 | 08759.9709 | 09:34:29 | 203.647861 | 354.807846 
 4148.5750 | 08759.9611 | 09:34:30 | 203.656293 | 354.808224 
 4148.5757 | 08759.9501 | 09:34:31 | 203.665756 | 354.809065 
 4148.5762 | 08759.9393 | 09:34:32 | 203.675048 | 354.809677 
 4148.5766 | 08759.9282 | 09:34:33 | 203.684598 | 354.810174 
 4148.5769 | 08759.9173 | 09:34:34 | 203.693977 | 354.810556 
 4148.5774 | 08759.9063 | 09:34:35 | 203.703441 | 354.811168 
 4148.5777 | 08759.8954 | 09:34:36 | 203.712819 | 354.811549 
 4148.5782 | 08759.8845 | 09:34:37 | 203.722197 | 354.812161 
 4148.5788 | 08759.8733 | 09:34:38 | 203.731833 | 354.812889 
 4148.5793 | 08759.8626 | 09:34:39 | 203.741038 | 354.813500 
 4148.5795 | 08759.8530 | 09:34:40 | 203.749299 | 354.813762 
 4148.5801 | 08759.8428 | 09:34:41 | 203.758074 | 354.814487 
 4148.5801 | 08759.8347 | 09:34:42 | 203.765044 | 354.814514 
 4148.5807 | 08759.8250 | 09:34:43 | 203.773389 | 354.815237 
 4148.5814 | 08759.8154 | 09:34:44 | 203.781647 | 354.816074 
 4148.5795 | 08759.8130 | 09:34:45 | 203.783721 | 354.813897 
 4148.5800 | 08759.8045 | 09:34:46 | 203.791033 | 354.814500 
 4148.5805 | 08759.7958 | 09:34:47 | 203.798518 | 354.815105 
 4148.5811 | 08759.7869 | 09:34:48 | 203.806174 | 354.815825 
 4148.5817 | 08759.7784 | 09:34:49 | 203.813486 | 354.816544 
 4148.5808 | 08759.7754 | 09:34:50 | 203.816072 | 354.815519 
 4148.5810 | 08759.7681 | 09:34:51 | 203.822353 | 354.815773 
 4148.5814 | 08759.7605 | 09:34:52 | 203.828891 | 354.816259 
 4148.5817 | 08759.7530 | 09:34:53 | 203.835344 | 354.816630 
 4148.5802 | 08759.7511 | 09:34:54 | 203.836986 | 354.814911 
 4148.5806 | 08759.7442 | 09:34:55 | 203.842922 | 354.815394 
 4148.5811 | 08759.7373 | 09:34:56 | 203.848857 | 354.815993 
 4148.5815 | 08759.7307 | 09:34:57 | 203.854535 | 354.816475 
 4148.5842 | 08759.7253 | 09:34:58 | 203.859170 | 354.819599 
 4148.5855 | 08759.7198 | 09:34:59 | 203.863897 | 354.821113 
 4148.5867 | 08759.7147 | 09:35:00 | 203.868281 | 354.822510 
 4148.5877 | 08759.7106 | 09:35:01 | 203.871804 | 354.823674 
 4148.5895 | 08759.7074 | 09:35:02 | 203.874550 | 354.825756 
 4148.5903 | 08759.7051 | 09:35:03 | 203.876525 | 354.826684 
 4148.5804 | 08759.7372 | 09:35:04 | 203.848947 | 354.815188 
 4148.5804 | 08759.7378 | 09:35:05 | 203.848430 | 354.815186 
 4148.5803 | 08759.7380 | 09:35:06 | 203.848259 | 354.815070 
 4148.5803 | 08759.7380 | 09:35:07 | 203.848259 | 354.815070 
 4148.5803 | 08759.7380 | 09:35:08 | 203.848259 | 354.815070 
 4148.5803 | 08759.7380 | 09:35:09 | 203.848259 | 354.815070 
 4148.5803 | 08759.7380 | 09:35:10 | 203.848259 | 354.815070 
 4148.5803 | 08759.7380 | 09:35:11 | 203.848259 | 354.815070 
 4148.5803 | 08759.7380 | 09:35:12 | 203.848259 | 354.815070 
 4148.5803 | 08759.7380 | 09:35:13 | 203.848259 | 354.815070 
 4148.5803 | 08759.7380 | 09:35:14 | 203.848259 | 354.815070 
 4148.5803 | 08759.7380 | 09:35:15 | 203.848259 | 354.815070 
 4148.5803 | 08759.7380 | 09:35:16 | 203.848259 | 354.815070 
 4148.5803 | 08759.7380 | 09:35:17 | 203.848259 | 354.815070 
 4148.5803 | 08759.7380 | 09:35:18 | 203.848259 | 354.815070 
 4148.5803 | 08759.7380 | 09:35:19 | 203.848259 | 354.815070 
 4148.5803 | 08759.7380 | 09:35:20 | 203.848259 | 354.815070 
 4148.5803 | 08759.7380 | 09:35:21 | 203.848259 | 354.815070 
 4148.5806 | 08759.7382 | 09:35:22 | 203.848085 | 354.815414 
 4148.5804 | 08759.7365 | 09:35:23 | 203.849549 | 354.815190 
 4148.5799 | 08759.7339 | 09:35:24 | 203.851789 | 354.814624 
 4148.5790 | 08759.7323 | 09:35:25 | 203.853170 | 354.813594 
 4148.5782 | 08759.7306 | 09:35:26 | 203.854636 | 354.812680 
 4148.5830 | 08759.7092 | 09:35:27 | 203.873030 | 354.818273 
 4148.5840 | 08759.7009 | 09:35:28 | 203.880168 | 354.819451 
 4148.5829 | 08759.6920 | 09:35:29 | 203.887832 | 354.818216 
 4148.5828 | 08759.6834 | 09:35:30 | 203.895233 | 354.818130 
 4148.5830 | 08759.6744 | 09:35:31 | 203.902977 | 354.818391 
 4148.5830 | 08759.6653 | 09:35:32 | 203.910808 | 354.818422 
 4148.5829 | 08759.6563 | 09:35:33 | 203.918554 | 354.818337 
 4148.5836 | 08759.6443 | 09:35:34 | 203.928877 | 354.819183 
 4148.5842 | 08759.6338 | 09:35:35 | 203.937910 | 354.819909 
 4148.5840 | 08759.6232 | 09:35:36 | 203.947033 | 354.819715 
 4148.5849 | 08759.6116 | 09:35:37 | 203.957011 | 354.820790 
 4148.5849 | 08759.6009 | 09:35:38 | 203.966219 | 354.820826 
 4148.5853 | 08759.5900 | 09:35:39 | 203.975598 | 354.821323 
 4148.5849 | 08759.5792 | 09:35:40 | 203.984893 | 354.820900 
 4148.5851 | 08759.5682 | 09:35:41 | 203.994358 | 354.821168 
 4148.5854 | 08759.5573 | 09:35:42 | 204.003737 | 354.821550 
 4148.5856 | 08759.5464 | 09:35:43 | 204.013116 | 354.821817 
 4148.5860 | 08759.5353 | 09:35:44 | 204.022666 | 354.822315 
 4148.5863 | 08759.5243 | 09:35:45 | 204.032131 | 354.822698 
 4148.5867 | 08759.5133 | 09:35:46 | 204.041595 | 354.823196 
 4148.5869 | 08759.5023 | 09:35:47 | 204.051061 | 354.823463 
 4148.5874 | 08759.4916 | 09:35:48 | 204.060266 | 354.824075 
 4148.5878 | 08759.4805 | 09:35:49 | 204.069816 | 354.824573 
 4148.5880 | 08759.4699 | 09:35:50 | 204.078937 | 354.824839 
 4148.5881 | 08759.4595 | 09:35:51 | 204.087887 | 354.824990 
 4148.5886 | 08759.4491 | 09:35:52 | 204.096834 | 354.825601 
 4148.5892 | 08759.4387 | 09:35:53 | 204.105781 | 354.826327 
 4148.5894 | 08759.4287 | 09:35:54 | 204.114386 | 354.826591 
 4148.5895 | 08759.4187 | 09:35:55 | 204.122991 | 354.826740 
 4148.5896 | 08759.4088 | 09:35:56 | 204.131510 | 354.826889 
 4148.5898 | 08759.3990 | 09:35:57 | 204.139942 | 354.827153 
 4148.5898 | 08759.3894 | 09:35:58 | 204.148203 | 354.827186 
 4148.5900 | 08759.3809 | 09:35:59 | 204.155517 | 354.827445 
 4148.5904 | 08759.3713 | 09:36:00 | 204.163777 | 354.827939 
 4148.5908 | 08759.3618 | 09:36:01 | 204.171950 | 354.828431 
 4148.5906 | 08759.3541 | 09:36:02 | 204.178577 | 354.828228 
 4148.5910 | 08759.3450 | 09:36:03 | 204.186406 | 354.828719 
 4148.5909 | 08759.3380 | 09:36:04 | 204.192431 | 354.828628 
 4148.5915 | 08759.3294 | 09:36:05 | 204.199829 | 354.829348 
 4148.5922 | 08759.3210 | 09:36:06 | 204.207054 | 354.830182 
 4148.5931 | 08759.3129 | 09:36:07 | 204.214020 | 354.831245 
 4148.5915 | 08759.3138 | 09:36:08 | 204.213253 | 354.829402 
 4148.5921 | 08759.3079 | 09:36:09 | 204.218328 | 354.830113 
 4148.5928 | 08759.3021 | 09:36:10 | 204.223316 | 354.830938 
 4148.5933 | 08759.2966 | 09:36:11 | 204.228046 | 354.831532 
 4148.5937 | 08759.2911 | 09:36:12 | 204.232777 | 354.832011 
 4148.5937 | 08759.2855 | 09:36:13 | 204.237597 | 354.832030 
 4148.5927 | 08759.2818 | 09:36:14 | 204.240785 | 354.830893 
 4148.5925 | 08759.2751 | 09:36:15 | 204.246552 | 354.830686 
 4148.5929 | 08759.2667 | 09:36:16 | 204.253779 | 354.831175 
 4148.5925 | 08759.2580 | 09:36:17 | 204.261267 | 354.830745 
 4148.5924 | 08759.2494 | 09:36:18 | 204.268668 | 354.830660 
 4148.5935 | 08759.2369 | 09:36:19 | 204.279420 | 354.831968 
 4148.5941 | 08759.2261 | 09:36:20 | 204.288711 | 354.832696 
 4148.5948 | 08759.2147 | 09:36:21 | 204.298518 | 354.833541 
 4148.5947 | 08759.2028 | 09:36:22 | 204.308759 | 354.833467 
 4148.5954 | 08759.1912 | 09:36:23 | 204.318738 | 354.834312 
 4148.5951 | 08759.1795 | 09:36:24 | 204.328808 | 354.834008 
 4148.5955 | 08759.1681 | 09:36:25 | 204.338617 | 354.834508 
 4148.5961 | 08759.1573 | 09:36:26 | 204.347908 | 354.835235 
 4148.5965 | 08759.1469 | 09:36:27 | 204.356856 | 354.835732 
 4148.5966 | 08759.1370 | 09:36:28 | 204.365375 | 354.835881 
 4148.5967 | 08759.1276 | 09:36:29 | 204.373463 | 354.836029 
 4148.5967 | 08759.1177 | 09:36:30 | 204.381983 | 354.836063 
 4148.5968 | 08759.1069 | 09:36:31 | 204.391276 | 354.836216 
 4148.5970 | 08759.0958 | 09:36:32 | 204.400827 | 354.836485 
 4148.5974 | 08759.0840 | 09:36:33 | 204.410980 | 354.836986 
 4148.5980 | 08759.0717 | 09:36:34 | 204.421562 | 354.837719 
 4148.5977 | 08759.0585 | 09:36:35 | 204.432923 | 354.837420 
 4148.5974 | 08759.0411 | 09:36:36 | 204.447897 | 354.837136 
 4148.5976 | 08759.0272 | 09:36:37 | 204.459858 | 354.837415 
 4148.5981 | 08759.0138 | 09:36:38 | 204.471387 | 354.838037 
 4148.5985 | 08759.0004 | 09:36:39 | 204.482917 | 354.838544 
 4148.5992 | 08758.9870 | 09:36:40 | 204.494445 | 354.839396 
 4148.5998 | 08758.9736 | 09:36:41 | 204.505973 | 354.840133 
 4148.6007 | 08758.9600 | 09:36:42 | 204.517672 | 354.841216 
 4148.6013 | 08758.9465 | 09:36:43 | 204.529287 | 354.841954 
 4148.6019 | 08758.9330 | 09:36:44 | 204.540902 | 354.842691 
 4148.6023 | 08758.9195 | 09:36:45 | 204.552517 | 354.843199 
 4148.6028 | 08758.9059 | 09:36:46 | 204.564218 | 354.843822 
 4148.6032 | 08758.8925 | 09:36:47 | 204.575748 | 354.844329 
 4148.6036 | 08758.8792 | 09:36:48 | 204.587191 | 354.844836 
 4148.6040 | 08758.8661 | 09:36:49 | 204.598462 | 354.845342 
 4148.6044 | 08758.8529 | 09:36:50 | 204.609820 | 354.845849 
 4148.6049 | 08758.8398 | 09:36:51 | 204.621090 | 354.846470 
 4148.6053 | 08758.8265 | 09:36:52 | 204.632534 | 354.846977 
 4148.6056 | 08758.8132 | 09:36:53 | 204.643978 | 354.847369 
 4148.6060 | 08758.7995 | 09:36:54 | 204.655765 | 354.847878 
 4148.6063 | 08758.7858 | 09:36:55 | 204.667553 | 354.848271 
 4148.6068 | 08758.7720 | 09:36:56 | 204.679427 | 354.848895 
 4148.6075 | 08758.7581 | 09:36:57 | 204.691385 | 354.849750 
 4148.6081 | 08758.7444 | 09:36:58 | 204.703171 | 354.850489 
 4148.6087 | 08758.7309 | 09:36:59 | 204.714786 | 354.851227 
 4148.6092 | 08758.7177 | 09:37:00 | 204.726143 | 354.851849 
 4148.6098 | 08758.7047 | 09:37:01 | 204.737327 | 354.852585 
 4148.6101 | 08758.6919 | 09:37:02 | 204.748341 | 354.852976 
 4148.6105 | 08758.6792 | 09:37:03 | 204.759268 | 354.853481 
 4148.6110 | 08758.6664 | 09:37:04 | 204.770280 | 354.854101 
 4148.6114 | 08758.6536 | 09:37:05 | 204.781293 | 354.854607 
 4148.6120 | 08758.6408 | 09:37:06 | 204.792305 | 354.855343 
 4148.6125 | 08758.6281 | 09:37:07 | 204.803232 | 354.855963 
 4148.6130 | 08758.6153 | 09:37:08 | 204.814245 | 354.856584 
 4148.6134 | 08758.6027 | 09:37:09 | 204.825086 | 354.857089 
 4148.6138 | 08758.5902 | 09:37:10 | 204.835840 | 354.857594 
 4148.6140 | 08758.5779 | 09:37:11 | 204.846424 | 354.857868 
 4148.6144 | 08758.5656 | 09:37:12 | 204.857007 | 354.858372 
 4148.6147 | 08758.5535 | 09:37:13 | 204.867418 | 354.858760 
 4148.6149 | 08758.5417 | 09:37:14 | 204.877572 | 354.859033 
 4148.6151 | 08758.5303 | 09:37:15 | 204.887381 | 354.859304 
 4148.6152 | 08758.5193 | 09:37:16 | 204.896846 | 354.859458 
 4148.6153 | 08758.5087 | 09:37:17 | 204.905968 | 354.859611 
 4148.6154 | 08758.4982 | 09:37:18 | 204.915003 | 354.859764 
 4148.6155 | 08758.4878 | 09:37:19 | 204.923952 | 354.859916 
 4148.6159 | 08758.4773 | 09:37:20 | 204.932986 | 354.860414 
 4148.6163 | 08758.4670 | 09:37:21 | 204.941848 | 354.860911 
 4148.6169 | 08758.4568 | 09:37:22 | 204.950622 | 354.861638 
 4148.6167 | 08758.4497 | 09:37:23 | 204.956733 | 354.861433 
 4148.6170 | 08758.4406 | 09:37:24 | 204.964563 | 354.861811 
 4148.6172 | 08758.4322 | 09:37:25 | 204.971790 | 354.862071 
 4148.6177 | 08758.4232 | 09:37:26 | 204.979533 | 354.862679 
 4148.6177 | 08758.4172 | 09:37:27 | 204.984696 | 354.862700 
 4148.6176 | 08758.4119 | 09:37:28 | 204.989257 | 354.862605 
 4148.6184 | 08758.4051 | 09:37:29 | 204.995105 | 354.863549 
 4148.6194 | 08758.3990 | 09:37:30 | 205.000350 | 354.864721 
 4148.6203 | 08758.3928 | 09:37:31 | 205.005681 | 354.865779 
 4148.6201 | 08758.3884 | 09:37:32 | 205.009468 | 354.865565 
 4148.6209 | 08758.3828 | 09:37:33 | 205.014283 | 354.866505 
 4148.6173 | 08758.3828 | 09:37:34 | 205.014301 | 354.862364 
 4148.6295 | 08758.3966 | 09:37:35 | 205.002366 | 354.876347 
 4148.6339 | 08758.3982 | 09:37:36 | 205.000968 | 354.881403 
 4148.6387 | 08758.3998 | 09:37:37 | 204.999568 | 354.886918 
 4148.6434 | 08758.4010 | 09:37:38 | 204.998513 | 354.892320 
 4148.6475 | 08758.4031 | 09:37:39 | 204.996686 | 354.897028 
 4148.6513 | 08758.4055 | 09:37:40 | 204.994602 | 354.901390 
 4148.6551 | 08758.4072 | 09:37:41 | 204.993121 | 354.905755 
 4148.6588 | 08758.4077 | 09:37:42 | 204.992673 | 354.910009 
 4148.6623 | 08758.4079 | 09:37:43 | 204.992484 | 354.914034 
 4148.6651 | 08758.4079 | 09:37:44 | 204.992471 | 354.917255 
 4148.6669 | 08758.4079 | 09:37:45 | 204.992462 | 354.919325 
 4148.6677 | 08758.4081 | 09:37:46 | 204.992286 | 354.920245 
 4148.6678 | 08758.4082 | 09:37:47 | 204.992200 | 354.920360 
 4148.6680 | 08758.4083 | 09:37:48 | 204.992113 | 354.920589 
 4148.6683 | 08758.4083 | 09:37:49 | 204.992111 | 354.920934 
 4148.6693 | 08758.4077 | 09:37:50 | 204.992623 | 354.922087 
 4148.6703 | 08758.4074 | 09:37:51 | 204.992876 | 354.923238 
 4148.6711 | 08758.4070 | 09:37:52 | 204.993216 | 354.924160 
 4148.6718 | 08758.4065 | 09:37:53 | 204.993643 | 354.924967 
 4148.6725 | 08758.4061 | 09:37:54 | 204.993984 | 354.925773 
 4148.6718 | 08758.3977 | 09:37:55 | 205.001216 | 354.924998 
 4148.6716 | 08758.3941 | 09:37:56 | 205.004315 | 354.924781 
 4148.6716 | 08758.3905 | 09:37:57 | 205.007413 | 354.924794 
 4148.6712 | 08758.3843 | 09:37:58 | 205.012750 | 354.924357 
 4148.6715 | 08758.3805 | 09:37:59 | 205.016018 | 354.924715 
 4148.6717 | 08758.3770 | 09:38:00 | 205.019029 | 354.924958 
 4148.6718 | 08758.3737 | 09:38:01 | 205.021869 | 354.925085 
 4148.6718 | 08758.3706 | 09:38:02 | 205.024536 | 354.925096 
 4148.6711 | 08758.3685 | 09:38:03 | 205.026347 | 354.924299 
 4148.6700 | 08758.3695 | 09:38:04 | 205.025492 | 354.923030 
 4148.6694 | 08758.3688 | 09:38:05 | 205.026097 | 354.922342 
 4148.6687 | 08758.3681 | 09:38:06 | 205.026703 | 354.921539 
 4148.6664 | 08758.3674 | 09:38:07 | 205.027316 | 354.91